1827671 300 0.2107922739244952 264875029
1827971 300 0.2237352063213345 270173593
1828271 300 0.21334293239683935 261774631
1828571 300 0.21347568042142231 261364526
1828871 300 0.2148410886742757 261102058
1829171 300 0.20750201931518875 261102058
1829471 300 0.20970184372256365 261102058
1829771 300 0.21215768217734854 261102058
1830071 300 0.21157928007023707 261102058
1830371 300 0.21941141352063215 269238553
1830671 300 0.21374117647058824 263447862
1830971 300 0.20839332748024583 260954421
1831271 300 0.21046040386303774 260954421
1831571 300 0.20714170324846357 260691953
1831871 300 0.20287480245829673 260724762
1832171 300 0.20784337137840214 260708357
1832471 300 0.21239473222124672 261512164
1832771 300 0.22248358208955224 277243813
1833071 300 0.2190795434591747 267270046
1833371 300 0.21342827041264267 261495760
1833671 300 0.20756839332748026 267155217
1833971 238 0.15644143985952588 156918843
1834209 6 0.15644143985952588 156935248
1834215 7 0.15644143985952588 156935248
1834222 1 0.15644143985952588 156935248
1834223 48 0.15968428446005267 164235126
1834271 300 0.150515188762072 164399169
1834571 300 0.15000316066725197 164399169
1834871 300 0.1548294995610184 166761377
1835171 300 0.164785601404741 164546807
1835471 300 0.15147287093942055 164431977
1835771 300 0.15089446883230903 164563211
1836071 300 0.15294258121158913 164546807
1836371 300 0.14992730465320456 164546807
1836671 300 0.15583459174714662 164546807
1836971 300 0.15772151009657592 164546807
1837271 300 0.15612853380158034 164661636
1837571 300 0.16488042142230028 203654472
1837871 300 0.15788270412642672 190957605
1838171 300 0.1590774363476734 164973316
1838471 300 0.16107813871817384 164973316
1838771 300 0.1580249341527656 164989721
1839071 300 0.15423213345039508 164842083
1839371 300 0.16213064091308166 164563211
1839671 300 0.15570184372256365 164563211
1839971 300 0.16427357330992098 164431977
1840271 300 0.16252888498683055 164431977
1840571 300 0.16013942054433714 164431977
1840871 300 0.1552467076382792 164431977
1841171 300 0.161959964881475 165481848
1841471 300 0.17368920105355576 180458902
1841771 300 0.16352449517120285 164481190
1842071 300 0.15700087796312556 164464786
1842371 300 0.16361931518876208 164448381
1842671 300 0.1599687445127305 164464786
1842971 300 0.15505706760316068 164333552
1843271 300 0.15914381035996486 164317147
1843571 300 0.15852748024582966 164317147
1843871 300 0.16457699736611062 180869008
1844171 300 0.15887831431079896 164710849
1844471 300 0.15715258999122036 164448381
1844771 300 0.1570482879719052 164317147
1845071 300 0.15367269534679542 163923446
1845371 300 0.16398911325724322 163792212
1845671 300 0.16430201931518876 163775808
1845971 300 0.16306935908691836 163792212
1846271 300 0.17221000877963125 166400484
1846571 300 0.16598981562774365 168910330
1846871 300 0.16127726075504828 164317147
1847171 300 0.16373309920983317 164317147
1847471 300 0.16169446883230904 164169510
1847771 300 0.15614749780509218 164169510
1848071 300 0.1552941176470588 164169510
1848371 300 0.1535209833187006 164185914
1848671 300 0.1562612818261633 164349956
1848971 300 0.17028516242317823 200980584
1849271 300 0.16835083406496926 198880844
1849571 300 0.16537348551360845 164481190
1849871 300 0.16192203687445125 164349956
1850171 300 0.16099280070237046 164349956
1850471 300 0.15754135206321335 164349956
1850771 300 0.157588762071993 164218722
1851071 300 0.16225390693590871 164087488
1851371 300 0.1613436347673398 164743657
1851671 300 0.17147989464442495 181016646
1851971 300 0.16216856892010534 164743657
1852271 300 0.16392273924495174 164103893
1852571 300 0.16155223880597014 164103893
1852871 300 0.15942827041264268 164103893
1853171 300 0.1606988586479368 164103893
1853471 300 0.15777840210711153 164103893
1853771 300 0.16268059701492535 166859802
1854071 300 0.16346760316066727 169746945
1854371 300 0.1594756804214223 164382765
1854671 300 0.15423213345039508 164513998
1854971 300 0.16115399473222125 164513998
1855271 300 0.15622335381913957 164382765
1855571 300 0.1585369622475856 164382765
1855871 300 0.1591058823529412 164513998
1856171 300 0.165942405618964 165038934
1856471 300 0.17347111501316947 179884755
1856771 300 0.16860684811237928 167023844
1857071 300 0.1650985074626866 164382765
1857371 300 0.16844565408252854 180262051
1857671 300 0.16194100087796312 164366360
1857971 300 0.16520280948200175 164251531
1858271 300 0.16543037752414397 164251531
1858571 300 0.1724660228270413 165038934
1858871 300 0.17573731343283583 168828309
1859171 300 0.1723048287971905 164366360
1859471 300 0.1629460930640913 164382765
1859771 300 0.1645011413520632 178031077
1860071 300 0.16672941176470588 164513998
1860371 300 0.16692853380158032 164513998
1860671 300 0.1686163301141352 164366360
1860971 300 0.17344266900790167 164235126
1861271 300 0.17037050043898153 170665582
1861571 300 0.17457102721685688 164235126
1861871 300 0.17173590869183494 164120297
1862171 300 0.1598739244951712 163972659
1862471 300 0.16592344161545214 164005467
1862771 300 0.16929903424056192 163989063
1863071 300 0.1724565408252853 164005467
1863371 300 0.1752252853380158 164005467
1863671 300 0.17297805092186128 164530402
1863971 300 0.18445127304653205 200357224
1864271 300 0.1772070237050044 182640664
1864571 300 0.17733028972783144 164924104
1864871 300 0.1694697102721686 164678040
1865171 300 0.17020930640913082 177670185
1865471 300 0.1729211589113257 164661636
1865771 300 0.1738883230904302 164645232
1866071 300 0.17176435469710272 164661636
1866371 300 0.1779086918349429 164792870
1866671 300 0.18292467076382793 170567156
1866971 300 0.1846883230904302 164792870
1867271 300 0.17757682177348552 164809274
1867571 300 0.1790465320456541 164645232
1867871 300 0.17096786654960494 164661636
1868171 300 0.17737769973661108 164792870
1868471 300 0.17362282704126428 164792870
1868771 300 0.18392976294995608 165842740
1869071 300 0.19091799824407374 179884755
1869371 300 0.18358841088674277 164399169
1869671 300 0.18117050043898156 164382765
1869971 300 0.18520983318700615 164382765
1870271 300 0.1862433713784021 164399169
1870571 300 0.18817769973661108 164267935
1870871 300 0.18589253731343286 164267935
1871171 300 0.19805794556628623 167417545
1871471 300 0.20640210711150134 169796158
1871771 300 0.197185601404741 164513998
1872071 300 0.19326953467954347 164792870
1872371 300 0.19077576821773487 164792870
1872671 300 0.18883195785777 164792870
1872971 300 0.20510307287093943 164792870
1873271 300 0.22092853380158037 165563868
1873571 300 0.23223107989464442 179474649
1873871 300 0.2384702370500439 165038934
1874171 300 0.1982949956101844 165038934
1874471 300 0.2101095697980685 165038934
1874771 300 0.2194588235294118 165022529
1875071 300 0.23918138718173837 165038934
1875371 300 0.22205689201053552 165038934
1875671 300 0.25694117647058823 166220037
1875971 300 0.304284811237928 179097352
1876271 300 0.27631290605794556 165301401
1876571 300 0.2634647936786655 165301401
1876871 300 0.2972776119402985 165432635
1877171 300 0.27920491659350305 165957570
1877471 300 0.33226619841966637 165957570
1877771 300 0.31955083406496926 165973974
1878071 300 0.370763125548727 169123585
1878371 300 0.4191877085162423 201538328
1878671 300 0.3979859525899912 182919535
1878971 300 0.38470166812993856 168615054
1879271 300 0.39868762071992975 168877521
1879571 300 0.4049362598770851 169008755
1879871 300 0.40919367866549605 168992351
1880171 300 0.41661808604038625 168992351
1880471 300 0.41926356453028973 168861117
1880771 300 0.41855241439859525 168992351
1881071 300 0.43971624231782264 184084236
1881371 300 0.4339891132572432 176735144
1881671 300 0.37117085162423175 169386052
1881971 300 0.38381035996488144 169517286
1882271 300 0.43083160667251974 169386052
1882571 300 0.43377102721685684 169648520
1882871 300 0.43976365232660225 169500882
1883171 300 0.4477474978050922 169369648
1883471 300 0.44444776119402984 171354559
1883771 300 0.4393464442493415 182903131
1884071 300 0.44477963125548725 169910988
1884371 300 0.44121439859525896 170042221
1884671 300 0.4428642669007902 170042221
1884971 300 0.43548726953467953 170304688
1885271 300 0.4466381035996488 170698390
1885571 300 0.4468087796312554 170829624
1885871 300 0.4424375768217735 170960857
1886171 300 0.44072133450395085 178703650
1886471 300 0.44368920105355575 170681986
1886771 300 0.44654328358208956 170681986
1887071 300 0.4454149253731343 170813220
1887371 300 0.4372888498683055 170681986
1887671 300 0.4438503950834065 170829624
1887971 300 0.44347111501316944 171075687
1888271 300 0.4479276558384548 171354559
1888571 300 0.440446356453029 187233846
1888871 300 0.4411764705882352 171617026
1889171 300 0.44419174714661985 171485793
1889471 300 0.44123336259877083 171502197
1889771 300 0.44545285338015805 171502197
1890071 300 0.44582265144863914 171485793
1890371 300 0.43579069359086914 171469389
1890671 300 0.44946374012291485 171469389
1890971 300 0.439289552238806 171469389
1891271 300 0.44098683055311677 207427443
1891571 300 0.44354697102721685 197863782
1891871 300 0.4427978928884987 172010728
1892171 300 0.4358570676031606 172010728
1892471 300 0.4425039508340649 172010728
1892771 300 0.4418402107111501 172010728
1893071 300 0.43401755926251095 172027132
1893371 300 0.44582265144863914 172027132
1893671 300 0.4491413520632133 172141962
1893971 300 0.44724495171202805 173323066
1894271 300 0.43862581211589113 192220729
1894571 300 0.4405601404741 181574389
1894871 300 0.4433383669885865 181443156
1895171 300 0.444950307287094 181459560
1895471 300 0.4463726075504829 181590793
1895771 300 0.4453201053555751 181590793
1896071 300 0.4459364354697103 181590793
1896371 300 0.4478138718173837 181459560
1896671 300 0.44705531167690954 181869666
1896971 300 0.43707076382791926 197076379
1897271 300 0.4444951712028094 182263366
1897571 300 0.44368920105355575 182263366
1897871 300 0.4418212467076383 182263366
1898171 300 0.44170746268656713 182263366
1898471 300 0.44461843722563654 182246962
1898771 300 0.4399153643546971 182246962
1899071 300 0.45121791044776116 182263366
1899371 300 0.45148340649692714 183428067
1899671 300 0.4393369622475856 188414950
1899971 300 0.44349007901668125 182132133
1900271 300 0.4399627743634767 182000899
1900571 300 0.4477380158033363 182000899
1900871 300 0.4457278314310799 182000899
1901171 300 0.43839824407374894 182000899
1901471 300 0.4419350307287094 182000899
1901771 300 0.45180579455662856 183165599
1902071 300 0.44692256365232663 198782418
1902371 300 0.444561545215101 182509430
1902671 300 0.4456993854258121 182509430
1902971 300 0.4451209833187006 182509430
1903271 300 0.43708024582967514 182509430
1903571 300 0.4437935030728709 182509430
1903871 300 0.44277892888498677 182525834
1904171 300 0.4452726953467955 182525834
1904471 300 0.4440969271290606 183296833
1904771 300 0.44501668129938543 196157743
1905071 300 0.44023775241439855 182246962
1905371 300 0.4518437225636523 182246962
1905671 300 0.43918525021949073 182378196
1905971 300 0.4482405618964003 182115729
1906271 300 0.44931202809482 181984495
1906571 300 0.4417548726953468 182132133
1906871 300 0.44611659350307287 182148537
1907171 300 0.4463915715539947 182148537
1907471 300 0.4388533801580334 205360512
1907771 300 0.4428927129060579 210084927
1908071 300 0.44076874451273046 182919535
1908371 300 0.4508670763827919 183050769
1908671 300 0.4453864793678665 182788302
1908971 300 0.4519385425812116 182903131
1909271 300 0.44606918349429325 181197092
1909571 300 0.4430444249341528 179901159
1909871 300 0.45001369622475856 176882782
1910171 300 0.4504783143107989 176505484
1910471 300 0.4436228270412643 191974666
1910771 300 0.44240913081650574 175718082
1911071 300 0.44782335381913957 175964145
1911371 300 0.4548021071115013 176111784
1911671 300 0.45060158033362596 176653123
1911971 300 0.46041545215100965 176767952
1912271 300 0.45089552238805963 176751548
1912571 300 0.4545081650570676 176751548
1912871 300 0.457419139596137 178457587
1913171 300 0.4549158911325724 184494341
1913471 300 0.45502967515364356 178851288
1913771 300 0.45724846356453025 178851288
1914071 300 0.45221352063213344 178736459
1914371 300 0.4554942932396839 178769268
1914671 300 0.4534366988586479 178752863
1914971 300 0.45519086918349433 178769268
1915271 300 0.45453661106233534 180081605
1915571 300 0.4575708516242317 186758124
1915871 300 0.4519290605794556 179031735
1916171 300 0.45301000877963127 179015331
1916471 300 0.4610223002633889 178884097
1916771 300 0.45458402107111495 178867693
1917071 300 0.45357892888498685 178884097
1917371 300 0.4526686567164179 178884097
1917671 300 0.4569829675153644 177309292
1917971 300 0.459334503950834 177194462
1918271 300 0.4577604916593503 186249592
1918571 300 0.4568122914837576 179031735
1918871 300 0.4547546971027217 179031735
1919171 300 0.45503915715539944 179031735
1919471 300 0.4586897278314311 178900501
1919771 300 0.4522988586479368 177981865
1920071 300 0.4540435469710272 177588163
1920371 300 0.45776997366110617 177588163
1920671 300 0.4573148375768218 177620972
1920971 300 0.4555985952589991 177604567
1921271 300 0.4555985952589991 177604567
1921571 300 0.45306690079016676 177620972
1921871 300 0.45969482001755924 177079632
1922171 300 0.45511501316944686 176817165
1922471 300 0.45400561896400354 176833569
1922771 300 0.45495381913959615 176833569
1923071 300 0.4556839332748024 176833569
1923371 300 0.4475578577699737 176931994
1923671 300 0.454849517120281 176931994
1923971 300 0.45287726075504825 176964803
1924271 300 0.4533703248463564 176948398
1924571 300 0.45348410886742757 176948398
1924871 300 0.4561485513608428 176948398
1925171 300 0.4570493415276558 176948398
1925471 300 0.45452712906057946 176931994
1925771 300 0.4535030728709394 176948398
1926071 300 0.4573243195785777 176948398
1926371 300 0.4677734855136084 213037687
1926671 300 0.4470837576821774 222486519
1926971 300 0.4469510096575943 189415608
1927271 300 0.4510661984196664 187955632
1927571 300 0.44934047410008776 187972036
1927871 300 0.45641404741000874 187955632
1928171 300 0.45471676909569797 187972036
1928471 300 0.4511325724319578 188103270
1928771 300 0.45647093942054434 187988440
1929071 300 0.4457373134328358 187972036
1929371 300 0.46014995610184367 190727946
1929671 300 0.45760877963125546 203178750
1929971 300 0.4584147497805092 188496971
1930271 300 0.45111360842844606 187709568
1930571 300 0.4627006145741879 187840802
1930871 300 0.461401580333626 187693164
1931171 300 0.45156874451273044 187693164
1931471 300 0.44654328358208956 187693164
1931771 300 0.4591164179104477 186249592
1932071 300 0.4476242317822651 184691191
1932371 300 0.46000772607550483 189940543
1932671 300 0.4520618086040386 187447101
1932971 300 0.4583578577699737 185216127
1933271 300 0.45851905179982433 185478594
1933571 300 0.4488 185478594
1933871 300 0.45906900790166816 185478594
1934171 300 0.45710623353819135 185609828
1934471 300 0.4534082528533801 185478594
1934771 300 0.4538349429323968 185101297
1935071 300 0.4608231782265145 199389375
1935371 300 0.45558911325724316 190842775
1935671 300 0.45892677787532926 184822425
1935971 300 0.45611062335381913 184838830
1936271 300 0.4566890254609306 184838830
1936571 267 0.4518247585601405 184970064
1936838 1 0.4518247585601405 184970064
1936839 32 0.46435996488147496 195862467
1936871 300 0.4157931518876207 249668316
1937171 300 0.20674345917471468 335101505
1937471 300 0.19488147497805092 280377019
1937771 300 0.1969011413520632 280377019
1938071 300 0.19780193151887623 280377019
1938371 300 0.198219139596137 280245786
1938671 300 0.1992052677787533 277883578
1938971 300 0.2030549604916594 276702474
1939271 300 0.1985320456540825 277096175
1939571 300 0.2054633889376646 318172347
1939871 300 0.19615206321334505 278277279
1940171 300 0.20461000877963126 277473472
1940471 300 0.20830798946444248 277604706
1940771 300 0.2030549604916594 276948537
1941071 300 0.20612712906057945 276571240
1941371 300 0.20619350307287096 276440006
1941671 300 0.20479964881474977 276308772
1941971 300 0.20427813871817382 276308772
1942271 300 0.20660122914837578 278539747
1942571 300 0.2147747146619842 290071915
1942871 300 0.20830798946444248 282476760
1943171 300 0.21061211589113255 276702474
1943471 300 0.20326356453028974 276440006
1943771 300 0.20612712906057945 276702474
1944071 300 0.19464442493415277 277621110
1944371 300 0.18599683933274805 277227409
1944671 300 0.19302300263388938 277096175
1944971 300 0.20012502194907814 276964941
1945271 300 0.20374714661984197 292466931
1945571 300 0.20134820017559263 282214293
1945871 300 0.20111115013169448 276440006
1946171 300 0.19817172958735735 276440006
1946471 300 0.20148094820017556 276440006
1946771 300 0.19578226514486388 276440006
1947071 300 0.19767866549604915 276440006
1947371 300 0.20171799824407374 276440006
1947671 300 0.20637366110623356 276981346
1947971 300 0.21064056189640037 298356047
1948271 300 0.20972080772607551 292056826
1948571 300 0.20322563652326603 285888838
1948871 300 0.20146198419666375 285757605
1949171 300 0.2072649692712906 286003668
1949471 300 0.2016611062335382 283018099
1949771 300 0.20430658472344163 275504965
1950071 300 0.20157576821773485 273831735
1950371 300 0.20101633011413525 274192628
1950671 300 0.20586163301141353 273667693
1950971 300 0.19648393327480246 271305484
1951271 300 0.20303599648814752 271453123
1951571 300 0.1990251097453907 271453123
1951871 300 0.20035258999122038 271453123
1952171 300 0.19722352941176471 271305484
1952471 300 0.20863037752414398 300685447
1952771 300 0.2058900790166813 318926941
1953071 300 0.20361439859525898 304376397
1953371 300 0.2060417910447761 284297629
1953671 300 0.20403160667251974 284412458
1953971 300 0.2034342405618964 284281224
1954271 300 0.20448674275680423 283772694
1954571 300 0.20899069359086916 280623083
1954871 300 0.20645899912203686 276686070
1955171 300 0.20365232660228272 274586329
1955471 300 0.22394381035996486 280754317
1955771 300 0.22741422300263392 275111264
1956071 300 0.2186907813871817 272224121
1956371 300 0.21805548726953464 272224121
1956671 300 0.21801755926251098 272486589
1956971 300 0.2170029850746269 272224121
1957271 300 0.21436698858647935 272092887
1957571 300 0.21728744512730463 273273991
1957871 300 0.22931062335381913 293254334
1958171 300 0.22125092186128184 289235299
1958471 300 0.21288779631255486 285085032
1958771 300 0.21105776997366107 284838968
1959071 300 0.21392133450395082 279327150
1959371 300 0.2097113257243196 277998408
1959671 300 0.2055771729587357 277604706
1959971 300 0.2203027216856892 275636199
1960271 300 0.22237928007023708 275997092
1960571 300 0.2258402107111501 294533863
1960871 300 0.21525829675153646 293730057
1961171 300 0.21553327480245832 284166395
1961471 300 0.21070693590869183 281656549
1961771 300 0.21144653204565406 279294341
1962071 300 0.2021352063213345 279048277
1962371 300 0.20898121158911326 278096833
1962671 300 0.21254644424934152 274947222
1962971 300 0.2079476733977173 272322546
1963271 300 0.21599789288849872 308411835
1963571 300 0.2119490781387182 322601487
1963871 300 0.2161780509218613 318926941
1964171 300 0.20454363476733975 287168368
1964471 300 0.19796312554872694 287168368
1964771 300 0.20493239683933276 286512199
1965071 300 0.201300790166813 283247758
1965371 300 0.1976122914837577 280623083
1965671 300 0.1979441615452151 276686070
1965971 300 0.19106971027216857 274455096
1966271 300 0.19561158911325724 281394081
1966571 300 0.2146988586479368 292434123
1966871 300 0.2147841966637401 275242498
1967171 300 0.19738472344161548 275340924
1967471 300 0.19979315188762073 275997092
1967771 300 0.20132923617208076 275603391
1968071 300 0.20063705004389815 275472157
1968371 300 0.19862686567164178 275078456
1968671 300 0.19709078138718175 275209690
1968971 300 0.2035195785776997 280721508
1969271 300 0.20890535557506587 286627028
1969571 300 0.20739771729587358 281115210
1969871 300 0.20402212467076383 275734624
1970171 300 0.1998215978928885 275701816
1970471 300 0.20247655838454784 275193285
1970771 300 0.19948972783143107 275193285
1971071 300 0.196540825285338 275324519
1971371 300 0.18385390693590872 275324519
1971671 300 0.18452712906057947 275324519
1971971 300 0.19600983318700618 284379650
1972271 300 0.1910886742756804 278211662
1972571 300 0.18225144863915713 275455753
1972871 300 0.1772165057067603 292516144
1973171 300 0.17807936786654963 280819933
1973471 300 0.17992835820895525 280836338
1973771 300 0.1781836698858648 281230039
1974071 300 0.18025074626865673 281098806
1974371 300 0.18956207199297628 293172313
1974671 300 0.1799473222124671 284117182
1974971 300 0.176742405618964 283985949
1975271 300 0.17341422300263387 284133586
1975571 300 0.18379701492537312 282575185
1975871 300 0.1677155399473222 281377677
1976171 300 0.18119894644424936 281246443
1976471 300 0.18293415276558384 276522027
1976771 300 0.17921720807726077 274947222
1977071 300 0.18551325724319578 280721508
1977371 300 0.19104126426690077 298700536
1977671 300 0.17624934152765584 287151963
1977971 300 0.17347111501316947 286741858
1978271 300 0.17918876207199297 286331752
1978571 300 0.17419174714661984 283985949
1978871 300 0.1795206321334504 281656549
1979171 300 0.1757942054433714 280705104
1979471 300 0.1706170324846356 278621768
1979771 300 0.2677885864793679 277046962
1980071 300 0.1775957857769974 281115210
1980371 300 0.17932151009657596 315892161
1980671 300 0.17569938542581212 317729433
1980971 300 0.1798525021949078 289120470
1981271 300 0.17422967515364357 288858003
1981571 300 0.17390728709394207 288858003
1981871 300 0.17646742756804215 287939366
1982171 300 0.1812653204565408 284658522
1982471 300 0.1704558384547849 283477417
1982771 300 0.1656579455662862 283608651
1983071 300 0.17583213345039508 280737912
1983371 300 0.18980860403863037 287545665
1983671 300 0.18134117647058823 288726769
1983971 300 0.18232730465320454 277178196
1984271 300 0.17307287093942056 276915729
1984571 300 0.16254784899034241 276390793
1984871 300 0.1753769973661106 276259560
1985171 300 0.175329587357331 276128326
1985471 300 0.17510201931518876 276522027
1985771 300 0.17039894644424938 276636857
1986071 300 0.1730823529411765 281623740
1986371 300 0.17356593503072873 282821248
1986671 300 0.17181176470588236 277046962
1986971 300 0.17126180860403864 277178196
1987271 300 0.17332888498683055 277309430
1987571 300 0.16645443371378402 277178196
1987871 240 0.17439086918349428 277178196
1988111 60 0.13008147497805092 277178196
1988171 125 0.12966426690079016 275472157
1988296 3 0.14337524143985952 176259421
1988299 2 0.12551115013169448 176259421
1988301 9 0.12551115013169448 176259421
1988310 161 0.1412323090430202 210314587
1988471 300 0.1584326602282704 266285793
1988771 300 0.18203336259877081 281640145
1989071 300 0.17512098331870063 281787783
1989371 300 0.1731676909569798 271912441
1989671 300 0.17309183494293237 271928845
1989971 189 0.18385390693590872 287020729
1990160 111 0.12800491659350308 277571898
1990271 72 0.13111501316944688 276800899
1990343 4 0.12713257243195786 183510088
1990347 2 0.12713257243195786 180344073
1990349 11 0.12713257243195786 180344073
1990360 211 0.13940228270412644 225947811
1990571 300 0.15325548726953467 269320574
1990871 23 0.1818721685689201 270107976
1990894 186 0.1258050921861282 268008236
1991080 4 0.12453450395083406 167876864
1991084 9 0.12187006145741879 167876864
1991093 1 0.12187006145741879 167876864
1991094 77 0.13322949956101843 191827028
1991171 140 0.15114100087796312 247781830
1991311 160 0.1059118525021949 247650596
1991471 24 0.12616540825285338 263136182
1991495 5 0.11709113257243196 166023187
1991500 1 0.11709113257243196 166023187
1991501 10 0.11709113257243196 166023187
1991511 260 0.1371171202809482 225209620
1991771 300 0.17086356453028972 255672261
1992071 300 0.16617945566286219 255672261
1992371 300 0.16366672519754172 256065962
1992671 300 0.15999719051799824 256197196
1992971 300 0.16475715539947325 255934728
1993271 300 0.1699912203687445 256197196
1993571 300 0.16939385425812117 256722131
1993871 300 0.16556312554872699 256459663
1994171 300 0.16794310798946444 256722131
1994471 300 0.15967480245829677 256853365
1994771 300 0.15732326602282704 256722131
1995071 300 0.16025320456540826 257509534
1995371 300 0.16129622475856015 258296937
1995671 300 0.15598630377524147 258034469
1995971 300 0.15740860403863038 258165703
1996271 300 0.1519943810359965 258034469
1996571 300 0.15535100965759438 257509534
1996871 300 0.1556165057067603 271026613
1997171 300 0.1639132572431958 300685447
1997471 300 0.15829043020193148 286512199
1997771 300 0.15409938542581214 260134209
1998071 300 0.15665004389815632 259740508
1998371 300 0.15878349429323968 259215573
1998671 300 0.1607273046532046 259478040
1998971 300 0.15866971027216858 259445232
1999271 300 0.15693450395083405 258789063
1999571 300 0.15701035996488147 258953106
1999871 300 0.1604902546093064 258953106
2000171 300 0.16889130816505707 272207717
2000471 300 0.1609548726953468 273520054
2000771 300 0.16159964881474978 260527911
2001071 300 0.1587266022827041 259592870
2001371 300 0.1581102721685689 259478040
2001671 300 0.1565836698858648 271453123
2001971 300 0.09906584723441615 154048105
2002271 112 0.11278630377524143 154441806
2002383 6 0.11282423178226515 154441806
2002389 1 0.1128052677787533 154458210
2002390 4 0.11278630377524143 154458210
2002394 1 0.11278630377524143 154458210
2002395 175 0.11434135206321334 162217407
2002570 1 0.11434135206321334 162217407
2002571 300 0.12242001755926252 217073126
2002871 300 0.15035399473222125 262758885
2003171 300 0.16415978928884986 268795639
2003471 300 0.16245302897278316 266170963
2003771 300 0.15577769973661107 261052846
2004071 300 0.15428902546093065 259363211
2004371 300 0.15563546971027215 259740508
2004671 300 0.14740509218612818 259478040
2004971 300 0.15366321334503952 259740508
2005271 300 0.14991782265144865 259724104
2005571 300 0.15368217734855139 259609274
2005871 300 0.1621875329236172 273175566
2006171 300 0.1635624231782265 276620452
2006471 300 0.15774995610184372 273602076
2006771 300 0.16241510096575942 272552206
2007071 300 0.1596653204565408 263989201
2007371 300 0.16598033362598774 260724762
2007671 300 0.1566974539069359 260855995
2007971 300 0.16182721685689203 260741166
2008271 300 0.15526567164179103 260609932
2008571 300 0.15939034240561895 260872399
2008871 300 0.1599877085162423 261003633
2009171 300 0.15305636523266022 260593528
2009471 300 0.14858086040386304 261134867
2009771 300 0.1495006145741879 261134867
2010071 300 0.15411834942932398 260741166
2010371 300 0.15576821773485516 260724762
2010671 300 0.1574465320456541 260872399
2010971 300 0.15523722563652326 260855995
2011271 300 0.15531308165057067 261118463
2011571 300 0.1517478489903424 261380930
2011871 300 0.1521460930640913 260987229
2012171 300 0.15515188762071994 261266101
2012471 300 0.15547427568042144 261134867
2012771 300 0.151283230904302 260872399
2013071 300 0.15916277436347673 261151271
2013371 300 0.15676382791922738 261151271
2013671 300 0.1505531167690957 261020037
2013971 300 0.14663705004389818 260872399
2014271 300 0.15668797190517997 261003633
2014571 300 0.15549323968393328 260872399
2014871 300 0.15363476733977174 317696625
2015171 300 0.15535100965759438 271125038
2015471 300 0.15370114135206325 270862570
2015771 300 0.15573028972783143 270862570
2016071 300 0.15881194029850745 287135559
2016371 300 0.14655171202809483 301964976
2016671 300 0.15339771729587356 261692610
2016971 300 0.15412783143107991 261823844
2017271 300 0.1550286215978929 261692610
2017571 300 0.1549527655838455 261413739
2017871 300 0.14737664618086038 261282505
2018171 300 0.15884038630377526 261266101
2018471 300 0.15978858647936786 261397335
2018771 300 0.15761720807726076 261528568
2019071 300 0.15612853380158034 261266101
2019371 300 0.15157717295873574 262053504
2019671 300 0.1548105355575066 263234607
2019971 300 0.15881194029850745 262709672
2020271 300 0.16430201931518876 270354040
2020571 300 0.16642598770851627 309740577
2020871 300 0.1644252853380158 315498459
2021171 300 0.1658760316066725 278359300
2021471 300 0.16906198419666374 273880948
2021771 300 0.16227287093942053 270452465
2022071 300 0.16454855136084282 268090257
2022371 300 0.16782932396839334 266367814
2022671 300 0.16300298507462688 263907180
2022971 300 0.1609548726953468 264563349
2023271 300 0.15771202809482002 264973455
2023571 300 0.16373309920983317 264579754
2023871 300 0.17260825285338016 274914414
2024171 300 0.173528007023705 313365910
2024471 300 0.17687515364354695 310741235
2024771 300 0.166331167690957 302342273
2025071 300 0.1700007023705004 276226752
2025371 300 0.15829043020193148 273618480
2025671 300 0.17022827041264266 281886208
2025971 300 0.16155223880597014 273749714
2026271 300 0.1657148375768218 267975427
2026571 300 0.16888182616330116 267712960
2026871 300 0.17546233538191397 266269389
2027171 300 0.1845650570676032 275062051
2027471 300 0.17502616330114135 272043675
2027771 300 0.1715462686567164 271896037
2028071 300 0.17830693590869187 268746426
2028371 300 0.16768709394205442 267155217
2028671 300 0.17048428446005268 264415711
2028971 300 0.16868270412642672 264432115
2029271 300 0.17885689201053556 264432115
2029571 300 0.1868597014925373 271387506
2029871 300 0.18882247585601405 281607336
2030171 300 0.18065847234416152 265728049
2030471 300 0.16931799824407376 265350752
2030771 300 0.1746089552238806 265186710
2031071 300 0.17055065847234419 265088284
2031371 300 0.17828797190518 264432115
2031671 300 0.17194451273046532 264432115
2031971 300 0.17889482001755927 264415711
2032271 300 0.18830096575943808 283198546
2032571 300 0.18086707638279192 291449869
2032871 300 0.17814574187884108 280032531
2033171 300 0.16955504828797188 279786468
2033471 300 0.17867673397717296 275439349
2033771 300 0.17366075504828798 272306142
2034071 300 0.17472273924495174 272174908
2034371 300 0.18106619841966637 266925558
2034671 300 0.18361685689201054 264825817
2034971 300 0.1844323090430202 285954455
2035271 300 0.18369271290605796 283723481
2035571 300 0.1800611062335382 278867831
2035871 300 0.17810781387181737 278851427
2036171 300 0.1791318700614574 278851427
2036471 300 0.17995680421422303 275176881
2036771 300 0.18041194029850743 270600103
2037071 300 0.18391079894644427 268369129
2037371 300 0.18084811237928006 268369129
2037671 300 0.17795610184372254 268631596
2037971 300 0.1929566286215979 301702509
2038271 300 0.19097489025460934 302621145
2038571 300 0.18316172080772605 265629624
2038871 300 0.18378753292361721 266023325
2039171 300 0.1863097453906936 266417026
2039471 300 0.18553222124670765 266285793
2039771 300 0.18514345917471467 266285793
2040071 300 0.18238419666374014 266285793
2040371 300 0.17971027216856894 266154559
2040671 300 0.18084811237928006 266417026
2040971 300 0.19009306409130816 266285793
2041271 300 0.19316523266022828 277571898
2041571 300 0.18894574187884108 276259560
2041871 300 0.19114556628621598 273651288
2042171 300 0.18773204565408252 270632911
2042471 300 0.18974223002633891 269829105
2042771 300 0.18447023705004392 269566637
2043071 300 0.19069043020193152 267335663
2043371 300 0.19406602282704127 267975427
2043671 300 0.1985320456540825 275980688
2043971 300 0.201300790166813 288579130
2044271 300 0.19373415276558384 277686727
2044571 300 0.18694503950834065 270583699
2044871 300 0.17899912203687446 269041702
2045171 300 0.18785531167690958 266531856
2045471 300 0.19804846356453032 266417026
2045771 300 0.20341527655838454 266285793
2046071 300 0.21364635645302898 268894064
2046371 300 0.21311536435469708 278605363
2046671 300 0.2087441615452151 274553521
2046971 300 0.19985004389815628 273634884
2047271 300 0.20123441615452148 269960338
2047571 300 0.19951817383669887 268123066
2047871 300 0.2031497805092186 266285793
2048171 300 0.20192660228270415 265892091
2048471 300 0.20705636523266022 265629624
2048771 300 0.20392730465320455 277555494
2049071 300 0.20026725197541703 276522027
2049371 300 0.19886391571553996 274028586
2049671 300 0.19424618086040388 273766118
2049971 300 0.1907093942054434 270485274
2050271 300 0.19395223880597015 266810728
2050571 300 0.19597190517998245 266941962
2050871 300 0.19851308165057072 266925558
2051171 300 0.19020684811237928 270993804
2051471 300 0.20012502194907814 307361965
2051771 300 0.21725899912203686 311282574
2052071 300 0.19904407374890254 293861290
2052371 300 0.19287129060579458 280606678
2052671 300 0.1918567164179104 279671638
2052971 300 0.1960667251975417 279540404
2053271 300 0.205804741000878 276915729
2053571 300 0.2067244951712028 274028586
2053871 300 0.19054820017559262 269566637
2054171 300 0.19849411764705885 269697871
2054471 300 0.20302651448639158 271666378
2054771 300 0.20017243195785775 290055511
2055071 300 0.20036207199297631 288480705
2055371 300 0.20016294995610187 283231354
2055671 300 0.19340228270412643 283231354
2055971 300 0.1943694468832309 282952482
2056271 300 0.18918279192273924 279671638
2056571 300 0.19587708516242316 272978715
2056871 300 0.19167655838454783 272453780
2057171 300 0.19500474100087797 272437376
2057471 300 0.19630377524143985 277555494
2057771 300 0.20024828797190516 283461013
2058071 300 0.19748902546093064 279917701
2058371 300 0.19403757682177347 279901297
2058671 300 0.1950900790166813 279770064
2058971 300 0.19666409130816503 274258245
2059271 300 0.1993569798068481 270583699
2059571 300 0.1937910447761194 270846166
2059871 300 0.19663564530289726 270485274
2060171 300 0.1939996488147498 270878975
2060471 300 0.2012154521510097 291088977
2060771 300 0.21223353819139593 288726769
2061071 300 0.20407901668129938 283887523
2061371 300 0.19828551360842842 283608651
2061671 300 0.19511852502194907 289661809
2061971 300 0.19733731343283584 278244471
2062271 300 0.1943694468832309 274307457
2062571 300 0.1864993854258121 272355355
2062871 300 0.19522282704126426 270124381
2063171 300 0.19143002633889375 270107976
2063471 300 0.20085513608428446 278113237
2063771 300 0.19517541703248462 277325834
2064071 300 0.18823459174714663 277063366
2064371 300 0.18668902546093064 277063366
2064671 300 0.17984302019315188 274176223
2064971 300 0.19203687445127307 273930160
2065271 300 0.18951466198419667 273913756
2065571 300 0.1957633011413521 271551548
2065871 300 0.18950517998244076 271289080
2066171 300 0.1905671641791045 277850769
2066471 300 0.19954661984196667 311315383
2066771 300 0.20172748024582968 311709084
2067071 300 0.19972677787532925 284428863
2067371 300 0.2065822651448639 284560096
2067671 300 0.19091799824407374 284428863
2067971 300 0.19088007023705006 289809447
2068271 300 0.19536505706760313 280623083
2068571 300 0.18960000000000002 280098148
2068871 300 0.20396523266022829 277079771
2069171 300 0.1971476733977173 274061394
2069471 300 0.19228340649692713 274323862
2069771 300 0.19395223880597015 279179511
2070071 300 0.209787181738367 273798927
2070371 300 0.20959754170324846 273667693
2070671 300 0.2088105355575066 273536459
2070971 300 0.20141457418788414 273536459
2071271 300 0.19805794556628623 274061394
2071571 300 0.19695803336259876 273930160
2071871 300 0.20040948200175593 273782522
2072171 300 0.19048182616330114 274438691
2072471 300 0.18706830553116766 282591589
2072771 300 0.1766760316066725 287184772
2073071 300 0.16948867427568043 281804187
2073371 300 0.18236523266022828 281804187
2073671 300 0.193459174714662 279966914
2073971 300 0.196929587357331 276817303
2074271 300 0.19712870939420543 274996435
2074571 300 0.19121194029850744 272371759
2074871 300 0.18740017559262512 272486589
2075171 300 0.2069330992098332 287184772
2075471 300 0.1986932396839333 293352759
2075771 300 0.19528920105355574 284691330
2076071 300 0.18838630377524143 284560096
2076371 300 0.19366777875329236 283510226
2076671 300 0.1924161545215101 277998408
2076971 300 0.18247901668129943 277473472
2077271 300 0.18402458296751537 273273991
2077571 300 0.19501422300263388 270911784
2077871 300 0.19953713784021068 274717563
2078171 300 0.20186971027216857 287955770
2078471 300 0.197830377524144 284658522
2078771 300 0.19878805970149255 284527288
2079071 300 0.1865278314310799 284002353
2079371 300 0.19290921861281826 279146703
2079671 300 0.18294363476733974 275997092
2079971 300 0.17911290605794558 273503650
2080271 300 0.18426163301141352 273536459
2080571 300 0.19037752414398593 281016784
2080871 300 0.1984087796312555 312135594
2081171 300 0.19996382791922737 318943346
2081471 300 0.18723898156277438 285216265
2081771 300 0.1915438103599649 284953798
2082071 300 0.19367726075504832 295731372
2082371 300 0.18476417910447765 278506938
2082671 300 0.18300052677787534 273520054
2082971 300 0.1756045654082529 272355355
2083271 300 0.18213766461808603 272355355
2083571 300 0.1980958735733099 286118497
2083871 300 0.18860438981562774 278523342
2084171 300 0.170958384547849 278785810
2084471 300 0.17763371378402107 278523342
2084771 300 0.17306338893766463 276686070
2085071 300 0.17503564530289728 273421629
2085371 300 0.17742510974539072 273027928
2085671 300 0.17669499561018437 273159162
2085971 300 0.1769889376646181 273027928
2086271 300 0.18020333625987708 272880290
2086571 300 0.18921123792800704 292040422
2086871 300 0.1781267778753292 290465616
2087171 300 0.1756899034240562 284822564
2087471 300 0.17429604916593502 284035161
2087771 300 0.17400210711150133 290071915
2088071 300 0.17439086918349428 283116525
2088371 300 0.17539596136962246 280098148
2088671 300 0.17079719051799827 275783838
2088971 300 0.175841615452151 275652604
2089271 300 0.17973871817383671 275636199
2089571 300 0.18077225636523267 286266135
2089871 300 0.18490640913081652 279835680
2090171 300 0.1713945566286216 279458383
2090471 300 0.1698110623353819 284822564
2090771 300 0.16982054433713784 276817303
2091071 300 0.16911887620719931 275767433
2091371 300 0.16389429323968396 273405225
2091671 300 0.17392625109745388 273536459
2091971 300 0.17035153643546974 280491849
2092271 300 0.17301597892888498 274077798
2092571 300 0.16992484635645302 274077798
2092871 300 0.17181176470588236 274471500
2093171 300 0.17382194907813872 274323862
2093471 300 0.17465636523266023 274323862
2093771 300 0.17121439859525903 274323862
2094071 300 0.1754338893766462 274192628
2094371 300 0.1801369622475856 303982695
2094671 300 0.18344618086040387 319074580
2094971 300 0.175329587357331 302539124
2095271 300 0.17159367866549605 287578473
2095571 300 0.17087304653204566 288103408
2095871 300 0.17411589113257245 288119812
2096171 300 0.17123336259877084 286020072
2096471 300 0.17202036874451274 284970202
2096771 300 0.17418226514486393 284970202
2097071 300 0.1778233538191396 282739228
2097371 300 0.17418226514486393 281820591
2097671 300 0.18337032484635646 286807474
2097971 300 0.18264969271290607 295452500
2098271 300 0.1751399473222125 288103408
2098571 300 0.16780087796312557 284970202
2098871 300 0.17293064091308163 284822564
2099171 300 0.1763726075504829 281935420
2099471 300 0.17258928884986832 276571240
2099771 300 0.1751494293239684 275652604
2100071 300 0.18144547848990342 276177538
2100371 300 0.19336435469710272 287988579
2100671 300 0.1812653204565408 290088319
2100971 300 0.17536751536435471 287578473
2101271 300 0.17555715539947325 287430835
2101571 300 0.17228586479367866 286922304
2101871 300 0.17033257243195787 284166395
2102171 300 0.1704653204565408 279441979
2102471 300 0.17737769973661108 277227409
2102771 300 0.17679929762949956 283920331
2103071 300 0.16760175592625112 276571240
2103371 300 0.17146093064091308 274996435
2103671 300 0.16798103599648814 274996435
2103971 300 0.17110061457418788 274996435
2104271 300 0.16456751536435468 274996435
2104571 300 0.17231431079894644 274996435
2104871 300 0.17669499561018437 274865201
2105171 300 0.1832375768217735 286938708
2105471 300 0.18421422300263388 289957086
2105771 300 0.17940684811237928 287726111
2106071 300 0.1764105355575066 287726111
2106371 300 0.1792646180860404 283789098
2106671 300 0.1696214223002634 280114552
2106971 300 0.17094890254609307 277489876
2107271 300 0.17577524143985954 276571240
2107571 300 0.1784396839332748 276554836
2107871 300 0.188955223880597 284953798
2108171 300 0.18446075504828796 280770721
2108471 300 0.1824410886742757 277096175
2108771 300 0.1813222124670764 276833707
2109071 300 0.1800326602282704 276833707
2109371 300 0.18585460930640912 276702474
2109671 300 0.18366426690079019 276702474
2109971 300 0.1760502194907814 277489876
2110271 300 0.19367726075504832 301636891
2110571 300 0.19222651448639158 313841633
2110871 300 0.19619947322212464 325258971
2111171 300 0.1891638279192274 291531891
2111471 300 0.1886233538191396 289169683
2111771 300 0.18374012291483757 289038449
2112071 300 0.18623388937664617 288907215
2112371 300 0.18175838454784898 286676241
2112671 300 0.18557014925373136 282870462
2112971 300 0.18424266900790168 282476760
2113271 300 0.19779244951712027 296125073
2113571 300 0.18761826163301143 294550267
2113871 300 0.18830096575943808 284707734
2114171 300 0.17848709394205445 284707734
2114471 300 0.1799757682177349 281951825
2114771 300 0.17850605794556632 281033188
2115071 300 0.1797766461808604 279195916
2115371 300 0.18101878841088673 277358643
2115671 300 0.18124635645302897 275783838
2115971 300 0.19031115013169447 287463643
2116271 300 0.18198595258999123 289432150
2116571 300 0.18309534679543463 287332410
2116871 300 0.17825004389815627 293237930
2117171 300 0.17662862159789286 281951825
2117471 300 0.17983353819139597 281033188
2117771 300 0.18883195785777 278802214
2118071 300 0.19009306409130816 279720850
2118371 300 0.19144899034240562 285495137
2118671 300 0.19633222124670766 281820591
2118971 300 0.18162563652326605 281689357
2119271 300 0.18781738366988587 279195916
2119571 300 0.18099982440737486 278802214
2119871 300 0.1834177348551361 278408513
2120171 300 0.18593046532045654 276571240
2120471 300 0.18810184372256364 279458383
2120771 300 0.19629429323968392 288775981
2121071 300 0.19102230026338893 289300917
2121371 300 0.19403757682177347 286807474
2121671 300 0.19561158911325724 284970202
2121971 300 0.187798419666374 281295656
2122271 300 0.18936294995610184 278539747
2122571 300 0.1815782265144864 276833707
2122871 300 0.18176786654960495 277489876
2123171 300 0.19033959613696225 316072607
2123471 300 0.18998876207199297 316728776
2123771 300 0.19138261633011414 305967606
2124071 300 0.19223599648814751 287594877
2124371 300 0.1878742756804214 287332410
2124671 300 0.19350658472344165 287463643
2124971 300 0.18920175592625108 286413774
2125271 300 0.19500474100087797 283132929
2125571 300 0.1924161545215101 283132929
2125871 300 0.19833292361720806 283264162
2126171 300 0.2058900790166813 301111956
2126471 300 0.1961046532045654 293369164
2126771 300 0.1783638279192274 285757605
2127071 300 0.1696593503072871 285888838
2127371 300 0.17768112379280068 283526630
2127671 300 0.17367023705004392 277227409
2127971 300 0.17059806848112383 277358643
2128271 300 0.17344266900790167 276964941
2128571 300 0.1710342405618964 276964941
2128871 300 0.18224196663740125 283789098
2129171 300 0.19149640035118526 300062086
2129471 300 0.18099034240561898 290875722
2129771 300 0.18018437225636522 289300917
2130071 300 0.1807153643546971 289300917
2130371 300 0.18292467076382793 286282540
2130671 300 0.18272554872695349 281016784
2130971 300 0.19031115013169447 278146045
2131271 300 0.18426163301141352 277473472
2131571 300 0.184716769095698 277998408
2131871 300 0.19702440737489027 284970202
2132171 300 0.1987406496927129 292450527
2132471 300 0.191268832309043 289038449
2132771 300 0.19620895522388063 288907215
2133071 300 0.19918630377524144 288119812
2133371 300 0.19876909569798068 285363903
2133671 300 0.19289973661106233 283395396
2133971 300 0.19362985074626868 283395396
2134271 300 0.1959244951712028 282607994
2134571 300 0.20139561018437227 291794358
2134871 300 0.19388586479367867 291794358
2135171 300 0.19779244951712027 287201176
2135471 300 0.20241966637401232 284445267
2135771 300 0.19191360842844601 281295656
2136071 300 0.19472028094820018 280639487
2136371 300 0.1966451273046532 279720850
2136671 300 0.19878805970149255 278014812
2136971 300 0.20932256365232663 292844229
2137271 300 0.20225847234416153 297962346
2137571 300 0.19732783143107988 288907215
2137871 300 0.197185601404741 288775981
2138171 300 0.19738472344161548 287857345
2138471 300 0.1919799824407375 283805502
2138771 300 0.19490992098331872 280918359
2139071 300 0.18883195785777 280787125
2139371 300 0.192558384547849 280655892
2139671 300 0.19927164179104478 317565391
2139971 300 0.2018791922739245 328605433
2140271 300 0.19304196663740125 313234677
2140571 300 0.1864140474100088 290793700
2140871 300 0.19214117647058823 290662467
2141171 300 0.19603827919227393 290121127
2141471 300 0.18739069359086918 286709049
2141771 300 0.1872579455662862 285134244
2142071 300 0.18850008779631258 285117840
2142371 300 0.18907848990342407 284084374
2142671 300 0.20053274802458299 293270738
2142971 300 0.2293485513608428 291679528
2143271 300 0.3018100087796312 290924934
2143571 300 0.21444284460052676 290400000
2143871 300 0.1916955223880597 288956428
2144171 300 0.19149640035118526 285527946
2144471 300 0.19458753292361722 285134244
2144771 300 0.20195504828797192 285134244
2145071 300 0.20150939420544337 294058141
2145371 300 0.19937594381035997 293270738
2145671 300 0.194227216856892 288398684
2145971 300 0.19102230026338893 288267450
2146271 300 0.17771905179982442 286052880
2146571 300 0.1807153643546971 282886866
2146871 300 0.19204635645302895 282903270
2147171 300 0.19522282704126426 281082401
2147471 300 0.19771659350307286 280163764
2147771 300 0.19836136962247586 285134244
2148071 300 0.19165759438103597 296141477
2148371 300 0.18691659350307285 291023360
2148671 300 0.19542194907813873 290892126
2148971 300 0.19401861281826163 287611282
2149271 300 0.1917334503950834 285511541
2149571 300 0.1939237928007024 283018099
2149871 300 0.20101633011413525 280262190
2150171 300 0.18913538191395965 279999723
2150471 300 0.1899508340649693 284871777
2150771 300 0.20665812115891133 294829139
2151071 300 0.20599438103599652 294451842
2151371 300 0.20091202809482 288562726
2151671 300 0.2011870061457419 288546322
2151971 300 0.19460649692712903 288529918
2152271 300 0.1960667251975417 288415089
2152571 300 0.18514345917471467 283821906
2152871 300 0.19100333625987706 283280567
2153171 300 0.1929566286215979 286955113
2153471 300 0.20131027216856892 321600830
2153771 300 0.19670201931518877 328293753
2154071 300 0.19618999122036876 293516802
2154371 300 0.19081369622475855 293385568
2154671 300 0.18684073748902544 293254334
2154971 300 0.1867459174714662 292335697
2155271 300 0.18105671641791046 290629659
2155571 300 0.1783733099209833 290629659
2155871 300 0.18025074626865673 289579788
2156171 300 0.18586409130816506 284199204
2156471 300 0.1976502194907814 297978750
2156771 300 0.18900263388937663 288415089
2157071 300 0.1814739244951712 283182142
2157371 300 0.17733028972783144 283050908
2157671 300 0.1778233538191396 282919674
2157971 300 0.1690050921861282 282919674
2158271 300 0.17470377524143987 282788440
2158571 300 0.17567093942054432 282919674
2158871 300 0.17687515364354695 282657207
2159171 300 0.19148691834942932 288415089
2159471 300 0.18708726953467952 286069285
2159771 300 0.1762114135206321 282132271
2160071 300 0.173916769095698 281869804
2160371 300 0.17673292361720808 282378334
2160671 300 0.18138858647936787 282542377
2160971 300 0.17540544337137837 282263505
2161271 300 0.1741443371378402 282525973
2161571 300 0.17855346795434593 283690672
2161871 300 0.18029815627743637 297092922
2162171 300 0.1729116769095698 294205779
2162471 300 0.17379350307287095 293566014
2162771 300 0.17057910447761196 305491884
2163071 300 0.17752941176470588 290924934
2163371 300 0.17831641791044775 288169025
2163671 300 0.1695171202809482 288054196
2163971 300 0.1742770851624232 288316663
2164271 300 0.17260825285338016 301686104
2164571 300 0.17724495171202806 290793700
2164871 300 0.17144196663740122 290285170
2165171 300 0.16651132572431956 287791728
2165471 300 0.1705601404741001 287119155
2165771 300 0.16520280948200175 285265478
2166071 300 0.17007655838454785 281492506
2166371 300 0.17364179104477612 281230039
2166671 300 0.1671655838454785 284379650
2166971 300 0.18008955223880596 247486554
2167271 300 0.17334784899034242 166777781
2167571 300 0.16765864793678667 156115036
2167871 300 0.16278489903424057 168598650
2168171 300 0.16563898156277435 155606506
2168471 300 0.1622633889376646 155458867
2168771 300 0.16466233538191397 155212804
2169071 300 0.17704582967515362 155606506
2169371 300 0.1824884986830553 165449039
2169671 300 0.17281685689201054 155491676
2169971 300 0.16505109745390695 155344038
2170271 300 0.16630272168568921 155655718
2170571 300 0.15826198419666374 155376847
2170871 300 0.15791115013169446 172158366
2171171 300 0.1548105355575066 162430662
2171471 300 0.15249692712906057 162840768
2171771 300 0.15523722563652326 162578300
2172071 300 0.15822405618964006 162578300
2172371 300 0.1646433713784021 173995639
2172671 300 0.1654019315188762 164809274
2172971 300 0.1647192273924495 163496937
2173271 300 0.16152379280070236 163628170
2173571 300 0.16154275680421423 161528430
2173871 300 0.16570535557506585 161397196
2174171 300 0.15957050043898155 161397196
2174471 300 0.160670412642669 161134728
2174771 300 0.16364776119402985 161265962
2175071 300 0.1619978928884987 161790897
2175371 300 0.17287374890254606 175570444
2175671 300 0.16160913081650571 168221352
2175971 300 0.16204530289727834 167433950
2176271 300 0.16552519754170325 167302716
2176571 300 0.1653165935030729 167171482
2176871 300 0.1669474978050922 163119639
2177171 300 0.16690956979806848 159707561
2177471 300 0.17332888498683055 158657691
2177771 300 0.1757562774363477 171108496
2178071 300 0.16696646180860406 170058625
2178371 300 0.16825601404741003 165727911
2178671 300 0.17072133450395086 165727911
2178971 300 0.16728884986830553 163365703
2179271 300 0.16600877963125552 161151133
2179571 300 0.16976365232660226 160757431
2179871 300 0.17212467076382792 160626198
2180171 300 0.1751494293239684 161134728
2180471 300 0.18344618086040387 181623602
2180771 300 0.1759459174714662 184379511
2181071 300 0.1759459174714662 168500224
2181371 300 0.1749787532923617 168483820
2181671 300 0.1672509218612818 168467416
2181971 300 0.17158419666374014 180540924
2182271 300 0.17344266900790167 161397196
2182571 300 0.1726177348551361 160363730
2182871 300 0.17281685689201054 160494964
2183171 300 0.16989640035118525 159445093
2183471 300 0.17910342405618965 172437238
2183771 300 0.17660965759438105 163644574
2184071 300 0.17607866549604917 163644574
2184371 300 0.16681474978050922 163644574
2184671 300 0.1685499561018437 161151133
2184971 300 0.16764916593503076 158378819
2185271 300 0.16647339771729588 158378819
2185571 300 0.17079719051799827 158526457
2185871 300 0.17275048287971903 158657691
2186171 300 0.1742201931518876 164825679
2186471 300 0.17019034240561895 176095379
2186771 300 0.16556312554872699 172552067
2187071 300 0.1674215978928885 167958885
2187371 300 0.16762071992976293 167827651
2187671 300 0.16630272168568921 167319120
2187971 300 0.16335381913959612 164563211
2188271 300 0.16598033362598774 160609794
2188571 300 0.1637141352063213 158378819
2188871 300 0.16460544337137842 156410313
2189171 300 0.17259877085162423 171370963
2189471 300 0.16926110623353818 166105208
2189771 300 0.1663406496927129 156672780
2190071 300 0.16979209833187006 156689184
2190371 300 0.1679241439859526 156689184
2190671 300 0.16651132572431956 156541546
2190971 300 0.16667251975417033 156410313
2191271 300 0.16840772607550483 156689184
2191571 300 0.1763726075504829 156426717
2191871 300 0.1819764705882353 166925419
2192171 300 0.17642001755926254 161019899
2192471 300 0.16825601404741003 157985118
2192771 300 0.1766001755926251 158001522
2193071 300 0.16803792800702372 157739055
2193371 300 0.16212115891132572 157476587
2193671 300 0.1610402107111501 157607821
2193971 300 0.16479508340649693 157870288
2194271 300 0.1707782265144864 179130160
2194571 300 0.174684811237928 183592108
2194871 300 0.1804972783143108 168237757
2195171 300 0.17578472344161547 167319120
2195471 300 0.17349007901668131 165481848
2195771 300 0.17410640913081651 179917563
2196071 300 0.17262721685689203 162725938
2196371 300 0.1677819139596137 159838795
2196671 300 0.17349956101843725 158657691
2196971 300 0.1734616330114135 158526457
2197271 300 0.17971027216856894 171124900
2197571 300 0.17799402985074628 161019899
2197871 300 0.17570886742756806 161151133
2198171 300 0.17510201931518876 161019899
2198471 300 0.17894223002633888 160888665
2198771 300 0.1788379280070237 159970029
2199071 300 0.17334784899034242 156164249
2199371 300 0.18189113257243195 155376847
2199671 300 0.17768112379280068 156295483
2199971 300 0.18857594381035997 175455615
2200271 300 0.18390131694468834 175718082
2200571 300 0.1798809482001756 167581588
2200871 300 0.17865776997366112 167450354
2201171 300 0.18271606672519752 164825679
2201471 300 0.18014644424934154 162201003
2201771 300 0.1819669885864794 160888665
2202071 300 0.18835785776997366 162069769
2202371 300 0.1892396839332748 166006782
2202671 300 0.18802598770851625 164038276
2202971 300 0.19084214223002632 159576327
2203271 300 0.1885474978050922 171797473
2203571 300 0.1937057067603161 157214119
2203871 300 0.18723898156277438 156820418
2204171 300 0.18766567164179107 156689184
2204471 300 0.191268832309043 156426717
2204771 300 0.20315926251097455 163644574
2205071 300 0.20192660228270415 163250873
2205371 300 0.198219139596137 156426717
2205671 300 0.1963796312554873 156164249
2205971 300 0.196929587357331 173093406
2206271 300 0.19417980684811237 161544834
2206571 300 0.19214117647058823 161413600
2206871 300 0.19996382791922737 161151133
2207171 300 0.20004916593503072 161151133
2207471 300 0.20900965759438103 172059940
2207771 300 0.20309288849868304 166810590
2208071 300 0.20489446883230902 164825679
2208371 300 0.19979315188762073 164694445
2208671 300 0.20371870061457423 164710849
2208971 300 0.19830447761194028 164185914
2209271 300 0.19629429323968392 161692472
2209571 300 0.20014398595259 159592732
2209871 300 0.20065601404741001 160232496
2210171 300 0.2134851624231782 175455615
2210471 300 0.20332993854258122 178080290
2210771 300 0.20181281826163303 167187886
2211071 300 0.19926215978928885 167187886
2211371 300 0.2032066725197542 166794185
2211671 300 0.20439192273924495 163382107
2211971 300 0.19849411764705885 158788925
2212271 300 0.20141457418788414 158657691
2212571 300 0.2097966637401229 178211524
2212871 300 0.2094268656716418 175324381
2213171 300 0.1996035118525022 167187886
2213471 300 0.19905355575065847 179917563
2213771 300 0.20204038630377522 165219380
2214071 300 0.2003715539947322 165088146
2214371 300 0.19867427568042142 165350614
2214671 300 0.20858296751536437 164071084
2214971 300 0.20887690956979807 175357189
2215271 300 0.20146198419666375 165252188
2215571 300 0.20193608428446005 165120954
2215871 300 0.20488498683055312 164858487
2216171 300 0.20270412642669006 161183941
2216471 300 0.20746409130816504 156197058
2216771 300 0.20892431957857768 155803356
2217071 300 0.20775803336259877 156197058
2217371 300 0.22281545215100965 161315175
2217671 300 0.22412396839332752 172863747
2217971 300 0.20720807726075507 167614396
2218271 300 0.20769165935030726 167630800
2218571 300 0.21207234416154522 167630800
2218871 300 0.24863494293239685 167122270
2219171 300 0.380776119402985 164612424
2219471 300 0.2832442493415277 161594047
2219771 300 0.2166237050043898 160281709
2220071 300 0.2203880597014925 170501539
2220371 300 0.21780895522388063 181279113
2220671 300 0.21506865671641792 168139332
2220971 300 0.20882949956101846 168008098
2221271 300 0.21274556628621596 165006125
2221571 300 0.21188270412642668 162496279
2221871 300 0.2096449517120281 161430004
2222171 300 0.21528674275680423 159067797
2222471 300 0.22575487269534678 159592732
2222771 300 0.23154837576821774 170764007
2223071 300 0.23760737489025463 183477279
2223371 300 0.22717717295873574 183477279
2223671 300 0.21740122914837579 169714137
2223971 300 0.21281194029850747 167220695
2224271 300 0.21797014925373134 167204290
2224571 300 0.2143290605794557 167204290
2224871 300 0.21446180860403863 165760719
2225171 300 0.21453766461808602 165235784
2225471 300 0.22053977172958739 163923446
2225771 300 0.22243617208077263 168516628
2226071 300 0.2209095697980685 179277798
2226371 300 0.22205689201053552 172978577
2226671 300 0.21633924495171206 165613081
2226971 300 0.21501176470588237 179523862
2227271 300 0.2170124670763828 166531717
2227571 300 0.22449376646180863 164431977
2227871 300 0.2209190517998244 160494964
2228171 300 0.21207234416154522 157345353
2228471 300 0.22952870939420544 163398511
2228771 300 0.22265425812115894 164038276
2229071 300 0.21873819139596135 157886692
2229371 300 0.22360245829675152 157886692
2229671 300 0.21703143107989467 157886692
2229971 300 0.20916136962247583 158017926
2230271 300 0.19953713784021068 157755459
2230571 300 0.2024955223880597 157886692
2230871 300 0.2160073748902546 157886692
2231171 300 0.21329552238805974 157755459
2231471 300 0.22267322212467072 167335524
2231771 300 0.2113422300263389 173503512
2232071 300 0.20980614574187884 168762692
2232371 300 0.21038454784899033 168631458
2232671 300 0.20578577699736614 167204290
2232971 300 0.20550131694468832 166023187
2233271 300 0.20251448639157155 163004810
2233571 300 0.20786233538191393 160642602
2233871 300 0.21322914837576823 162742342
2234171 300 0.21826409130816507 168779096
2234471 300 0.21665215100965757 160117667
2234771 300 0.2051220368744513 160101262
2235071 300 0.20208779631255486 159970029
2235371 300 0.20153784021071117 159707561
2235671 300 0.20417383669885864 159707561
2235971 300 0.19618050921861285 159822391
2236271 300 0.1995276558384548 159970029
2236571 300 0.2069805092186128 160101262
2236871 300 0.20901913959613694 175340785
2237171 300 0.20215417032484637 179671500
2237471 300 0.2174676031606673 169582903
2237771 300 0.20147146619841966 169304031
2238071 300 0.19922423178226514 169435265
2238371 300 0.19497629499561017 169304031
2238671 300 0.20782440737489027 169304031
2238971 300 0.1981338015803336 169172797
2239271 300 0.20186022827041264 169172797
2239571 300 0.2055771729587357 176899186
2239871 300 0.21229043020193153 184937255
2240171 300 0.19597190517998245 174963488
2240471 300 0.1996793678665496 168008098
2240771 300 0.20023880597014926 179031735
2241071 300 0.2016611062335382 164464786
2241371 300 0.20329201053555748 162348641
2241671 300 0.1975459174714662 161954940
2241971 300 0.19712870939420543 161823706
2242271 300 0.2014525021949078 161823706
2242571 300 0.2058521510096576 174815850
2242871 300 0.2096449517120281 164596020
2243171 300 0.20070342405618966 164464786
2243471 300 0.19452115891132574 162086173
2243771 300 0.19198946444249343 161840110
2244071 300 0.1959150131694469 162233811
2244371 300 0.18994135206321336 161987748
2244671 300 0.19235926251097454 160806644
2244971 300 0.1969011413520632 159363072
2245271 300 0.20164214223002633 173536320
2245571 300 0.19117401229148379 179310607
2245871 300 0.19302300263388938 169861774
2246171 300 0.1815877085162423 169746945
2246471 300 0.18309534679543463 169714137
2246771 300 0.18167304653204566 168401799
2247071 300 0.18478314310798943 159871603
2247371 300 0.18472625109745391 158969371
2247671 300 0.19701492537313434 160412943
2247971 300 0.1967209833187006 176423464
2248271 300 0.19587708516242316 165268593
2248571 300 0.1869640035118525 159609136
2248871 300 0.18937243195785775 159609136
2249171 300 0.18513397717295876 159477902
2249471 300 0.1903301141352063 159330264
2249771 300 0.18507708516242316 159067797
2250071 300 0.1826212467076383 158952967
2250371 300 0.18044986830553117 158952967
2250671 300 0.19004565408252855 162627513
2250971 300 0.19110763827919228 174586191
2251271 300 0.18437541703248464 169336840
2251571 300 0.18267813871817387 169189201
2251871 300 0.18143599648814748 166958227
2252171 300 0.17333836698858646 166695760
2252471 300 0.18119894644424936 166695760
2252771 300 0.17080667251975415 165662294
2253071 300 0.17806040386303776 164333552
2253371 300 0.18073432835820896 169320435
2253671 300 0.19226444249341526 183641322
2253971 300 0.18549429323968392 173667554
2254271 300 0.18246953467954344 172092749
2254571 300 0.18802598770851625 170255476
2254871 300 0.1729875329236172 167499567
2255171 300 0.18935346795434596 165777123
2255471 300 0.17202036874451274 161069112
2255771 300 0.17845864793678667 160937878
2256071 300 0.19589604916593503 171682644
2256371 300 0.19848463564530286 180114414
2256671 300 0.17935943810359964 169484478
2256971 300 0.17063599648814748 165284997
2257271 300 0.17452361720807727 180508115
2257571 300 0.17618296751536436 169615711
2257871 300 0.17917928007023703 168943138
2258171 300 0.1792646180860404 168155736
2258471 300 0.17865776997366112 166449696
2258771 300 0.1818152765583846 177210866
2259071 300 0.18454609306409134 168040906
2259371 300 0.17459947322212466 167909672
2259671 300 0.16710869183494292 167778438
2259971 300 0.16940333625987708 166449696
2260271 300 0.16583810359964882 162922789
2260571 300 0.16160913081650571 162660321
2260871 300 0.1665208077260755 162397854
2261171 300 0.17412537313432833 163956255
2261471 300 0.18448920105355576 177210866
2261771 300 0.17587006145741876 173273853
2262071 300 0.17625882352941175 171945111
2262371 300 0.17583213345039508 170895241
2262671 300 0.16859736611062334 164218722
2262971 300 0.17929306409130819 164218722
2263271 300 0.17160316066725198 164218722
2263571 300 0.18005162423178225 165006125
2263871 300 0.18069640035118525 175636061
2264171 300 0.17199192273924493 174192489
2264471 300 0.1704653204565408 172240387
2264771 300 0.16976365232660226 171190516
2265071 300 0.16868270412642672 169615711
2265371 300 0.16850254609306412 167647204
2265671 300 0.16585706760316066 167515971
2265971 300 0.17196347673397716 167778438
2266271 300 0.18275399473222126 184313895
2266571 300 0.17634416154521512 178933309
2266871 300 0.17212467076382792 164103893
2267171 300 0.17148937664618086 163841425
2267471 300 0.18083863037752415 162791555
2267771 300 0.17133766461808606 161856514
2268071 300 0.16964986830553117 161069112
2268371 300 0.17661913959613698 161594047
2268671 300 0.17480807726075503 160937878
2268971 300 0.18287726075504832 172748918
2269271 300 0.1789801580333626 165006125
2269571 300 0.17571834942932396 159494306
2269871 300 0.17850605794556632 169746945
2270171 300 0.17823107989464443 164628828
2270471 300 0.17305390693590872 164366360
2270771 300 0.17609762949956104 164218722
2271071 300 0.17754837576821775 163956255
2271371 300 0.18253590869183495 171190516
2271671 300 0.17908446005267778 167253504
2271971 300 0.1688249341527656 165268593
2272271 300 0.17393573309920982 165006125
2272571 300 0.17396417910447762 164349956
2272871 300 0.17234275680421424 160412943
2273171 300 0.17264618086040387 160035646
2273471 300 0.17478911325724317 159773178
2273771 300 0.1728358208955224 160035646
2274071 300 0.16653028972783143 160035646
2274371 300 0.1641692712906058 160019241
2274671 300 0.16704231782265147 160019241
2274971 300 0.17487445127304654 160035646
2275271 300 0.17254187884108868 159904412
2275571 300 0.18377805092186128 172634088
