999182 300 0.20706584723441615 246994428
999482 300 0.19905355575065847 242270011
999782 300 0.19856997366110624 242138778
1000082 300 0.1952986830553117 242007544
1000382 300 0.19604776119402983 241876310
1000682 300 0.19561158911325724 241859906
1000982 300 0.1946254609306409 242253607
1001282 300 0.20076979806848114 258526596
1001582 300 0.1980958735733099 248552829
1001882 300 0.19542194907813873 243041010
1002182 300 0.1940091308165057 242926180
1002482 300 0.19097489025460934 243073818
1002782 300 0.19855100965759437 242942584
1003082 300 0.19615206321334505 242794947
1003382 300 0.20103529411764703 245042325
1003682 300 0.2087441615452151 249897975
1003982 300 0.19510904302019316 242680117
1004282 300 0.19496681299385424 242532479
1004582 300 0.19382897278314312 242532479
1004882 300 0.18875610184372255 242532479
1005182 300 0.19060509218612817 242516075
1005482 300 0.1860916593503073 242532479
1005782 300 0.20131027216856892 279015469
1006082 300 0.19710026338893766 284658522
1006382 300 0.18680280948200179 254474753
1006682 300 0.18494433713784023 254491157
1006982 300 0.19062405618964 254359923
1007282 300 0.1921980684811238 253310053
1007582 300 0.18923020193151888 251341546
1007882 300 0.19199894644424934 249110572
1008182 300 0.19504266900790165 250537740
1008482 300 0.20264723441615454 264710988
1008782 300 0.19923371378402108 258411766
1009082 300 0.1931747146619842 252358608
1009382 300 0.18968533801580334 250652569
1009682 300 0.18827251975417034 249487869
1009982 300 0.18492537313432836 247913064
1010282 300 0.18250746268656717 244911091
1010582 300 0.18123687445127304 242401245
1010882 300 0.19536505706760313 248044297
1011182 300 0.19494784899034243 247256895
1011482 300 0.19429359086918352 242794947
1011782 300 0.19312730465320455 242663713
1012082 300 0.18844319578577698 242663713
1012382 300 0.18743810359964883 242532479
1012682 300 0.187798419666374 242663713
1012982 300 0.18523827919227392 243188648
1013282 300 0.19999227392449517 257903235
1013582 300 0.19881650570676032 254097456
1013882 300 0.18488744512730465 243073818
1014182 300 0.1910886742756804 243073818
1014482 300 0.18593046532045654 243073818
1014782 300 0.183427216856892 242942584
1015082 300 0.1785819139596137 242942584
1015382 300 0.18726742756804218 245960961
1015682 300 0.19987848990342405 257132237
1015982 300 0.1875803336259877 246748364
1016282 300 0.1816635645302897 244648624
1016582 300 0.18390131694468834 244386156
1016882 300 0.1785913959613696 244238518
1017182 300 0.19251097453906935 244386156
1017482 300 0.1895715539947322 244386156
1017782 300 0.18722001755926254 247010832
1018082 300 0.19526075504828797 258690638
1018382 300 0.18205232660228268 254359923
1018682 300 0.1819385425812116 254376327
1018982 300 0.1824979806848112 254359923
1019282 300 0.1848021071115013 254474753
1019582 300 0.18753292361720805 254359923
1019882 300 0.18081018437225635 255787090
1020182 300 0.19543143107989464 290039106
1020482 300 0.18838630377524143 286643433
1020782 300 0.18503915715539948 256869769
1021082 300 0.18292467076382793 256836961
1021382 300 0.18243160667251979 256574493
1021682 300 0.1821945566286216 256869769
1021982 300 0.18099982440737486 256738536
1022282 300 0.17856294995610184 256738536
1022582 300 0.18297208077260757 257788405
1022882 300 0.18905004389815627 266203771
1023182 300 0.18312379280070237 256623706
1023482 300 0.18118946444249343 249914379
1023782 300 0.18133169446883232 255934728
1024082 300 0.1769794556628622 250029208
1024382 300 0.17703634767339774 250045613
1024682 300 0.17601229148375766 250176847
1024982 300 0.1834651448639157 253063990
1025282 300 0.18246953467954344 257903235
1025582 300 0.17625882352941175 256065962
1025882 300 0.17192554872695348 255409794
1026182 300 0.17475118525021952 250685377
1026482 300 0.1757942054433714 251243121
1026782 300 0.17660965759438105 250718186
1027082 300 0.18098086040386305 250586952
1027382 300 0.19741316944688325 264891434
1027682 300 0.18365478489903422 261479356
1027982 300 0.1810377524143986 253178819
1028282 300 0.1853425812115891 253080394
1028582 300 0.17532010535557507 251079079
1028882 300 0.18004214223002632 247683405
1029182 300 0.17880000000000001 247404533
1029482 300 0.18473573309920985 250144038
1029782 300 0.19189464442493415 255130921
1030082 300 0.18081966637401228 248306765
1030382 300 0.18199543459174716 248306765
1030682 300 0.17881896400351185 248306765
1030982 300 0.17351852502194912 248306765
1031282 300 0.17596488147497805 248044297
1031582 300 0.17931202809482005 250931441
1031882 300 0.1875708516242318 254770029
1032182 300 0.17747251975417036 250062017
1032482 300 0.17925513608428448 247552171
1032782 300 0.1807532923617208 247552171
1033082 300 0.18066795434591748 247552171
1033382 300 0.18684073748902544 247552171
1033682 300 0.1806774363476734 247437342
1033982 300 0.17905601404741 247437342
1034282 300 0.2066865671641791 266302197
1034582 300 0.19350658472344165 265383561
1034882 300 0.17816470588235295 256344834
1035182 300 0.18229885864793677 256361238
1035482 300 0.17761474978050923 255705069
1035782 300 0.17980509218612817 252522650
1036082 300 0.17846812993854258 250816611
1036382 300 0.17971027216856894 250800207
1036682 300 0.18337980684811236 255787090
1036982 300 0.1871726075504829 292516144
1037282 300 0.18888884986830556 286495794
1037582 300 0.1813980684811238 271928845
1037882 300 0.1757562774363477 257493130
1038182 300 0.17592695346795434 257493130
1038482 300 0.1798809482001756 256049558
1038782 300 0.17768112379280068 251735248
1039082 300 0.1827445127304653 250800207
1039382 300 0.18338928884986833 251456376
1039682 300 0.1855796312554873 262365184
1039982 300 0.17879051799824408 255951133
1040282 300 0.17715013169446883 256065962
1040582 300 0.1727694468832309 255016092
1040882 300 0.1746468832309043 252768714
1041182 300 0.17768112379280068 251193908
1041482 300 0.18377805092186128 252899947
1041782 300 0.18909745390693591 266548260
1042082 300 0.18697348551360843 262233950
1042382 300 0.17975768217734858 256607302
1042682 300 0.17326251097453907 254130264
1042982 300 0.17278841088674277 250324485
1043282 300 0.17593643546971027 248487211
1043582 300 0.1749787532923617 246764768
1043882 300 0.1806395083406497 245042325
1044182 300 0.18032660228270414 265629624
1044482 300 0.18272554872695349 261052846
1044782 300 0.18046883230904304 255918324
1045082 300 0.1766381035996488 261561377
1045382 300 0.17458999122036872 254770029
1045682 300 0.17800351185250218 252145353
1045982 300 0.17253239683933275 250045613
1046282 300 0.18374960491659348 250439314
1046582 300 0.19356347673397717 255426198
1046882 300 0.19103178226514486 250570548
1047182 300 0.1862433713784021 250554144
1047482 300 0.19137313432835823 249487869
1047782 300 0.18553222124670765 245813323
1048082 300 0.18876558384547848 245173559
1048382 300 0.18421422300263388 245173559
1048682 300 0.19191360842844601 245419622
1048982 300 0.19328849868305534 279802872
1049282 300 0.19474872695346793 279950510
1049582 300 0.18734328358208954 258969510
1049882 300 0.1857977172958736 246912406
1050182 300 0.13146584723441615 146731821
1050482 205 0.12862124670763828 146715417
1050687 95 0.1903301141352063 246879598
1050782 300 0.18447023705004392 246781173
1051082 300 0.18176786654960495 246633535
1051382 300 0.18810184372256364 247158469
1051682 300 0.2004758560140474 262791693
1051982 300 0.19052923617208076 252817926
1052282 300 0.19192309043020192 247174874
1052582 300 0.19220755048287974 246781173
1052882 300 0.19380052677787532 246781173
1053182 300 0.19005513608428445 246764768
1053482 300 0.19096540825285338 246649939
1053782 300 0.19307041264266903 248602041
1054082 300 0.20070342405618966 253588925
1054382 300 0.19321264266900792 246371067
1054682 300 0.18859490781387184 246239833
1054982 300 0.19627532923617208 246239833
1055282 300 0.18914486391571553 246108600
1055582 300 0.19316523266022828 246125004
1055882 300 0.2046669007901668 246125004
1056182 300 0.19711922739244953 246125004
1056482 300 0.20101633011413525 263579096
1056782 300 0.19639859525899914 269222148
1057082 300 0.19088007023705006 257936044
1057382 300 0.18910693590869185 257558746
1057682 300 0.19247304653204564 257427513
1057982 300 0.1941892888498683 256623706
1058282 300 0.19075680421422303 255048900
1058582 300 0.18982756804214224 254917667
1058882 300 0.2062598770851624 270944592
1059182 300 0.19744161545215103 261741823
1059482 300 0.19554521510096579 252817926
1059782 300 0.19315575065847235 252555459
1060082 300 0.19401861281826163 249815953
1060382 300 0.1918282704126427 247962277
1060682 300 0.19109815627743634 248503616
1060982 300 0.19134468832309046 248372382
1061282 300 0.198598419666374 256640110
1061582 300 0.20041896400351183 253999030
1061882 300 0.19121194029850744 247831043
1062182 300 0.1933928007023705 247831043
1062482 300 0.19973625987708518 247962277
1062782 300 0.20065601404741001 247699809
1063082 300 0.1967494293239684 247568575
1063382 300 0.19362036874451274 249012147
1063682 300 0.20844073748902547 268057449
1063982 300 0.20041896400351183 264120435
1064282 300 0.19687269534679544 255852708
1064582 300 0.19166707638279193 255705069
1064882 300 0.19553573309920982 255459006
1065182 300 0.19307041264266903 252965564
1065482 300 0.1988354697102722 249947187
1065782 300 0.19979315188762073 247847447
1066082 300 0.19384793678665496 248241148
1066382 300 0.20507462686567166 278031216
1066682 300 0.2065443371378402 290104723
1066982 300 0.19893028972783147 272634226
1067282 300 0.19460649692712903 256115175
1067582 300 0.1956021071115013 254802837
1067882 300 0.195772783143108 254917667
1068182 300 0.18935346795434596 253342861
1068482 300 0.19068094820017562 249668316
1068782 300 0.19007410008779632 248880913
1069082 300 0.18867076382791925 248880913
1069382 300 0.20374714661984197 262004290
1069682 300 0.20511255487269534 265301539
1069982 300 0.20348165057067605 255196539
1070282 300 0.19911044776119405 254934071
1070582 300 0.19581071115013168 254802837
1070882 300 0.20055171202809485 254786433
1071182 300 0.19666409130816503 254671603
1071482 300 0.19307041264266903 252834330
1071782 300 0.19524179104477613 254261498
1072082 300 0.20544442493415277 261873057
1072382 300 0.19589604916593503 258198511
1072682 300 0.19544091308165057 254277902
1072982 300 0.20203090430201934 253884201
1073282 300 0.19417032484635646 254015434
1073582 300 0.19872168568920104 252161757
1073882 300 0.18551325724319578 250455718
1074182 300 0.19918630377524144 251915694
1074482 300 0.20607023705004388 265826475
1074782 300 0.20541597892888497 255196539
1075082 300 0.19494784899034243 248766084
1075382 300 0.1937910447761194 248618445
1075682 300 0.19319367866549605 248634850
1075982 300 0.19189464442493415 248766084
1076282 300 0.19004565408252855 248766084
1076582 300 0.19517541703248462 249553486
1076882 300 0.20598489903424058 269369787
1077182 300 0.20069394205443372 263333032
1077482 300 0.19041545215100966 257821214
1077782 300 0.1919515364354697 257689980
1078082 300 0.1923213345039508 257689980
1078382 300 0.1886897278314311 255983941
1078682 300 0.18376856892010535 251521993
1078982 300 0.18808287971905183 250357293
1079282 300 0.2082321334503951 279999723
1079582 300 0.20479016681299383 280130956
1079882 300 0.19951817383669887 250865824
1080182 300 0.1863097453906936 250865824
1080482 300 0.1869924495171203 251259525
1080782 300 0.17965338015803337 250997058
1081082 300 0.17475118525021952 248372382
1081382 300 0.17317717295873572 247453746
1081682 300 0.17403055311676907 247191278
1081982 300 0.19044389815627744 252703097
1082282 300 0.19347813871817388 264924242
1082582 300 0.18005162423178225 263349437
1082882 300 0.17604073748902546 257443917
1083182 300 0.1808955223880597 257706384
1083482 300 0.17738718173836698 255983941
1083782 300 0.17403055311676907 254556774
1084082 300 0.17111957857769974 253506904
1084382 300 0.1688249341527656 252571863
1084682 300 0.18247901668129943 263710330
1084982 300 0.17712168568920106 268959681
1085282 300 0.18023178226514486 259133552
1085582 300 0.17454258121158908 259133552
1085882 300 0.17240913081650572 257968852
1086182 300 0.16850254609306412 253900605
1086482 300 0.16813274802458295 253375670
1086782 300 0.16931799824407376 251915694
1087082 300 0.1716884986830553 249832358
1087382 300 0.17393573309920982 247601383
1087682 300 0.17709323968393326 260724762
1087982 300 0.17260825285338016 260052188
1088282 300 0.17387884108867427 247847447
1088582 300 0.16980158033362597 247716213
1088882 300 0.17198244073748903 247453746
1089182 300 0.17063599648814748 247322512
1089482 300 0.17012396839332747 247060044
1089782 300 0.1698489903424056 247060044
1090082 300 0.16869218612818263 247060044
1090382 300 0.16899561018437223 247338916
1090682 300 0.18294363476733974 260445889
1090982 300 0.17202985074626867 262414396
1091282 300 0.16776294995610183 260052188
1091582 300 0.17119543459174716 258871084
1091882 300 0.17342370500438983 255327772
1092182 300 0.172371202809482 254277902
1092482 300 0.17551922739244952 253359265
1092782 300 0.17310131694468836 253375670
1093082 300 0.16574328358208956 253113202
1093382 300 0.17746303775241437 278835022
1093682 300 0.18145496049165935 286446582
1093982 300 0.17755785776997365 297601453
1094282 300 0.1700007023705004 260855995
1094582 300 0.1771690956979807 260577123
1094882 300 0.17417278314310797 260314656
1095182 300 0.1731297629499561 257427513
1095482 300 0.17266514486391574 256902577
1095782 300 0.17047480245829674 253884201
1096082 300 0.17052221246707638 251407163
1096382 300 0.17784231782265147 267811386
1096682 300 0.1725798068481124 272929503
1096982 300 0.16466233538191397 258346149
1097282 300 0.16445373134328356 257837618
1097582 300 0.16177980684811238 257165045
1097882 300 0.16200737489025463 253752967
1098182 300 0.1609169446883231 252309396
1098482 300 0.16311676909569797 251784460
1098782 300 0.16675785776997365 251653227
1099082 300 0.15791115013169446 269238553
1099382 300 0.15699139596136963 256771344
1099682 300 0.15609060579455664 256246409
1099982 300 0.15726637401229152 256115175
1100282 300 0.1594756804214223 257837618
1100582 300 0.16780087796312557 268992489
1100882 300 0.1630124670763828 255065305
1101182 300 0.15653625987708517 255212943
1101482 300 0.15884038630377526 255065305
1101782 300 0.1615332748024583 252178162
1102082 300 0.16197892888498683 252457033
1102382 300 0.15880245829675152 249569890
1102682 300 0.1595420544337138 248913721
1102982 300 0.15737067603160668 249291019
1103282 300 0.15913432835820898 249028551
1103582 300 0.15913432835820898 249159785
1103882 300 0.1548294995610184 249438657
1104182 300 0.15696294995610183 249044955
1104482 300 0.15445970149253732 249044955
1104782 300 0.1589731343283582 249044955
1105082 300 0.1602626865671642 248766084
1105382 300 0.16332537313432835 248651254
1105682 300 0.15570184372256365 249028551
1105982 300 0.15691553994732219 249044955
1106282 300 0.15928604038630378 248897317
1106582 300 0.1556449517120281 249028551
1106882 300 0.1664923617208077 279064682
1107182 300 0.16508902546093063 293943311
1107482 300 0.1643115013169447 289989894
1107782 300 0.16304091308165058 260855995
1108082 300 0.15887831431079896 260855995
1108382 300 0.1575982440737489 272535801
1108682 300 0.15376751536435468 257033811
1108982 300 0.15846110623353818 256918982
