2589288 300 0.1719065847234416 168106523
2589588 300 0.17725443371378405 168090118
2589888 300 0.19203687445127307 182000899
2590188 300 0.18700193151887623 183050769
2590488 300 0.18081966637401228 168615054
2590788 300 0.17347111501316947 168762692
2591088 300 0.17536751536435471 169041564
2591388 300 0.176742405618964 168516628
2591688 300 0.18167304653204566 168943138
2591988 300 0.17363230904302018 168286969
2592288 300 0.17597436347673398 168270565
2592588 300 0.1728358208955224 168270565
2592888 300 0.17848709394205445 168401799
2593188 300 0.18202388059701494 182443813
2593488 300 0.18048779631255488 180344073
2593788 300 0.17979561018437223 168926734
2594088 300 0.17353748902546093 169025160
2594388 300 0.1770268656716418 168779096
2594688 300 0.175329587357331 168516628
2594988 300 0.17696049165935032 168385395
2595288 300 0.1718686567164179 168500224
2595588 300 0.169156804214223 168647862
2595888 300 0.16891975417032487 168516628
2596188 300 0.16975417032484633 168254161
2596488 300 0.18216611062335383 182821110
2596788 300 0.18144547848990342 184658383
2597088 300 0.1725229148375768 168779096
2597388 300 0.17192554872695348 168910330
2597688 300 0.1690145741878841 168795500
2597988 300 0.17053169446883232 168647862
2598288 300 0.17195399473222125 168533032
2598588 300 0.16552519754170325 168516628
2598888 300 0.16662510974539071 168237757
2599188 300 0.16741211589113258 169681328
2599488 300 0.17351852502194912 182837514
2599788 300 0.17161264266900791 170862432
2600088 300 0.16974468832309045 162725938
2600388 300 0.16483301141352064 162332237
2600688 300 0.16580017559262508 162069769
2600988 300 0.16127726075504828 161807302
2601288 300 0.16527866549604917 161676068
2601588 300 0.16645443371378402 161807302
2601888 300 0.16866374012291485 161692472
2602188 300 0.16476663740122913 161544834
2602488 300 0.1738503950834065 163004810
2602788 300 0.17527269534679543 177817822
2603088 300 0.16619841966637403 173749575
2603388 300 0.1645580333625988 161413600
2603688 300 0.16422616330114134 161282367
2603988 300 0.16357190517998244 175324381
2604288 300 0.16061352063213344 161954940
2604588 300 0.16599929762949958 162086173
2604888 300 0.1618177348551361 161938536
2605188 300 0.16552519754170325 161544834
2605488 300 0.1662363476733977 161708876
2605788 300 0.169412818261633 162233811
2606088 300 0.17411589113257245 173257449
2606388 300 0.16982054433713784 162742342
2606688 300 0.16491834942932396 162217407
2606988 300 0.16552519754170325 162102577
2607288 300 0.169156804214223 161971344
2607588 300 0.16961194029850746 162086173
2607888 300 0.16453906935908694 162365045
2608188 300 0.16722247585601405 162233811
2608488 300 0.1674500438981563 162102577
2608788 300 0.1664070237050044 162102577
2609088 300 0.16668200175592623 163808617
2609388 300 0.17408744512730467 177325696
2609688 300 0.16733625987708517 173651150
2609988 300 0.1645011413520632 173651150
2610288 300 0.16726988586479366 171026475
2610588 300 0.16314521510096575 170091434
2610888 300 0.16493731343283582 164989721
2611188 300 0.16496575943810357 163923446
2611488 300 0.16520280948200175 161971344
2611788 300 0.16878700614574188 160790240
2612088 300 0.16836979806848112 163398511
2612388 300 0.17262721685689203 182968748
2612688 300 0.16876804214223 178769268
2612988 300 0.16807585601404743 161971344
2613288 300 0.1682844600526778 162332237
2613588 300 0.1722194907813872 162217407
2613888 300 0.16260474100087796 162233811
2614188 300 0.16526918349429326 162102577
2614488 300 0.16212115891132572 161971344
2614788 300 0.16384688323090432 161823706
2615088 300 0.16851202809482005 161840110
2615388 300 0.1699438103599649 163021214
2615688 300 0.1799662862159789 177702993
2615988 300 0.1736986830553117 166925419
2616288 300 0.16893871817383668 161676068
2616588 300 0.1666345917471466 161430004
2616888 300 0.16721299385425814 161282367
2617188 300 0.16329692712906055 161151133
2617488 300 0.16740263388937668 161167537
2617788 300 0.16271852502194908 161167537
2618088 300 0.16679578577699739 160921474
2618388 300 0.16519332748024582 160888665
2618688 300 0.16662510974539071 161151133
2618988 300 0.1746753292361721 176915590
2619288 300 0.17309183494293237 169320435
2619588 300 0.1655726075504829 162086173
2619888 300 0.16765864793678667 161840110
2620188 300 0.1718686567164179 161840110
2620488 300 0.16874907813871817 161840110
2620788 300 0.1641787532923617 161954940
2621088 300 0.16639754170324847 162086173
2621388 300 0.16675785776997365 161954940
