1946098 300 0.1585085162423178 186249592
1946398 300 0.1494721685689201 181525177
1946698 300 0.14247445127304653 181525177
1946998 300 0.14562247585601404 181410347
1947298 300 0.14692151009657595 181147879
1947598 300 0.14212361720807726 181262709
1947898 300 0.13886180860403863 181393943
1948198 300 0.13770500438981562 181410347
1948498 300 0.14843863037752414 187201038
1948798 300 0.15157717295873574 198470738
1949098 300 0.1429011413520632 181804048
1949398 300 0.14445618964003512 181672815
1949698 300 0.15244951712028096 206607232
1949998 300 0.1439062335381914 173913618
1950298 300 0.14050219490781388 173782384
1950598 300 0.14045478489903424 173782384
1950898 300 0.13934539069359086 174307319
1951198 300 0.143441615452151 174602595
1951498 300 0.1463241439859526 176029762
1951798 300 0.14896962247585602 187709568
1952098 300 0.14685513608428447 166597335
1952398 300 0.1416684811237928 166564526
1952698 300 0.14262616330114136 166564526
1952998 300 0.14397260755048288 178523204
1953298 300 0.14511044776119403 166039591
1953598 300 0.14620087796312556 166187229
1953898 300 0.1475283582089552 166039591
1954198 300 0.14916874451273046 167089461
1954498 300 0.16262370500438983 175357189
1954798 300 0.1506669007901668 165777123
1955098 300 0.14786022827041265 165908357
1955398 300 0.14819209833187005 165547464
1955698 300 0.14789815627743633 165399826
1955998 300 0.15054363476733978 165547464
1956298 300 0.14796453028972784 165531060
1956598 300 0.1506005267778753 165514656
1956898 300 0.16451062335381916 173930022
1957198 53 0.07025004389815628 6000000
1957251 237 0.10883230904302019 86511922
1957488 10 0.13760070237050043 168270565
1957498 300 0.14180122914837576 165645889
1957798 300 0.14769903424056188 165777123
1958098 300 0.14533801580333625 165941166
1958398 300 0.1393643546971027 165793528
1958698 300 0.14063494293239684 165924762
1958998 300 0.14117541703248465 165809932
1959298 300 0.14815417032484637 165924762
1959598 300 0.163628797190518 176571102
1959898 300 0.16165654082528533 187709568
1960198 300 0.15176681299385428 179458245
1960498 19 0.1555880597014925 178260736
1960517 1 0.11668340649692713 175767295
1960518 5 0.11958489903424056 173044194
1960523 4 0.11777383669885864 167975289
1960527 1 0.1159532923617208 167630800
1960528 8 0.1159532923617208 167630800
1960536 168 0.11727129060579455 175029105
1960704 2 0.11772642669007902 100882020
1960706 1 0.11453099209833187 100882020
1960707 8 0.11453099209833187 100882020
1960715 83 0.1304797190517998 113447655
1960798 300 0.12792906057945566 160494964
1961098 300 0.14637155399473223 169746945
1961398 300 0.15310377524143984 170288284
1961698 300 0.15508551360842845 170157051
1961998 244 0.1072393327480246 87364941
1962242 56 0.15117892888498685 170452327
1962298 275 0.17010500438981566 181492368
1962573 5 0.12105460930640914 173241045
1962578 3 0.12150026338893766 168024502
1962581 1 0.11986935908691834 168024502
1962582 9 0.11986935908691834 168024502
1962591 7 0.13157014925373134 172125558
1962598 161 0.11532748024582967 178211524
1962759 3 0.11276733977172959 104589375
1962762 1 0.11276733977172959 104589375
1962763 10 0.11276733977172959 104589375
1962773 1 0.11276733977172959 104589375
1962774 124 0.1261369622475856 121846617
1962898 300 0.14133661106233536 160117667
1963198 71 0.17130921861281828 162627513
1963269 51 0.11628516242317821 155737740
1963320 2 0.12020122914837576 153982488
1963322 10 0.11563090430201932 153982488
1963332 121 0.11716698858647936 161495622
1963453 3 0.1167118525021949 84592628
1963456 9 0.11393362598770851 84592628
1963465 33 0.12455346795434592 94910884
1963498 235 0.13081158911325724 130688492
1963733 5 0.08883476733977172 128096625
1963738 3 0.08902440737489027 123191763
1963741 1 0.08732712906057946 123191763
1963742 9 0.08732712906057946 123191763
1963751 47 0.0907027216856892 129753451
1963798 119 0.1086900790166813 154195743
1963917 3 0.10607304653204566 79523723
1963920 10 0.10607304653204566 79523723
1963930 168 0.1195185250219491 100914829
1964098 300 0.1415262510974539 147929329
1964398 300 0.14855241439859526 150586813
1964698 300 0.15748446005267777 174061255
1964998 300 0.15438384547848988 172535663
1965298 300 0.15331237928007022 162168195
1965598 300 0.14844811237928007 159149818
1965898 300 0.14806883230904302 157033673
1966198 300 0.14790763827919226 154704273
1966498 300 0.151283230904302 154441806
1966798 300 0.15382440737489025 154983145
1967098 300 0.16682423178226516 169435265
1967398 300 0.1585748902546093 166580930
1967698 300 0.1510935908691835 155163592
1967998 300 0.1534451273046532 155294826
1968298 300 0.1534546093064091 155163592
1968598 300 0.152060755048288 154868316
1968898 300 0.15057208077260756 154737082
1969198 300 0.15736119402985077 173355874
1969498 300 0.1548294995610184 163136044
1969798 300 0.15515188762071994 163021214
1970098 300 0.15675434591747148 162496279
1970398 300 0.15722844600526778 156459525
1970698 300 0.15381492537313432 156721993
1970998 300 0.15832835820895522 156082228
1971298 300 0.16261422300263392 155721335
1971598 300 0.16602774363476738 156361100
1971898 300 0.16413134328358212 156229866
1972198 300 0.16332537313432835 156000207
1972498 300 0.1565457418788411 156115036
1972798 300 0.17587954345917473 170665582
1973098 300 0.1706075504828797 180508115
1973398 300 0.16021527655838455 172027132
1973698 300 0.16223494293239685 170304688
1973998 300 0.1673172958735733 164825679
1974298 300 0.16498472344161544 160396539
1974598 300 0.16982054433713784 158706904
1974898 300 0.16762071992976293 156475929
1975198 300 0.1674215978928885 156869631
1975498 300 0.1690809482001756 156475929
1975798 300 0.1688249341527656 156344695
1976098 300 0.17350904302019313 162889980
1976398 300 0.17787076382791925 168286969
1976698 300 0.16806637401229152 162118982
1976998 300 0.17194451273046532 156771205
1977298 300 0.1691947322212467 156623568
1977598 300 0.17232379280070237 168828309
1977898 300 0.16714661984196663 154933933
1978198 300 0.16551571553994734 170288284
1978498 300 0.16588551360842846 156918843
1978798 300 0.16407445127304654 156771205
1979098 300 0.16573380158033363 156771205
1979398 300 0.16574328358208956 156508738
1979698 300 0.16019631255487268 156639972
1979998 300 0.1637141352063213 156508738
1980298 300 0.17990939420544338 159789582
1980598 300 0.18287726075504832 179786329
1980898 300 0.17542440737489023 168073714
1981198 300 0.17028516242317823 154294168
1981498 300 0.1691947322212467 154589444
1981798 300 0.16585706760316066 154179338
1982098 300 0.163372783143108 154195743
1982398 300 0.16961194029850746 154326976
1982698 300 0.16574328358208956 154064509
1982998 300 0.1675353819139596 154064509
1983298 300 0.17114802458296752 155360442
1983598 300 0.17847761194029851 168090118
1983898 300 0.17169798068481124 166646547
1984198 300 0.17232379280070237 154474614
1984498 300 0.16159016681299387 154458210
1984798 300 0.16580965759438107 154458210
1985098 300 0.1690904302019315 162348641
1985398 300 0.16390377524143987 154720678
1985698 300 0.161315188762072 154605848
1985998 300 0.15724741000877965 154343380
1986298 300 0.1612867427568042 154064509
1986598 300 0.16812326602282704 157345353
1986898 300 0.1679336259877085 157328949
1987198 300 0.15913432835820898 154589444
1987498 300 0.17204881474978054 154851912
1987798 300 0.18490640913081652 156164249
1988098 300 0.16665355575065846 155508080
1988398 300 0.16215908691834943 155376847
1988698 300 0.1652502194907814 155229208
1988998 300 0.16022475856014046 154999549
1989298 300 0.16037647058823526 154868316
1989598 300 0.16461492537313432 164038276
1989898 300 0.1668337137840211 170075029
1990198 300 0.16046180860403864 155622910
1990498 300 0.16277541703248463 155622910
1990798 300 0.15689657594381037 155229208
1991098 300 0.1587929762949956 155229208
1991398 300 0.15676382791922738 155245613
1991698 300 0.16117295873573312 155245613
1991998 300 0.15936189640035117 155262017
1992298 300 0.17099631255487271 166810590
1992598 300 0.16552519754170325 179802733
1992898 300 0.1662363476733977 160921474
1993198 300 0.16269956101843722 158149160
1993498 300 0.16700438981562774 158001522
1993798 300 0.16269007901668128 158132756
1994098 300 0.16174187884108868 158526457
1994398 300 0.16350553116769098 158263990
1994698 300 0.16573380158033363 158132756
1994998 300 0.18485899912203688 171666239
1995298 300 0.1792646180860404 167335524
1995598 300 0.17715961369622477 157755459
1995898 300 0.16963090430201933 157755459
1996198 300 0.17498823529411764 157640629
1996498 300 0.1697731343283582 157509396
1996798 300 0.1687585601404741 157640629
1997098 300 0.16505109745390695 157476587
1997398 300 0.16866374012291485 157509396
1997698 300 0.17770956979806846 174290914
1997998 300 0.17243757682177352 164448381
1998298 300 0.16814223002633888 158411628
1998598 300 0.1686163301141352 158428032
1998898 300 0.16866374012291485 158296798
1999198 300 0.17163160667251978 158149160
1999498 300 0.173916769095698 158149160
1999798 300 0.1666914837576822 158165564
2000098 300 0.1743150131694469 158050735
2000398 300 0.19373415276558384 166449696
2000698 300 0.1724565408252853 163431319
2000998 300 0.1724660228270413 158165564
2001298 300 0.18175838454784898 158854542
2001598 300 0.1772828797190518 158198373
2001898 300 0.17054117647058825 158313202
2002198 300 0.16887234416154523 158706904
2002498 300 0.17367971905179982 157886692
2002798 300 0.17784231782265147 163660979
2003098 300 0.1809713784021071 175209551
2003398 300 0.16953608428446007 158821733
2003698 300 0.16929903424056192 158444436
2003998 300 0.17136611062335383 158985775
2004298 300 0.17418226514486393 158854542
2004598 300 0.16894820017559262 158460840
2004898 300 0.16519332748024582 158706904
2005198 300 0.16755434591747148 160412943
2005498 300 0.1768846356453029 173913618
2005798 300 0.16631220368744512 164596020
2006098 300 0.15784477611940298 158296798
2006398 300 0.16888182616330116 158428032
2006698 300 0.16706128182616328 158165564
2006998 300 0.16484249341527657 158181969
2007298 300 0.17062651448639157 158198373
2007598 300 0.170702370500439 158198373
2007898 300 0.1831996488147498 171715452
2008198 300 0.17773801580333626 165153763
2008498 300 0.16948867427568043 156098632
2008798 300 0.17213415276558383 156065824
2009098 300 0.17722598770851627 155950994
2009398 300 0.17037998244073752 155803356
2009698 300 0.17144196663740122 155540889
2009998 300 0.1652597014925373 155294826
2010298 300 0.16441580333625988 156213462
2010598 300 0.18237471466198418 169615711
2010898 300 0.17558560140474103 163857829
2011198 300 0.16541141352063213 155311230
2011498 300 0.16574328358208956 154933933
2011798 300 0.16946022827041263 155065166
2012098 300 0.1641787532923617 156361100
2012398 300 0.16351501316944686 156098632
2012698 300 0.16849306409130818 155967399
2012998 300 0.1666630377524144 156098632
2013298 300 0.17899912203687446 161085516
2013598 300 0.17272203687445126 162660321
2013898 300 0.16610359964881474 156361100
2014198 300 0.16542089552238806 156098632
2014498 300 0.16567690956979805 155983803
2014798 300 0.223156804214223 156246270
2015098 300 0.29558033362598773 156639972
2015398 300 0.3069587357330992 156886035
2015698 300 0.29866198419666373 158050735
2015998 300 0.30931975417032487 163168852
2016298 300 0.30505285338015803 163431319
2016598 300 0.30230307287093944 158346011
2016898 300 0.2965854258121159 158198373
2017198 300 0.29716382791922735 157919501
2017498 300 0.22606777875329237 158181969
2017798 300 0.15815768217734855 157935905
2018098 300 0.15456400351185254 157804671
2018398 300 0.15339771729587356 157558608
2018698 201 0.11834275680421423 77752067
2018899 7 0.11838068481123792 77752067
2018906 9 0.11834275680421423 77768472
2018915 1 0.11834275680421423 77768472
2018916 82 0.12113046532045654 85215988
2018998 94 0.12439227392449519 93385291
2019092 1 0.12439227392449519 93385291
2019093 205 0.1419908691834943 123864336
2019298 300 0.15757928007023703 159034988
2019598 300 0.15696294995610183 155376847
2019898 300 0.16038595258999125 155508080
2020198 300 0.15685864793678664 156033015
2020498 300 0.1565078138718174 155491676
2020798 300 0.15745601404741003 155262017
2021098 300 0.15707673397717295 155409655
2021398 300 0.16195048287971905 158296798
2021698 300 0.16598033362598774 181787644
2021998 300 0.16051870061457418 171945111
2022298 300 0.1600540825285338 160150475
2022598 300 0.1569724319578578 160166880
2022898 300 0.16569587357330992 159904412
2023198 300 0.1591058823529412 159773178
2023498 300 0.1593239683933275 159510711
2023798 300 0.15804389815627742 159248243
2024098 300 0.15933345039508343 159248243
2024398 300 0.16926110623353818 171059283
2024698 300 0.16353397717295873 169878179
2024998 300 0.15887831431079896 159231839
2025298 300 0.1548200175592625 158952967
2025598 300 0.16014890254609307 174979892
2025898 300 0.15548375768217734 159625540
2026198 300 0.1645011413520632 159510711
2026498 300 0.15959894644424935 159248243
2026798 300 0.16146690079016682 159231839
2027098 300 0.16927058823529412 171059283
2027398 300 0.16596136962247587 159773178
2027698 300 0.15751290605794557 159625540
2027998 300 0.157588762071993 159641944
2028298 300 0.15981703248463566 159773178
2028598 300 0.15660263388937667 160035646
2028898 300 0.15238314310798948 159904412
2029198 300 0.15333134328358208 159904412
2029498 300 0.15508551360842845 159658348
2029798 300 0.16622686567164183 171863090
2030098 300 0.16254784899034241 172912960
2030398 300 0.15417524143985953 160691814
2030698 300 0.15010746268656716 160708219
2030998 300 0.15244003511852502 160445751
2031298 300 0.15139701492537316 160183284
2031598 300 0.15006005267778752 160183284
2031898 300 0.1504393327480246 160314517
2032198 300 0.15870763827919224 160314517
2032498 300 0.17178331870061458 167532375
2032798 300 0.1674500438981563 166088803
2033098 300 0.1570482879719052 160052050
2033398 300 0.16304091308165058 160052050
2033698 300 0.1593713784021071 160314517
2033998 300 0.15746549604916596 160330921
2034298 300 0.16104969271290606 160314517
2034598 300 0.15921018437225637 160445751
2034898 300 0.1662363476733977 179474649
2035198 300 0.16524073748902546 177768610
2035498 300 0.16227287093942053 157689842
2035798 300 0.1617134328358209 156639972
2036098 300 0.16187462686567164 156771205
2036398 300 0.16308832309043023 157033673
2036698 300 0.16398911325724322 156902439
2036998 300 0.16677682177348552 156525142
2037298 300 0.16083160667251975 156656376
2037598 300 0.16039543459174713 156525142
2037898 300 0.17679929762949956 162955597
2038198 300 0.17129973661106232 170304688
2038498 300 0.16752589991220368 164267935
2038798 300 0.16693801580333628 157312545
2039098 300 0.17037998244073752 174012043
2039398 300 0.1699912203687445 157197715
2039698 300 0.16351501316944686 156935248
2039998 300 0.16155223880597014 156804014
2040298 300 0.16964986830553117 156820418
2040598 300 0.17556663740122916 169304031
2040898 300 0.17586057945566286 157739055
2041198 300 0.16675785776997365 157607821
2041498 300 0.15971273046532045 157214119
2041798 300 0.16797155399473224 157082886
2042098 300 0.1644252853380158 157082886
2042398 300 0.16336330114135206 156968056
2042698 300 0.1699438103599649 156836822
2042998 300 0.17032309043020194 160002837
2043298 300 0.17055065847234419 164727253
2043598 300 0.17413485513608432 157919501
2043898 300 0.16904302019315187 156820418
2044198 300 0.167867251975417 157017269
2044498 300 0.1624340649692713 158001522
2044798 300 0.16699490781387183 158132756
2045098 300 0.16800948200175592 158017926
2045398 300 0.16766812993854255 158296798
2045698 300 0.17100579455662865 174176085
2045998 300 0.16874907813871817 164825679
2046298 300 0.16010149253731343 158772520
2046598 300 0.16473819139596138 158378819
2046898 300 0.16598981562774365 157985118
2047198 300 0.16675785776997365 157853884
2047498 300 0.16802844600526778 157214119
2047798 300 0.17143248463564534 157214119
2048098 300 0.17999473222124668 158116351
2048398 300 0.19161018437225638 169271223
2048698 300 0.17807936786654963 169156393
2048998 300 0.16245302897278316 157739055
2049298 300 0.16715610184372257 157575012
2049598 300 0.16397963125548726 157575012
2049898 300 0.16305987708516245 157443778
2050198 300 0.20088358208955223 157460183
2050498 300 0.5749864793678666 157853884
2050798 300 0.5957994732221247 158510053
2051098 300 0.6 175029105
2051398 300 0.5785422300263389 174914275
2051698 300 0.5430700614574188 161397196
2051998 300 0.537769622475856 161512026
2052298 300 0.545478489903424 173716767
2052598 300 0.5157903424056189 161528430
2052898 300 0.5224182616330114 161512026
2053198 300 0.5189383669885865 161922131
2053498 300 0.519128007023705 162315832
2053798 300 0.5324122914837577 175045509
2054098 300 0.514756804214223 162430662
2054398 300 0.4904165057067603 162709534
2054698 300 0.49744266900790163 162676725
2054998 300 0.49328955223880594 162676725
2055298 300 0.500875153643547 176078975
2055598 300 0.489563125548727 163086831
2055898 300 0.49220860403863037 162939193
2056198 300 0.4870788410886743 163070427
2056498 300 0.4839497805092186 164382765
2056798 300 0.4863202809482001 175800103
2057098 300 0.475283230904302 165580273
2057398 300 0.47632625109745386 165727911
2057698 300 0.45652783143107983 165711507
2057998 300 0.46083266022827046 165973974
2058298 300 0.4512084284460053 167023844
2058598 300 0.4568881474978051 167007440
2058898 300 0.45052572431957855 166876206
2059198 300 0.44799402985074627 167056653
2059498 300 0.460756804214223 178080290
2059798 300 0.45465039508340643 178342758
2060098 300 0.45066795434591744 167187886
2060398 300 0.4388533801580334 167319120
2060698 300 0.42557857769973656 168368991
2060998 300 0.4263276558384547 168368991
2061298 300 0.41455100965759434 168368991
2061598 300 0.4009158911325724 168631458
2061898 300 0.4021485513608428 168500224
2062198 300 0.398526426690079 168500224
2062498 300 0.430404916593503 174389340
2062798 300 0.4047086918349429 184658383
2063098 300 0.3940414398595259 178605225
2063398 300 0.4002900790166813 169287627
2063698 300 0.38835223880597014 169271223
2063998 300 0.38335522388059695 168762692
2064298 300 0.3734465320456541 167844055
2064598 300 0.40054609306409134 167844055
2064898 300 0.3868446005267779 171649835
2065198 300 0.3853654082528534 180573732
2065498 300 0.371910447761194 167975289
2065798 300 0.39347251975417036 163529745
2066098 300 0.3906184372256365 177309292
2066398 300 0.3887599648814749 163660979
2066698 300 0.39559648814749776 163529745
2066998 300 0.37064934152765583 163792212
2067298 300 0.37365513608428447 165088146
2067598 300 0.3782633889376646 174274510
2067898 300 0.3810890254609306 163907042
2068198 300 0.3676056189640035 163907042
2068498 300 0.37131308165057064 163907042
2068798 300 0.3649885864793678 163907042
2069098 300 0.36271290605794554 163513341
2069398 300 0.3661928007023704 162463470
2069698 300 0.3685538191395961 162594704
2069998 300 0.3742050921861282 162594704
2070298 300 0.36801334503950833 162725938
2070598 300 0.38348797190517997 175586848
2070898 300 0.3819708516242318 174126873
2071198 300 0.36525408252853375 162725938
2071498 300 0.3624948200175592 162594704
2071798 300 0.3644670763827919 162578300
2072098 300 0.3590718173836699 162594704
2072398 300 0.36364214223002633 162857172
2072698 300 0.364580860403863 162857172
2072998 300 0.3665910447761194 162857172
2073298 300 0.38614293239683933 179261394
2073598 300 0.3814777875329236 168910330
2073898 300 0.36839262510974535 163398511
2074198 300 0.37314310798946443 164563211
2074498 300 0.36582300263388934 164169510
2074798 300 0.3692839332748024 164300743
2075098 300 0.2796695346795435 83624779
2075398 101 0.274454433713784 82574908
2075499 1 0.2745208077260755 82574908
2075500 3 0.2745208077260755 82591312
2075503 11 0.274454433713784 82591312
2075514 1 0.274454433713784 82591312
2075515 173 0.2766068481123793 89694341
2075688 1 0.2766068481123793 89694341
2075689 9 0.30490114135206325 92089357
2075698 300 0.2996481123792801 136561204
2075998 300 0.36368007023705 166958227
2076298 300 0.3457116769095698 162381450
2076598 300 0.34428937664618087 159592732
2076898 300 0.35021562774363474 159461498
2077198 300 0.34230763827919225 159609136
2077498 300 0.3475891132572432 159625540
2077798 300 0.3523870061457419 159756774
2078098 300 0.33753819139596136 159625540
2078398 300 0.3568056189640035 178802076
2078698 300 0.34477295873573305 179195777
2078998 300 0.337073573309921 162020556
2079298 300 0.34072414398595263 162693130
2079598 300 0.3415395961369623 162824364
2079898 300 0.3470012291483758 162807959
2080198 300 0.3436540825285338 162824364
2080498 300 0.34017418788410886 162561896
2080798 300 0.3423550482879719 161905727
2081098 300 0.3458918349429324 168598650
2081398 300 0.3414352941176471 179228586
2081698 300 0.3348168568920105 162676725
2081998 300 0.33144126426690074 162020556
2082298 300 0.32774328358208954 184855234
2082598 300 0.3260649692712906 170452327
2082898 300 0.32174117647058825 168615054
2083198 300 0.31972151009657596 166777781
2083498 300 0.3248892010535558 167548779
2083798 300 0.3190103599648815 184494341
2084098 300 0.3182897278314311 166515313
2084398 300 0.32458577699736607 165990378
2084698 300 0.3158812993854258 165990378
2084998 300 0.3156442493415276 166515313
2085298 300 0.3234289727831431 167302716
2085598 300 0.32598911325724317 183854576
2085898 300 0.34189991220368743 186331614
2086198 300 0.3320196663740123 176111784
2086498 300 0.32614082528533805 170468731
2086798 300 0.32908024582967516 170731198
2087098 300 0.32908024582967516 168237757
2087398 300 0.33463669885864794 166400484
2087698 300 0.3324179104477612 166679356
2087998 300 0.33122317822651454 167204290
2088298 300 0.3545109745390694 183739747
2088598 300 0.3467357330992098 183870981
2088898 300 0.3407620719929763 176505484
2089198 300 0.3323799824407375 175980550
2089498 300 0.3370166812993854 172437238
2089798 300 0.3417102721685689 165891953
2090098 300 0.3428860403863038 162086173
2090398 300 0.3314886742756804 162479875
2090698 300 0.3417482001755926 162873576
2090998 300 0.3535817383669886 171666239
2091298 300 0.34105601404741 166400484
2091598 300 0.32830272168568925 162725938
2091898 300 0.33435223880597015 162725938
2092198 300 0.32584688323090427 162725938
2092498 300 0.31892502194907807 162725938
2092798 300 0.3267097453906936 162332237
2093098 300 0.3335841966637401 162332237
2093398 300 0.35121123792800696 181902474
2093698 300 0.35240597014925373 189514033
2093998 300 0.338742405618964 179540266
2094298 300 0.33152660228270414 173765980
2094598 300 0.35086040386303774 172847343
2094898 300 0.34025952589991215 169960200
2095198 300 0.3324748024582968 169960200
2095498 300 0.32918454784899037 169960200
2095798 300 0.33478841088674277 167712822
2096098 300 0.35275680421422295 180967433
2096398 300 0.3482907813871818 178998927
2096698 300 0.32830272168568925 163382107
2096998 300 0.33916909569798065 159067797
2097298 297 0.2452972783143108 80343934
2097595 1 0.2452972783143108 80360338
2097596 2 0.2452972783143108 80360338
2097598 7 0.26572151009657596 80491572
2097605 4 0.26572151009657596 80475168
2097609 1 0.26572151009657596 80475168
2097610 176 0.26799719051799825 87528984
2097786 1 0.26799719051799825 87528984
2097787 111 0.2827132572431958 101899082
2097898 300 0.2948502194907814 151620280
2098198 300 0.32005338015803336 156164249
2098498 300 0.3137099209833187 156295483
2098798 300 0.30867497805092187 156311887
2099098 300 0.3086180860403863 156705589
2099398 300 0.2952484635645303 157640629
2099698 300 0.30145917471466194 157378162
2099998 300 0.3044554872695347 157246928
2100298 300 0.2951346795434592 157903097
2100598 300 0.30693028972783143 165383422
2100898 300 0.31240140474100087 180212839
2101198 300 0.3006721685689201 176439868
2101498 300 0.2975620719929763 169353244
2101798 300 0.2942907813871818 169090776
2102098 300 0.29785601404741 169369648
2102398 300 0.297723266022827 169369648
2102698 300 0.3045787532923618 166876206
2102998 300 0.29954381035996486 165301401
2103298 300 0.305308867427568 172519258
2103598 300 0.2883929762949956 176325038
2103898 300 0.1910791922739245 169369648
2104198 300 0.15536997366110625 165957570
2104498 300 0.15579666374012294 180524519
2104798 300 0.15422265144863917 169123585
2105098 300 0.1562707638279192 168467416
2105398 300 0.1612014047410009 162168195
2105698 300 0.15994978050921863 161118324
2105998 300 0.16516488147497801 174241702
2106298 300 0.16461492537313432 164530402
2106598 300 0.16227287093942053 164546807
2106898 300 0.16163757682177352 161790897
2107198 300 0.15899209833187006 160626198
2107498 300 0.15323652326602286 160593389
2107798 300 0.1562707638279192 160609794
2108098 300 0.15198489903424056 160593389
2108398 300 0.1543648814749781 163136044
2108698 300 0.16520280948200175 183854576
2108998 300 0.15628972783143108 178752863
2109298 300 0.15305636523266022 173880809
2109598 300 0.1555406496927129 172962172
2109898 300 0.15848007023705005 182919535
2110198 300 0.15461141352063215 170321093
2110498 300 0.15646988586479366 170321093
2110798 300 0.1543364354697103 170321093
2111098 300 0.155654433713784 170321093
2111398 300 0.16866374012291485 187512718
2111698 300 0.16692853380158032 169779754
2111998 300 0.15968428446005267 169927392
2112298 300 0.15401404741000876 168615054
2112598 300 0.1594093064091308 166777781
2112898 300 0.1544502194907814 167171482
2113198 300 0.15446918349429326 166777781
2113498 300 0.15454503950834067 166515313
2113798 300 0.16039543459174713 165071742
2114098 300 0.16647339771729588 178588821
2114398 300 0.1630978050921861 165613081
2114698 300 0.1588972783143108 159297456
2114998 300 0.14774644424934152 159034988
2115298 300 0.14768007023705007 159166222
2115598 300 0.15081861281826162 159067797
2115898 300 0.15246848112379283 159051392
2116198 300 0.15048674275680424 159182626
2116498 300 0.15016435469710274 159182626
2116798 300 0.15537945566286218 165219380
2117098 300 0.16162809482001758 178736459
2117398 300 0.15416575943810357 177834226
2117698 300 0.14669394205443373 172962172
2117998 300 0.14306233538191396 172552067
2118298 300 0.15306584723441616 185429382
2118598 300 0.15384337137840212 166941823
2118898 300 0.1534546093064091 166662951
2119198 300 0.1496428446005268 166548122
2119498 300 0.15117892888498685 166400484
2119798 300 0.15593889376646183 172962172
2120098 300 0.15967480245829677 176259421
2120398 300 0.15445970149253732 170206263
2120698 300 0.14445618964003512 167040249
2120998 300 0.14394416154521508 166006782
2121298 300 0.14709218612818262 165990378
2121598 300 0.1503350307287094 166121612
2121898 300 0.15356839332748023 164940508
2122198 300 0.15516136962247587 162184599
2122498 300 0.15215557506584723 160347326
2122798 300 0.16177032484635645 179409032
2123098 300 0.16185566286215983 180048796
2123398 300 0.15668797190517997 173618341
2123698 300 0.15670693590869184 186725315
2123998 300 0.15115996488147498 167712822
2124298 300 0.15360632133450397 163775808
2124598 300 0.15370114135206325 163890638
2124898 300 0.1549527655838455 164284339
2125198 300 0.1582714661984197 174668212
2125498 300 0.16428305531167692 160101262
2125798 300 0.1551329236172081 160101262
2126098 300 0.1504488147497805 159970029
2126398 300 0.15831887620719928 160101262
2126698 300 0.1550665496049166 160232496
2126998 300 0.154241615452151 160101262
2127298 300 0.15640351185250223 159970029
2127598 300 0.1519943810359965 159838795
2127898 300 0.16767761194029848 171518601
2128198 300 0.16177980684811238 171535005
2128498 300 0.15618542581211592 159445093
2128798 300 0.15409938542581214 159445093
2129098 300 0.15593889376646183 159313860
2129398 300 0.1555690956979807 159182626
2129698 300 0.1556828797190518 159182626
2129998 300 0.16200737489025463 159182626
2130298 300 0.1588972783143108 161676068
2130598 300 0.16848358208955225 167597992
2130898 300 0.1582050921861282 159313860
2131198 300 0.15768358208955227 158788925
2131498 300 0.1589731343283582 158805329
2131798 300 0.15566391571553995 158936563
2132098 300 0.155142405618964 158936563
2132398 300 0.15107462686567164 158936563
2132698 300 0.15762669007901667 159445093
2132998 300 0.16484249341527657 181246305
2133298 300 0.16037647058823526 178473991
2133598 300 0.15169095697980683 172601280
2133898 300 0.15351150131694472 171928707
2134198 300 0.15726637401229152 169320435
2134498 300 0.15449762949956103 167351929
2134798 300 0.1520323090430202 166170825
2135098 300 0.15172888498683054 166039591
2135398 300 0.1558630377524144 167220695
2135698 300 0.16414082528533805 185970721
2135998 300 0.16078419666374014 185445786
2136298 300 0.15905847234416157 168122927
2136598 300 0.1575318700614574 167876864
2136898 300 0.16165654082528533 167614396
2137198 300 0.15705776997366108 167597992
2137498 300 0.15722844600526778 164317147
2137798 300 0.15810079016681297 164218722
2138098 300 0.1610402107111501 165383422
2138398 300 0.16926110623353818 184806021
2138698 300 0.16308832309043023 178900501
2138998 300 0.1627943810359965 171157708
2139298 300 0.16566742756804215 170239072
2139598 300 0.16268059701492535 166958227
2139898 300 0.16306935908691836 166433292
2140198 300 0.24274661984196663 166564526
2140498 300 0.44139455662862165 166958227
2140798 300 0.4686647936786655 167499567
2141098 300 0.48682282704126423 178391970
2141398 300 0.5037766461808604 182197750
2141698 300 0.5042791922739245 176554698
2141998 300 0.5085840210711149 176817165
2142298 300 0.49639964881474974 191121646
2142598 300 0.49369727831431076 176554698
2142898 300 0.5016052677787532 176685931
2143198 300 0.5036344161545215 176554698
2143498 300 0.49705390693590873 176817165
2143798 300 0.5022690079016682 176685931
2144098 300 0.5130690079016681 181393943
2144398 300 0.5315020193151887 182328984
2144698 300 0.517335908691835 173930022
2144998 300 0.5105278314310798 173536320
2145298 300 0.5354370500438982 174192489
2145598 300 0.5196684811237928 172338812
2145898 300 0.5238974539069359 171813877
2146198 300 0.5338156277436347 171830281
2146498 300 0.5241155399473222 171813877
2146798 300 0.5310184372256365 171699048
2147098 300 0.5368972783143108 175619656
2147398 300 0.5524856892010535 186790932
2147698 300 0.5245517120280948 183247620
2147998 300 0.5262869183494293 178408374
2148298 300 0.5205123792800702 177079632
2148598 300 0.4420298507462686 174733828
2148898 300 0.27858858647936785 174323723
2149198 300 0.427702546093064 171830281
2149498 300 0.2775834942932397 171190516
2149798 300 0.3421843722563652 170157051
2150098 300 0.3889306409130816 187201038
2150398 300 0.22848568920105353 170796816
2150698 300 0.19494784899034243 161216749
2150998 300 0.23795820895522388 161200345
2151298 300 0.18722001755926254 161200345
2151598 300 0.18459350307287092 161331579
2151898 300 0.1904628621597893 161347983
2152198 300 0.18650886742756806 161347983
2152498 300 0.1871062335381914 161610451
2152798 300 0.18640456540825281 161479217
2153098 300 0.18653731343283583 177735801
2153398 300 0.18803546971027219 166859802
2153698 300 0.18989394205443372 166728568
2153998 300 0.18945776997366112 166597335
2154298 300 0.20452467076382794 165547464
2154598 300 0.20667708516242317 179064543
2154898 300 0.20122493415276557 167778438
2155198 300 0.1891733099209833 166859802
2155498 300 0.18980860403863037 166728568
2155798 300 0.19401861281826163 166203633
2156098 300 0.1884906057945566 160970686
2156398 300 0.18651834942932397 160429347
2156698 300 0.19180930640913083 160429347
2156998 300 0.18640456540825281 160298113
2157298 300 0.19999227392449517 176439868
2157598 300 0.18977067603160666 182345388
2157898 300 0.1900077260755048 173044194
2158198 300 0.18482107111501317 172634088
2158498 300 0.1915532923617208 172765322
2158798 300 0.18894574187884108 172765322
2159098 300 0.18317120280948201 172650492
2159398 300 0.1839961369622476 171321750
2159698 300 0.18946725197541703 166318463
2159998 300 0.199755223880597 180114414
2160298 300 0.19495733099209836 182082920
2160598 300 0.19319367866549605 167647204
2160898 300 0.18910693590869185 166974631
2161198 300 0.19005513608428445 166876206
2161498 300 0.1896758560140474 164251531
2161798 300 0.19163863037752418 163989063
2162098 300 0.18892677787532922 163726596
2162398 300 0.18843371378402107 161265962
2162698 300 0.19694855136084286 179491053
2162998 300 0.19553573309920982 184986468
2163298 300 0.18820614574187886 173306661
2163598 300 0.18669850746268657 173175427
2163898 300 0.18464091308165057 173044194
2164198 300 0.18935346795434596 173060598
2164498 300 0.18517190517998242 170550752
2164798 300 0.18758981562774363 166613739
2165098 300 0.19215065847234417 166351271
2165398 300 0.21511606672519756 166367676
2165698 300 0.5269411764705881 170813220
2165998 300 0.24781000877963122 182903131
2166298 300 0.5486265144863915 173191832
2166598 300 0.5063178226514485 172273195
2166898 300 0.5504849868305531 172404429
2167198 300 0.5529123792800702 170550752
2167498 300 0.5567431079894645 170157051
2167798 300 0.540851273046532 170304688
2168098 300 0.5540597014925372 170288284
2168398 300 0.41247445127304655 87611005
2168698 41 0.39784372256365225 99946980
2168739 8 0.3978911325724319 99946980
2168747 9 0.39784372256365225 99963384
2168756 173 0.39912379280070237 107558539
2168929 1 0.39912379280070237 107558539
2168930 1 0.39912379280070237 107558539
2168931 67 0.41476909569798065 119435196
2168998 300 0.4360846356453029 158165564
2169298 300 0.32246180860403867 164349956
2169598 300 0.5512151009657594 164481190
2169898 300 0.5463982440737489 164481190
2170198 300 0.5438665496049165 164743657
2170498 300 0.5404909569798068 164760061
2170798 300 0.5393531167690957 164628828
2171098 300 0.5478869183494293 164628828
2171398 300 0.5609246707638279 178277140
2171698 300 0.4875813871817383 174865062
2171998 300 0.2965095697980685 162004152
2172298 300 0.18683125548726956 161380792
2172598 300 0.18831992976294995 180196435
2172898 300 0.23780649692712907 166548122
2173198 300 0.25724460052677783 165498252
2173498 300 0.2437801580333626 163250873
2173798 300 0.2838985074626866 165219380
2174098 300 0.19318419666374012 176882782
2174398 300 0.18035504828797191 167286312
2174698 300 0.1776716417910448 166105208
2174998 300 0.1742770851624232 165859144
2175298 300 0.17287374890254606 165711507
2175598 300 0.17618296751536436 164645232
2175898 300 0.18123687445127304 162611109
2176198 300 0.185740825285338 164989721
2176498 300 0.1768846356453029 169960200
2176798 300 0.17633467954345916 163004810
2177098 300 0.17564249341527655 163119639
2177398 300 0.17412537313432833 163119639
2177698 300 0.18007058823529412 162840768
2177998 300 0.1762777875329236 162857172
2178298 300 0.17785179982440738 162709534
2178598 300 0.1841478489903424 164054680
2178898 300 0.18429956101843725 189743692
2179198 300 0.18492537313432836 180311264
2179498 300 0.1720014047410009 170599965
2179798 300 0.17293064091308163 170075029
2180098 300 0.17580368744512734 168893926
2180398 300 0.1748649692712906 167187886
2180698 300 0.17301597892888498 167335524
2180998 300 0.17301597892888498 167220695
2181298 300 0.17212467076382792 167335524
2181598 300 0.1874760316066725 182673472
2181898 300 0.17693204565408255 172699705
2182198 300 0.16912835820895525 167597992
2182498 300 0.2544474100087796 167712822
2182798 300 0.34548410886742753 167729226
2183098 300 0.21449973661106236 165645889
2183398 300 0.18541843722563653 163546149
2183698 300 0.25124249341527655 163546149
2183998 300 0.48110517998244073 163825021
2184298 300 0.5308382791922739 171567814
2184598 300 0.5440087796312554 184018618
2184898 300 0.5291220368744513 173405086
2185198 300 0.5243146619841966 173126215
2185498 300 0.5296625109745391 173372278
2185798 300 0.5334837576821774 173536320
2186098 300 0.5475076382791922 173126215
2186398 300 0.5391350307287094 173011386
2186698 300 0.5447768217734855 170534348
2186998 300 0.5483610184372255 173011386
2187298 300 0.5568663740122914 180622944
2187598 300 0.5436200175592625 171961515
2187898 300 0.5623469710272168 166712164
2188198 300 0.5519072870939421 166055995
2188498 300 0.5134103599648815 165793528
2188798 300 0.2610279192273925 164497594
2189098 300 0.4783079894644425 162922789
2189398 300 0.1924635645302897 162397854
2189698 300 0.37177769973661107 168040906
2189998 300 0.17547181738366988 166203633
2190298 300 0.16884389815627743 159789582
2190598 300 0.16422616330114134 159395881
2190898 300 0.1724660228270413 159395881
2191198 300 0.1760597014925373 159133413
2191498 300 0.16598981562774365 159002179
2191798 300 0.17272203687445126 159133413
2192098 300 0.17639157155399474 159395881
2192398 300 0.17905601404741 179080948
2192698 300 0.17195399473222125 175012701
2192998 300 0.1611065847234416 170813220
2193298 300 0.1559009657594381 170796816
2193598 300 0.16324951712028096 170025817
2193898 300 0.16092642669007903 167269908
2194198 300 0.16605618964003513 163857829
2194498 300 0.16741211589113258 160970686
2194798 300 0.17050324846356454 160839453
2195098 300 0.17870517998244076 172912960
2195398 300 0.17786128182616331 181049454
2195698 300 0.17509253731343286 171600622
2195998 300 0.1713945566286216 168975946
2196298 300 0.17140403863037754 167926077
2196598 300 0.1659044776119403 165563868
2196898 300 0.16415978928884986 165432635
2197198 300 0.16331589113257242 166613739
2197498 300 0.1823367866549605 185773870
2197798 300 0.16708972783143108 176981207
2198098 300 0.1669569798068481 169238414
2198398 300 0.17137559262510974 168844713
2198698 300 0.16836979806848112 168729883
2198998 300 0.16795258999122037 164776466
2199298 300 0.17126180860403864 161758089
2199598 300 0.169156804214223 160708219
2199898 300 0.18497278314310797 179999584
2200198 300 0.17458999122036872 177374908
2200498 300 0.1699438103599649 171338155
2200798 300 0.17519683933274802 169369648
2201098 300 0.16567690956979805 169238414
2201398 300 0.17134714661984196 166876206
2201698 300 0.1692231782265145 160855857
2201998 300 0.17881896400351185 163480532
2202298 300 0.1869260755048288 175554040
2202598 300 0.17980509218612817 171617026
2202898 300 0.1806489903424056 171748260
2203198 300 0.1831048287971905 166761377
2203498 300 0.1784017559262511 164776466
2203798 300 0.17613555750658472 163201660
2204098 300 0.17613555750658472 159395881
2204398 300 0.17765267778753294 160445751
2204698 300 0.20008709394205446 179097352
2204998 300 0.1911171202809482 176997612
2205298 300 0.19020684811237928 171748260
2205598 300 0.19298507462686568 171748260
2205898 300 0.1887086918349429 171617026
2206198 300 0.18015592625109747 169894583
2206498 300 0.18639508340649694 168828309
2206798 300 0.18740017559262512 166072399
2207098 300 0.19051027216856894 173159023
2207398 300 0.18503915715539948 170025817
2207698 300 0.18514345917471467 160068454
2207998 300 0.19253942054433712 159953625
2208298 300 0.19544091308165057 159838795
2208598 300 0.19423669885864794 159723966
2208898 300 0.18631922739244952 159691157
2209198 300 0.19100333625987706 164415573
2209498 300 0.20760632133450396 181738432
2209798 300 0.19579174714661987 171370963
2210098 300 0.18798805970149254 171370963
2210398 300 0.19127831431079895 171239730
2210698 300 0.1883388937664618 169796158
2210998 300 0.19045338015803337 167565184
2211298 300 0.18868024582967516 167581588
2211598 300 0.19546935908691837 167450354
2211898 300 0.20091202809482 182935940
2212198 300 0.19817172958735735 179655096
2212498 300 0.19144899034240562 170616369
2212798 300 0.18959051799824406 168385395
2213098 300 0.194615978928885 180852604
2213398 300 0.18765618964003514 168122927
2213698 300 0.1874570676031607 165235784
2213998 300 0.1880449517120281 164694445
2214298 300 0.19022581211589112 164825679
2214598 300 0.19017840210711148 175455615
2214898 300 0.18943880597014925 164956912
2215198 300 0.18808287971905183 164825679
2215498 300 0.1849348551360843 164842083
2215798 300 0.1824979806848112 164842083
2216098 300 0.18375908691834944 164842083
2216398 300 0.18369271290605796 164710849
2216698 300 0.18989394205443372 166695760
2216998 300 0.19912941176470592 180458902
2217298 300 0.19190412642669005 174405744
2217598 300 0.19479613696224757 169533690
2217898 300 0.19516593503072868 166892610
2218198 300 0.19199894644424934 166006782
2218498 300 0.18365478489903422 160888665
2218798 300 0.18550377524143988 158001522
2219098 300 0.19074732221246707 158788925
2219398 300 0.21199648814749783 172306004
2219698 300 0.19727093942054433 173355874
2219998 300 0.1937625987708516 170599965
2220298 300 0.19348762071992978 190941200
2220598 300 0.18913538191395965 170337497
2220898 300 0.19334539069359086 166138016
2221198 300 0.19030166812993854 161807302
2221498 300 0.18928709394205445 161807302
2221798 300 0.1990251097453907 180967433
2222098 300 0.20359543459174714 168762692
2222398 300 0.1951564530289728 168762692
2222698 300 0.19286180860403865 167581588
2222998 300 0.20087410008779633 165613081
2223298 300 0.1929945566286216 165350614
2223598 300 0.19037752414398593 165350614
2223898 300 0.18953362598770854 165219380
2224198 300 0.19832344161545215 165481848
2224498 300 0.20806145741878843 174930679
2224798 300 0.20088358208955223 164956912
2225098 300 0.19878805970149255 159313860
2225398 300 0.19961299385425813 159707561
2225698 300 0.1949857769973661 159182626
2225998 300 0.1972614574187884 159313860
2226298 300 0.19500474100087797 159445093
2226598 300 0.19763125548726954 162217407
2226898 300 0.19911044776119405 175340785
2227198 300 0.29835856014047407 171928707
2227498 300 0.5614556628621598 172174770
2227798 300 0.5980087796312554 171781069
2228098 300 0.593694468832309 171387367
2228398 300 0.5968424934152766 171256134
2228698 300 0.5888112379280069 171124900
2228998 300 0.5572172080772607 171518601
2229298 300 0.5516986830553117 187529122
2229598 300 0.5592842844600526 176505484
2229898 300 0.5508547848990343 171288942
2230198 300 0.5609436347673398 187561930
2230498 300 0.5437527655838456 171157708
2230798 300 0.5505039508340649 171157708
2231098 300 0.5472705882352941 171157708
2231398 300 0.5546191395961368 173126215
2231698 300 0.5470525021949079 178375566
2231998 300 0.5468059701492537 171272538
2232298 300 0.5433829675153643 171256134
2232598 300 0.5307150131694469 171272538
2232898 300 0.5328294995610184 171141304
2233198 300 0.5512056189640034 171157708
2233498 300 0.5383195785776997 171157708
2233798 300 0.5445397717295873 173930022
2234098 300 0.5526374012291484 181279113
2234398 300 0.5474791922739245 174176085
2234698 300 0.5475171202809481 172584876
2234998 300 0.543032133450395 171174112
2235298 300 0.5323648814749781 171157708
2235598 300 0.5282686567164179 171141304
2235898 300 0.5383764705882352 171945111
2236198 300 0.5509970149253731 192122304
2236498 300 0.5466163301141352 190022564
2236798 300 0.54625601404741 170485135
2237098 300 0.5415908691834943 170632773
2237398 300 0.5367171202809482 187053400
2237698 300 0.5331803336259877 173257449
2237998 300 0.5403202809482002 173011386
2238298 300 0.5312649692712906 171436580
2238598 300 0.5269222124670764 171010070
2238898 300 0.53596804214223 178621629
2239198 300 0.5649829675153644 169845370
2239498 300 0.5552923617208076 169828966
2239798 300 0.5576818261633012 167729226
2240098 300 0.5405194029850746 166662951
2240398 300 0.5522296751536435 164218722
2240698 300 0.5320804214223003 163677383
2240998 300 0.5440846356453028 165924762
2241298 300 0.5498496927129061 171813877
2241598 300 0.5447294117647059 163677383
2241898 300 0.5323838454784898 163825021
2242198 300 0.5360438981562774 163529745
2242498 300 0.540471992976295 163398511
2242798 300 0.5370110623353819 163529745
2243098 300 0.5389548726953468 163398511
2243398 300 0.5530261633011413 161036303
2243698 300 0.5592179104477611 180852604
2243998 300 0.5393625987708516 176800761
2244298 300 0.5583834942932396 172338812
2244598 300 0.5552923617208076 172076344
2244898 300 0.5434967515364355 171945111
2245198 300 0.5410883230904302 171945111
2245498 300 0.5434967515364355 169304031
2245798 300 0.5406331870061457 166023187
2246098 300 0.553718349429324 185577019
2246398 300 0.5405194029850746 178752863
2246698 300 0.5394194907813872 171928707
2246998 300 0.5457724319578577 169697733
2247298 300 0.5433829675153643 168910330
2247598 300 0.5300512730465321 165891953
2247898 300 0.5308951712028095 164054680
2248198 300 0.5205787532923617 163939851
2248498 300 0.5244474100087796 163923446
2248798 300 0.5300417910447761 171010070
2249098 300 0.5225320456540825 166154421
2249398 300 0.5186444249341527 163792212
2249698 300 0.5193460930640913 163660979
2249998 300 0.5199813871817384 163660979
2250298 300 0.5123768217734854 163529745
2250598 300 0.5184168568920104 162479875
2250898 300 0.5193271290605794 160642602
2251198 300 0.51180790166813 160511368
2251498 300 0.5322226514486391 160527772
2251798 300 0.5210244073748903 160429347
2252098 300 0.5312744512730465 160429347
2252398 300 0.5234707638279192 160429347
2252698 300 0.5289798068481123 162102577
2252998 300 0.5414770851624232 184264682
2253298 300 0.5309330992098331 170222668
2253598 300 0.5355982440737489 161954940
2253898 300 0.5259171202809482 161823706
2254198 300 0.5229682177348551 176259421
2254498 300 0.5072186128182616 161561238
2254798 300 0.5199719051799824 161692472
2255098 300 0.51308797190518 161561238
2255398 300 0.5164446005267779 161446409
2255698 300 0.5339768217734855 172880152
2255998 300 0.5283160667251975 161856514
2256298 300 0.5161980684811238 161840110
2256598 300 0.5227596136962247 178900501
2256898 300 0.53571202809482 167466758
2257198 300 0.5302314310798947 167335524
2257498 300 0.5206071992976296 167335524
2257798 300 0.5396660228270412 167335524
2258098 300 0.5301555750658472 182296175
2258398 300 0.535190517998244 173273853
2258698 300 0.5321942054433714 173257449
2258998 300 0.5298995610184372 185084893
2259298 300 0.5112674275680421 173273853
2259598 300 0.5302314310798947 173011386
2259898 300 0.5104993854258121 173126215
2260198 300 0.5103192273924495 175209551
2260498 300 0.5208252853380158 180065201
2260798 300 0.5351620719929763 173109811
2261098 300 0.510622651448639 173109811
2261398 300 0.5257559262510975 173159023
2261698 300 0.5082995610184372 173159023
2261998 300 0.509105531167691 173027790
2262298 300 0.520929587357331 173126215
2262598 300 0.5338630377524144 175652465
2262898 300 0.5296909569798068 181279113
2263198 300 0.5191754170324846 173405086
2263498 300 0.5254525021949078 173405086
2263798 300 0.5317580333625987 173388682
2264098 300 0.5201425812115891 173241045
2264398 300 0.526713608428446 173109811
2264698 300 0.5312365232660229 173109811
2264998 300 0.5179048287971906 173913618
2265298 300 0.5348681299385425 191745007
2265598 300 0.529397014925373 184806021
2265898 300 0.523508691834943 172207578
2266198 300 0.5314356453028972 172223983
2266498 300 0.5312649692712906 172092749
2266798 300 0.5265050043898155 170911645
2267098 300 0.5364516242317823 168926734
2267398 300 0.529406496927129 168926734
2267698 300 0.5209390693590868 168926734
2267998 300 0.5255757682177349 175357189
2268298 300 0.535332748024583 189546841
2268598 300 0.5188909569798068 172223983
2268898 300 0.5099968393327481 172371621
2269198 300 0.5364421422300264 172371621
2269498 300 0.5091150131694469 172355217
2269798 300 0.5213847234416155 172371621
2270098 300 0.5108122914837576 172240387
2270398 300 0.5319571553994732 172109153
2270698 300 0.5429467954345918 178391970
2270998 300 0.5215743634767339 178654438
2271298 300 0.5033309920983319 172880152
2271598 300 0.5350482879719051 170517943
2271898 300 0.5410598770851623 169730541
2272198 300 0.5244948200175592 169878179
2272498 300 0.5229018437225637 169746945
2272798 300 0.535958560140474 169993008
2273098 300 0.5490057945566286 186790932
2273398 300 0.5442173836698858 185248935
2273698 300 0.5343940298507462 170813220
2273998 300 0.527225636523266 169484478
2274298 300 0.5130121158911325 167745630
2274598 300 0.5232621597892888 167614396
2274898 300 0.5218967515364356 167483163
2275198 300 0.5338345917471466 170239072
2275498 300 0.543297629499561 180737774
2275798 300 0.5065548726953467 173142619
2276098 300 0.5023827919227392 173142619
2276398 300 0.5114570676031607 172486450
2276698 300 0.30931975417032487 170403114
2276998 300 0.266100790166813 169878179
2277298 300 0.2106310798946444 167499567
2277598 300 0.17477014925373133 182607855
2277898 300 0.1612488147497805 181672815
2278198 300 0.1551708516242318 172355217
2278498 300 0.15826198419666374 170255476
2278798 300 0.15665004389815632 169336840
2279098 300 0.15177629499561018 168155736
2279398 300 0.15385285338015806 166449696
2279698 300 0.1522124670763828 167762034
2279998 300 0.16037647058823526 189415608
2280298 300 0.1604238805970149 175767295
2280598 300 0.15354942932396837 168057310
2280898 300 0.1568776119402985 167926077
2281198 300 0.15173836698858648 167926077
2281498 300 0.1538718173836699 167909672
2281798 300 0.15127374890254608 167909672
2282098 300 0.15742756804214222 168319778
2282398 300 0.158356804214223 168057310
2282698 300 0.15552168568920108 167926077
2282998 300 0.15083757682177348 168057310
2283298 300 0.14988937664618085 168040906
2283598 300 0.15606215978928883 168057310
2283898 300 0.15854644424934153 168172140
2284198 300 0.16794310798946444 187742377
2284498 300 0.16722247585601405 181164284
2284798 300 0.15338823529411766 173306661
2285098 300 0.1536537313432836 173159023
2285398 300 0.15262967515364356 173175427
2285698 300 0.1487894644424934 173290257
2285998 300 0.14822054433713783 171075687
2286298 300 0.15490535557506585 174487765
2286598 300 0.17078770851624234 186561273
2286898 300 0.15002212467076384 179737116
2287198 300 0.1453190517998244 174094064
2287498 300 0.1497187006145742 173962830
2287798 300 0.1471964881474978 173831596
2288098 300 0.14984196663740124 172256791
2288398 300 0.15165302897278313 170960857
2288698 300 0.15194697102721685 172634088
2288998 300 0.16031957857769974 181689219
2289298 300 0.1546683055311677 173290257
2289598 300 0.15061949078138717 167762034
2289898 300 0.15193748902546092 167893268
2290198 300 0.14660860403863038 168024502
2290498 300 0.1502307287093942 167876864
2290798 300 0.1508470588235294 167893268
2291098 300 0.1567353819139596 167811247
2291398 300 0.17474170324846353 176341443
2291698 300 0.16966883230904303 180245647
2291998 300 0.1588972783143108 173700363
2292298 300 0.16147638279192272 173159023
2292598 300 0.15924811237928008 170157051
2292898 300 0.1593713784021071 167794843
2293198 300 0.15439332748024584 167663609
2293498 300 0.15371062335381916 167663609
2293798 300 0.17354697102721686 188661013
2294098 300 0.16374258121158908 195731233
2294398 300 0.15588200175592626 172912960
2294698 300 0.15289517120280952 172650492
2294998 300 0.15906795434591747 169763349
2295298 300 0.15501913959613695 169369648
2295598 300 0.1559768217734855 166876206
2295898 300 0.1552467076382792 166482505
2296198 300 0.15523722563652326 166088803
2296498 300 0.16574328358208956 173044194
2296798 300 0.16599929762949958 183542896
2297098 300 0.1601299385425812 171469389
2297398 300 0.1556165057067603 171354559
2297698 300 0.15473467954345918 171338155
2297998 300 0.15680175592625112 169746945
2298298 300 0.15475364354697105 165957570
2298598 300 0.15696294995610183 163316490
2298898 300 0.15681123792800702 163447724
2299198 300 0.16580017559262508 171075687
2299498 300 0.16475715539947325 176325038
2299798 300 0.16057559262510976 171699048
2300098 300 0.155398419666374 170780411
2300398 300 0.15512344161545216 168943138
2300698 300 0.15123582089552237 168811905
2300998 300 0.15631817383669885 164628828
2301298 300 0.15454503950834067 163300086
2301598 300 0.1627564530289728 171174112
2301898 300 0.16408393327480247 185363764
2302198 300 0.15663107989464445 171977919
2302498 300 0.15284776119402987 171846685
2302798 300 0.15741808604038632 171715452
2303098 300 0.15957998244073748 171042879
2303398 300 0.16292712906057943 169090776
2303698 300 0.1634770851624232 168155736
2303998 300 0.16446321334503952 166187229
2304298 300 0.1668526777875329 184838830
2304598 300 0.16000667251975417 177620972
2304898 300 0.1588972783143108 172240387
2305198 300 0.1654398595258999 172240387
2305498 300 0.16551571553994734 168828309
2305798 300 0.16208323090430202 166334867
2306098 300 0.16046180860403864 164628828
2306398 300 0.16227287093942053 163710192
2306698 300 0.1756614574187884 174602595
2306998 300 0.16866374012291485 173815192
2307298 300 0.16616049165935032 171715452
2307598 300 0.16331589113257242 171305346
2307898 300 0.1609548726953468 171567814
2308198 300 0.16232028094820017 171436580
2308498 300 0.16137208077260756 169615711
2308798 300 0.1687111501316945 166712164
2309098 300 0.18068691834942935 188382142
2309398 300 0.1713566286215979 179474649
2309698 300 0.16415978928884986 168451012
2309998 300 0.16346760316066727 168565841
2310298 300 0.2120154521510097 168303373
2310598 300 0.5131543459174714 167794843
2310898 300 0.543032133450395 167384737
2311198 300 0.5448526777875329 167253504
2311498 300 0.5532063213345039 173421491
2311798 300 0.5593980684811238 185380169
2312098 300 0.5610669007901667 180130818
2312398 300 0.5393057067603161 175406402
2312698 300 0.5581748902546092 175521231
2312998 300 0.5467111501316944 173552725
2313298 300 0.5467585601404741 172256791
2313598 300 0.5318338893766462 170304688
2313898 300 0.5439329236172081 169894583
2314198 300 0.5557854258121159 182361792
2314498 300 0.5474697102721685 186183976
2314798 300 0.5270075504828797 175685274
2315098 300 0.5367076382791922 175554040
2315398 300 0.5301271290605795 175685274
2315698 300 0.5318528533801581 175931337
2315998 300 0.5373334503950834 175554040
2316298 300 0.5376084284460052 175554040
2316598 300 0.5476688323090431 181197092
2316898 300 0.5320235294117647 175291572
2317198 300 0.5411452151009657 173323066
2317498 300 0.5363757682177348 173060598
2317798 300 0.5288565408252853 172666897
2318098 300 0.5259929762949956 171600622
2318398 300 0.5407280070237049 171075687
2318698 300 0.5284677787532923 171206921
2318998 300 0.5628305531167691 184724000
2319298 300 0.5419322212467076 178703650
2319598 300 0.5365464442493415 171354559
2319898 300 0.5286669007901668 188283716
2320198 300 0.5256231782265145 175947741
2320498 300 0.524134503950834 175931337
2320798 300 0.5188340649692712 175800103
2321098 300 0.5413158911325724 175800103
2321398 300 0.5570844600526778 187086208
2321698 300 0.537902370500439 173175427
2321998 300 0.5369731343283582 172912960
2322298 300 0.5232337137840211 171092091
2322598 300 0.5295202809482001 170698390
2322898 300 0.5259740122914838 170698390
2323198 300 0.539059174714662 170567156
2323498 300 0.5320709394205443 170304688
2323798 300 0.543563125548727 180934624
2324098 300 0.5259740122914838 180934624
2324398 300 0.518227216856892 169779754
2324698 300 0.526713608428446 167532375
2324998 300 0.52542405618964 167007440
2325298 300 0.5302788410886743 166744972
2325598 300 0.5271971905179982 166613739
2325898 300 0.5418279192273925 166613739
2326198 300 0.5386988586479368 172912960
2326498 300 0.5331234416154522 188004844
2326798 300 0.519640035118525 175275168
2327098 300 0.5272351185250219 175029105
2327398 300 0.5335785776997366 173060598
2327698 300 0.533787181738367 172141962
2327998 300 0.5397608428446006 172404429
2328298 300 0.5310374012291484 172388025
2328598 300 0.5323364354697102 172388025
2328898 300 0.5544484635645303 187742377
2329198 300 0.5371627743634767 176325038
2329498 300 0.5373524143985953 170288284
2329798 300 0.5358921861281826 176193804
2330098 300 0.5385755926251098 169500882
2330398 300 0.5293875329236173 169238414
2330698 300 0.5318433713784021 168975946
2330998 300 0.5350956979806848 165973974
2331298 300 0.5297099209833187 169254819
2331598 300 0.5464646180860403 163874233
2331898 300 0.5395427568042142 163726596
2332198 300 0.5429847234416154 163726596
2332498 300 0.5294349429323969 163726596
2332798 300 0.5269506584723441 163726596
2333098 300 0.5307339771729587 163726596
2333398 300 0.5300133450395083 164120297
2333698 300 0.536100790166813 169500882
2333998 300 0.5445113257243196 181180688
2334298 300 0.5247318700614574 164792870
2334598 300 0.5412589991220368 164661636
2334898 300 0.5192702370500438 164530402
2335198 300 0.5240586479367866 164530402
2335498 300 0.529928007023705 164513998
2335798 300 0.5289703248463564 164513998
2336098 300 0.5163592625109745 164513998
2336398 300 0.5362904302019315 170009413
2336698 300 0.5440087796312554 183034365
2336998 300 0.5334742756804214 178178715
2337298 300 0.5208347673397717 175291572
2337598 300 0.5155058823529411 186840145
2337898 300 0.5196969271290606 175668870
2338198 300 0.5265239683933275 175160338
2338498 300 0.5011122036874451 172912960
2338798 300 0.5184263388937664 173716767
2339098 300 0.5326114135206321 176849973
2339398 300 0.5244663740122915 170567156
2339698 300 0.5228923617208078 168844713
2339998 300 0.5148705882352941 168319778
2340298 300 0.5082142230026339 168319778
2340598 300 0.5136948200175593 167958885
2340898 300 0.5247603160667251 167926077
2341198 300 0.5214036874451273 168861117
2341498 300 0.526969622475856 183182003
2341798 300 0.5076073748902545 174372936
2342098 300 0.5251870061457419 168861117
2342398 300 0.5166342405618964 168598650
2342698 300 0.515145566286216 168598650
2342998 300 0.5145102721685689 167155078
2343298 300 0.5072375768217735 166088803
2343598 300 0.5198012291483758 165973974
2343898 300 0.4908906057945567 165695102
2344198 300 0.52363195785777 165727911
2344498 300 0.5142068481123793 165842740
2344798 300 0.5136568920105355 165842740
2345098 300 0.5161885864793678 165711507
2345398 300 0.5106510974539069 165711507
2345698 300 0.5313977172958736 185002872
2345998 300 0.5144818261633011 181984495
2346298 300 0.520275329236172 176210209
2346598 300 0.5150602282704126 176078975
2346898 300 0.5174212467076382 176226613
2347198 300 0.5071048287971905 176472676
2347498 300 0.5196969271290606 176210209
2347798 300 0.5211192273924494 177260079
2348098 300 0.5223708516242318 191302093
2348398 300 0.5098356453028973 182378196
2348698 300 0.5144249341527656 177260079
2348998 300 0.5270644424934153 176751548
2349298 300 0.5298331870061457 174651808
2349598 300 0.5150886742756804 174783042
2349898 300 0.49522388059701494 174783042
2350198 300 0.5004484635645303 174651808
2350498 300 0.5111157155399473 179113756
2350798 300 0.5172410886742757 189858522
2351098 300 0.4998036874451273 179622287
2351398 300 0.49636172080772606 176341443
2351698 300 0.506147146619842 173323066
2351998 300 0.5075315188762072 169910988
2352298 300 0.5026862159789289 168352586
2352598 300 0.4845566286215979 168204948
2352898 300 0.5121113257243196 169681328
2353198 300 0.5289703248463564 187791589
2353498 300 0.5019466198419665 179113756
2353798 300 0.5123578577699737 174914275
2354098 300 0.5154774363476734 175307976
2354398 300 0.5153446883230904 174520574
2354698 300 0.519128007023705 172814535
2354998 300 0.5153541703248463 172552067
2355298 300 0.5284203687445127 171895898
2355598 300 0.535190517998244 183444471
2355898 300 0.5386230026338894 174520574
2356198 300 0.5036344161545215 167171482
2356498 300 0.5028853380158034 167040249
2356798 300 0.4885580333625988 166777781
2357098 300 0.4919525899912203 166909015
2357398 300 0.4971961369622476 167171482
2357698 300 0.5010458296751535 170058625
2357998 300 0.5175919227392449 185150510
2358298 300 0.5101485513608428 177030420
2358598 300 0.5225604916593504 173224640
2358898 300 0.5161316944688322 178195120
2359198 300 0.5081383669885865 169648520
2359498 300 0.5136663740122914 169533690
2359798 300 0.5085271290605795 168877521
2360098 300 0.5106131694468833 169025160
2360398 300 0.5126517998244073 168729883
2360698 300 0.5094563652326601 166121612
2360998 300 0.5094374012291483 164136701
2361298 300 0.5114949956101843 163234469
2361598 300 0.5073039508340649 163218065
2361898 300 0.5211287093942054 163086831
2362198 300 0.519649517120281 162955597
2362498 300 0.5220389815627744 168073714
2362798 300 0.5286289727831431 168992351
2363098 300 0.5219157155399473 164153106
2363398 300 0.5268842844600526 164021872
2363698 300 0.5135715539947322 164153106
2363998 300 0.5079107989464443 164021872
2364298 300 0.49711079894644417 164021872
2364598 300 0.4909569798068481 164021872
2364898 300 0.520550307287094 171633430
2365198 300 0.5154110623353818 185281744
2365498 300 0.238328007023705 175045509
2365798 300 0.15153924495171203 174930679
2366098 300 0.1487041264266901 174799446
2366398 300 0.1468266900790167 174668212
2366698 300 0.14794556628621597 174126873
2366998 300 0.1491782265144864 172420833
2367298 300 0.1547062335381914 176095379
2367598 300 0.1650036874451273 188825056
2367898 300 0.15026865671641793 180951029
2368198 300 0.1479929762949956 176899186
2368498 300 0.15360632133450397 176636718
2368798 300 0.1480593503072871 175078317
2369098 300 0.1489222124670764 169550094
2369398 300 0.14647585601404742 167187886
2369698 300 0.14463634767339772 167302716
2369998 300 0.15691553994732219 182788302
2370298 300 0.15536997366110625 182000899
2370598 300 0.14734820017559264 175176742
2370898 300 0.1482774363476734 187775185
2371198 300 0.1442001755926251 172568472
2371498 300 0.14482598770851624 169796158
2371798 300 0.1415262510974539 168877521
2372098 300 0.14371659350307286 164546807
2372398 300 0.16348656716417911 178326354
2372698 300 0.15763617208077263 169796158
2372998 300 0.14617243195785776 169812562
2373298 300 0.14391571553994734 178851288
2373598 300 0.14743353819139596 172306004
2373898 300 0.1468266900790167 170731198
2374198 300 0.14237014925373134 166777781
2374498 300 0.14456997366110622 166909015
2374798 300 0.15114100087796312 174947083
2375098 300 0.15207023705004388 170731198
2375398 300 0.1408056189640035 170468731
2375698 300 0.1441622475856014 170337497
2375998 300 0.1421710272168569 169139989
2376298 300 0.14273046532045655 165875549
2376598 300 0.14331834942932395 165498252
2376898 300 0.1458215978928885 165990378
2377198 300 0.1571620719929763 180311264
2377498 300 0.1489222124670764 170977262
2377798 300 0.14740509218612818 165859144
2378098 300 0.14879894644424935 165990378
2378398 300 0.14949113257243196 165859144
2378698 300 0.14653274802458296 166039591
2378998 300 0.14699736611062336 166302058
2379298 300 0.1490739244951712 166449696
2379598 300 0.1548294995610184 172355217
2379898 300 0.16169446883230904 184297490
