1193904 300 0.15732326602282704 256722131
1194204 300 0.16025320456540826 257509534
1194504 300 0.16129622475856015 258296937
1194804 300 0.15598630377524147 258034469
1195104 300 0.15740860403863038 258165703
1195404 300 0.1519943810359965 258034469
1195704 300 0.15535100965759438 257509534
1196004 300 0.1556165057067603 271026613
1196304 300 0.1639132572431958 300685447
1196604 300 0.15829043020193148 286512199
1196904 300 0.15409938542581214 260134209
1197204 300 0.15665004389815632 259740508
1197504 300 0.15878349429323968 259215573
1197804 300 0.1607273046532046 259478040
1198104 300 0.15866971027216858 259445232
1198404 300 0.15693450395083405 258789063
1198704 300 0.15701035996488147 258953106
1199004 300 0.1604902546093064 258953106
1199304 300 0.16889130816505707 272207717
1199604 300 0.1609548726953468 273520054
1199904 300 0.16159964881474978 260527911
1200204 300 0.1587266022827041 259592870
1200504 300 0.1581102721685689 259478040
1200804 300 0.1565836698858648 271453123
1201104 300 0.09906584723441615 154048105
1201404 112 0.11278630377524143 154441806
1201516 6 0.11282423178226515 154441806
1201522 1 0.1128052677787533 154458210
1201523 4 0.11278630377524143 154458210
1201527 1 0.11278630377524143 154458210
1201528 175 0.11434135206321334 162217407
1201703 1 0.11434135206321334 162217407
1201704 300 0.12242001755926252 217073126
1202004 300 0.15035399473222125 262758885
1202304 300 0.16415978928884986 268795639
1202604 300 0.16245302897278316 266170963
1202904 300 0.15577769973661107 261052846
1203204 300 0.15428902546093065 259363211
1203504 300 0.15563546971027215 259740508
1203804 300 0.14740509218612818 259478040
1204104 300 0.15366321334503952 259740508
1204404 300 0.14991782265144865 259724104
1204704 300 0.15368217734855139 259609274
1205004 300 0.1621875329236172 273175566
1205304 300 0.1635624231782265 276620452
1205604 300 0.15774995610184372 273602076
1205904 300 0.16241510096575942 272552206
1206204 300 0.1596653204565408 263989201
1206504 300 0.16598033362598774 260724762
1206804 300 0.1566974539069359 260855995
1207104 300 0.16182721685689203 260741166
1207404 300 0.15526567164179103 260609932
1207704 300 0.15939034240561895 260872399
1208004 300 0.1599877085162423 261003633
1208304 300 0.15305636523266022 260593528
1208604 300 0.14858086040386304 261134867
1208904 300 0.1495006145741879 261134867
1209204 300 0.15411834942932398 260741166
1209504 300 0.15576821773485516 260724762
1209804 300 0.1574465320456541 260872399
1210104 300 0.15523722563652326 260855995
1210404 300 0.15531308165057067 261118463
1210704 300 0.1517478489903424 261380930
1211004 300 0.1521460930640913 260987229
1211304 300 0.15515188762071994 261266101
1211604 300 0.15547427568042144 261134867
1211904 300 0.151283230904302 260872399
1212204 300 0.15916277436347673 261151271
1212504 300 0.15676382791922738 261151271
1212804 300 0.1505531167690957 261020037
1213104 300 0.14663705004389818 260872399
1213404 300 0.15668797190517997 261003633
1213704 300 0.15549323968393328 260872399
1214004 300 0.15363476733977174 317696625
1214304 300 0.15535100965759438 271125038
1214604 300 0.15370114135206325 270862570
1214904 300 0.15573028972783143 270862570
1215204 300 0.15881194029850745 287135559
1215504 300 0.14655171202809483 301964976
1215804 300 0.15339771729587356 261692610
1216104 300 0.15412783143107991 261823844
1216404 300 0.1550286215978929 261692610
1216704 300 0.1549527655838455 261413739
1217004 300 0.14737664618086038 261282505
1217304 300 0.15884038630377526 261266101
1217604 300 0.15978858647936786 261397335
1217904 300 0.15761720807726076 261528568
1218204 300 0.15612853380158034 261266101
1218504 300 0.15157717295873574 262053504
1218804 300 0.1548105355575066 263234607
1219104 300 0.15881194029850745 262709672
1219404 300 0.16430201931518876 270354040
1219704 300 0.16642598770851627 309740577
1220004 300 0.1644252853380158 315498459
1220304 300 0.1658760316066725 278359300
1220604 300 0.16906198419666374 273880948
1220904 300 0.16227287093942053 270452465
1221204 300 0.16454855136084282 268090257
1221504 300 0.16782932396839334 266367814
1221804 300 0.16300298507462688 263907180
1222104 300 0.1609548726953468 264563349
1222404 300 0.15771202809482002 264973455
1222704 300 0.16373309920983317 264579754
1223004 300 0.17260825285338016 274914414
1223304 300 0.173528007023705 313365910
1223604 300 0.17687515364354695 310741235
1223904 300 0.166331167690957 302342273
1224204 300 0.1700007023705004 276226752
1224504 300 0.15829043020193148 273618480
1224804 300 0.17022827041264266 281886208
1225104 300 0.16155223880597014 273749714
1225404 300 0.1657148375768218 267975427
1225704 300 0.16888182616330116 267712960
1226004 300 0.17546233538191397 266269389
1226304 300 0.1845650570676032 275062051
1226604 300 0.17502616330114135 272043675
1226904 300 0.1715462686567164 271896037
1227204 300 0.17830693590869187 268746426
1227504 300 0.16768709394205442 267155217
1227804 300 0.17048428446005268 264415711
1228104 300 0.16868270412642672 264432115
1228404 300 0.17885689201053556 264432115
1228704 300 0.1868597014925373 271387506
1229004 300 0.18882247585601405 281607336
1229304 300 0.18065847234416152 265728049
1229604 300 0.16931799824407376 265350752
1229904 300 0.1746089552238806 265186710
1230204 300 0.17055065847234419 265088284
1230504 300 0.17828797190518 264432115
1230804 300 0.17194451273046532 264432115
1231104 300 0.17889482001755927 264415711
1231404 300 0.18830096575943808 283198546
1231704 300 0.18086707638279192 291449869
1232004 300 0.17814574187884108 280032531
1232304 300 0.16955504828797188 279786468
1232604 300 0.17867673397717296 275439349
1232904 300 0.17366075504828798 272306142
1233204 300 0.17472273924495174 272174908
1233504 300 0.18106619841966637 266925558
1233804 300 0.18361685689201054 264825817
1234104 300 0.1844323090430202 285954455
1234404 300 0.18369271290605796 283723481
1234704 300 0.1800611062335382 278867831
1235004 300 0.17810781387181737 278851427
1235304 300 0.1791318700614574 278851427
1235604 300 0.17995680421422303 275176881
1235904 300 0.18041194029850743 270600103
1236204 300 0.18391079894644427 268369129
1236504 300 0.18084811237928006 268369129
1236804 300 0.17795610184372254 268631596
1237104 300 0.1929566286215979 301702509
1237404 300 0.19097489025460934 302621145
1237704 300 0.18316172080772605 265629624
1238004 300 0.18378753292361721 266023325
1238304 300 0.1863097453906936 266417026
1238604 300 0.18553222124670765 266285793
1238904 300 0.18514345917471467 266285793
1239204 300 0.18238419666374014 266285793
1239504 300 0.17971027216856894 266154559
1239804 300 0.18084811237928006 266417026
1240104 300 0.19009306409130816 266285793
1240404 300 0.19316523266022828 277571898
1240704 300 0.18894574187884108 276259560
1241004 300 0.19114556628621598 273651288
1241304 300 0.18773204565408252 270632911
1241604 300 0.18974223002633891 269829105
1241904 300 0.18447023705004392 269566637
1242204 300 0.19069043020193152 267335663
1242504 300 0.19406602282704127 267975427
1242804 300 0.1985320456540825 275980688
1243104 300 0.201300790166813 288579130
1243404 300 0.19373415276558384 277686727
1243704 300 0.18694503950834065 270583699
1244004 300 0.17899912203687446 269041702
1244304 300 0.18785531167690958 266531856
1244604 300 0.19804846356453032 266417026
1244904 300 0.20341527655838454 266285793
1245204 300 0.21364635645302898 268894064
1245504 300 0.21311536435469708 278605363
1245804 300 0.2087441615452151 274553521
1246104 300 0.19985004389815628 273634884
1246404 300 0.20123441615452148 269960338
1246704 300 0.19951817383669887 268123066
1247004 300 0.2031497805092186 266285793
1247304 300 0.20192660228270415 265892091
1247604 300 0.20705636523266022 265629624
1247904 300 0.20392730465320455 277555494
1248204 300 0.20026725197541703 276522027
1248504 300 0.19886391571553996 274028586
1248804 300 0.19424618086040388 273766118
1249104 300 0.1907093942054434 270485274
1249404 300 0.19395223880597015 266810728
1249704 300 0.19597190517998245 266941962
1250004 300 0.19851308165057072 266925558
1250304 300 0.19020684811237928 270993804
1250604 300 0.20012502194907814 307361965
1250904 300 0.21725899912203686 311282574
1251204 300 0.19904407374890254 293861290
1251504 300 0.19287129060579458 280606678
1251804 300 0.1918567164179104 279671638
1252104 300 0.1960667251975417 279540404
1252404 300 0.205804741000878 276915729
1252704 300 0.2067244951712028 274028586
1253004 300 0.19054820017559262 269566637
1253304 300 0.19849411764705885 269697871
1253604 300 0.20302651448639158 271666378
1253904 300 0.20017243195785775 290055511
1254204 300 0.20036207199297631 288480705
1254504 300 0.20016294995610187 283231354
1254804 300 0.19340228270412643 283231354
1255104 300 0.1943694468832309 282952482
1255404 300 0.18918279192273924 279671638
1255704 300 0.19587708516242316 272978715
1256004 300 0.19167655838454783 272453780
1256304 300 0.19500474100087797 272437376
1256604 300 0.19630377524143985 277555494
1256904 300 0.20024828797190516 283461013
1257204 300 0.19748902546093064 279917701
1257504 300 0.19403757682177347 279901297
1257804 300 0.1950900790166813 279770064
1258104 300 0.19666409130816503 274258245
1258404 300 0.1993569798068481 270583699
1258704 300 0.1937910447761194 270846166
1259004 300 0.19663564530289726 270485274
1259304 300 0.1939996488147498 270878975
1259604 300 0.2012154521510097 291088977
1259904 300 0.21223353819139593 288726769
1260204 300 0.20407901668129938 283887523
1260504 300 0.19828551360842842 283608651
1260804 300 0.19511852502194907 289661809
1261104 300 0.19733731343283584 278244471
1261404 300 0.1943694468832309 274307457
1261704 300 0.1864993854258121 272355355
1262004 300 0.19522282704126426 270124381
1262304 300 0.19143002633889375 270107976
1262604 300 0.20085513608428446 278113237
1262904 300 0.19517541703248462 277325834
1263204 300 0.18823459174714663 277063366
1263504 300 0.18668902546093064 277063366
1263804 300 0.17984302019315188 274176223
1264104 300 0.19203687445127307 273930160
1264404 300 0.18951466198419667 273913756
1264704 300 0.1957633011413521 271551548
1265004 300 0.18950517998244076 271289080
1265304 300 0.1905671641791045 277850769
1265604 300 0.19954661984196667 311315383
1265904 300 0.20172748024582968 311709084
1266204 300 0.19972677787532925 284428863
1266504 300 0.2065822651448639 284560096
1266804 300 0.19091799824407374 284428863
1267104 300 0.19088007023705006 289809447
1267404 300 0.19536505706760313 280623083
1267704 300 0.18960000000000002 280098148
1268004 300 0.20396523266022829 277079771
1268304 300 0.1971476733977173 274061394
1268604 300 0.19228340649692713 274323862
1268904 300 0.19395223880597015 279179511
1269204 300 0.209787181738367 273798927
1269504 300 0.20959754170324846 273667693
1269804 300 0.2088105355575066 273536459
1270104 300 0.20141457418788414 273536459
1270404 300 0.19805794556628623 274061394
1270704 300 0.19695803336259876 273930160
1271004 300 0.20040948200175593 273782522
1271304 300 0.19048182616330114 274438691
1271604 300 0.18706830553116766 282591589
1271904 300 0.1766760316066725 287184772
1272204 300 0.16948867427568043 281804187
1272504 300 0.18236523266022828 281804187
1272804 300 0.193459174714662 279966914
1273104 300 0.196929587357331 276817303
1273404 300 0.19712870939420543 274996435
1273704 300 0.19121194029850744 272371759
1274004 300 0.18740017559262512 272486589
1274304 300 0.2069330992098332 287184772
1274604 300 0.1986932396839333 293352759
1274904 300 0.19528920105355574 284691330
1275204 300 0.18838630377524143 284560096
1275504 300 0.19366777875329236 283510226
1275804 300 0.1924161545215101 277998408
1276104 300 0.18247901668129943 277473472
1276404 300 0.18402458296751537 273273991
1276704 300 0.19501422300263388 270911784
1277004 300 0.19953713784021068 274717563
1277304 300 0.20186971027216857 287955770
1277604 300 0.197830377524144 284658522
1277904 300 0.19878805970149255 284527288
1278204 300 0.1865278314310799 284002353
1278504 300 0.19290921861281826 279146703
1278804 300 0.18294363476733974 275997092
1279104 300 0.17911290605794558 273503650
1279404 300 0.18426163301141352 273536459
1279704 300 0.19037752414398593 281016784
1280004 300 0.1984087796312555 312135594
1280304 300 0.19996382791922737 318943346
1280604 300 0.18723898156277438 285216265
1280904 300 0.1915438103599649 284953798
1281204 300 0.19367726075504832 295731372
1281504 300 0.18476417910447765 278506938
1281804 300 0.18300052677787534 273520054
1282104 300 0.1756045654082529 272355355
1282404 300 0.18213766461808603 272355355
1282704 300 0.1980958735733099 286118497
1283004 300 0.18860438981562774 278523342
1283304 300 0.170958384547849 278785810
1283604 300 0.17763371378402107 278523342
1283904 300 0.17306338893766463 276686070
1284204 300 0.17503564530289728 273421629
1284504 300 0.17742510974539072 273027928
1284804 300 0.17669499561018437 273159162
1285104 300 0.1769889376646181 273027928
1285404 300 0.18020333625987708 272880290
1285704 300 0.18921123792800704 292040422
1286004 300 0.1781267778753292 290465616
1286304 300 0.1756899034240562 284822564
1286604 300 0.17429604916593502 284035161
1286904 300 0.17400210711150133 290071915
1287204 300 0.17439086918349428 283116525
1287504 300 0.17539596136962246 280098148
1287804 300 0.17079719051799827 275783838
1288104 300 0.175841615452151 275652604
1288404 300 0.17973871817383671 275636199
1288704 300 0.18077225636523267 286266135
1289004 300 0.18490640913081652 279835680
1289304 300 0.1713945566286216 279458383
1289604 300 0.1698110623353819 284822564
1289904 300 0.16982054433713784 276817303
1290204 300 0.16911887620719931 275767433
1290504 300 0.16389429323968396 273405225
1290804 300 0.17392625109745388 273536459
1291104 300 0.17035153643546974 280491849
1291404 300 0.17301597892888498 274077798
1291704 300 0.16992484635645302 274077798
1292004 300 0.17181176470588236 274471500
1292304 300 0.17382194907813872 274323862
1292604 300 0.17465636523266023 274323862
1292904 300 0.17121439859525903 274323862
1293204 300 0.1754338893766462 274192628
1293504 300 0.1801369622475856 303982695
1293804 300 0.18344618086040387 319074580
1294104 300 0.175329587357331 302539124
1294404 300 0.17159367866549605 287578473
1294704 300 0.17087304653204566 288103408
1295004 300 0.17411589113257245 288119812
1295304 300 0.17123336259877084 286020072
1295604 300 0.17202036874451274 284970202
1295904 300 0.17418226514486393 284970202
1296204 300 0.1778233538191396 282739228
1296504 300 0.17418226514486393 281820591
1296804 300 0.18337032484635646 286807474
1297104 300 0.18264969271290607 295452500
1297404 300 0.1751399473222125 288103408
1297704 300 0.16780087796312557 284970202
1298004 300 0.17293064091308163 284822564
1298304 300 0.1763726075504829 281935420
1298604 300 0.17258928884986832 276571240
1298904 300 0.1751494293239684 275652604
1299204 300 0.18144547848990342 276177538
1299504 300 0.19336435469710272 287988579
1299804 300 0.1812653204565408 290088319
1300104 300 0.17536751536435471 287578473
1300404 300 0.17555715539947325 287430835
1300704 300 0.17228586479367866 286922304
1301004 300 0.17033257243195787 284166395
1301304 300 0.1704653204565408 279441979
1301604 300 0.17737769973661108 277227409
1301904 300 0.17679929762949956 283920331
1302204 300 0.16760175592625112 276571240
1302504 300 0.17146093064091308 274996435
1302804 300 0.16798103599648814 274996435
1303104 300 0.17110061457418788 274996435
1303404 300 0.16456751536435468 274996435
1303704 300 0.17231431079894644 274996435
1304004 300 0.17669499561018437 274865201
1304304 300 0.1832375768217735 286938708
1304604 300 0.18421422300263388 289957086
1304904 300 0.17940684811237928 287726111
1305204 300 0.1764105355575066 287726111
1305504 300 0.1792646180860404 283789098
1305804 300 0.1696214223002634 280114552
1306104 300 0.17094890254609307 277489876
1306404 300 0.17577524143985954 276571240
1306704 300 0.1784396839332748 276554836
1307004 300 0.188955223880597 284953798
1307304 300 0.18446075504828796 280770721
1307604 300 0.1824410886742757 277096175
1307904 300 0.1813222124670764 276833707
1308204 300 0.1800326602282704 276833707
1308504 300 0.18585460930640912 276702474
1308804 300 0.18366426690079019 276702474
1309104 300 0.1760502194907814 277489876
1309404 300 0.19367726075504832 301636891
1309704 300 0.19222651448639158 313841633
1310004 300 0.19619947322212464 325258971
1310304 300 0.1891638279192274 291531891
1310604 300 0.1886233538191396 289169683
1310904 300 0.18374012291483757 289038449
1311204 300 0.18623388937664617 288907215
1311504 300 0.18175838454784898 286676241
1311804 300 0.18557014925373136 282870462
1312104 300 0.18424266900790168 282476760
1312404 300 0.19779244951712027 296125073
1312704 300 0.18761826163301143 294550267
1313004 300 0.18830096575943808 284707734
1313304 300 0.17848709394205445 284707734
1313604 300 0.1799757682177349 281951825
1313904 300 0.17850605794556632 281033188
1314204 300 0.1797766461808604 279195916
1314504 300 0.18101878841088673 277358643
1314804 300 0.18124635645302897 275783838
1315104 300 0.19031115013169447 287463643
1315404 300 0.18198595258999123 289432150
1315704 300 0.18309534679543463 287332410
1316004 300 0.17825004389815627 293237930
1316304 300 0.17662862159789286 281951825
1316604 300 0.17983353819139597 281033188
1316904 300 0.18883195785777 278802214
1317204 300 0.19009306409130816 279720850
1317504 300 0.19144899034240562 285495137
1317804 300 0.19633222124670766 281820591
1318104 300 0.18162563652326605 281689357
1318404 300 0.18781738366988587 279195916
1318704 300 0.18099982440737486 278802214
1319004 300 0.1834177348551361 278408513
1319304 300 0.18593046532045654 276571240
1319604 300 0.18810184372256364 279458383
1319904 300 0.19629429323968392 288775981
