651216 300 0.21911747146619845 215941235
651516 300 0.2252807726075505 216334936
651816 300 0.23126391571553997 229852015
652116 300 0.22797366110623352 219090846
652416 300 0.22174398595259 219238483
652716 300 0.21707884108867428 219107250
653016 300 0.21692712906057943 219254887
653316 300 0.2237352063213345 219123654
653616 300 0.22360245829675152 219123654
653916 300 0.22513854258121158 219648589
654216 300 0.22948129938542583 228145976
654516 300 0.2249773485513608 221469457
654816 300 0.22472133450395085 219484547
655116 300 0.228040035118525 219353313
655416 300 0.23743669885864793 219386121
655716 300 0.23192765583845482 219500951
656016 300 0.22243617208077263 219386121
656316 300 0.22299561018437228 219386121
656616 300 0.23060017559262513 219533760
656916 300 0.23845127304653202 235019345
657216 300 0.250028797190518 253113202
657516 300 0.252854433713784 255737878
657816 300 0.25636277436347676 229491123
658116 300 0.2505692712906058 229491123
658416 300 0.2502563652326602 229474718
658716 300 0.24597050043898153 229474718
659016 300 0.25346128182616334 229474718
659316 300 0.24884354697102726 229474718
659616 300 0.25322423178226516 229474718
659916 300 0.2590177348551361 244697836
660216 300 0.2543620719929763 235117771
660516 300 0.250284811237928 229228655
660816 300 0.25354661984196664 229228655
661116 300 0.25291132572431957 229228655
661416 300 0.24862546093064095 228966187
661716 300 0.24772467076382793 227260148
662016 300 0.25061668129938547 225160408
662316 300 0.24925127304653205 233296902
662616 300 0.24845478489903428 227899913
662916 300 0.24492748024582967 225012769
663216 300 0.24433959613696224 225160408
663516 300 0.2478194907813872 224766706
663816 300 0.24190272168568921 221994393
664116 300 0.2513278314310799 221485862
664416 300 0.2554809482001756 222010797
664716 300 0.26471641791044775 235396642
665016 300 0.2606865671641791 226850043
665316 300 0.2603262510974539 221469457
665616 300 0.2595676909569798 221863159
665916 300 0.2607813871817384 221977989
666216 300 0.2695996488147498 221846755
666516 300 0.26726707638279196 221469457
666816 300 0.26656540825285335 221075757
667116 300 0.27521299385425807 236971447
667416 300 0.27177102721685686 227128914
667716 300 0.27027287093942054 221223394
668016 300 0.2756776119402985 220567225
668316 300 0.26895487269534674 220714863
668616 300 0.2690022827041264 220698459
668916 300 0.26683090430201933 220583629
669216 300 0.26458366988586485 221748330
669516 300 0.28427778753292365 229868419
669816 300 0.2748526777875329 225422875
670116 300 0.2659870061457419 220419588
670416 300 0.26574047410008783 220435992
670716 300 0.2571877085162423 220304758
671016 300 0.26458366988586485 220321162
671316 300 0.25927374890254606 222158435
671616 300 0.2740372256365233 255770686
671916 300 0.25578437225636524 258296937
672216 300 0.2575290605794556 227456999
672516 300 0.2499719051799824 227309361
672816 300 0.25539561018437223 227161723
673116 300 0.26282001755926254 227161723
673416 300 0.25918841088674277 227161723
673716 300 0.25190623353819136 227161723
674016 300 0.2665369622475856 227703062
674316 300 0.26810149253731347 242680117
674616 300 0.2613028972783143 232033777
674916 300 0.2508916593503073 226521958
675216 300 0.2594918349429324 226259491
675516 300 0.2637587357330992 226800830
675816 300 0.2625355575065847 227063298
676116 300 0.25929271290605793 227063298
676416 300 0.2650388059701492 227178127
676716 300 0.27168568920105357 241351375
677016 300 0.26419490781387184 234527218
677316 300 0.2588755048287972 227965530
677616 300 0.24618858647936784 227965530
677916 300 0.24321123792800703 227719467
678216 300 0.2510812993854258 227571828
678516 300 0.2586953467954346 227719467
678816 300 0.24902370500438983 228884166
679116 300 0.2627157155399474 236512129
679416 300 0.25676101843722565 227309361
679716 300 0.2522096575943811 227178127
680016 300 0.2554619841966637 240432739
680316 300 0.25670412642669005 227571828
680616 300 0.2507494293239684 227571828
680916 300 0.2619002633889376 227440594
681216 300 0.2502658472344162 227309361
681516 300 0.2580979806848112 238857933
681816 300 0.25465601404741 228113167
682116 300 0.2510528533801581 228129572
682416 300 0.25783248463564534 228129572
682716 300 0.2532337137840211 227981934
683016 300 0.24803757682177352 227981934
683316 300 0.25128990342405616 228113167
683616 300 0.24756347673397716 227981934
683916 300 0.2511287093942054 228769336
684216 300 0.2557748902546093 242417649
684516 300 0.2471367866549605 232181415
684816 300 0.24862546093064095 227456999
685116 300 0.24708937664618086 256590897
685416 300 0.24459561018437223 228506869
685716 300 0.2488909569798069 228375635
686016 300 0.2511381913959614 228375635
686316 300 0.25568955223880596 228392040
686616 300 0.2628769095697981 256607302
686916 300 0.2622131694468832 231672884
687216 300 0.2616158033362599 229179442
687516 300 0.25398279192273926 229310676
687816 300 0.2617011413520632 229294272
688116 300 0.25439051799824414 229277868
688416 300 0.24918489903424054 229294272
688716 300 0.24906163301141357 229294272
689016 300 0.25597401229148375 229704377
689316 300 0.2614546093064091 244402560
689616 300 0.25131834942932396 234297559
689916 300 0.2597857769973661 228523273
690216 300 0.2507115013169447 228654507
690516 300 0.26166321334503956 228523273
690816 300 0.2609994732221247 228523273
691116 300 0.2584677787532924 228523273
691416 300 0.2510812993854258 228638103
691716 300 0.261985601404741 244369752
692016 300 0.25823072870939423 233739816
692316 300 0.24724108867427566 229310676
692616 300 0.2555093942054434 228916975
692916 300 0.2506640913081651 225750960
693216 300 0.2600702370500439 225652534
693516 300 0.2523329236172081 225521301
693816 300 0.25398279192273926 228900570
694116 300 0.26855662862159785 239563315
694416 300 0.24594205443371375 243221456
694716 300 0.23176646180860405 240071845
695016 300 0.2450697102721686 240055441
695316 300 0.23297067603160668 239940612
695616 300 0.23543599648814748 239678145
695916 300 0.2438939420544337 239153209
696216 300 0.24864442493415273 236003599
696516 300 0.25359402985074625 248208340
696816 300 0.23755048287971903 248749679
697116 300 0.23425074626865672 236544938
697416 300 0.23702897278314308 236528533
697716 300 0.23822370500438983 236397300
698016 300 0.23307497805092184 236528533
698316 300 0.23204143985952588 236922235
698616 300 0.23803406496927126 237709638
698916 300 0.25055030728709393 250308080
699216 300 0.2466626865671642 241499013
699516 300 0.22813485513608428 236003599
699816 300 0.22729095697980686 236003599
700116 300 0.23028726953467957 236003599
700416 300 0.23898226514486393 236020003
700716 300 0.23032519754170322 236020003
701016 300 0.2337671641791045 237988509
701316 300 0.24390342405618962 265941304
701616 300 0.2357204565408253 263972797
701916 300 0.23791079894644424 237709638
702216 300 0.23693415276558383 234166326
702516 300 0.2415329236172081 234412389
702816 300 0.23361545215100965 234412389
703116 300 0.2351041264266901 234297559
703416 300 0.23775908691834943 234560027
703716 300 0.22891237928007024 235478664
704016 300 0.23426022827041268 248749679
704316 300 0.23000280948200175 247437342
704616 300 0.2272814749780509 234035092
704916 300 0.23554029850746272 234035092
705216 300 0.234724846356453 233920263
705516 300 0.22855206321334504 233920263
705816 300 0.22932010535557504 233510157
706116 300 0.23957014925373135 233772624
706416 300 0.2526268656716418 247552171
706716 300 0.2418363476733977 244271326
707016 300 0.239996839332748 234428793
707316 300 0.24119157155399473 234297559
707616 300 0.22936751536435468 233920263
707916 300 0.23050535557506588 234182730
708216 300 0.22775557506584726 233920263
708516 300 0.22968990342405615 235757535
708816 300 0.24521194029850749 240613185
709116 300 0.24478525021949077 236791001
709416 300 0.23404214223002637 233510157
709716 300 0.235625636523266 233510157
710016 300 0.23290430201931517 233510157
710316 300 0.22916839332748024 233510157
710616 300 0.23726602282704126 233264094
710916 300 0.237939244951712 241663055
711216 300 0.22782194907813869 237332341
711516 300 0.2323258999122037 234051496
711816 300 0.23224056189640033 234051496
712116 300 0.21858647936786654 234051496
712416 300 0.22901668129938543 234166326
712716 300 0.2163961369622476 234313963
713016 300 0.21866233538191396 234297559
713316 300 0.2253661106233538 248077106
713616 300 0.21955364354697107 241384183
713916 300 0.21050781387181738 234166326
714216 300 0.21831150131694468 234182730
714516 300 0.21736330114135205 234182730
714816 300 0.2140066725197542 234313963
715116 300 0.2203880597014925 234313963
715416 300 0.221611237928007 237201107
715716 300 0.23664021071115016 263447862
716016 300 0.22328007023705002 257673576
716316 300 0.22146900790166815 235626301
716616 300 0.2182451273046532 235626301
716916 300 0.21542897278314313 235642705
717216 300 0.21468937664618085 235642705
717516 300 0.2143764705882353 235642705
717816 300 0.2258971027216857 235232600
718116 300 0.22729095697980686 232082989
718416 300 0.24394135206321335 245993770
718716 300 0.23514205443371383 244550198
719016 300 0.22700649692712904 231033119
719316 300 0.22301457418788415 231033119
719616 300 0.22025531167690957 231164353
719916 300 0.22024582967515366 230901885
720216 300 0.21577032484635641 230901885
720516 300 0.21502124670763828 231033119
720816 300 0.22303353819139596 242844159
721116 300 0.22270166812993855 242319224
721416 300 0.21975276558384552 231804118
721716 300 0.20701843722563654 231426820
722016 300 0.2129352063213345 231295587
722316 300 0.2134661984196664 231689288
722616 300 0.21395926251097455 231558054
722916 300 0.2042022827041264 231558054
723216 300 0.21419631255487268 237988509
723516 300 0.2088200175592625 237726042
723816 300 0.20430658472344163 231541650
724116 300 0.20766321334503948 249389444
724416 300 0.20445829675153646 239842186
724716 300 0.20921826163301144 238775912
725016 300 0.20643055311676908 235495068
725316 300 0.21298261633011414 235888769
725616 300 0.2076537313432836 252555459
725916 300 0.2242946444249342 243631562
726216 300 0.2149928007023705 243647966
726516 300 0.21457559262510975 243500328
726816 300 0.21534363476733978 243385498
727116 300 0.21119999999999997 242204395
727416 300 0.21252748024582965 239448485
727716 300 0.21659525899912205 240350718
728016 300 0.22449376646180863 255163730
728316 300 0.2095785776997366 245468835
728616 300 0.21326707638279188 240285100
728916 300 0.21313432835820895 239907804
729216 300 0.21229043020193153 239514102
729516 300 0.20817524143985952 239366464
729816 300 0.2091708516242318 239235231
730116 300 0.20912344161545218 239366464
730416 300 0.2212129938542581 259313998
730716 300 0.2212129938542581 269156532
731016 300 0.21898472344161543 251439972
731316 300 0.20637366110623356 240810036
731616 300 0.21439543459174712 240678802
731916 300 0.21191115013169445 240580377
732216 300 0.20863985952589992 240842844
732516 300 0.20486602282704128 240596781
732816 300 0.21615908691834942 240974078
733116 300 0.2333499561018437 257115832
733416 300 0.22782194907813869 261725419
733716 300 0.22039754170324846 252260183
734016 300 0.21836839332748023 248962934
734316 300 0.21486953467954348 248323170
734616 300 0.21129482001755925 245567260
734916 300 0.22170605794556628 240728014
735216 300 0.2178374012291484 240334313
735516 300 0.23004073748902548 251095483
735816 300 0.22098542581211592 248864509
736116 300 0.22014152765583841 237709638
736416 300 0.21918384547848993 237447170
736716 300 0.21433854258121157 237578404
737016 300 0.2205966637401229 237053469
737316 300 0.21520140474100086 237053469
737616 300 0.2211276558384548 237053469
737916 300 0.2272814749780509 254523966
738216 300 0.22834345917471469 261479356
738516 300 0.22364038630377525 251899290
738816 300 0.22570746268656716 258067278
739116 300 0.22019841966637402 248208340
739416 300 0.21903213345039507 245206367
739716 300 0.22157330992098334 244796262
740016 300 0.23404214223002637 247289703
740316 300 0.23212677787532926 247552171
740616 300 0.2368488147497805 241252950
740916 300 0.22371624231782264 241121716
741216 300 0.2274995610184372 240990482
741516 300 0.22898823529411766 240071845
741816 300 0.22552730465320459 236151237
742116 300 0.22853309920983317 236397300
742416 300 0.22524284460052676 236397300
742716 300 0.2306760316066725 248339574
743016 300 0.22634275680421423 247683405
743316 300 0.22593503072870935 236922235
743616 300 0.2209190517998244 236528533
743916 300 0.22931062335381913 236528533
744216 300 0.22670307287093944 236397300
744516 300 0.22279648814749783 236397300
744816 300 0.22729095697980686 236676172
745116 300 0.22732888498683054 236807406
745416 300 0.23711431079894646 261479356
745716 300 0.23744618086040392 277473472
746016 300 0.24105882352941174 273930160
746316 300 0.23835645302897276 245189963
746616 300 0.23492396839332752 245600068
746916 300 0.23556874451273047 246125004
747216 300 0.23463002633889374 245731302
747516 300 0.22894082528533802 245993770
747816 300 0.23199402985074624 245714898
748116 300 0.22993643546971024 247552171
748416 300 0.24310693590869184 261069250
748716 300 0.23800561896400352 261479356
749016 300 0.23883055311676912 257788405
749316 300 0.23691518876207202 250964249
749616 300 0.23591957857769974 247420937
749916 300 0.23715223880597014 245075133
750216 300 0.2378539069359087 245075133
750516 300 0.3372442493415277 246256237
750816 300 0.29924038630377525 262283163
751116 300 0.24355258999122037 254786433
751416 300 0.24824618086040384 246239833
751716 300 0.579556804214223 246371067
752016 300 0.596529587357331 247289703
752316 300 0.5825436347673397 247945872
752616 300 0.41907392449517117 247962277
752916 300 0.5898921861281826 247962277
753216 300 0.5804955223880597 259642083
753516 300 0.5529218612818261 259396020
753816 300 0.5150317822651448 248487211
754116 300 0.5137611940298508 247995085
754416 300 0.5228639157155399 247995085
754716 300 0.41223740122914837 247978681
755016 300 0.47116804214223 248109915
755316 300 0.4987701492537313 248224744
755616 300 0.5110493415276558 252965564
755916 300 0.47375662862159784 255459006
756216 300 0.30106093064091305 249176189
756516 300 0.2195346795434592 249028551
756816 300 0.21978121158911326 248733275
757116 300 0.40393116769095694 248864509
757416 300 0.3854697102721686 249028551
757716 300 0.4225633011413521 249159785
758016 300 0.45326602282704126 288792385
758316 300 0.3052519754170325 287611282
758616 300 0.2035100965759438 264776604
758916 300 0.31191782265144863 255065305
759216 300 0.4349183494293239 255180134
759516 300 0.42234521510096573 254917667
759816 300 0.4516920105355574 254802837
760116 300 0.4381801580333626 255721474
760416 300 0.44086356453028974 256115175
760716 300 0.45167304653204565 264251669
761016 300 0.4616670763827919 280639487
761316 300 0.45749499561018436 268434746
761616 300 0.4600456540825285 263333032
761916 300 0.2970974539069359 260577123
762216 300 0.2517260755048288 260445889
762516 300 0.40479402985074625 260298252
762816 300 0.42275294117647055 257411109
763116 300 0.41017980684811234 257033811
763416 300 0.4001194029850746 262676864
763716 300 0.29518208955223885 271846824
764016 300 0.39425004389815627 258067278
764316 300 0.4159922739244951 257017407
764616 300 0.4206953467954346 256869769
764916 300 0.42617594381036 256886173
765216 300 0.40672835820895525 256886173
765516 300 0.25300614574187885 256886173
765816 300 0.21283090430201934 256640110
766116 300 0.2966517998244074 265810070
766416 300 0.4093074626865671 260577123
766716 300 0.42106514486391566 257558746
767016 300 0.42286672519754165 257427513
767316 300 0.25454223002633886 257296279
767616 300 0.22732888498683054 257148641
767916 300 0.4091652326602282 257673576
768216 300 0.4248484635645303 257821214
768516 300 0.4167508340649692 257558746
768816 300 0.42568287971905183 274487904
769116 300 0.42213661106233535 281049592
769416 300 0.42603371378402105 272388163
769716 300 0.40733520632133446 272125696
770016 300 0.3953499561018437 268582384
770316 300 0.4133657594381036 265153902
770616 300 0.40585601404741 264907838
770916 300 0.41087199297629495 264891434
771216 300 0.4182205443371378 262660459
771516 300 0.4237580333625988 264760200
771816 300 0.4234925373134328 272371759
772116 300 0.41025566286215975 268565980
772416 300 0.4236158033362599 268582384
772716 300 0.4157457418788411 268041045
773016 300 0.39771097453906934 265039072
773316 300 0.4165801580333626 264366499
773616 300 0.4284516242317823 262020695
773916 300 0.4354493415276558 261610590
774216 300 0.4024045654082528 262266758
774516 300 0.2752793678665496 299012216
774816 300 0.27659736611062335 306344903
775116 300 0.4091747146619842 303851461
775416 300 0.403921685689201 272502993
775716 223 0.420126426690079 272125696
775939 77 0.3255813871817384 271600761
776016 109 0.29118068481123793 267663747
776125 4 0.2902419666374012 173175427
776129 1 0.28800421422300265 173175427
776130 8 0.28800421422300265 173175427
776138 1 0.28800421422300265 173175427
776139 177 0.301582440737489 203260771
776316 300 0.21388340649692716 257165045
776616 300 0.2160073748902546 267401280
776916 300 0.2102612818261633 267532513
777216 300 0.2089622475856014 265564007
777516 300 0.2074356453028973 264382903
777816 184 0.21375065847234415 264251669
778000 116 0.16238665496049165 263989201
778116 67 0.15256330114135205 262545630
778183 3 0.1481352063213345 165038934
778186 1 0.1481352063213345 165038934
778187 7 0.1481352063213345 165038934
778194 222 0.16108762071992974 206968125
778416 300 0.19229288849868303 259527253
778716 76 0.22123195785776997 259773316
778792 185 0.15563546971027215 258592212
778977 5 0.1554268656716418 160314517
778982 11 0.1501548726953468 159904412
778993 23 0.1623297629499561 166400484
779016 247 0.16955504828797188 223962900
779263 53 0.11474907813871817 223700432
779316 131 0.15837576821773486 267794981
779447 3 0.15683968393327483 171863090
779450 10 0.1555880597014925 171863090
779460 156 0.1679336259877085 203752898
779616 300 0.18703985952589988 257296279
779916 300 0.19645548726953468 253752967
780216 300 0.19554521510096579 253244436
780516 300 0.19395223880597015 271207059
780816 300 0.2057383669885865 261741823
781116 300 0.2042971027216857 261741823
781416 300 0.19034907813871818 261233292
781716 300 0.18206180860403867 258608617
782016 300 0.18063002633889375 256508876
782316 300 0.19553573309920982 262791693
782616 300 0.20095943810359965 266072538
782916 300 0.18986549604916592 259002318
783216 300 0.18811132572431957 258460979
783516 300 0.1903964881474978 255967537
783816 300 0.18466935908691837 255852708
784116 300 0.19130676031606672 255590240
784416 300 0.18001369622475855 255721474
784716 300 0.18340825285338014 255590240
785016 300 0.1929281826163301 264907838
785316 300 0.18612010535557508 269763488
785616 300 0.17719754170324847 256230004
785916 300 0.17647690956979806 255705069
786216 300 0.17916979806848113 256115175
786516 300 0.17358489903424054 256246409
786816 300 0.17581316944688322 255869112
787116 300 0.17408744512730467 256508876
787416 300 0.17617348551360845 256640110
787716 300 0.1874570676031607 287086347
788016 300 0.1890215978928885 304540439
788316 300 0.19030166812993854 289054853
788616 300 0.17665706760316066 274094202
788916 300 0.18462194907813873 266088942
789216 300 0.1841004389815628 262283163
789516 300 0.17905601404741 262299567
789816 300 0.17679929762949956 262168333
790116 300 0.17664758560140473 262168333
790416 300 0.17221000877963125 262168333
790716 300 0.17925513608428448 278178854
791016 300 0.18145496049165935 286692645
791316 300 0.163884811237928 278703789
791616 300 0.16024372256365232 276718878
791916 300 0.16467181738366987 267942619
792216 300 0.16084108867427566 267023983
792516 300 0.16245302897278316 267270046
792816 300 0.16089798068481123 266745111
793116 300 0.15770254609306408 264136840
793416 300 0.16801896400351188 269943934
793716 300 0.17028516242317823 284773351
794016 300 0.16185566286215983 282427548
794316 300 0.16268059701492535 279130299
794616 300 0.1652881474978051 284396054
794916 300 0.16353397717295873 266154559
795216 300 0.16535452151009658 264038414
795516 300 0.16703283582089554 263907180
795816 300 0.17301597892888498 264710988
796116 300 0.17547181738366988 275997092
796416 300 0.16988691834942934 272191312
796716 300 0.1593713784021071 268910468
797016 300 0.15917225636523263 265892091
797316 300 0.16227287093942053 264694583
797616 300 0.16146690079016682 264432115
797916 300 0.16076523266022827 264957051
798216 300 0.16606567164179104 264694583
798516 300 0.17373661106233537 270091572
798816 300 0.17401158911325726 270468870
799116 300 0.1650131694468832 264710988
799416 300 0.16397963125548726 264448520
799716 300 0.16779139596136963 264448520
800016 300 0.1591058823529412 264317286
800316 300 0.16446321334503952 264202456
800616 300 0.16105917471466197 264448520
800916 300 0.18062054433713784 278884236
801216 300 0.16536400351185254 291876379
801516 300 0.16522177348551362 280327807
801816 300 0.16025320456540826 279540404
802116 300 0.16541141352063213 272847481
802416 300 0.16117295873573312 265367156
802716 300 0.16176084284460054 264842221
803016 300 0.16718454784899037 264973455
803316 300 0.16460544337137842 266154559
803616 300 0.17931202809482005 302637549
803916 300 0.17377453906935908 312496486
804216 300 0.17272203687445126 293861290
804516 300 0.16440632133450395 273913756
804816 300 0.1694791922739245 273503650
805116 300 0.16082212467076382 273782522
805416 300 0.17515891132572428 273782522
805716 300 0.16090746268656717 273520054
806016 300 0.16104969271290606 273634884
806316 300 0.1610402107111501 273503650
806616 300 0.1746089552238806 294501055
806916 300 0.16488042142230028 292007613
807216 300 0.15591044776119403 284396054
807516 300 0.1609169446883231 283756290
807816 300 0.160158384547849 283362588
808116 300 0.15526567164179103 274307457
808416 300 0.15884038630377526 272863886
808716 300 0.15414679543459178 272995120
809016 300 0.16030061457418787 276013497
809316 300 0.168 288743173
809616 300 0.1624340649692713 288874407
809916 300 0.1588877963125549 287693302
810216 300 0.164529587357331 282706419
810516 300 0.1621875329236172 280606678
810816 300 0.15622335381913957 277440664
811116 300 0.15588200175592626 276800899
811416 300 0.15678279192273925 274569925
811716 300 0.1766760316066725 291482678
812016 300 0.17018086040386307 295321266
812316 300 0.16597085162423178 287824536
812616 300 0.16679578577699739 287053538
812916 300 0.17172642669007904 294927565
813216 300 0.16943178226514485 275882263
813516 300 0.1617134328358209 273388821
813816 300 0.16102124670763832 273388821
814116 300 0.16174187884108868 273651288
814416 300 0.16931799824407376 279950510
814716 300 0.1738409130816506 278244471
815016 300 0.16200737489025463 274044990
815316 300 0.15582510974539068 273913756
815616 300 0.15821457418788412 273782522
815916 300 0.16198841088674276 273913756
816216 300 0.16302194907813872 273798927
816516 300 0.16300298507462688 273667693
816816 300 0.16440632133450395 273766118
817116 300 0.1641028972783143 273798927
817416 300 0.18336084284460052 310396746
817716 300 0.18246953467954344 329425644
818016 300 0.1805920983318701 316695967
818316 300 0.17235223880597014 295173628
818616 300 0.16611308165057068 293073888
818916 300 0.16340122914837577 298864578
819216 300 0.1682086040386304 291367848
819516 300 0.16564846356453028 288743173
819816 300 0.16748797190517997 288628344
820116 300 0.1803171202809482 291515487
820416 300 0.18001369622475855 293221525
820716 300 0.17209622475856015 286266135
821016 300 0.17451413520632134 284691330
821316 300 0.17341422300263387 281935420
821616 300 0.1688628621597893 281525315
821916 300 0.16328744512730467 281525315
822216 300 0.16158068481123794 281656549
822516 300 0.16194100087796312 281656549
822816 300 0.17213415276558383 293205121
823116 300 0.16733625987708517 291761550
823416 300 0.16714661984196663 281394081
823716 300 0.16139104477611943 281394081
824016 300 0.1602342405618964 281394081
824316 300 0.16177980684811238 281262847
824616 300 0.16465285338015806 281131614
824916 300 0.16348656716417911 282050250
825216 300 0.15939034240561895 282050250
825516 300 0.1626521510096576 281787783
825816 300 0.16283230904302018 288611939
826116 300 0.15736119402985077 282050250
826416 300 0.16174187884108868 281787783
826716 300 0.15683968393327483 282066654
827016 300 0.16267111501316947 284166395
827316 300 0.16979209833187006 285216265
827616 300 0.160025636523266 282181484
827916 300 0.15892572431957855 282050250
828216 300 0.1670233538191396 282050250
828516 300 0.16342967515364357 281656549
828816 300 0.16184618086040384 281656549
829116 300 0.15661211589113258 281525315
829416 300 0.16114451273046534 281656549
829716 300 0.16841720807726077 296223498
830016 300 0.16856892010535557 290728084
830316 300 0.1604238805970149 282083059
830616 300 0.1635529411764706 281935420
830916 300 0.1701524143985953 282066654
831216 300 0.1720014047410009 282181484
831516 300 0.16687164179104477 281919016
831816 300 0.17524424934152766 281919016
832116 300 0.1749313432835821 282050250
832416 300 0.1694697102721686 282050250
832716 300 0.16689060579455664 282066654
833016 300 0.16606567164179104 281919016
833316 300 0.16798103599648814 286774666
833616 300 0.17499771729587357 330754386
833916 300 0.17035153643546974 324307527
834216 300 0.1675353819139596 298864578
834516 300 0.1650036874451273 286134901
834816 300 0.1657527655838455 286659837
835116 300 0.16906198419666374 286249731
835416 300 0.16428305531167692 286118497
835716 300 0.16659666374012294 286249731
836016 300 0.16719402985074627 285872434
836316 300 0.1731676909569798 292548952
836616 300 0.17289271290605793 310806852
836916 300 0.17564249341527655 299389513
837216 300 0.17262721685689203 298733344
837516 300 0.1768941176470588 295862605
837816 300 0.17779490781387183 295846201
838116 300 0.1759459174714662 295714967
838416 300 0.16678630377524145 293090292
838716 300 0.16452010535557507 292286485
839016 300 0.17149885864793676 291367848
839316 300 0.18385390693590872 308953174
839616 300 0.17146093064091308 304884927
839916 300 0.163628797190518 300308149
840216 300 0.16514591747146623 305295033
840516 300 0.1696877963125549 295846201
840816 300 0.17069288849868305 295206436
841116 300 0.1773587357330992 292712995
841416 300 0.17474170324846353 291810762
841716 300 0.1795111501316945 296125073
842016 300 0.1788284460052678 296223498
842316 300 0.17635364354697103 296108668
842616 300 0.17490289727831432 295977435
842916 300 0.17480807726075503 293090292
843216 300 0.17376505706760317 291105381
843516 300 0.17681826163301143 288907215
843816 300 0.17709323968393326 289563384
844116 300 0.18247901668129943 294829139
844416 300 0.18509604916593503 304146738
844716 300 0.17438138718173837 296814050
845016 300 0.17145144863915715 290777296
845316 300 0.17613555750658472 290760892
845616 300 0.1717548726953468 290662467
845916 300 0.18023178226514486 290383595
846216 300 0.23222159789288854 290646063
846516 300 0.18283933274802458 291170998
846816 300 0.18803546971027219 299438726
847116 300 0.20560561896400348 340268835
847416 300 0.20954064969271288 346305589
847716 300 0.19048182616330114 312184806
848016 300 0.18537102721685692 307329157
848316 300 0.18856646180860404 303654611
848616 300 0.19465390693590867 300619830
848916 300 0.18990342405618965 300734659
849216 300 0.18802598770851625 301013531
849516 300 0.1896379280070237 298536493
849816 300 0.18991290605794556 297486623
850116 300 0.18924916593503072 302998442
850416 300 0.19687269534679544 312955805
850716 300 0.2820305531167691 312972209
851016 300 0.27178999122036873 307591624
851316 300 0.19532712906057947 306951859
851616 300 0.18922071992976294 303260910
851916 300 0.19212221246707636 297880324
852216 300 0.20435399473222124 294861948
852516 300 0.19226444249341526 294468246
852816 300 0.2005896400351185 299848831
853116 300 0.19252045654082528 311528637
853416 300 0.18603476733977173 307197923
853716 300 0.17912238805970152 305754351
854016 300 0.1772923617208077 317171690
854316 300 0.1743624231782265 302867208
854616 300 0.1742201931518876 298027963
854916 300 0.1734616330114135 294747118
855216 300 0.17202985074626867 294747118
855516 300 0.18015592625109747 306033223
855816 300 0.17075926251097454 307591624
856116 300 0.1755761194029851 301144765
856416 300 0.17082563652326602 299291088
856716 300 0.16806637401229152 297863920
857016 300 0.16687164179104477 298159197
857316 300 0.16913784021071113 298011558
857616 300 0.18153081650570677 302178231
857916 300 0.18775100965759436 315564076
858216 300 0.181369622475856 310068661
858516 300 0.17234275680421424 307837687
858816 300 0.1748365232660228 307591624
859116 300 0.1776716417910448 304048312
859416 300 0.1737460930640913 301948572
859716 300 0.16939385425812117 301686104
860016 300 0.17485548726953468 299176258
860316 300 0.1807817383669886 305475480
860616 300 0.1722669007901668 308100155
860916 300 0.1643115013169447 303917079
861216 300 0.16271852502194908 301948572
861516 300 0.16541141352063213 300898701
861816 300 0.1684741000877963 296453157
862116 300 0.16690008779631255 295272053
862416 300 0.16159964881474978 295108011
862716 300 0.18357892888498684 306919051
863016 300 0.1779750658472344 304688077
863316 300 0.16798103599648814 294845544
863616 300 0.17146093064091308 295222840
863916 300 0.16740263388937668 295124415
864216 300 0.16559157155399476 294599480
864516 300 0.16310728709394204 294861948
864816 300 0.16383740122914836 294845544
865116 300 0.1704558384547849 310199895
865416 300 0.15833784021071112 314284547
865716 300 0.15726637401229152 307985325
866016 300 0.15920070237050044 307854092
866316 300 0.16415978928884986 307066689
866616 300 0.16836979806848112 302079805
866916 300 0.1731676909569798 299455130
867216 300 0.16553467954345918 297355390
867516 300 0.17191606672519755 296174286
867816 300 0.1653260755048288 296305519
868116 300 0.17393573309920982 302998442
868416 300 0.16459596136962246 302735974
868716 300 0.16581913959613695 296305519
869016 300 0.1659329236172081 296174286
869316 300 0.15793959613696223 296174286
869616 300 0.16403652326602283 296043052
869916 300 0.16502265144863915 295911818
870216 300 0.16440632133450395 295501713
870516 300 0.16993432835820899 297880324
870816 300 0.1629081650570676 302211039
871116 300 0.17172642669007904 295386883
871416 300 0.17110061457418788 288956428
871716 300 0.1646433713784021 237233915
872016 300 0.166710447761194 236725384
872316 300 0.1660846356453029 236725384
872616 300 0.1594377524143986 236725384
872916 300 0.16928955223880596 244878283
873216 300 0.17889482001755927 198027824
873516 300 0.17434345917471464 178326354
873816 300 0.16213064091308166 175307976
874116 300 0.16214012291483756 172420833
874416 300 0.1635529411764706 170173455
874716 300 0.15810079016681297 168861117
875016 300 0.16492783143107992 168729883
875316 300 0.1632589991220369 168992351
875616 300 0.17342370500438983 180688561
875916 300 0.1742107111501317 183313237
876216 300 0.15912484635645305 174930679
876516 300 0.19228340649692713 174930679
876816 300 0.28542510974539076 183313237
877116 300 0.17656224758560143 170485135
877416 300 0.16678630377524145 169402456
877716 300 0.1595420544337138 169123585
878016 300 0.1637805092186128 169402456
878316 300 0.17536751536435471 176341443
878616 300 0.17757682177348552 172273195
878916 300 0.2159315188762072 170698390
879216 300 0.2632087796312555 180163626
879516 300 0.32161791044776117 166794185
879816 300 0.29792238805970145 168090118
880116 300 0.2906117647058824 167565184
880416 300 0.205804741000878 167302716
880716 300 0.16503213345039508 178851288
881016 300 0.16659666374012294 167155078
881316 300 0.15903002633889377 167171482
881616 300 0.16198841088674276 167023844
881916 300 0.1591058823529412 166646547
882216 300 0.15304688323090432 166367676
882516 300 0.156299209833187 166515313
882816 300 0.15480105355575063 166252846
883116 300 0.15631817383669885 167023844
883416 300 0.16619841966637403 175832911
883716 300 0.15389078138718174 167056653
884016 300 0.15079016681299387 166662951
884316 300 0.15319859525899912 166761377
884616 300 0.14861878841088674 166646547
884916 300 0.15156769095697983 166794185
885216 300 0.1495764705882353 167171482
885516 300 0.15017383669885867 166794185
885816 300 0.1621875329236172 177424121
886116 300 0.15563546971027215 176374251
886416 300 0.1513401229148376 166662951
886716 300 0.15484846356453028 166515313
887016 300 0.15240210711150132 166531717
887316 300 0.14909288849868305 166662951
887616 300 0.14992730465320456 166548122
887916 300 0.15042985074626866 166548122
888216 300 0.14959543459174715 167450354
888516 300 0.16743107989464445 191482540
888816 300 0.1636003511852502 193188579
889116 300 0.15696294995610183 186872953
889416 300 0.16227287093942053 186889357
889716 300 0.15489587357330992 186758124
890016 300 0.15379596136962248 181492368
890316 300 0.15533204565408254 180458902
890616 300 0.15380544337137841 176915590
890916 300 0.16864477611940298 188857864
891216 300 0.15928604038630378 179802733
891516 300 0.16057559262510976 175045509
891816 300 0.16475715539947325 174651808
892116 300 0.15633713784021072 174930679
892416 300 0.16354345917471463 175324381
892716 300 0.1528382791922739 175045509
893016 300 0.15549323968393328 175455615
893316 300 0.16327796312554876 189743692
893616 300 0.15791115013169446 180573732
893916 300 0.1540519754170325 175209551
894216 300 0.1598644424934153 175472019
894516 300 0.1565457418788411 181361134
894816 300 0.15742756804214222 175439210
895116 300 0.15832835820895522 174914275
895416 300 0.1498609306409131 174930679
895716 300 0.14952906057945567 174930679
896016 300 0.16025320456540826 180294860
896316 300 0.15988340649692712 175307976
896616 300 0.1509134328358209 175324381
896916 300 0.15353994732221246 175061913
897216 300 0.1504488147497805 174668212
897516 300 0.15427954345917472 174799446
897816 300 0.15483898156277437 175193147
898116 300 0.1612582967515364 175570444
898416 300 0.16650184372256366 190006159
898716 300 0.158356804214223 180688561
899016 300 0.1568302019315189 175439210
899316 300 0.15598630377524147 187250250
899616 300 0.1533692712906058 175701678
899916 300 0.15157717295873574 175176742
900216 300 0.15163406496927126 175045509
900516 300 0.15914381035996486 175045509
900816 300 0.16534503950834067 185954317
901116 300 0.16262370500438983 175718082
901416 300 0.15609060579455664 175832911
901716 300 0.15870763827919224 175832911
902016 300 0.16327796312554876 175832911
902316 300 0.165174363476734 175832911
902616 300 0.15914381035996486 175439210
902916 300 0.15591044776119403 175176742
903216 300 0.16333485513608428 178588821
903516 300 0.17733977172958734 187004187
903816 300 0.16812326602282704 168237757
904116 300 0.15845162423178227 165219380
904416 300 0.16282282704126427 165350614
904716 300 0.1616470588235294 164989721
905016 300 0.15765513608428447 164842083
905316 300 0.15719051799824407 164809274
905616 300 0.16616049165935032 164825679
905916 300 0.17091097453906937 176899186
906216 300 0.1710626865671642 173355874
906516 300 0.155654433713784 164300743
906816 300 0.1601204565408253 176636718
907116 300 0.1580249341527656 164825679
907416 300 0.1589731343283582 164825679
907716 300 0.16858788410886744 164694445
908016 300 0.17240913081650572 166269250
908316 300 0.17398314310798946 173651150
908616 300 0.16914732221246706 164579615
908916 300 0.1669569798068481 164317147
909216 300 0.16909991220368745 164284339
909516 300 0.16721299385425814 164546807
909816 300 0.163884811237928 164678040
910116 300 0.1726841088674276 164956912
910416 300 0.16817067603160668 164940508
910716 300 0.16535452151009658 164546807
911016 300 0.17213415276558383 164021872
911316 300 0.1724660228270413 164153106
911616 300 0.16933696224758557 164153106
911916 300 0.1669569798068481 164153106
912216 300 0.16443476733977175 165465443
912516 300 0.17999473222124668 185412978
912816 300 0.16493731343283582 181361134
913116 300 0.16262370500438983 176374251
913416 300 0.16585706760316066 190006159
913716 300 0.16264266900790167 175439210
914016 300 0.17194451273046532 168106523
914316 300 0.16754486391571555 164284339
914616 300 0.17302546093064092 165088146
914916 300 0.1812273924495171 177276483
915216 300 0.17520632133450392 167319120
915516 300 0.16707076382791922 167171482
915816 300 0.16889130816505707 167565184
916116 300 0.1721531167690957 166400484
916416 300 0.17028516242317823 164431977
916716 300 0.1698489903424056 164678040
917016 300 0.1724849868305531 164431977
917316 300 0.17129973661106232 164284339
917616 300 0.17097734855136085 164153106
917916 300 0.1748270412642669 164169510
918216 300 0.18053520632133452 164300743
918516 300 0.17571834942932396 164694445
918816 300 0.17533906935908694 164956912
919116 300 0.17188762071992975 164825679
919416 300 0.16580017559262508 164825679
919716 300 0.1800611062335382 187906419
920016 300 0.17001966637401228 189776500
920316 300 0.16707076382791922 171781069
920616 300 0.16498472344161544 171256134
920916 300 0.17018086040386307 171124900
921216 300 0.16159964881474978 170583561
921516 300 0.16386584723441616 170714794
921816 300 0.16141000877963127 170583561
922116 300 0.16454855136084282 170337497
922416 300 0.1745330992098332 178884097
922716 300 0.1702756804214223 188070462
923016 300 0.16561053555750657 175996954
923316 300 0.16314521510096575 175734486
923616 300 0.17058858647936784 175898529
923916 300 0.17110061457418788 175865720
924216 300 0.1650985074626866 174668212
924516 300 0.16639754170324847 173503512
924816 300 0.1762777875329236 173634746
925116 300 0.19247304653204564 181640006
925416 300 0.18123687445127304 176521889
925716 300 0.17310131694468836 172453642
926016 300 0.17437190517998244 185314552
926316 300 0.17350904302019313 172568472
926616 300 0.17056962247585603 172191174
926916 300 0.17309183494293237 172059940
927216 300 0.17435294117647057 172059940
927516 300 0.18523827919227392 184133448
927816 300 0.18314275680421424 172191174
928116 300 0.1687585601404741 172174770
928416 300 0.1671655838454785 171912303
928716 300 0.16956453028972782 171764664
929016 300 0.17099631255487271 171781069
929316 300 0.17564249341527655 171797473
929616 300 0.18195750658472346 171912303
929916 300 0.17863880597014925 171797473
930216 300 0.18972326602282705 186626890
930516 300 0.18638560140474103 179146564
930816 300 0.17418226514486393 154753486
931116 300 0.11777383669885864 74602456
931416 5 0.11156312554872695 74848520
931421 295 0.16461492537313432 154343380
931716 300 0.16296505706760317 154474614
932016 300 0.16289868305531166 153687211
932316 300 0.1673172958735733 152899809
932616 300 0.17231431079894644 153031043
932916 300 0.17592695346795434 167991693
933216 300 0.16903353819139597 164054680
933516 300 0.1571336259877085 151849939
933816 300 0.15262967515364356 151981173
934116 300 0.15689657594381037 151981173
934416 300 0.1596653204565408 151439833
934716 300 0.15908691834942934 151571067
935016 300 0.15557857769973663 151439833
935316 300 0.1669190517998244 154983145
935616 300 0.1748649692712906 162988405
935916 300 0.1594093064091308 156984460
936216 300 0.1724660228270413 155786952
936516 300 0.1665587357330992 154983145
936816 300 0.16231079894644423 152752171
937116 300 0.15761720807726076 151341408
937416 300 0.15426057945566285 151456237
937716 300 0.1672793678665496 151472641
938016 300 0.18025074626865673 168024502
938316 300 0.1793878841088674 168139332
938616 300 0.1740684811237928 159756774
938916 300 0.1729875329236172 155163592
939216 300 0.17057910447761196 154491019
939516 300 0.171470412642669 153572382
939816 300 0.1739926251097454 152391278
940116 300 0.1716790166812994 150947707
940416 300 0.17813625987708517 155540889
940716 300 0.17748200175592624 162102577
941016 300 0.1720108867427568 156197058
941316 300 0.1663690956979807 150422772
941616 300 0.16415030728709393 150291538
941916 300 0.1660846356453029 150554005
942216 300 0.17502616330114135 150422772
942516 300 0.16990588235294116 150422772
942816 300 0.16775346795434593 150439176
943116 300 0.17503564530289728 157903097
943416 300 0.1599402985074627 166039591
943716 300 0.15444073748902545 162496279
944016 300 0.16527866549604917 162496279
944316 300 0.15982651448639157 161840110
944616 300 0.15815768217734855 159609136
944916 300 0.15769306409130815 159477902
945216 300 0.16232028094820017 159871603
945516 300 0.17036101843722565 187053400
945816 300 0.16724143985952591 198208270
946116 300 0.16458647936786655 185593424
946416 300 0.15233573309920984 185347360
946716 300 0.15274345917471466 194517321
947016 300 0.15464934152765583 183247620
947316 300 0.16835083406496926 182197750
947616 300 0.16397014925373135 181525177
947916 300 0.15813871817383668 179162968
948216 300 0.21173099209833188 187955632
948516 300 0.2138739244951712 182837514
948816 300 0.15494328358208956 182575047
949116 300 0.1563561018437226 182312580
949416 300 0.15166251097453906 181541581
949716 300 0.15769306409130815 178506800
950016 300 0.15232625109745393 176407059
950316 300 0.1612488147497805 176931994
950616 300 0.17856294995610184 192023879
950916 300 0.16050921861281828 187709568
951216 300 0.15628024582967515 187578334
951516 300 0.1495006145741879 197141996
951816 300 0.15509499561018436 182460217
952116 300 0.15374855136084284 180754178
952416 300 0.15689657594381037 176685931
952716 300 0.15808182616330116 176144592
953016 300 0.17387884108867427 188480567
953316 300 0.16787673397717298 178375566
953616 300 0.15645092186128182 178769268
953916 300 0.15392870939420547 178638034
954216 300 0.16573380158033363 178375566
954516 300 0.15622335381913957 177063228
954816 300 0.15763617208077263 176013358
955116 300 0.15769306409130815 176013358
955416 300 0.16775346795434593 176931994
955716 300 0.16644495171202808 195173490
956016 300 0.15736119402985077 190580307
956316 300 0.1504393327480246 181262709
956616 300 0.15292361720807726 181131475
956916 300 0.15821457418788412 181131475
957216 300 0.15509499561018436 180098010
957516 300 0.15683968393327483 178113099
957816 300 0.156043195785777 176931994
958116 300 0.1519564530289728 177325696
958416 300 0.16430201931518876 193729918
958716 300 0.15349253731343285 195435957
959016 300 0.1462198419666374 188628205
959316 300 0.15108410886742757 188103270
959616 300 0.1473387181738367 184428724
959916 300 0.13810324846356453 180229243
960216 300 0.14742405618964002 179179373
960516 300 0.1442001755926251 176931994
960816 300 0.16057559262510976 198191866
961116 300 0.15588200175592626 205147257
961416 300 0.15176681299385428 189267970
961716 300 0.14640948200175594 201997646
962016 300 0.15123582089552237 185724658
962316 300 0.14215206321334506 181656411
962616 300 0.1433942054433714 181147879
962916 300 0.1384161545215101 180754178
963216 300 0.1433942054433714 178244332
963516 300 0.1555027216856892 191236476
963816 300 0.15103669885864793 183756151
964116 300 0.14569833187006145 183903789
964416 300 0.147300790166813 183903789
964716 300 0.14774644424934152 181787644
965016 300 0.14715856014047413 179031735
965316 300 0.14005654082528535 178638034
965616 300 0.1443329236172081 178638034
965916 300 0.1451009657594381 179556670
966216 300 0.15610008779631254 197404464
966516 300 0.15372010535557504 202538985
966816 300 0.15085654082528535 191121646
967116 300 0.15259174714661983 191252880
967416 300 0.14299596136962248 186922166
967716 300 0.14591641791044777 181918878
968016 300 0.15154872695346797 182066516
968316 300 0.15153924495171203 183247620
968616 300 0.15505706760316068 189924138
968916 300 0.14749991220368744 185199723
969216 300 0.14749043020193153 182312580
969516 300 0.15048674275680424 181393943
969816 300 0.14324249341527656 179048139
970116 300 0.1398289727831431 178506800
970416 300 0.1377618964003512 178523204
970716 300 0.13616892010535558 178391970
971016 300 0.1505531167690957 185068489
971316 300 0.13944969271290605 184806021
971616 300 0.13578964003511854 178638034
971916 300 0.13779034240561897 178769268
972216 300 0.1390230026338894 178638034
972516 300 0.13562844600526777 178900501
972816 300 0.1359223880597015 178769268
973116 300 0.13744899034240562 182837514
973416 300 0.14841966637401227 204097386
973716 300 0.1405496049165935 197666931
974016 300 0.13633959613696225 192811282
974316 300 0.14035996488147498 192680048
974616 300 0.13842563652326603 191252880
974916 300 0.1454612818261633 189005502
975216 300 0.14512941176470587 187036995
975516 300 0.15427954345917472 186512060
975816 300 0.16018683055311675 200685308
976116 300 0.153985601404741 191236476
976416 300 0.14714907813871816 184806021
976716 300 0.13842563652326603 184674787
977016 300 0.1425028972783143 184297490
977316 300 0.1433657594381036 182968748
977616 300 0.14186760316066724 181131475
977916 300 0.14425706760316068 181393943
978216 300 0.15616646180860405 190465478
978516 300 0.1447690956979807 182837514
978816 300 0.14379244951712028 181262709
979116 300 0.1424649692712906 181131475
979416 300 0.14113748902546092 181410347
979716 300 0.14356488147497803 181279113
980016 300 0.14490184372256365 181393943
980316 300 0.1445225636523266 181262709
980616 300 0.15667848990342406 196485827
980916 300 0.1556165057067603 187693164
981216 300 0.1443329236172081 181525177
981516 300 0.14469323968393327 181393943
981816 300 0.14178226514486392 181262709
982116 300 0.14008498683055312 181000242
982416 300 0.14475013169446882 181000242
982716 300 0.14834381035996488 183493683
983016 300 0.15572080772607552 189005502
983316 300 0.14504407374890255 181393943
983616 300 0.13894714661984198 181393943
983916 300 0.1407676909569798 194911022
984216 300 0.1365482001755926 181672815
984516 300 0.1403978928884987 181525177
984816 300 0.13938331870061457 181541581
985116 300 0.14468375768217734 181262709
985416 300 0.15212712906057943 188218099
985716 300 0.1585085162423178 186249592
986016 300 0.1494721685689201 181525177
986316 300 0.14247445127304653 181525177
986616 300 0.14562247585601404 181410347
986916 300 0.14692151009657595 181147879
987216 300 0.14212361720807726 181262709
987516 300 0.13886180860403863 181393943
987816 300 0.13770500438981562 181410347
988116 300 0.14843863037752414 187201038
988416 300 0.15157717295873574 198470738
988716 300 0.1429011413520632 181804048
989016 300 0.14445618964003512 181672815
989316 300 0.15244951712028096 206607232
989616 300 0.1439062335381914 173913618
989916 300 0.14050219490781388 173782384
990216 300 0.14045478489903424 173782384
990516 300 0.13934539069359086 174307319
990816 300 0.143441615452151 174602595
991116 300 0.1463241439859526 176029762
991416 300 0.14896962247585602 187709568
991716 300 0.14685513608428447 166597335
992016 300 0.1416684811237928 166564526
992316 300 0.14262616330114136 166564526
992616 300 0.14397260755048288 178523204
992916 300 0.14511044776119403 166039591
993216 300 0.14620087796312556 166187229
993516 300 0.1475283582089552 166039591
993816 300 0.14916874451273046 167089461
994116 300 0.16262370500438983 175357189
994416 300 0.1506669007901668 165777123
994716 300 0.14786022827041265 165908357
995016 300 0.14819209833187005 165547464
995316 300 0.14789815627743633 165399826
995616 300 0.15054363476733978 165547464
995916 300 0.14796453028972784 165531060
996216 300 0.1506005267778753 165514656
996516 300 0.16451062335381916 173930022
996816 53 0.07025004389815628 6000000
996869 237 0.10883230904302019 86511922
997106 10 0.13760070237050043 168270565
997116 300 0.14180122914837576 165645889
997416 300 0.14769903424056188 165777123
997716 300 0.14533801580333625 165941166
998016 300 0.1393643546971027 165793528
998316 300 0.14063494293239684 165924762
998616 300 0.14117541703248465 165809932
998916 300 0.14815417032484637 165924762
999216 300 0.163628797190518 176571102
999516 300 0.16165654082528533 187709568
999816 300 0.15176681299385428 179458245
1000116 19 0.1555880597014925 178260736
1000135 1 0.11668340649692713 175767295
1000136 5 0.11958489903424056 173044194
1000141 4 0.11777383669885864 167975289
1000145 1 0.1159532923617208 167630800
1000146 8 0.1159532923617208 167630800
1000154 168 0.11727129060579455 175029105
1000322 2 0.11772642669007902 100882020
1000324 1 0.11453099209833187 100882020
1000325 8 0.11453099209833187 100882020
1000333 83 0.1304797190517998 113447655
1000416 300 0.12792906057945566 160494964
1000716 300 0.14637155399473223 169746945
1001016 300 0.15310377524143984 170288284
1001316 300 0.15508551360842845 170157051
1001616 244 0.1072393327480246 87364941
1001860 56 0.15117892888498685 170452327
1001916 275 0.17010500438981566 181492368
1002191 5 0.12105460930640914 173241045
1002196 3 0.12150026338893766 168024502
1002199 1 0.11986935908691834 168024502
1002200 9 0.11986935908691834 168024502
1002209 7 0.13157014925373134 172125558
1002216 161 0.11532748024582967 178211524
1002377 3 0.11276733977172959 104589375
1002380 1 0.11276733977172959 104589375
1002381 10 0.11276733977172959 104589375
1002391 1 0.11276733977172959 104589375
1002392 124 0.1261369622475856 121846617
1002516 300 0.14133661106233536 160117667
1002816 71 0.17130921861281828 162627513
1002887 51 0.11628516242317821 155737740
1002938 2 0.12020122914837576 153982488
1002940 10 0.11563090430201932 153982488
1002950 121 0.11716698858647936 161495622
1003071 3 0.1167118525021949 84592628
1003074 9 0.11393362598770851 84592628
1003083 33 0.12455346795434592 94910884
1003116 235 0.13081158911325724 130688492
1003351 5 0.08883476733977172 128096625
1003356 3 0.08902440737489027 123191763
1003359 1 0.08732712906057946 123191763
1003360 9 0.08732712906057946 123191763
1003369 47 0.0907027216856892 129753451
1003416 119 0.1086900790166813 154195743
1003535 3 0.10607304653204566 79523723
1003538 10 0.10607304653204566 79523723
1003548 168 0.1195185250219491 100914829
1003716 300 0.1415262510974539 147929329
1004016 300 0.14855241439859526 150586813
1004316 300 0.15748446005267777 174061255
1004616 300 0.15438384547848988 172535663
1004916 300 0.15331237928007022 162168195
1005216 300 0.14844811237928007 159149818
1005516 300 0.14806883230904302 157033673
1005816 300 0.14790763827919226 154704273
1006116 300 0.151283230904302 154441806
1006416 300 0.15382440737489025 154983145
1006716 300 0.16682423178226516 169435265
1007016 300 0.1585748902546093 166580930
1007316 300 0.1510935908691835 155163592
1007616 300 0.1534451273046532 155294826
1007916 300 0.1534546093064091 155163592
1008216 300 0.152060755048288 154868316
1008516 300 0.15057208077260756 154737082
1008816 300 0.15736119402985077 173355874
1009116 300 0.1548294995610184 163136044
1009416 300 0.15515188762071994 163021214
1009716 300 0.15675434591747148 162496279
1010016 300 0.15722844600526778 156459525
1010316 300 0.15381492537313432 156721993
1010616 300 0.15832835820895522 156082228
1010916 300 0.16261422300263392 155721335
1011216 300 0.16602774363476738 156361100
1011516 300 0.16413134328358212 156229866
1011816 300 0.16332537313432835 156000207
1012116 300 0.1565457418788411 156115036
1012416 300 0.17587954345917473 170665582
1012716 300 0.1706075504828797 180508115
1013016 300 0.16021527655838455 172027132
1013316 300 0.16223494293239685 170304688
1013616 300 0.1673172958735733 164825679
1013916 300 0.16498472344161544 160396539
1014216 300 0.16982054433713784 158706904
1014516 300 0.16762071992976293 156475929
1014816 300 0.1674215978928885 156869631
1015116 300 0.1690809482001756 156475929
1015416 300 0.1688249341527656 156344695
1015716 300 0.17350904302019313 162889980
1016016 300 0.17787076382791925 168286969
1016316 300 0.16806637401229152 162118982
1016616 300 0.17194451273046532 156771205
1016916 300 0.1691947322212467 156623568
1017216 300 0.17232379280070237 168828309
1017516 300 0.16714661984196663 154933933
1017816 300 0.16551571553994734 170288284
1018116 300 0.16588551360842846 156918843
1018416 300 0.16407445127304654 156771205
1018716 300 0.16573380158033363 156771205
1019016 300 0.16574328358208956 156508738
1019316 300 0.16019631255487268 156639972
1019616 300 0.1637141352063213 156508738
1019916 300 0.17990939420544338 159789582
1020216 300 0.18287726075504832 179786329
1020516 300 0.17542440737489023 168073714
1020816 300 0.17028516242317823 154294168
1021116 300 0.1691947322212467 154589444
1021416 300 0.16585706760316066 154179338
1021716 300 0.163372783143108 154195743
1022016 300 0.16961194029850746 154326976
1022316 300 0.16574328358208956 154064509
1022616 300 0.1675353819139596 154064509
1022916 300 0.17114802458296752 155360442
1023216 300 0.17847761194029851 168090118
1023516 300 0.17169798068481124 166646547
1023816 300 0.17232379280070237 154474614
1024116 300 0.16159016681299387 154458210
1024416 300 0.16580965759438107 154458210
1024716 300 0.1690904302019315 162348641
1025016 300 0.16390377524143987 154720678
1025316 300 0.161315188762072 154605848
1025616 300 0.15724741000877965 154343380
1025916 300 0.1612867427568042 154064509
1026216 300 0.16812326602282704 157345353
1026516 300 0.1679336259877085 157328949
1026816 300 0.15913432835820898 154589444
1027116 300 0.17204881474978054 154851912
1027416 300 0.18490640913081652 156164249
1027716 300 0.16665355575065846 155508080
1028016 300 0.16215908691834943 155376847
1028316 300 0.1652502194907814 155229208
1028616 300 0.16022475856014046 154999549
1028916 300 0.16037647058823526 154868316
1029216 300 0.16461492537313432 164038276
1029516 300 0.1668337137840211 170075029
1029816 300 0.16046180860403864 155622910
1030116 300 0.16277541703248463 155622910
1030416 300 0.15689657594381037 155229208
1030716 300 0.1587929762949956 155229208
1031016 300 0.15676382791922738 155245613
1031316 300 0.16117295873573312 155245613
1031616 300 0.15936189640035117 155262017
1031916 300 0.17099631255487271 166810590
1032216 300 0.16552519754170325 179802733
1032516 300 0.1662363476733977 160921474
1032816 300 0.16269956101843722 158149160
1033116 300 0.16700438981562774 158001522
1033416 300 0.16269007901668128 158132756
1033716 300 0.16174187884108868 158526457
1034016 300 0.16350553116769098 158263990
1034316 300 0.16573380158033363 158132756
1034616 300 0.18485899912203688 171666239
1034916 300 0.1792646180860404 167335524
1035216 300 0.17715961369622477 157755459
1035516 300 0.16963090430201933 157755459
1035816 300 0.17498823529411764 157640629
1036116 300 0.1697731343283582 157509396
1036416 300 0.1687585601404741 157640629
1036716 300 0.16505109745390695 157476587
1037016 300 0.16866374012291485 157509396
1037316 300 0.17770956979806846 174290914
1037616 300 0.17243757682177352 164448381
1037916 300 0.16814223002633888 158411628
1038216 300 0.1686163301141352 158428032
1038516 300 0.16866374012291485 158296798
1038816 300 0.17163160667251978 158149160
1039116 300 0.173916769095698 158149160
1039416 300 0.1666914837576822 158165564
1039716 300 0.1743150131694469 158050735
1040016 300 0.19373415276558384 166449696
1040316 300 0.1724565408252853 163431319
1040616 300 0.1724660228270413 158165564
1040916 300 0.18175838454784898 158854542
1041216 300 0.1772828797190518 158198373
1041516 300 0.17054117647058825 158313202
1041816 300 0.16887234416154523 158706904
1042116 300 0.17367971905179982 157886692
1042416 300 0.17784231782265147 163660979
1042716 300 0.1809713784021071 175209551
1043016 300 0.16953608428446007 158821733
1043316 300 0.16929903424056192 158444436
1043616 300 0.17136611062335383 158985775
1043916 300 0.17418226514486393 158854542
1044216 300 0.16894820017559262 158460840
1044516 300 0.16519332748024582 158706904
1044816 300 0.16755434591747148 160412943
1045116 300 0.1768846356453029 173913618
1045416 300 0.16631220368744512 164596020
1045716 300 0.15784477611940298 158296798
1046016 300 0.16888182616330116 158428032
1046316 300 0.16706128182616328 158165564
1046616 300 0.16484249341527657 158181969
1046916 300 0.17062651448639157 158198373
1047216 300 0.170702370500439 158198373
1047516 300 0.1831996488147498 171715452
1047816 300 0.17773801580333626 165153763
1048116 300 0.16948867427568043 156098632
1048416 300 0.17213415276558383 156065824
1048716 300 0.17722598770851627 155950994
1049016 300 0.17037998244073752 155803356
1049316 300 0.17144196663740122 155540889
1049616 300 0.1652597014925373 155294826
1049916 300 0.16441580333625988 156213462
1050216 300 0.18237471466198418 169615711
1050516 300 0.17558560140474103 163857829
1050816 300 0.16541141352063213 155311230
1051116 300 0.16574328358208956 154933933
1051416 300 0.16946022827041263 155065166
1051716 300 0.1641787532923617 156361100
1052016 300 0.16351501316944686 156098632
1052316 300 0.16849306409130818 155967399
1052616 300 0.1666630377524144 156098632
1052916 300 0.17899912203687446 161085516
1053216 300 0.17272203687445126 162660321
1053516 300 0.16610359964881474 156361100
1053816 300 0.16542089552238806 156098632
1054116 300 0.16567690956979805 155983803
1054416 300 0.223156804214223 156246270
1054716 300 0.29558033362598773 156639972
1055016 300 0.3069587357330992 156886035
1055316 300 0.29866198419666373 158050735
1055616 300 0.30931975417032487 163168852
1055916 300 0.30505285338015803 163431319
1056216 300 0.30230307287093944 158346011
1056516 300 0.2965854258121159 158198373
1056816 300 0.29716382791922735 157919501
1057116 300 0.22606777875329237 158181969
1057416 300 0.15815768217734855 157935905
1057716 300 0.15456400351185254 157804671
1058016 300 0.15339771729587356 157558608
1058316 201 0.11834275680421423 77752067
1058517 7 0.11838068481123792 77752067
1058524 9 0.11834275680421423 77768472
1058533 1 0.11834275680421423 77768472
1058534 82 0.12113046532045654 85215988
1058616 94 0.12439227392449519 93385291
1058710 1 0.12439227392449519 93385291
1058711 205 0.1419908691834943 123864336
1058916 300 0.15757928007023703 159034988
1059216 300 0.15696294995610183 155376847
1059516 300 0.16038595258999125 155508080
1059816 300 0.15685864793678664 156033015
1060116 300 0.1565078138718174 155491676
1060416 300 0.15745601404741003 155262017
1060716 300 0.15707673397717295 155409655
1061016 300 0.16195048287971905 158296798
1061316 300 0.16598033362598774 181787644
1061616 300 0.16051870061457418 171945111
1061916 300 0.1600540825285338 160150475
1062216 300 0.1569724319578578 160166880
1062516 300 0.16569587357330992 159904412
1062816 300 0.1591058823529412 159773178
1063116 300 0.1593239683933275 159510711
1063416 300 0.15804389815627742 159248243
1063716 300 0.15933345039508343 159248243
1064016 300 0.16926110623353818 171059283
1064316 300 0.16353397717295873 169878179
1064616 300 0.15887831431079896 159231839
1064916 300 0.1548200175592625 158952967
1065216 300 0.16014890254609307 174979892
1065516 300 0.15548375768217734 159625540
1065816 300 0.1645011413520632 159510711
1066116 300 0.15959894644424935 159248243
1066416 300 0.16146690079016682 159231839
1066716 300 0.16927058823529412 171059283
1067016 300 0.16596136962247587 159773178
1067316 300 0.15751290605794557 159625540
1067616 300 0.157588762071993 159641944
1067916 300 0.15981703248463566 159773178
1068216 300 0.15660263388937667 160035646
1068516 300 0.15238314310798948 159904412
1068816 300 0.15333134328358208 159904412
1069116 300 0.15508551360842845 159658348
1069416 300 0.16622686567164183 171863090
1069716 300 0.16254784899034241 172912960
1070016 300 0.15417524143985953 160691814
1070316 300 0.15010746268656716 160708219
1070616 300 0.15244003511852502 160445751
1070916 300 0.15139701492537316 160183284
1071216 300 0.15006005267778752 160183284
1071516 300 0.1504393327480246 160314517
1071816 300 0.15870763827919224 160314517
1072116 300 0.17178331870061458 167532375
1072416 300 0.1674500438981563 166088803
1072716 300 0.1570482879719052 160052050
1073016 300 0.16304091308165058 160052050
1073316 300 0.1593713784021071 160314517
1073616 300 0.15746549604916596 160330921
1073916 300 0.16104969271290606 160314517
1074216 300 0.15921018437225637 160445751
1074516 300 0.1662363476733977 179474649
1074816 300 0.16524073748902546 177768610
1075116 300 0.16227287093942053 157689842
1075416 300 0.1617134328358209 156639972
1075716 300 0.16187462686567164 156771205
1076016 300 0.16308832309043023 157033673
1076316 300 0.16398911325724322 156902439
1076616 300 0.16677682177348552 156525142
1076916 300 0.16083160667251975 156656376
1077216 300 0.16039543459174713 156525142
1077516 300 0.17679929762949956 162955597
1077816 300 0.17129973661106232 170304688
1078116 300 0.16752589991220368 164267935
1078416 300 0.16693801580333628 157312545
1078716 300 0.17037998244073752 174012043
1079016 300 0.1699912203687445 157197715
1079316 300 0.16351501316944686 156935248
1079616 300 0.16155223880597014 156804014
1079916 300 0.16964986830553117 156820418
1080216 300 0.17556663740122916 169304031
1080516 300 0.17586057945566286 157739055
1080816 300 0.16675785776997365 157607821
1081116 300 0.15971273046532045 157214119
1081416 300 0.16797155399473224 157082886
1081716 300 0.1644252853380158 157082886
1082016 300 0.16336330114135206 156968056
1082316 300 0.1699438103599649 156836822
1082616 300 0.17032309043020194 160002837
1082916 300 0.17055065847234419 164727253
1083216 300 0.17413485513608432 157919501
1083516 300 0.16904302019315187 156820418
1083816 300 0.167867251975417 157017269
1084116 300 0.1624340649692713 158001522
1084416 300 0.16699490781387183 158132756
1084716 300 0.16800948200175592 158017926
1085016 300 0.16766812993854255 158296798
1085316 300 0.17100579455662865 174176085
1085616 300 0.16874907813871817 164825679
1085916 300 0.16010149253731343 158772520
1086216 300 0.16473819139596138 158378819
1086516 300 0.16598981562774365 157985118
1086816 300 0.16675785776997365 157853884
1087116 300 0.16802844600526778 157214119
1087416 300 0.17143248463564534 157214119
1087716 300 0.17999473222124668 158116351
1088016 300 0.19161018437225638 169271223
1088316 300 0.17807936786654963 169156393
1088616 300 0.16245302897278316 157739055
1088916 300 0.16715610184372257 157575012
1089216 300 0.16397963125548726 157575012
1089516 300 0.16305987708516245 157443778
1089816 300 0.20088358208955223 157460183
1090116 300 0.5749864793678666 157853884
1090416 300 0.5957994732221247 158510053
1090716 300 0.6 175029105
1091016 300 0.5785422300263389 174914275
1091316 300 0.5430700614574188 161397196
1091616 300 0.537769622475856 161512026
1091916 300 0.545478489903424 173716767
1092216 300 0.5157903424056189 161528430
1092516 300 0.5224182616330114 161512026
1092816 300 0.5189383669885865 161922131
1093116 300 0.519128007023705 162315832
1093416 300 0.5324122914837577 175045509
1093716 300 0.514756804214223 162430662
1094016 300 0.4904165057067603 162709534
1094316 300 0.49744266900790163 162676725
1094616 300 0.49328955223880594 162676725
1094916 300 0.500875153643547 176078975
1095216 300 0.489563125548727 163086831
1095516 300 0.49220860403863037 162939193
1095816 300 0.4870788410886743 163070427
1096116 300 0.4839497805092186 164382765
1096416 300 0.4863202809482001 175800103
1096716 300 0.475283230904302 165580273
1097016 300 0.47632625109745386 165727911
1097316 300 0.45652783143107983 165711507
1097616 300 0.46083266022827046 165973974
1097916 300 0.4512084284460053 167023844
1098216 300 0.4568881474978051 167007440
1098516 300 0.45052572431957855 166876206
1098816 300 0.44799402985074627 167056653
1099116 300 0.460756804214223 178080290
1099416 300 0.45465039508340643 178342758
1099716 300 0.45066795434591744 167187886
1100016 300 0.4388533801580334 167319120
1100316 300 0.42557857769973656 168368991
1100616 300 0.4263276558384547 168368991
1100916 300 0.41455100965759434 168368991
1101216 300 0.4009158911325724 168631458
1101516 300 0.4021485513608428 168500224
1101816 300 0.398526426690079 168500224
1102116 300 0.430404916593503 174389340
1102416 300 0.4047086918349429 184658383
1102716 300 0.3940414398595259 178605225
1103016 300 0.4002900790166813 169287627
1103316 300 0.38835223880597014 169271223
1103616 300 0.38335522388059695 168762692
1103916 300 0.3734465320456541 167844055
1104216 300 0.40054609306409134 167844055
1104516 300 0.3868446005267779 171649835
1104816 300 0.3853654082528534 180573732
1105116 300 0.371910447761194 167975289
1105416 300 0.39347251975417036 163529745
1105716 300 0.3906184372256365 177309292
1106016 300 0.3887599648814749 163660979
1106316 300 0.39559648814749776 163529745
1106616 300 0.37064934152765583 163792212
1106916 300 0.37365513608428447 165088146
1107216 300 0.3782633889376646 174274510
1107516 300 0.3810890254609306 163907042
1107816 300 0.3676056189640035 163907042
1108116 300 0.37131308165057064 163907042
1108416 300 0.3649885864793678 163907042
1108716 300 0.36271290605794554 163513341
1109016 300 0.3661928007023704 162463470
1109316 300 0.3685538191395961 162594704
1109616 300 0.3742050921861282 162594704
1109916 300 0.36801334503950833 162725938
1110216 300 0.38348797190517997 175586848
1110516 300 0.3819708516242318 174126873
1110816 300 0.36525408252853375 162725938
1111116 300 0.3624948200175592 162594704
1111416 300 0.3644670763827919 162578300
1111716 300 0.3590718173836699 162594704
1112016 300 0.36364214223002633 162857172
1112316 300 0.364580860403863 162857172
1112616 300 0.3665910447761194 162857172
1112916 300 0.38614293239683933 179261394
1113216 300 0.3814777875329236 168910330
1113516 300 0.36839262510974535 163398511
1113816 300 0.37314310798946443 164563211
1114116 300 0.36582300263388934 164169510
1114416 300 0.3692839332748024 164300743
1114716 300 0.2796695346795435 83624779
1115016 101 0.274454433713784 82574908
1115117 1 0.2745208077260755 82574908
1115118 3 0.2745208077260755 82591312
1115121 11 0.274454433713784 82591312
1115132 1 0.274454433713784 82591312
1115133 173 0.2766068481123793 89694341
1115306 1 0.2766068481123793 89694341
1115307 9 0.30490114135206325 92089357
1115316 300 0.2996481123792801 136561204
1115616 300 0.36368007023705 166958227
1115916 300 0.3457116769095698 162381450
1116216 300 0.34428937664618087 159592732
1116516 300 0.35021562774363474 159461498
1116816 300 0.34230763827919225 159609136
1117116 300 0.3475891132572432 159625540
1117416 300 0.3523870061457419 159756774
1117716 300 0.33753819139596136 159625540
1118016 300 0.3568056189640035 178802076
1118316 300 0.34477295873573305 179195777
1118616 300 0.337073573309921 162020556
1118916 300 0.34072414398595263 162693130
1119216 300 0.3415395961369623 162824364
1119516 300 0.3470012291483758 162807959
1119816 300 0.3436540825285338 162824364
1120116 300 0.34017418788410886 162561896
1120416 300 0.3423550482879719 161905727
1120716 300 0.3458918349429324 168598650
1121016 300 0.3414352941176471 179228586
1121316 300 0.3348168568920105 162676725
1121616 300 0.33144126426690074 162020556
1121916 300 0.32774328358208954 184855234
1122216 300 0.3260649692712906 170452327
1122516 300 0.32174117647058825 168615054
1122816 300 0.31972151009657596 166777781
1123116 300 0.3248892010535558 167548779
1123416 300 0.3190103599648815 184494341
1123716 300 0.3182897278314311 166515313
1124016 300 0.32458577699736607 165990378
1124316 300 0.3158812993854258 165990378
1124616 300 0.3156442493415276 166515313
1124916 300 0.3234289727831431 167302716
1125216 300 0.32598911325724317 183854576
1125516 300 0.34189991220368743 186331614
1125816 300 0.3320196663740123 176111784
1126116 300 0.32614082528533805 170468731
1126416 300 0.32908024582967516 170731198
1126716 300 0.32908024582967516 168237757
1127016 300 0.33463669885864794 166400484
1127316 300 0.3324179104477612 166679356
1127616 300 0.33122317822651454 167204290
1127916 300 0.3545109745390694 183739747
1128216 300 0.3467357330992098 183870981
1128516 300 0.3407620719929763 176505484
1128816 300 0.3323799824407375 175980550
1129116 300 0.3370166812993854 172437238
1129416 300 0.3417102721685689 165891953
1129716 300 0.3428860403863038 162086173
1130016 300 0.3314886742756804 162479875
1130316 300 0.3417482001755926 162873576
1130616 300 0.3535817383669886 171666239
1130916 300 0.34105601404741 166400484
1131216 300 0.32830272168568925 162725938
1131516 300 0.33435223880597015 162725938
1131816 300 0.32584688323090427 162725938
1132116 300 0.31892502194907807 162725938
1132416 300 0.3267097453906936 162332237
1132716 300 0.3335841966637401 162332237
1133016 300 0.35121123792800696 181902474
1133316 300 0.35240597014925373 189514033
1133616 300 0.338742405618964 179540266
1133916 300 0.33152660228270414 173765980
1134216 300 0.35086040386303774 172847343
1134516 300 0.34025952589991215 169960200
1134816 300 0.3324748024582968 169960200
1135116 300 0.32918454784899037 169960200
1135416 300 0.33478841088674277 167712822
1135716 300 0.35275680421422295 180967433
1136016 300 0.3482907813871818 178998927
1136316 300 0.32830272168568925 163382107
1136616 300 0.33916909569798065 159067797
1136916 297 0.2452972783143108 80343934
1137213 1 0.2452972783143108 80360338
1137214 2 0.2452972783143108 80360338
1137216 7 0.26572151009657596 80491572
1137223 4 0.26572151009657596 80475168
1137227 1 0.26572151009657596 80475168
1137228 176 0.26799719051799825 87528984
1137404 1 0.26799719051799825 87528984
1137405 111 0.2827132572431958 101899082
1137516 300 0.2948502194907814 151620280
1137816 300 0.32005338015803336 156164249
1138116 300 0.3137099209833187 156295483
1138416 300 0.30867497805092187 156311887
1138716 300 0.3086180860403863 156705589
1139016 300 0.2952484635645303 157640629
1139316 300 0.30145917471466194 157378162
1139616 300 0.3044554872695347 157246928
1139916 300 0.2951346795434592 157903097
1140216 300 0.30693028972783143 165383422
1140516 300 0.31240140474100087 180212839
1140816 300 0.3006721685689201 176439868
1141116 300 0.2975620719929763 169353244
1141416 300 0.2942907813871818 169090776
1141716 300 0.29785601404741 169369648
1142016 300 0.297723266022827 169369648
1142316 300 0.3045787532923618 166876206
1142616 300 0.29954381035996486 165301401
1142916 300 0.305308867427568 172519258
1143216 300 0.2883929762949956 176325038
1143516 300 0.1910791922739245 169369648
1143816 300 0.15536997366110625 165957570
1144116 300 0.15579666374012294 180524519
1144416 300 0.15422265144863917 169123585
1144716 300 0.1562707638279192 168467416
1145016 300 0.1612014047410009 162168195
1145316 300 0.15994978050921863 161118324
1145616 300 0.16516488147497801 174241702
1145916 300 0.16461492537313432 164530402
1146216 300 0.16227287093942053 164546807
1146516 300 0.16163757682177352 161790897
1146816 300 0.15899209833187006 160626198
1147116 300 0.15323652326602286 160593389
1147416 300 0.1562707638279192 160609794
1147716 300 0.15198489903424056 160593389
1148016 300 0.1543648814749781 163136044
1148316 300 0.16520280948200175 183854576
1148616 300 0.15628972783143108 178752863
1148916 300 0.15305636523266022 173880809
1149216 300 0.1555406496927129 172962172
1149516 300 0.15848007023705005 182919535
1149816 300 0.15461141352063215 170321093
1150116 300 0.15646988586479366 170321093
1150416 300 0.1543364354697103 170321093
1150716 300 0.155654433713784 170321093
1151016 300 0.16866374012291485 187512718
1151316 300 0.16692853380158032 169779754
1151616 300 0.15968428446005267 169927392
1151916 300 0.15401404741000876 168615054
1152216 300 0.1594093064091308 166777781
1152516 300 0.1544502194907814 167171482
1152816 300 0.15446918349429326 166777781
1153116 300 0.15454503950834067 166515313
1153416 300 0.16039543459174713 165071742
1153716 300 0.16647339771729588 178588821
1154016 300 0.1630978050921861 165613081
1154316 300 0.1588972783143108 159297456
1154616 300 0.14774644424934152 159034988
1154916 300 0.14768007023705007 159166222
1155216 300 0.15081861281826162 159067797
1155516 300 0.15246848112379283 159051392
1155816 300 0.15048674275680424 159182626
1156116 300 0.15016435469710274 159182626
1156416 300 0.15537945566286218 165219380
1156716 300 0.16162809482001758 178736459
1157016 300 0.15416575943810357 177834226
1157316 300 0.14669394205443373 172962172
1157616 300 0.14306233538191396 172552067
1157916 300 0.15306584723441616 185429382
1158216 300 0.15384337137840212 166941823
1158516 300 0.1534546093064091 166662951
1158816 300 0.1496428446005268 166548122
1159116 300 0.15117892888498685 166400484
1159416 300 0.15593889376646183 172962172
1159716 300 0.15967480245829677 176259421
1160016 300 0.15445970149253732 170206263
1160316 300 0.14445618964003512 167040249
1160616 300 0.14394416154521508 166006782
1160916 300 0.14709218612818262 165990378
1161216 300 0.1503350307287094 166121612
1161516 300 0.15356839332748023 164940508
1161816 300 0.15516136962247587 162184599
1162116 300 0.15215557506584723 160347326
1162416 300 0.16177032484635645 179409032
1162716 300 0.16185566286215983 180048796
1163016 300 0.15668797190517997 173618341
1163316 300 0.15670693590869184 186725315
1163616 300 0.15115996488147498 167712822
1163916 300 0.15360632133450397 163775808
1164216 300 0.15370114135206325 163890638
1164516 300 0.1549527655838455 164284339
1164816 300 0.1582714661984197 174668212
1165116 300 0.16428305531167692 160101262
1165416 300 0.1551329236172081 160101262
1165716 300 0.1504488147497805 159970029
1166016 300 0.15831887620719928 160101262
1166316 300 0.1550665496049166 160232496
1166616 300 0.154241615452151 160101262
1166916 300 0.15640351185250223 159970029
1167216 300 0.1519943810359965 159838795
1167516 300 0.16767761194029848 171518601
1167816 300 0.16177980684811238 171535005
1168116 300 0.15618542581211592 159445093
1168416 300 0.15409938542581214 159445093
1168716 300 0.15593889376646183 159313860
1169016 300 0.1555690956979807 159182626
1169316 300 0.1556828797190518 159182626
1169616 300 0.16200737489025463 159182626
1169916 300 0.1588972783143108 161676068
1170216 300 0.16848358208955225 167597992
1170516 300 0.1582050921861282 159313860
1170816 300 0.15768358208955227 158788925
1171116 300 0.1589731343283582 158805329
1171416 300 0.15566391571553995 158936563
1171716 300 0.155142405618964 158936563
1172016 300 0.15107462686567164 158936563
1172316 300 0.15762669007901667 159445093
1172616 300 0.16484249341527657 181246305
1172916 300 0.16037647058823526 178473991
1173216 300 0.15169095697980683 172601280
1173516 300 0.15351150131694472 171928707
1173816 300 0.15726637401229152 169320435
1174116 300 0.15449762949956103 167351929
1174416 300 0.1520323090430202 166170825
1174716 300 0.15172888498683054 166039591
1175016 300 0.1558630377524144 167220695
1175316 300 0.16414082528533805 185970721
1175616 300 0.16078419666374014 185445786
1175916 300 0.15905847234416157 168122927
1176216 300 0.1575318700614574 167876864
1176516 300 0.16165654082528533 167614396
1176816 300 0.15705776997366108 167597992
1177116 300 0.15722844600526778 164317147
1177416 300 0.15810079016681297 164218722
1177716 300 0.1610402107111501 165383422
1178016 300 0.16926110623353818 184806021
1178316 300 0.16308832309043023 178900501
1178616 300 0.1627943810359965 171157708
1178916 300 0.16566742756804215 170239072
1179216 300 0.16268059701492535 166958227
1179516 300 0.16306935908691836 166433292
1179816 300 0.24274661984196663 166564526
1180116 300 0.44139455662862165 166958227
1180416 300 0.4686647936786655 167499567
1180716 300 0.48682282704126423 178391970
1181016 300 0.5037766461808604 182197750
1181316 300 0.5042791922739245 176554698
1181616 300 0.5085840210711149 176817165
1181916 300 0.49639964881474974 191121646
1182216 300 0.49369727831431076 176554698
1182516 300 0.5016052677787532 176685931
1182816 300 0.5036344161545215 176554698
1183116 300 0.49705390693590873 176817165
1183416 300 0.5022690079016682 176685931
1183716 300 0.5130690079016681 181393943
1184016 300 0.5315020193151887 182328984
1184316 300 0.517335908691835 173930022
1184616 300 0.5105278314310798 173536320
1184916 300 0.5354370500438982 174192489
1185216 300 0.5196684811237928 172338812
1185516 300 0.5238974539069359 171813877
1185816 300 0.5338156277436347 171830281
1186116 300 0.5241155399473222 171813877
1186416 300 0.5310184372256365 171699048
1186716 300 0.5368972783143108 175619656
1187016 300 0.5524856892010535 186790932
1187316 300 0.5245517120280948 183247620
1187616 300 0.5262869183494293 178408374
1187916 300 0.5205123792800702 177079632
1188216 300 0.4420298507462686 174733828
1188516 300 0.27858858647936785 174323723
1188816 300 0.427702546093064 171830281
1189116 300 0.2775834942932397 171190516
1189416 300 0.3421843722563652 170157051
1189716 300 0.3889306409130816 187201038
1190016 300 0.22848568920105353 170796816
1190316 300 0.19494784899034243 161216749
1190616 300 0.23795820895522388 161200345
1190916 300 0.18722001755926254 161200345
1191216 300 0.18459350307287092 161331579
1191516 300 0.1904628621597893 161347983
1191816 300 0.18650886742756806 161347983
1192116 300 0.1871062335381914 161610451
1192416 300 0.18640456540825281 161479217
1192716 300 0.18653731343283583 177735801
1193016 300 0.18803546971027219 166859802
1193316 300 0.18989394205443372 166728568
1193616 300 0.18945776997366112 166597335
1193916 300 0.20452467076382794 165547464
1194216 300 0.20667708516242317 179064543
1194516 300 0.20122493415276557 167778438
1194816 300 0.1891733099209833 166859802
1195116 300 0.18980860403863037 166728568
1195416 300 0.19401861281826163 166203633
1195716 300 0.1884906057945566 160970686
1196016 300 0.18651834942932397 160429347
1196316 300 0.19180930640913083 160429347
1196616 300 0.18640456540825281 160298113
1196916 300 0.19999227392449517 176439868
1197216 300 0.18977067603160666 182345388
1197516 300 0.1900077260755048 173044194
1197816 300 0.18482107111501317 172634088
1198116 300 0.1915532923617208 172765322
1198416 300 0.18894574187884108 172765322
1198716 300 0.18317120280948201 172650492
1199016 300 0.1839961369622476 171321750
1199316 300 0.18946725197541703 166318463
1199616 300 0.199755223880597 180114414
1199916 300 0.19495733099209836 182082920
1200216 300 0.19319367866549605 167647204
1200516 300 0.18910693590869185 166974631
1200816 300 0.19005513608428445 166876206
1201116 300 0.1896758560140474 164251531
1201416 300 0.19163863037752418 163989063
1201716 300 0.18892677787532922 163726596
1202016 300 0.18843371378402107 161265962
1202316 300 0.19694855136084286 179491053
1202616 300 0.19553573309920982 184986468
1202916 300 0.18820614574187886 173306661
1203216 300 0.18669850746268657 173175427
1203516 300 0.18464091308165057 173044194
1203816 300 0.18935346795434596 173060598
1204116 300 0.18517190517998242 170550752
1204416 300 0.18758981562774363 166613739
1204716 300 0.19215065847234417 166351271
1205016 300 0.21511606672519756 166367676
1205316 300 0.5269411764705881 170813220
1205616 300 0.24781000877963122 182903131
1205916 300 0.5486265144863915 173191832
1206216 300 0.5063178226514485 172273195
1206516 300 0.5504849868305531 172404429
1206816 300 0.5529123792800702 170550752
1207116 300 0.5567431079894645 170157051
1207416 300 0.540851273046532 170304688
1207716 300 0.5540597014925372 170288284
1208016 300 0.41247445127304655 87611005
1208316 41 0.39784372256365225 99946980
1208357 8 0.3978911325724319 99946980
1208365 9 0.39784372256365225 99963384
1208374 173 0.39912379280070237 107558539
1208547 1 0.39912379280070237 107558539
1208548 1 0.39912379280070237 107558539
1208549 67 0.41476909569798065 119435196
1208616 300 0.4360846356453029 158165564
1208916 300 0.32246180860403867 164349956
1209216 300 0.5512151009657594 164481190
1209516 300 0.5463982440737489 164481190
1209816 300 0.5438665496049165 164743657
1210116 300 0.5404909569798068 164760061
1210416 300 0.5393531167690957 164628828
1210716 300 0.5478869183494293 164628828
1211016 300 0.5609246707638279 178277140
1211316 300 0.4875813871817383 174865062
1211616 300 0.2965095697980685 162004152
1211916 300 0.18683125548726956 161380792
1212216 300 0.18831992976294995 180196435
1212516 300 0.23780649692712907 166548122
1212816 300 0.25724460052677783 165498252
1213116 300 0.2437801580333626 163250873
1213416 300 0.2838985074626866 165219380
1213716 300 0.19318419666374012 176882782
1214016 300 0.18035504828797191 167286312
1214316 300 0.1776716417910448 166105208
1214616 300 0.1742770851624232 165859144
1214916 300 0.17287374890254606 165711507
1215216 300 0.17618296751536436 164645232
1215516 300 0.18123687445127304 162611109
1215816 300 0.185740825285338 164989721
1216116 300 0.1768846356453029 169960200
1216416 300 0.17633467954345916 163004810
1216716 300 0.17564249341527655 163119639
1217016 300 0.17412537313432833 163119639
1217316 300 0.18007058823529412 162840768
1217616 300 0.1762777875329236 162857172
1217916 300 0.17785179982440738 162709534
1218216 300 0.1841478489903424 164054680
1218516 300 0.18429956101843725 189743692
1218816 300 0.18492537313432836 180311264
1219116 300 0.1720014047410009 170599965
1219416 300 0.17293064091308163 170075029
1219716 300 0.17580368744512734 168893926
1220016 300 0.1748649692712906 167187886
1220316 300 0.17301597892888498 167335524
1220616 300 0.17301597892888498 167220695
1220916 300 0.17212467076382792 167335524
1221216 300 0.1874760316066725 182673472
1221516 300 0.17693204565408255 172699705
1221816 300 0.16912835820895525 167597992
1222116 300 0.2544474100087796 167712822
1222416 300 0.34548410886742753 167729226
1222716 300 0.21449973661106236 165645889
1223016 300 0.18541843722563653 163546149
1223316 300 0.25124249341527655 163546149
1223616 300 0.48110517998244073 163825021
1223916 300 0.5308382791922739 171567814
1224216 300 0.5440087796312554 184018618
1224516 300 0.5291220368744513 173405086
1224816 300 0.5243146619841966 173126215
1225116 300 0.5296625109745391 173372278
1225416 300 0.5334837576821774 173536320
1225716 300 0.5475076382791922 173126215
1226016 300 0.5391350307287094 173011386
1226316 300 0.5447768217734855 170534348
1226616 300 0.5483610184372255 173011386
1226916 300 0.5568663740122914 180622944
1227216 300 0.5436200175592625 171961515
1227516 300 0.5623469710272168 166712164
1227816 300 0.5519072870939421 166055995
1228116 300 0.5134103599648815 165793528
1228416 300 0.2610279192273925 164497594
1228716 300 0.4783079894644425 162922789
1229016 300 0.1924635645302897 162397854
1229316 300 0.37177769973661107 168040906
1229616 300 0.17547181738366988 166203633
1229916 300 0.16884389815627743 159789582
1230216 300 0.16422616330114134 159395881
1230516 300 0.1724660228270413 159395881
1230816 300 0.1760597014925373 159133413
1231116 300 0.16598981562774365 159002179
1231416 300 0.17272203687445126 159133413
1231716 300 0.17639157155399474 159395881
1232016 300 0.17905601404741 179080948
1232316 300 0.17195399473222125 175012701
1232616 300 0.1611065847234416 170813220
1232916 300 0.1559009657594381 170796816
1233216 300 0.16324951712028096 170025817
1233516 300 0.16092642669007903 167269908
1233816 300 0.16605618964003513 163857829
1234116 300 0.16741211589113258 160970686
1234416 300 0.17050324846356454 160839453
1234716 300 0.17870517998244076 172912960
1235016 300 0.17786128182616331 181049454
1235316 300 0.17509253731343286 171600622
1235616 300 0.1713945566286216 168975946
1235916 300 0.17140403863037754 167926077
1236216 300 0.1659044776119403 165563868
1236516 300 0.16415978928884986 165432635
1236816 300 0.16331589113257242 166613739
1237116 300 0.1823367866549605 185773870
1237416 300 0.16708972783143108 176981207
1237716 300 0.1669569798068481 169238414
1238016 300 0.17137559262510974 168844713
1238316 300 0.16836979806848112 168729883
1238616 300 0.16795258999122037 164776466
1238916 300 0.17126180860403864 161758089
1239216 300 0.169156804214223 160708219
1239516 300 0.18497278314310797 179999584
1239816 300 0.17458999122036872 177374908
1240116 300 0.1699438103599649 171338155
1240416 300 0.17519683933274802 169369648
1240716 300 0.16567690956979805 169238414
1241016 300 0.17134714661984196 166876206
1241316 300 0.1692231782265145 160855857
1241616 300 0.17881896400351185 163480532
1241916 300 0.1869260755048288 175554040
1242216 300 0.17980509218612817 171617026
1242516 300 0.1806489903424056 171748260
1242816 300 0.1831048287971905 166761377
1243116 300 0.1784017559262511 164776466
1243416 300 0.17613555750658472 163201660
1243716 300 0.17613555750658472 159395881
1244016 300 0.17765267778753294 160445751
1244316 300 0.20008709394205446 179097352
1244616 300 0.1911171202809482 176997612
1244916 300 0.19020684811237928 171748260
1245216 300 0.19298507462686568 171748260
1245516 300 0.1887086918349429 171617026
1245816 300 0.18015592625109747 169894583
1246116 300 0.18639508340649694 168828309
1246416 300 0.18740017559262512 166072399
1246716 300 0.19051027216856894 173159023
1247016 300 0.18503915715539948 170025817
1247316 300 0.18514345917471467 160068454
1247616 300 0.19253942054433712 159953625
1247916 300 0.19544091308165057 159838795
1248216 300 0.19423669885864794 159723966
1248516 300 0.18631922739244952 159691157
1248816 300 0.19100333625987706 164415573
1249116 300 0.20760632133450396 181738432
1249416 300 0.19579174714661987 171370963
1249716 300 0.18798805970149254 171370963
1250016 300 0.19127831431079895 171239730
1250316 300 0.1883388937664618 169796158
1250616 300 0.19045338015803337 167565184
1250916 300 0.18868024582967516 167581588
1251216 300 0.19546935908691837 167450354
1251516 300 0.20091202809482 182935940
1251816 300 0.19817172958735735 179655096
1252116 300 0.19144899034240562 170616369
1252416 300 0.18959051799824406 168385395
1252716 300 0.194615978928885 180852604
1253016 300 0.18765618964003514 168122927
1253316 300 0.1874570676031607 165235784
1253616 300 0.1880449517120281 164694445
1253916 300 0.19022581211589112 164825679
1254216 300 0.19017840210711148 175455615
1254516 300 0.18943880597014925 164956912
1254816 300 0.18808287971905183 164825679
1255116 300 0.1849348551360843 164842083
1255416 300 0.1824979806848112 164842083
1255716 300 0.18375908691834944 164842083
1256016 300 0.18369271290605796 164710849
1256316 300 0.18989394205443372 166695760
1256616 300 0.19912941176470592 180458902
1256916 300 0.19190412642669005 174405744
1257216 300 0.19479613696224757 169533690
1257516 300 0.19516593503072868 166892610
1257816 300 0.19199894644424934 166006782
1258116 300 0.18365478489903422 160888665
1258416 300 0.18550377524143988 158001522
1258716 300 0.19074732221246707 158788925
1259016 300 0.21199648814749783 172306004
1259316 300 0.19727093942054433 173355874
1259616 300 0.1937625987708516 170599965
1259916 300 0.19348762071992978 190941200
1260216 300 0.18913538191395965 170337497
1260516 300 0.19334539069359086 166138016
1260816 300 0.19030166812993854 161807302
1261116 300 0.18928709394205445 161807302
1261416 300 0.1990251097453907 180967433
1261716 300 0.20359543459174714 168762692
1262016 300 0.1951564530289728 168762692
1262316 300 0.19286180860403865 167581588
1262616 300 0.20087410008779633 165613081
1262916 300 0.1929945566286216 165350614
1263216 300 0.19037752414398593 165350614
1263516 300 0.18953362598770854 165219380
1263816 300 0.19832344161545215 165481848
1264116 300 0.20806145741878843 174930679
1264416 300 0.20088358208955223 164956912
1264716 300 0.19878805970149255 159313860
1265016 300 0.19961299385425813 159707561
1265316 300 0.1949857769973661 159182626
1265616 300 0.1972614574187884 159313860
1265916 300 0.19500474100087797 159445093
1266216 300 0.19763125548726954 162217407
1266516 300 0.19911044776119405 175340785
1266816 300 0.29835856014047407 171928707
1267116 300 0.5614556628621598 172174770
1267416 300 0.5980087796312554 171781069
1267716 300 0.593694468832309 171387367
1268016 300 0.5968424934152766 171256134
1268316 300 0.5888112379280069 171124900
1268616 300 0.5572172080772607 171518601
1268916 300 0.5516986830553117 187529122
1269216 300 0.5592842844600526 176505484
1269516 300 0.5508547848990343 171288942
1269816 300 0.5609436347673398 187561930
1270116 300 0.5437527655838456 171157708
1270416 300 0.5505039508340649 171157708
1270716 300 0.5472705882352941 171157708
1271016 300 0.5546191395961368 173126215
1271316 300 0.5470525021949079 178375566
1271616 300 0.5468059701492537 171272538
1271916 300 0.5433829675153643 171256134
1272216 300 0.5307150131694469 171272538
1272516 300 0.5328294995610184 171141304
1272816 300 0.5512056189640034 171157708
1273116 300 0.5383195785776997 171157708
1273416 300 0.5445397717295873 173930022
1273716 300 0.5526374012291484 181279113
1274016 300 0.5474791922739245 174176085
1274316 300 0.5475171202809481 172584876
1274616 300 0.543032133450395 171174112
1274916 300 0.5323648814749781 171157708
1275216 300 0.5282686567164179 171141304
1275516 300 0.5383764705882352 171945111
1275816 300 0.5509970149253731 192122304
1276116 300 0.5466163301141352 190022564
1276416 300 0.54625601404741 170485135
1276716 300 0.5415908691834943 170632773
1277016 300 0.5367171202809482 187053400
1277316 300 0.5331803336259877 173257449
1277616 300 0.5403202809482002 173011386
1277916 300 0.5312649692712906 171436580
1278216 300 0.5269222124670764 171010070
1278516 300 0.53596804214223 178621629
1278816 300 0.5649829675153644 169845370
1279116 300 0.5552923617208076 169828966
1279416 300 0.5576818261633012 167729226
1279716 300 0.5405194029850746 166662951
1280016 300 0.5522296751536435 164218722
1280316 300 0.5320804214223003 163677383
1280616 300 0.5440846356453028 165924762
1280916 300 0.5498496927129061 171813877
1281216 300 0.5447294117647059 163677383
1281516 300 0.5323838454784898 163825021
1281816 300 0.5360438981562774 163529745
1282116 300 0.540471992976295 163398511
1282416 300 0.5370110623353819 163529745
1282716 300 0.5389548726953468 163398511
1283016 300 0.5530261633011413 161036303
1283316 300 0.5592179104477611 180852604
1283616 300 0.5393625987708516 176800761
1283916 300 0.5583834942932396 172338812
1284216 300 0.5552923617208076 172076344
1284516 300 0.5434967515364355 171945111
1284816 300 0.5410883230904302 171945111
1285116 300 0.5434967515364355 169304031
1285416 300 0.5406331870061457 166023187
1285716 300 0.553718349429324 185577019
1286016 300 0.5405194029850746 178752863
1286316 300 0.5394194907813872 171928707
1286616 300 0.5457724319578577 169697733
1286916 300 0.5433829675153643 168910330
1287216 300 0.5300512730465321 165891953
1287516 300 0.5308951712028095 164054680
1287816 300 0.5205787532923617 163939851
1288116 300 0.5244474100087796 163923446
1288416 300 0.5300417910447761 171010070
1288716 300 0.5225320456540825 166154421
1289016 300 0.5186444249341527 163792212
1289316 300 0.5193460930640913 163660979
1289616 300 0.5199813871817384 163660979
1289916 300 0.5123768217734854 163529745
1290216 300 0.5184168568920104 162479875
1290516 300 0.5193271290605794 160642602
1290816 300 0.51180790166813 160511368
1291116 300 0.5322226514486391 160527772
1291416 300 0.5210244073748903 160429347
1291716 300 0.5312744512730465 160429347
1292016 300 0.5234707638279192 160429347
1292316 300 0.5289798068481123 162102577
1292616 300 0.5414770851624232 184264682
1292916 300 0.5309330992098331 170222668
1293216 300 0.5355982440737489 161954940
1293516 300 0.5259171202809482 161823706
1293816 300 0.5229682177348551 176259421
1294116 300 0.5072186128182616 161561238
1294416 300 0.5199719051799824 161692472
1294716 300 0.51308797190518 161561238
1295016 300 0.5164446005267779 161446409
1295316 300 0.5339768217734855 172880152
1295616 300 0.5283160667251975 161856514
1295916 300 0.5161980684811238 161840110
1296216 300 0.5227596136962247 178900501
1296516 300 0.53571202809482 167466758
1296816 300 0.5302314310798947 167335524
1297116 300 0.5206071992976296 167335524
1297416 300 0.5396660228270412 167335524
1297716 300 0.5301555750658472 182296175
1298016 300 0.535190517998244 173273853
1298316 300 0.5321942054433714 173257449
1298616 300 0.5298995610184372 185084893
1298916 300 0.5112674275680421 173273853
1299216 300 0.5302314310798947 173011386
1299516 300 0.5104993854258121 173126215
1299816 300 0.5103192273924495 175209551
1300116 300 0.5208252853380158 180065201
1300416 300 0.5351620719929763 173109811
1300716 300 0.510622651448639 173109811
1301016 300 0.5257559262510975 173159023
1301316 300 0.5082995610184372 173159023
1301616 300 0.509105531167691 173027790
1301916 300 0.520929587357331 173126215
1302216 300 0.5338630377524144 175652465
1302516 300 0.5296909569798068 181279113
1302816 300 0.5191754170324846 173405086
1303116 300 0.5254525021949078 173405086
1303416 300 0.5317580333625987 173388682
1303716 300 0.5201425812115891 173241045
1304016 300 0.526713608428446 173109811
1304316 300 0.5312365232660229 173109811
1304616 300 0.5179048287971906 173913618
1304916 300 0.5348681299385425 191745007
1305216 300 0.529397014925373 184806021
1305516 300 0.523508691834943 172207578
1305816 300 0.5314356453028972 172223983
1306116 300 0.5312649692712906 172092749
1306416 300 0.5265050043898155 170911645
1306716 300 0.5364516242317823 168926734
1307016 300 0.529406496927129 168926734
1307316 300 0.5209390693590868 168926734
1307616 300 0.5255757682177349 175357189
1307916 300 0.535332748024583 189546841
1308216 300 0.5188909569798068 172223983
1308516 300 0.5099968393327481 172371621
1308816 300 0.5364421422300264 172371621
1309116 300 0.5091150131694469 172355217
1309416 300 0.5213847234416155 172371621
1309716 300 0.5108122914837576 172240387
1310016 300 0.5319571553994732 172109153
1310316 300 0.5429467954345918 178391970
1310616 300 0.5215743634767339 178654438
1310916 300 0.5033309920983319 172880152
1311216 300 0.5350482879719051 170517943
1311516 300 0.5410598770851623 169730541
1311816 300 0.5244948200175592 169878179
1312116 300 0.5229018437225637 169746945
1312416 300 0.535958560140474 169993008
1312716 300 0.5490057945566286 186790932
1313016 300 0.5442173836698858 185248935
1313316 300 0.5343940298507462 170813220
1313616 300 0.527225636523266 169484478
1313916 300 0.5130121158911325 167745630
1314216 300 0.5232621597892888 167614396
1314516 300 0.5218967515364356 167483163
1314816 300 0.5338345917471466 170239072
1315116 300 0.543297629499561 180737774
1315416 300 0.5065548726953467 173142619
1315716 300 0.5023827919227392 173142619
1316016 300 0.5114570676031607 172486450
1316316 300 0.30931975417032487 170403114
1316616 300 0.266100790166813 169878179
1316916 300 0.2106310798946444 167499567
1317216 300 0.17477014925373133 182607855
1317516 300 0.1612488147497805 181672815
1317816 300 0.1551708516242318 172355217
1318116 300 0.15826198419666374 170255476
1318416 300 0.15665004389815632 169336840
1318716 300 0.15177629499561018 168155736
1319016 300 0.15385285338015806 166449696
1319316 300 0.1522124670763828 167762034
1319616 300 0.16037647058823526 189415608
1319916 300 0.1604238805970149 175767295
1320216 300 0.15354942932396837 168057310
1320516 300 0.1568776119402985 167926077
1320816 300 0.15173836698858648 167926077
1321116 300 0.1538718173836699 167909672
1321416 300 0.15127374890254608 167909672
1321716 300 0.15742756804214222 168319778
1322016 300 0.158356804214223 168057310
1322316 300 0.15552168568920108 167926077
1322616 300 0.15083757682177348 168057310
1322916 300 0.14988937664618085 168040906
1323216 300 0.15606215978928883 168057310
1323516 300 0.15854644424934153 168172140
1323816 300 0.16794310798946444 187742377
