573563 300 0.15736119402985077 173355874
573863 300 0.1548294995610184 163136044
574163 300 0.15515188762071994 163021214
574463 300 0.15675434591747148 162496279
574763 300 0.15722844600526778 156459525
575063 300 0.15381492537313432 156721993
575363 300 0.15832835820895522 156082228
575663 300 0.16261422300263392 155721335
575963 300 0.16602774363476738 156361100
576263 300 0.16413134328358212 156229866
576563 300 0.16332537313432835 156000207
576863 300 0.1565457418788411 156115036
577163 300 0.17587954345917473 170665582
577463 300 0.1706075504828797 180508115
577763 300 0.16021527655838455 172027132
578063 300 0.16223494293239685 170304688
578363 300 0.1673172958735733 164825679
578663 300 0.16498472344161544 160396539
578963 300 0.16982054433713784 158706904
579263 300 0.16762071992976293 156475929
579563 300 0.1674215978928885 156869631
579863 300 0.1690809482001756 156475929
580163 300 0.1688249341527656 156344695
580463 300 0.17350904302019313 162889980
580763 300 0.17787076382791925 168286969
581063 300 0.16806637401229152 162118982
581363 300 0.17194451273046532 156771205
581663 300 0.1691947322212467 156623568
581963 300 0.17232379280070237 168828309
582263 300 0.16714661984196663 154933933
582563 300 0.16551571553994734 170288284
582863 300 0.16588551360842846 156918843
583163 300 0.16407445127304654 156771205
583463 300 0.16573380158033363 156771205
583763 300 0.16574328358208956 156508738
584063 300 0.16019631255487268 156639972
584363 300 0.1637141352063213 156508738
584663 300 0.17990939420544338 159789582
584963 300 0.18287726075504832 179786329
585263 300 0.17542440737489023 168073714
585563 300 0.17028516242317823 154294168
585863 300 0.1691947322212467 154589444
586163 300 0.16585706760316066 154179338
586463 300 0.163372783143108 154195743
586763 300 0.16961194029850746 154326976
587063 300 0.16574328358208956 154064509
587363 300 0.1675353819139596 154064509
587663 300 0.17114802458296752 155360442
587963 300 0.17847761194029851 168090118
588263 300 0.17169798068481124 166646547
588563 300 0.17232379280070237 154474614
588863 300 0.16159016681299387 154458210
589163 300 0.16580965759438107 154458210
589463 300 0.1690904302019315 162348641
589763 300 0.16390377524143987 154720678
590063 300 0.161315188762072 154605848
590363 300 0.15724741000877965 154343380
590663 300 0.1612867427568042 154064509
590963 300 0.16812326602282704 157345353
591263 300 0.1679336259877085 157328949
591563 300 0.15913432835820898 154589444
591863 300 0.17204881474978054 154851912
592163 300 0.18490640913081652 156164249
592463 300 0.16665355575065846 155508080
592763 300 0.16215908691834943 155376847
593063 300 0.1652502194907814 155229208
593363 300 0.16022475856014046 154999549
593663 300 0.16037647058823526 154868316
593963 300 0.16461492537313432 164038276
594263 300 0.1668337137840211 170075029
594563 300 0.16046180860403864 155622910
594863 300 0.16277541703248463 155622910
595163 300 0.15689657594381037 155229208
595463 300 0.1587929762949956 155229208
595763 300 0.15676382791922738 155245613
596063 300 0.16117295873573312 155245613
596363 300 0.15936189640035117 155262017
596663 300 0.17099631255487271 166810590
596963 300 0.16552519754170325 179802733
597263 300 0.1662363476733977 160921474
597563 300 0.16269956101843722 158149160
597863 300 0.16700438981562774 158001522
598163 300 0.16269007901668128 158132756
598463 300 0.16174187884108868 158526457
598763 300 0.16350553116769098 158263990
599063 300 0.16573380158033363 158132756
599363 300 0.18485899912203688 171666239
599663 300 0.1792646180860404 167335524
599963 300 0.17715961369622477 157755459
600263 300 0.16963090430201933 157755459
600563 300 0.17498823529411764 157640629
600863 300 0.1697731343283582 157509396
601163 300 0.1687585601404741 157640629
601463 300 0.16505109745390695 157476587
601763 300 0.16866374012291485 157509396
602063 300 0.17770956979806846 174290914
602363 300 0.17243757682177352 164448381
602663 300 0.16814223002633888 158411628
602963 300 0.1686163301141352 158428032
603263 300 0.16866374012291485 158296798
603563 300 0.17163160667251978 158149160
603863 300 0.173916769095698 158149160
604163 300 0.1666914837576822 158165564
604463 300 0.1743150131694469 158050735
604763 300 0.19373415276558384 166449696
605063 300 0.1724565408252853 163431319
605363 300 0.1724660228270413 158165564
605663 300 0.18175838454784898 158854542
605963 300 0.1772828797190518 158198373
606263 300 0.17054117647058825 158313202
606563 300 0.16887234416154523 158706904
606863 300 0.17367971905179982 157886692
607163 300 0.17784231782265147 163660979
607463 300 0.1809713784021071 175209551
607763 300 0.16953608428446007 158821733
608063 300 0.16929903424056192 158444436
608363 300 0.17136611062335383 158985775
608663 300 0.17418226514486393 158854542
608963 300 0.16894820017559262 158460840
609263 300 0.16519332748024582 158706904
609563 300 0.16755434591747148 160412943
609863 300 0.1768846356453029 173913618
610163 300 0.16631220368744512 164596020
610463 300 0.15784477611940298 158296798
610763 300 0.16888182616330116 158428032
611063 300 0.16706128182616328 158165564
611363 300 0.16484249341527657 158181969
611663 300 0.17062651448639157 158198373
611963 300 0.170702370500439 158198373
612263 300 0.1831996488147498 171715452
612563 300 0.17773801580333626 165153763
612863 300 0.16948867427568043 156098632
613163 300 0.17213415276558383 156065824
613463 300 0.17722598770851627 155950994
613763 300 0.17037998244073752 155803356
614063 300 0.17144196663740122 155540889
614363 300 0.1652597014925373 155294826
614663 300 0.16441580333625988 156213462
614963 300 0.18237471466198418 169615711
615263 300 0.17558560140474103 163857829
615563 300 0.16541141352063213 155311230
615863 300 0.16574328358208956 154933933
616163 300 0.16946022827041263 155065166
616463 300 0.1641787532923617 156361100
616763 300 0.16351501316944686 156098632
617063 300 0.16849306409130818 155967399
617363 300 0.1666630377524144 156098632
617663 300 0.17899912203687446 161085516
617963 300 0.17272203687445126 162660321
618263 300 0.16610359964881474 156361100
618563 300 0.16542089552238806 156098632
618863 300 0.16567690956979805 155983803
619163 300 0.223156804214223 156246270
619463 300 0.29558033362598773 156639972
619763 300 0.3069587357330992 156886035
620063 300 0.29866198419666373 158050735
620363 300 0.30931975417032487 163168852
620663 300 0.30505285338015803 163431319
620963 300 0.30230307287093944 158346011
621263 300 0.2965854258121159 158198373
621563 300 0.29716382791922735 157919501
621863 300 0.22606777875329237 158181969
622163 300 0.15815768217734855 157935905
622463 300 0.15456400351185254 157804671
622763 300 0.15339771729587356 157558608
623063 201 0.11834275680421423 77752067
623264 7 0.11838068481123792 77752067
623271 9 0.11834275680421423 77768472
623280 1 0.11834275680421423 77768472
623281 82 0.12113046532045654 85215988
623363 94 0.12439227392449519 93385291
623457 1 0.12439227392449519 93385291
623458 205 0.1419908691834943 123864336
623663 300 0.15757928007023703 159034988
623963 300 0.15696294995610183 155376847
624263 300 0.16038595258999125 155508080
624563 300 0.15685864793678664 156033015
624863 300 0.1565078138718174 155491676
625163 300 0.15745601404741003 155262017
625463 300 0.15707673397717295 155409655
625763 300 0.16195048287971905 158296798
626063 300 0.16598033362598774 181787644
626363 300 0.16051870061457418 171945111
626663 300 0.1600540825285338 160150475
626963 300 0.1569724319578578 160166880
627263 300 0.16569587357330992 159904412
627563 300 0.1591058823529412 159773178
627863 300 0.1593239683933275 159510711
628163 300 0.15804389815627742 159248243
628463 300 0.15933345039508343 159248243
628763 300 0.16926110623353818 171059283
629063 300 0.16353397717295873 169878179
629363 300 0.15887831431079896 159231839
629663 300 0.1548200175592625 158952967
629963 300 0.16014890254609307 174979892
630263 300 0.15548375768217734 159625540
630563 300 0.1645011413520632 159510711
630863 300 0.15959894644424935 159248243
631163 300 0.16146690079016682 159231839
631463 300 0.16927058823529412 171059283
631763 300 0.16596136962247587 159773178
632063 300 0.15751290605794557 159625540
632363 300 0.157588762071993 159641944
632663 300 0.15981703248463566 159773178
632963 300 0.15660263388937667 160035646
633263 300 0.15238314310798948 159904412
633563 300 0.15333134328358208 159904412
633863 300 0.15508551360842845 159658348
634163 300 0.16622686567164183 171863090
634463 300 0.16254784899034241 172912960
634763 300 0.15417524143985953 160691814
635063 300 0.15010746268656716 160708219
635363 300 0.15244003511852502 160445751
635663 300 0.15139701492537316 160183284
635963 300 0.15006005267778752 160183284
636263 300 0.1504393327480246 160314517
636563 300 0.15870763827919224 160314517
636863 300 0.17178331870061458 167532375
637163 300 0.1674500438981563 166088803
637463 300 0.1570482879719052 160052050
637763 300 0.16304091308165058 160052050
638063 300 0.1593713784021071 160314517
638363 300 0.15746549604916596 160330921
638663 300 0.16104969271290606 160314517
638963 300 0.15921018437225637 160445751
639263 300 0.1662363476733977 179474649
639563 300 0.16524073748902546 177768610
639863 300 0.16227287093942053 157689842
640163 300 0.1617134328358209 156639972
640463 300 0.16187462686567164 156771205
640763 300 0.16308832309043023 157033673
641063 300 0.16398911325724322 156902439
641363 300 0.16677682177348552 156525142
641663 300 0.16083160667251975 156656376
641963 300 0.16039543459174713 156525142
642263 300 0.17679929762949956 162955597
642563 300 0.17129973661106232 170304688
642863 300 0.16752589991220368 164267935
643163 300 0.16693801580333628 157312545
643463 300 0.17037998244073752 174012043
643763 300 0.1699912203687445 157197715
644063 300 0.16351501316944686 156935248
644363 300 0.16155223880597014 156804014
644663 300 0.16964986830553117 156820418
644963 300 0.17556663740122916 169304031
645263 300 0.17586057945566286 157739055
645563 300 0.16675785776997365 157607821
645863 300 0.15971273046532045 157214119
646163 300 0.16797155399473224 157082886
646463 300 0.1644252853380158 157082886
646763 300 0.16336330114135206 156968056
647063 300 0.1699438103599649 156836822
647363 300 0.17032309043020194 160002837
647663 300 0.17055065847234419 164727253
647963 300 0.17413485513608432 157919501
648263 300 0.16904302019315187 156820418
648563 300 0.167867251975417 157017269
648863 300 0.1624340649692713 158001522
649163 300 0.16699490781387183 158132756
649463 300 0.16800948200175592 158017926
649763 300 0.16766812993854255 158296798
650063 300 0.17100579455662865 174176085
650363 300 0.16874907813871817 164825679
650663 300 0.16010149253731343 158772520
650963 300 0.16473819139596138 158378819
651263 300 0.16598981562774365 157985118
651563 300 0.16675785776997365 157853884
651863 300 0.16802844600526778 157214119
652163 300 0.17143248463564534 157214119
652463 300 0.17999473222124668 158116351
652763 300 0.19161018437225638 169271223
653063 300 0.17807936786654963 169156393
653363 300 0.16245302897278316 157739055
653663 300 0.16715610184372257 157575012
653963 300 0.16397963125548726 157575012
654263 300 0.16305987708516245 157443778
654563 300 0.20088358208955223 157460183
654863 300 0.5749864793678666 157853884
655163 300 0.5957994732221247 158510053
655463 300 0.6 175029105
655763 300 0.5785422300263389 174914275
656063 300 0.5430700614574188 161397196
656363 300 0.537769622475856 161512026
656663 300 0.545478489903424 173716767
656963 300 0.5157903424056189 161528430
657263 300 0.5224182616330114 161512026
657563 300 0.5189383669885865 161922131
657863 300 0.519128007023705 162315832
658163 300 0.5324122914837577 175045509
658463 300 0.514756804214223 162430662
658763 300 0.4904165057067603 162709534
659063 300 0.49744266900790163 162676725
659363 300 0.49328955223880594 162676725
659663 300 0.500875153643547 176078975
659963 300 0.489563125548727 163086831
660263 300 0.49220860403863037 162939193
660563 300 0.4870788410886743 163070427
660863 300 0.4839497805092186 164382765
661163 300 0.4863202809482001 175800103
661463 300 0.475283230904302 165580273
661763 300 0.47632625109745386 165727911
662063 300 0.45652783143107983 165711507
662363 300 0.46083266022827046 165973974
662663 300 0.4512084284460053 167023844
662963 300 0.4568881474978051 167007440
663263 300 0.45052572431957855 166876206
663563 300 0.44799402985074627 167056653
663863 300 0.460756804214223 178080290
664163 300 0.45465039508340643 178342758
664463 300 0.45066795434591744 167187886
664763 300 0.4388533801580334 167319120
665063 300 0.42557857769973656 168368991
665363 300 0.4263276558384547 168368991
665663 300 0.41455100965759434 168368991
665963 300 0.4009158911325724 168631458
666263 300 0.4021485513608428 168500224
666563 300 0.398526426690079 168500224
666863 300 0.430404916593503 174389340
667163 300 0.4047086918349429 184658383
667463 300 0.3940414398595259 178605225
667763 300 0.4002900790166813 169287627
668063 300 0.38835223880597014 169271223
668363 300 0.38335522388059695 168762692
668663 300 0.3734465320456541 167844055
668963 300 0.40054609306409134 167844055
669263 300 0.3868446005267779 171649835
669563 300 0.3853654082528534 180573732
669863 300 0.371910447761194 167975289
670163 300 0.39347251975417036 163529745
670463 300 0.3906184372256365 177309292
670763 300 0.3887599648814749 163660979
671063 300 0.39559648814749776 163529745
671363 300 0.37064934152765583 163792212
671663 300 0.37365513608428447 165088146
671963 300 0.3782633889376646 174274510
672263 300 0.3810890254609306 163907042
672563 300 0.3676056189640035 163907042
672863 300 0.37131308165057064 163907042
673163 300 0.3649885864793678 163907042
673463 300 0.36271290605794554 163513341
673763 300 0.3661928007023704 162463470
674063 300 0.3685538191395961 162594704
674363 300 0.3742050921861282 162594704
674663 300 0.36801334503950833 162725938
674963 300 0.38348797190517997 175586848
675263 300 0.3819708516242318 174126873
675563 300 0.36525408252853375 162725938
675863 300 0.3624948200175592 162594704
676163 300 0.3644670763827919 162578300
676463 300 0.3590718173836699 162594704
676763 300 0.36364214223002633 162857172
677063 300 0.364580860403863 162857172
677363 300 0.3665910447761194 162857172
677663 300 0.38614293239683933 179261394
677963 300 0.3814777875329236 168910330
678263 300 0.36839262510974535 163398511
678563 300 0.37314310798946443 164563211
678863 300 0.36582300263388934 164169510
679163 300 0.3692839332748024 164300743
679463 300 0.2796695346795435 83624779
679763 101 0.274454433713784 82574908
679864 1 0.2745208077260755 82574908
679865 3 0.2745208077260755 82591312
679868 11 0.274454433713784 82591312
679879 1 0.274454433713784 82591312
679880 173 0.2766068481123793 89694341
680053 1 0.2766068481123793 89694341
680054 9 0.30490114135206325 92089357
680063 300 0.2996481123792801 136561204
680363 300 0.36368007023705 166958227
680663 300 0.3457116769095698 162381450
680963 300 0.34428937664618087 159592732
681263 300 0.35021562774363474 159461498
681563 300 0.34230763827919225 159609136
681863 300 0.3475891132572432 159625540
682163 300 0.3523870061457419 159756774
682463 300 0.33753819139596136 159625540
682763 300 0.3568056189640035 178802076
683063 300 0.34477295873573305 179195777
683363 300 0.337073573309921 162020556
683663 300 0.34072414398595263 162693130
683963 300 0.3415395961369623 162824364
684263 300 0.3470012291483758 162807959
684563 300 0.3436540825285338 162824364
684863 300 0.34017418788410886 162561896
685163 300 0.3423550482879719 161905727
685463 300 0.3458918349429324 168598650
685763 300 0.3414352941176471 179228586
686063 300 0.3348168568920105 162676725
686363 300 0.33144126426690074 162020556
686663 300 0.32774328358208954 184855234
686963 300 0.3260649692712906 170452327
687263 300 0.32174117647058825 168615054
687563 300 0.31972151009657596 166777781
687863 300 0.3248892010535558 167548779
688163 300 0.3190103599648815 184494341
688463 300 0.3182897278314311 166515313
688763 300 0.32458577699736607 165990378
689063 300 0.3158812993854258 165990378
689363 300 0.3156442493415276 166515313
689663 300 0.3234289727831431 167302716
689963 300 0.32598911325724317 183854576
690263 300 0.34189991220368743 186331614
690563 300 0.3320196663740123 176111784
690863 300 0.32614082528533805 170468731
691163 300 0.32908024582967516 170731198
691463 300 0.32908024582967516 168237757
691763 300 0.33463669885864794 166400484
692063 300 0.3324179104477612 166679356
692363 300 0.33122317822651454 167204290
692663 300 0.3545109745390694 183739747
692963 300 0.3467357330992098 183870981
693263 300 0.3407620719929763 176505484
693563 300 0.3323799824407375 175980550
693863 300 0.3370166812993854 172437238
694163 300 0.3417102721685689 165891953
694463 300 0.3428860403863038 162086173
694763 300 0.3314886742756804 162479875
695063 300 0.3417482001755926 162873576
695363 300 0.3535817383669886 171666239
695663 300 0.34105601404741 166400484
695963 300 0.32830272168568925 162725938
696263 300 0.33435223880597015 162725938
696563 300 0.32584688323090427 162725938
696863 300 0.31892502194907807 162725938
697163 300 0.3267097453906936 162332237
697463 300 0.3335841966637401 162332237
697763 300 0.35121123792800696 181902474
698063 300 0.35240597014925373 189514033
698363 300 0.338742405618964 179540266
698663 300 0.33152660228270414 173765980
698963 300 0.35086040386303774 172847343
699263 300 0.34025952589991215 169960200
699563 300 0.3324748024582968 169960200
699863 300 0.32918454784899037 169960200
700163 300 0.33478841088674277 167712822
700463 300 0.35275680421422295 180967433
700763 300 0.3482907813871818 178998927
701063 300 0.32830272168568925 163382107
701363 300 0.33916909569798065 159067797
701663 297 0.2452972783143108 80343934
701960 1 0.2452972783143108 80360338
701961 2 0.2452972783143108 80360338
701963 7 0.26572151009657596 80491572
701970 4 0.26572151009657596 80475168
701974 1 0.26572151009657596 80475168
701975 176 0.26799719051799825 87528984
702151 1 0.26799719051799825 87528984
702152 111 0.2827132572431958 101899082
702263 300 0.2948502194907814 151620280
702563 300 0.32005338015803336 156164249
702863 300 0.3137099209833187 156295483
703163 300 0.30867497805092187 156311887
703463 300 0.3086180860403863 156705589
703763 300 0.2952484635645303 157640629
704063 300 0.30145917471466194 157378162
704363 300 0.3044554872695347 157246928
704663 300 0.2951346795434592 157903097
704963 300 0.30693028972783143 165383422
705263 300 0.31240140474100087 180212839
705563 300 0.3006721685689201 176439868
705863 300 0.2975620719929763 169353244
706163 300 0.2942907813871818 169090776
706463 300 0.29785601404741 169369648
706763 300 0.297723266022827 169369648
707063 300 0.3045787532923618 166876206
707363 300 0.29954381035996486 165301401
707663 300 0.305308867427568 172519258
707963 300 0.2883929762949956 176325038
708263 300 0.1910791922739245 169369648
708563 300 0.15536997366110625 165957570
708863 300 0.15579666374012294 180524519
709163 300 0.15422265144863917 169123585
709463 300 0.1562707638279192 168467416
709763 300 0.1612014047410009 162168195
710063 300 0.15994978050921863 161118324
710363 300 0.16516488147497801 174241702
710663 300 0.16461492537313432 164530402
710963 300 0.16227287093942053 164546807
711263 300 0.16163757682177352 161790897
711563 300 0.15899209833187006 160626198
711863 300 0.15323652326602286 160593389
712163 300 0.1562707638279192 160609794
712463 300 0.15198489903424056 160593389
712763 300 0.1543648814749781 163136044
713063 300 0.16520280948200175 183854576
713363 300 0.15628972783143108 178752863
713663 300 0.15305636523266022 173880809
713963 300 0.1555406496927129 172962172
714263 300 0.15848007023705005 182919535
714563 300 0.15461141352063215 170321093
714863 300 0.15646988586479366 170321093
715163 300 0.1543364354697103 170321093
715463 300 0.155654433713784 170321093
715763 300 0.16866374012291485 187512718
716063 300 0.16692853380158032 169779754
716363 300 0.15968428446005267 169927392
716663 300 0.15401404741000876 168615054
716963 300 0.1594093064091308 166777781
717263 300 0.1544502194907814 167171482
717563 300 0.15446918349429326 166777781
717863 300 0.15454503950834067 166515313
718163 300 0.16039543459174713 165071742
718463 300 0.16647339771729588 178588821
718763 300 0.1630978050921861 165613081
719063 300 0.1588972783143108 159297456
719363 300 0.14774644424934152 159034988
719663 300 0.14768007023705007 159166222
719963 300 0.15081861281826162 159067797
720263 300 0.15246848112379283 159051392
720563 300 0.15048674275680424 159182626
720863 300 0.15016435469710274 159182626
721163 300 0.15537945566286218 165219380
721463 300 0.16162809482001758 178736459
721763 300 0.15416575943810357 177834226
722063 300 0.14669394205443373 172962172
722363 300 0.14306233538191396 172552067
722663 300 0.15306584723441616 185429382
722963 300 0.15384337137840212 166941823
723263 300 0.1534546093064091 166662951
723563 300 0.1496428446005268 166548122
723863 300 0.15117892888498685 166400484
724163 300 0.15593889376646183 172962172
724463 300 0.15967480245829677 176259421
724763 300 0.15445970149253732 170206263
725063 300 0.14445618964003512 167040249
725363 300 0.14394416154521508 166006782
725663 300 0.14709218612818262 165990378
725963 300 0.1503350307287094 166121612
726263 300 0.15356839332748023 164940508
726563 300 0.15516136962247587 162184599
726863 300 0.15215557506584723 160347326
727163 300 0.16177032484635645 179409032
727463 300 0.16185566286215983 180048796
727763 300 0.15668797190517997 173618341
728063 300 0.15670693590869184 186725315
728363 300 0.15115996488147498 167712822
728663 300 0.15360632133450397 163775808
728963 300 0.15370114135206325 163890638
729263 300 0.1549527655838455 164284339
729563 300 0.1582714661984197 174668212
729863 300 0.16428305531167692 160101262
730163 300 0.1551329236172081 160101262
730463 300 0.1504488147497805 159970029
730763 300 0.15831887620719928 160101262
731063 300 0.1550665496049166 160232496
731363 300 0.154241615452151 160101262
731663 300 0.15640351185250223 159970029
731963 300 0.1519943810359965 159838795
732263 300 0.16767761194029848 171518601
732563 300 0.16177980684811238 171535005
732863 300 0.15618542581211592 159445093
733163 300 0.15409938542581214 159445093
733463 300 0.15593889376646183 159313860
733763 300 0.1555690956979807 159182626
734063 300 0.1556828797190518 159182626
734363 300 0.16200737489025463 159182626
734663 300 0.1588972783143108 161676068
734963 300 0.16848358208955225 167597992
735263 300 0.1582050921861282 159313860
735563 300 0.15768358208955227 158788925
735863 300 0.1589731343283582 158805329
736163 300 0.15566391571553995 158936563
736463 300 0.155142405618964 158936563
736763 300 0.15107462686567164 158936563
737063 300 0.15762669007901667 159445093
737363 300 0.16484249341527657 181246305
737663 300 0.16037647058823526 178473991
737963 300 0.15169095697980683 172601280
738263 300 0.15351150131694472 171928707
738563 300 0.15726637401229152 169320435
738863 300 0.15449762949956103 167351929
739163 300 0.1520323090430202 166170825
739463 300 0.15172888498683054 166039591
739763 300 0.1558630377524144 167220695
740063 300 0.16414082528533805 185970721
740363 300 0.16078419666374014 185445786
740663 300 0.15905847234416157 168122927
740963 300 0.1575318700614574 167876864
741263 300 0.16165654082528533 167614396
741563 300 0.15705776997366108 167597992
741863 300 0.15722844600526778 164317147
742163 300 0.15810079016681297 164218722
742463 300 0.1610402107111501 165383422
742763 300 0.16926110623353818 184806021
743063 300 0.16308832309043023 178900501
743363 300 0.1627943810359965 171157708
743663 300 0.16566742756804215 170239072
743963 300 0.16268059701492535 166958227
744263 300 0.16306935908691836 166433292
744563 300 0.24274661984196663 166564526
744863 300 0.44139455662862165 166958227
745163 300 0.4686647936786655 167499567
745463 300 0.48682282704126423 178391970
745763 300 0.5037766461808604 182197750
746063 300 0.5042791922739245 176554698
746363 300 0.5085840210711149 176817165
746663 300 0.49639964881474974 191121646
746963 300 0.49369727831431076 176554698
747263 300 0.5016052677787532 176685931
747563 300 0.5036344161545215 176554698
747863 300 0.49705390693590873 176817165
748163 300 0.5022690079016682 176685931
748463 300 0.5130690079016681 181393943
748763 300 0.5315020193151887 182328984
749063 300 0.517335908691835 173930022
749363 300 0.5105278314310798 173536320
749663 300 0.5354370500438982 174192489
749963 300 0.5196684811237928 172338812
750263 300 0.5238974539069359 171813877
750563 300 0.5338156277436347 171830281
750863 300 0.5241155399473222 171813877
751163 300 0.5310184372256365 171699048
751463 300 0.5368972783143108 175619656
751763 300 0.5524856892010535 186790932
752063 300 0.5245517120280948 183247620
752363 300 0.5262869183494293 178408374
752663 300 0.5205123792800702 177079632
752963 300 0.4420298507462686 174733828
753263 300 0.27858858647936785 174323723
753563 300 0.427702546093064 171830281
753863 300 0.2775834942932397 171190516
754163 300 0.3421843722563652 170157051
754463 300 0.3889306409130816 187201038
754763 300 0.22848568920105353 170796816
755063 300 0.19494784899034243 161216749
755363 300 0.23795820895522388 161200345
755663 300 0.18722001755926254 161200345
755963 300 0.18459350307287092 161331579
756263 300 0.1904628621597893 161347983
756563 300 0.18650886742756806 161347983
756863 300 0.1871062335381914 161610451
757163 300 0.18640456540825281 161479217
757463 300 0.18653731343283583 177735801
757763 300 0.18803546971027219 166859802
758063 300 0.18989394205443372 166728568
758363 300 0.18945776997366112 166597335
758663 300 0.20452467076382794 165547464
758963 300 0.20667708516242317 179064543
759263 300 0.20122493415276557 167778438
759563 300 0.1891733099209833 166859802
759863 300 0.18980860403863037 166728568
760163 300 0.19401861281826163 166203633
760463 300 0.1884906057945566 160970686
760763 300 0.18651834942932397 160429347
761063 300 0.19180930640913083 160429347
761363 300 0.18640456540825281 160298113
761663 300 0.19999227392449517 176439868
761963 300 0.18977067603160666 182345388
762263 300 0.1900077260755048 173044194
762563 300 0.18482107111501317 172634088
762863 300 0.1915532923617208 172765322
763163 300 0.18894574187884108 172765322
763463 300 0.18317120280948201 172650492
763763 300 0.1839961369622476 171321750
764063 300 0.18946725197541703 166318463
764363 300 0.199755223880597 180114414
764663 300 0.19495733099209836 182082920
764963 300 0.19319367866549605 167647204
765263 300 0.18910693590869185 166974631
765563 300 0.19005513608428445 166876206
765863 300 0.1896758560140474 164251531
766163 300 0.19163863037752418 163989063
766463 300 0.18892677787532922 163726596
766763 300 0.18843371378402107 161265962
767063 300 0.19694855136084286 179491053
767363 300 0.19553573309920982 184986468
767663 300 0.18820614574187886 173306661
767963 300 0.18669850746268657 173175427
768263 300 0.18464091308165057 173044194
768563 300 0.18935346795434596 173060598
768863 300 0.18517190517998242 170550752
769163 300 0.18758981562774363 166613739
769463 300 0.19215065847234417 166351271
769763 300 0.21511606672519756 166367676
770063 300 0.5269411764705881 170813220
770363 300 0.24781000877963122 182903131
770663 300 0.5486265144863915 173191832
770963 300 0.5063178226514485 172273195
771263 300 0.5504849868305531 172404429
771563 300 0.5529123792800702 170550752
771863 300 0.5567431079894645 170157051
772163 300 0.540851273046532 170304688
772463 300 0.5540597014925372 170288284
772763 300 0.41247445127304655 87611005
773063 41 0.39784372256365225 99946980
773104 8 0.3978911325724319 99946980
773112 9 0.39784372256365225 99963384
773121 173 0.39912379280070237 107558539
773294 1 0.39912379280070237 107558539
773295 1 0.39912379280070237 107558539
773296 67 0.41476909569798065 119435196
773363 300 0.4360846356453029 158165564
773663 300 0.32246180860403867 164349956
773963 300 0.5512151009657594 164481190
774263 300 0.5463982440737489 164481190
774563 300 0.5438665496049165 164743657
774863 300 0.5404909569798068 164760061
775163 300 0.5393531167690957 164628828
775463 300 0.5478869183494293 164628828
775763 300 0.5609246707638279 178277140
776063 300 0.4875813871817383 174865062
776363 300 0.2965095697980685 162004152
776663 300 0.18683125548726956 161380792
776963 300 0.18831992976294995 180196435
777263 300 0.23780649692712907 166548122
777563 300 0.25724460052677783 165498252
777863 300 0.2437801580333626 163250873
778163 300 0.2838985074626866 165219380
778463 300 0.19318419666374012 176882782
778763 300 0.18035504828797191 167286312
779063 300 0.1776716417910448 166105208
779363 300 0.1742770851624232 165859144
779663 300 0.17287374890254606 165711507
779963 300 0.17618296751536436 164645232
780263 300 0.18123687445127304 162611109
780563 300 0.185740825285338 164989721
780863 300 0.1768846356453029 169960200
781163 300 0.17633467954345916 163004810
781463 300 0.17564249341527655 163119639
781763 300 0.17412537313432833 163119639
782063 300 0.18007058823529412 162840768
782363 300 0.1762777875329236 162857172
782663 300 0.17785179982440738 162709534
782963 300 0.1841478489903424 164054680
783263 300 0.18429956101843725 189743692
783563 300 0.18492537313432836 180311264
783863 300 0.1720014047410009 170599965
784163 300 0.17293064091308163 170075029
784463 300 0.17580368744512734 168893926
784763 300 0.1748649692712906 167187886
785063 300 0.17301597892888498 167335524
785363 300 0.17301597892888498 167220695
785663 300 0.17212467076382792 167335524
785963 300 0.1874760316066725 182673472
786263 300 0.17693204565408255 172699705
786563 300 0.16912835820895525 167597992
786863 300 0.2544474100087796 167712822
787163 300 0.34548410886742753 167729226
787463 300 0.21449973661106236 165645889
787763 300 0.18541843722563653 163546149
788063 300 0.25124249341527655 163546149
788363 300 0.48110517998244073 163825021
788663 300 0.5308382791922739 171567814
788963 300 0.5440087796312554 184018618
789263 300 0.5291220368744513 173405086
789563 300 0.5243146619841966 173126215
789863 300 0.5296625109745391 173372278
790163 300 0.5334837576821774 173536320
790463 300 0.5475076382791922 173126215
790763 300 0.5391350307287094 173011386
791063 300 0.5447768217734855 170534348
791363 300 0.5483610184372255 173011386
791663 300 0.5568663740122914 180622944
791963 300 0.5436200175592625 171961515
792263 300 0.5623469710272168 166712164
792563 300 0.5519072870939421 166055995
792863 300 0.5134103599648815 165793528
793163 300 0.2610279192273925 164497594
793463 300 0.4783079894644425 162922789
793763 300 0.1924635645302897 162397854
794063 300 0.37177769973661107 168040906
794363 300 0.17547181738366988 166203633
794663 300 0.16884389815627743 159789582
794963 300 0.16422616330114134 159395881
795263 300 0.1724660228270413 159395881
795563 300 0.1760597014925373 159133413
795863 300 0.16598981562774365 159002179
796163 300 0.17272203687445126 159133413
796463 300 0.17639157155399474 159395881
796763 300 0.17905601404741 179080948
797063 300 0.17195399473222125 175012701
797363 300 0.1611065847234416 170813220
797663 300 0.1559009657594381 170796816
797963 300 0.16324951712028096 170025817
798263 300 0.16092642669007903 167269908
798563 300 0.16605618964003513 163857829
798863 300 0.16741211589113258 160970686
799163 300 0.17050324846356454 160839453
799463 300 0.17870517998244076 172912960
799763 300 0.17786128182616331 181049454
800063 300 0.17509253731343286 171600622
800363 300 0.1713945566286216 168975946
800663 300 0.17140403863037754 167926077
800963 300 0.1659044776119403 165563868
801263 300 0.16415978928884986 165432635
801563 300 0.16331589113257242 166613739
801863 300 0.1823367866549605 185773870
802163 300 0.16708972783143108 176981207
802463 300 0.1669569798068481 169238414
802763 300 0.17137559262510974 168844713
803063 300 0.16836979806848112 168729883
803363 300 0.16795258999122037 164776466
803663 300 0.17126180860403864 161758089
803963 300 0.169156804214223 160708219
804263 300 0.18497278314310797 179999584
804563 300 0.17458999122036872 177374908
804863 300 0.1699438103599649 171338155
805163 300 0.17519683933274802 169369648
805463 300 0.16567690956979805 169238414
805763 300 0.17134714661984196 166876206
806063 300 0.1692231782265145 160855857
806363 300 0.17881896400351185 163480532
806663 300 0.1869260755048288 175554040
806963 300 0.17980509218612817 171617026
807263 300 0.1806489903424056 171748260
807563 300 0.1831048287971905 166761377
807863 300 0.1784017559262511 164776466
808163 300 0.17613555750658472 163201660
808463 300 0.17613555750658472 159395881
808763 300 0.17765267778753294 160445751
809063 300 0.20008709394205446 179097352
809363 300 0.1911171202809482 176997612
809663 300 0.19020684811237928 171748260
809963 300 0.19298507462686568 171748260
810263 300 0.1887086918349429 171617026
810563 300 0.18015592625109747 169894583
810863 300 0.18639508340649694 168828309
811163 300 0.18740017559262512 166072399
811463 300 0.19051027216856894 173159023
811763 300 0.18503915715539948 170025817
812063 300 0.18514345917471467 160068454
812363 300 0.19253942054433712 159953625
812663 300 0.19544091308165057 159838795
812963 300 0.19423669885864794 159723966
813263 300 0.18631922739244952 159691157
813563 300 0.19100333625987706 164415573
813863 300 0.20760632133450396 181738432
814163 300 0.19579174714661987 171370963
814463 300 0.18798805970149254 171370963
814763 300 0.19127831431079895 171239730
815063 300 0.1883388937664618 169796158
815363 300 0.19045338015803337 167565184
815663 300 0.18868024582967516 167581588
815963 300 0.19546935908691837 167450354
816263 300 0.20091202809482 182935940
816563 300 0.19817172958735735 179655096
816863 300 0.19144899034240562 170616369
817163 300 0.18959051799824406 168385395
817463 300 0.194615978928885 180852604
817763 300 0.18765618964003514 168122927
818063 300 0.1874570676031607 165235784
818363 300 0.1880449517120281 164694445
818663 300 0.19022581211589112 164825679
818963 300 0.19017840210711148 175455615
819263 300 0.18943880597014925 164956912
819563 300 0.18808287971905183 164825679
819863 300 0.1849348551360843 164842083
820163 300 0.1824979806848112 164842083
820463 300 0.18375908691834944 164842083
820763 300 0.18369271290605796 164710849
821063 300 0.18989394205443372 166695760
821363 300 0.19912941176470592 180458902
821663 300 0.19190412642669005 174405744
821963 300 0.19479613696224757 169533690
822263 300 0.19516593503072868 166892610
822563 300 0.19199894644424934 166006782
822863 300 0.18365478489903422 160888665
823163 300 0.18550377524143988 158001522
823463 300 0.19074732221246707 158788925
823763 300 0.21199648814749783 172306004
824063 300 0.19727093942054433 173355874
824363 300 0.1937625987708516 170599965
824663 300 0.19348762071992978 190941200
824963 300 0.18913538191395965 170337497
825263 300 0.19334539069359086 166138016
825563 300 0.19030166812993854 161807302
825863 300 0.18928709394205445 161807302
826163 300 0.1990251097453907 180967433
826463 300 0.20359543459174714 168762692
826763 300 0.1951564530289728 168762692
827063 300 0.19286180860403865 167581588
827363 300 0.20087410008779633 165613081
827663 300 0.1929945566286216 165350614
827963 300 0.19037752414398593 165350614
828263 300 0.18953362598770854 165219380
828563 300 0.19832344161545215 165481848
828863 300 0.20806145741878843 174930679
829163 300 0.20088358208955223 164956912
829463 300 0.19878805970149255 159313860
829763 300 0.19961299385425813 159707561
830063 300 0.1949857769973661 159182626
830363 300 0.1972614574187884 159313860
830663 300 0.19500474100087797 159445093
830963 300 0.19763125548726954 162217407
831263 300 0.19911044776119405 175340785
831563 300 0.29835856014047407 171928707
831863 300 0.5614556628621598 172174770
832163 300 0.5980087796312554 171781069
832463 300 0.593694468832309 171387367
832763 300 0.5968424934152766 171256134
833063 300 0.5888112379280069 171124900
833363 300 0.5572172080772607 171518601
833663 300 0.5516986830553117 187529122
833963 300 0.5592842844600526 176505484
834263 300 0.5508547848990343 171288942
834563 300 0.5609436347673398 187561930
834863 300 0.5437527655838456 171157708
835163 300 0.5505039508340649 171157708
835463 300 0.5472705882352941 171157708
835763 300 0.5546191395961368 173126215
836063 300 0.5470525021949079 178375566
836363 300 0.5468059701492537 171272538
836663 300 0.5433829675153643 171256134
836963 300 0.5307150131694469 171272538
837263 300 0.5328294995610184 171141304
837563 300 0.5512056189640034 171157708
837863 300 0.5383195785776997 171157708
838163 300 0.5445397717295873 173930022
838463 300 0.5526374012291484 181279113
838763 300 0.5474791922739245 174176085
839063 300 0.5475171202809481 172584876
839363 300 0.543032133450395 171174112
839663 300 0.5323648814749781 171157708
839963 300 0.5282686567164179 171141304
840263 300 0.5383764705882352 171945111
840563 300 0.5509970149253731 192122304
840863 300 0.5466163301141352 190022564
841163 300 0.54625601404741 170485135
841463 300 0.5415908691834943 170632773
841763 300 0.5367171202809482 187053400
842063 300 0.5331803336259877 173257449
842363 300 0.5403202809482002 173011386
842663 300 0.5312649692712906 171436580
842963 300 0.5269222124670764 171010070
843263 300 0.53596804214223 178621629
843563 300 0.5649829675153644 169845370
843863 300 0.5552923617208076 169828966
844163 300 0.5576818261633012 167729226
844463 300 0.5405194029850746 166662951
844763 300 0.5522296751536435 164218722
845063 300 0.5320804214223003 163677383
845363 300 0.5440846356453028 165924762
845663 300 0.5498496927129061 171813877
845963 300 0.5447294117647059 163677383
846263 300 0.5323838454784898 163825021
846563 300 0.5360438981562774 163529745
846863 300 0.540471992976295 163398511
847163 300 0.5370110623353819 163529745
847463 300 0.5389548726953468 163398511
847763 300 0.5530261633011413 161036303
848063 300 0.5592179104477611 180852604
848363 300 0.5393625987708516 176800761
848663 300 0.5583834942932396 172338812
848963 300 0.5552923617208076 172076344
849263 300 0.5434967515364355 171945111
849563 300 0.5410883230904302 171945111
849863 300 0.5434967515364355 169304031
850163 300 0.5406331870061457 166023187
850463 300 0.553718349429324 185577019
850763 300 0.5405194029850746 178752863
851063 300 0.5394194907813872 171928707
851363 300 0.5457724319578577 169697733
851663 300 0.5433829675153643 168910330
851963 300 0.5300512730465321 165891953
852263 300 0.5308951712028095 164054680
852563 300 0.5205787532923617 163939851
852863 300 0.5244474100087796 163923446
853163 300 0.5300417910447761 171010070
853463 300 0.5225320456540825 166154421
853763 300 0.5186444249341527 163792212
854063 300 0.5193460930640913 163660979
854363 300 0.5199813871817384 163660979
854663 300 0.5123768217734854 163529745
854963 300 0.5184168568920104 162479875
855263 300 0.5193271290605794 160642602
855563 300 0.51180790166813 160511368
855863 300 0.5322226514486391 160527772
856163 300 0.5210244073748903 160429347
856463 300 0.5312744512730465 160429347
856763 300 0.5234707638279192 160429347
857063 300 0.5289798068481123 162102577
857363 300 0.5414770851624232 184264682
857663 300 0.5309330992098331 170222668
857963 300 0.5355982440737489 161954940
858263 300 0.5259171202809482 161823706
858563 300 0.5229682177348551 176259421
858863 300 0.5072186128182616 161561238
859163 300 0.5199719051799824 161692472
859463 300 0.51308797190518 161561238
859763 300 0.5164446005267779 161446409
860063 300 0.5339768217734855 172880152
860363 300 0.5283160667251975 161856514
860663 300 0.5161980684811238 161840110
860963 300 0.5227596136962247 178900501
861263 300 0.53571202809482 167466758
861563 300 0.5302314310798947 167335524
861863 300 0.5206071992976296 167335524
862163 300 0.5396660228270412 167335524
862463 300 0.5301555750658472 182296175
862763 300 0.535190517998244 173273853
863063 300 0.5321942054433714 173257449
863363 300 0.5298995610184372 185084893
863663 300 0.5112674275680421 173273853
863963 300 0.5302314310798947 173011386
864263 300 0.5104993854258121 173126215
864563 300 0.5103192273924495 175209551
864863 300 0.5208252853380158 180065201
865163 300 0.5351620719929763 173109811
865463 300 0.510622651448639 173109811
865763 300 0.5257559262510975 173159023
866063 300 0.5082995610184372 173159023
866363 300 0.509105531167691 173027790
866663 300 0.520929587357331 173126215
866963 300 0.5338630377524144 175652465
867263 300 0.5296909569798068 181279113
867563 300 0.5191754170324846 173405086
867863 300 0.5254525021949078 173405086
868163 300 0.5317580333625987 173388682
868463 300 0.5201425812115891 173241045
868763 300 0.526713608428446 173109811
869063 300 0.5312365232660229 173109811
869363 300 0.5179048287971906 173913618
869663 300 0.5348681299385425 191745007
869963 300 0.529397014925373 184806021
870263 300 0.523508691834943 172207578
870563 300 0.5314356453028972 172223983
870863 300 0.5312649692712906 172092749
871163 300 0.5265050043898155 170911645
871463 300 0.5364516242317823 168926734
871763 300 0.529406496927129 168926734
872063 300 0.5209390693590868 168926734
872363 300 0.5255757682177349 175357189
872663 300 0.535332748024583 189546841
872963 300 0.5188909569798068 172223983
873263 300 0.5099968393327481 172371621
873563 300 0.5364421422300264 172371621
873863 300 0.5091150131694469 172355217
874163 300 0.5213847234416155 172371621
874463 300 0.5108122914837576 172240387
874763 300 0.5319571553994732 172109153
875063 300 0.5429467954345918 178391970
875363 300 0.5215743634767339 178654438
875663 300 0.5033309920983319 172880152
875963 300 0.5350482879719051 170517943
876263 300 0.5410598770851623 169730541
876563 300 0.5244948200175592 169878179
876863 300 0.5229018437225637 169746945
877163 300 0.535958560140474 169993008
877463 300 0.5490057945566286 186790932
877763 300 0.5442173836698858 185248935
878063 300 0.5343940298507462 170813220
878363 300 0.527225636523266 169484478
878663 300 0.5130121158911325 167745630
878963 300 0.5232621597892888 167614396
879263 300 0.5218967515364356 167483163
879563 300 0.5338345917471466 170239072
879863 300 0.543297629499561 180737774
880163 300 0.5065548726953467 173142619
880463 300 0.5023827919227392 173142619
880763 300 0.5114570676031607 172486450
881063 300 0.30931975417032487 170403114
881363 300 0.266100790166813 169878179
881663 300 0.2106310798946444 167499567
881963 300 0.17477014925373133 182607855
882263 300 0.1612488147497805 181672815
882563 300 0.1551708516242318 172355217
882863 300 0.15826198419666374 170255476
883163 300 0.15665004389815632 169336840
883463 300 0.15177629499561018 168155736
883763 300 0.15385285338015806 166449696
884063 300 0.1522124670763828 167762034
884363 300 0.16037647058823526 189415608
884663 300 0.1604238805970149 175767295
884963 300 0.15354942932396837 168057310
885263 300 0.1568776119402985 167926077
885563 300 0.15173836698858648 167926077
885863 300 0.1538718173836699 167909672
886163 300 0.15127374890254608 167909672
886463 300 0.15742756804214222 168319778
886763 300 0.158356804214223 168057310
887063 300 0.15552168568920108 167926077
887363 300 0.15083757682177348 168057310
887663 300 0.14988937664618085 168040906
887963 300 0.15606215978928883 168057310
888263 300 0.15854644424934153 168172140
888563 300 0.16794310798946444 187742377
888863 300 0.16722247585601405 181164284
889163 300 0.15338823529411766 173306661
889463 300 0.1536537313432836 173159023
889763 300 0.15262967515364356 173175427
890063 300 0.1487894644424934 173290257
890363 300 0.14822054433713783 171075687
890663 300 0.15490535557506585 174487765
890963 300 0.17078770851624234 186561273
891263 300 0.15002212467076384 179737116
891563 300 0.1453190517998244 174094064
891863 300 0.1497187006145742 173962830
892163 300 0.1471964881474978 173831596
892463 300 0.14984196663740124 172256791
892763 300 0.15165302897278313 170960857
893063 300 0.15194697102721685 172634088
893363 300 0.16031957857769974 181689219
893663 300 0.1546683055311677 173290257
893963 300 0.15061949078138717 167762034
894263 300 0.15193748902546092 167893268
894563 300 0.14660860403863038 168024502
894863 300 0.1502307287093942 167876864
895163 300 0.1508470588235294 167893268
895463 300 0.1567353819139596 167811247
895763 300 0.17474170324846353 176341443
896063 300 0.16966883230904303 180245647
896363 300 0.1588972783143108 173700363
896663 300 0.16147638279192272 173159023
896963 300 0.15924811237928008 170157051
897263 300 0.1593713784021071 167794843
897563 300 0.15439332748024584 167663609
897863 300 0.15371062335381916 167663609
898163 300 0.17354697102721686 188661013
898463 300 0.16374258121158908 195731233
898763 300 0.15588200175592626 172912960
899063 300 0.15289517120280952 172650492
899363 300 0.15906795434591747 169763349
899663 300 0.15501913959613695 169369648
899963 300 0.1559768217734855 166876206
900263 300 0.1552467076382792 166482505
900563 300 0.15523722563652326 166088803
900863 300 0.16574328358208956 173044194
901163 300 0.16599929762949958 183542896
901463 300 0.1601299385425812 171469389
901763 300 0.1556165057067603 171354559
902063 300 0.15473467954345918 171338155
902363 300 0.15680175592625112 169746945
902663 300 0.15475364354697105 165957570
902963 300 0.15696294995610183 163316490
903263 300 0.15681123792800702 163447724
903563 300 0.16580017559262508 171075687
903863 300 0.16475715539947325 176325038
904163 300 0.16057559262510976 171699048
904463 300 0.155398419666374 170780411
904763 300 0.15512344161545216 168943138
905063 300 0.15123582089552237 168811905
905363 300 0.15631817383669885 164628828
905663 300 0.15454503950834067 163300086
905963 300 0.1627564530289728 171174112
906263 300 0.16408393327480247 185363764
906563 300 0.15663107989464445 171977919
906863 300 0.15284776119402987 171846685
907163 300 0.15741808604038632 171715452
907463 300 0.15957998244073748 171042879
907763 300 0.16292712906057943 169090776
908063 300 0.1634770851624232 168155736
908363 300 0.16446321334503952 166187229
908663 300 0.1668526777875329 184838830
908963 300 0.16000667251975417 177620972
909263 300 0.1588972783143108 172240387
909563 300 0.1654398595258999 172240387
909863 300 0.16551571553994734 168828309
910163 300 0.16208323090430202 166334867
910463 300 0.16046180860403864 164628828
910763 300 0.16227287093942053 163710192
911063 300 0.1756614574187884 174602595
911363 300 0.16866374012291485 173815192
911663 300 0.16616049165935032 171715452
911963 300 0.16331589113257242 171305346
912263 300 0.1609548726953468 171567814
912563 300 0.16232028094820017 171436580
912863 300 0.16137208077260756 169615711
913163 300 0.1687111501316945 166712164
913463 300 0.18068691834942935 188382142
913763 300 0.1713566286215979 179474649
914063 300 0.16415978928884986 168451012
914363 300 0.16346760316066727 168565841
914663 300 0.2120154521510097 168303373
914963 300 0.5131543459174714 167794843
915263 300 0.543032133450395 167384737
915563 300 0.5448526777875329 167253504
915863 300 0.5532063213345039 173421491
916163 300 0.5593980684811238 185380169
916463 300 0.5610669007901667 180130818
916763 300 0.5393057067603161 175406402
917063 300 0.5581748902546092 175521231
917363 300 0.5467111501316944 173552725
917663 300 0.5467585601404741 172256791
917963 300 0.5318338893766462 170304688
918263 300 0.5439329236172081 169894583
918563 300 0.5557854258121159 182361792
918863 300 0.5474697102721685 186183976
919163 300 0.5270075504828797 175685274
919463 300 0.5367076382791922 175554040
919763 300 0.5301271290605795 175685274
920063 300 0.5318528533801581 175931337
920363 300 0.5373334503950834 175554040
920663 300 0.5376084284460052 175554040
920963 300 0.5476688323090431 181197092
921263 300 0.5320235294117647 175291572
921563 300 0.5411452151009657 173323066
921863 300 0.5363757682177348 173060598
922163 300 0.5288565408252853 172666897
922463 300 0.5259929762949956 171600622
922763 300 0.5407280070237049 171075687
923063 300 0.5284677787532923 171206921
923363 300 0.5628305531167691 184724000
923663 300 0.5419322212467076 178703650
923963 300 0.5365464442493415 171354559
924263 300 0.5286669007901668 188283716
924563 300 0.5256231782265145 175947741
924863 300 0.524134503950834 175931337
925163 300 0.5188340649692712 175800103
925463 300 0.5413158911325724 175800103
925763 300 0.5570844600526778 187086208
926063 300 0.537902370500439 173175427
926363 300 0.5369731343283582 172912960
926663 300 0.5232337137840211 171092091
926963 300 0.5295202809482001 170698390
927263 300 0.5259740122914838 170698390
927563 300 0.539059174714662 170567156
927863 300 0.5320709394205443 170304688
928163 300 0.543563125548727 180934624
928463 300 0.5259740122914838 180934624
928763 300 0.518227216856892 169779754
929063 300 0.526713608428446 167532375
929363 300 0.52542405618964 167007440
929663 300 0.5302788410886743 166744972
929963 300 0.5271971905179982 166613739
930263 300 0.5418279192273925 166613739
930563 300 0.5386988586479368 172912960
930863 300 0.5331234416154522 188004844
931163 300 0.519640035118525 175275168
931463 300 0.5272351185250219 175029105
931763 300 0.5335785776997366 173060598
932063 300 0.533787181738367 172141962
932363 300 0.5397608428446006 172404429
932663 300 0.5310374012291484 172388025
932963 300 0.5323364354697102 172388025
933263 300 0.5544484635645303 187742377
933563 300 0.5371627743634767 176325038
933863 300 0.5373524143985953 170288284
934163 300 0.5358921861281826 176193804
934463 300 0.5385755926251098 169500882
934763 300 0.5293875329236173 169238414
935063 300 0.5318433713784021 168975946
935363 300 0.5350956979806848 165973974
935663 300 0.5297099209833187 169254819
935963 300 0.5464646180860403 163874233
936263 300 0.5395427568042142 163726596
936563 300 0.5429847234416154 163726596
936863 300 0.5294349429323969 163726596
937163 300 0.5269506584723441 163726596
937463 300 0.5307339771729587 163726596
937763 300 0.5300133450395083 164120297
938063 300 0.536100790166813 169500882
938363 300 0.5445113257243196 181180688
938663 300 0.5247318700614574 164792870
938963 300 0.5412589991220368 164661636
939263 300 0.5192702370500438 164530402
939563 300 0.5240586479367866 164530402
939863 300 0.529928007023705 164513998
940163 300 0.5289703248463564 164513998
940463 300 0.5163592625109745 164513998
940763 300 0.5362904302019315 170009413
941063 300 0.5440087796312554 183034365
941363 300 0.5334742756804214 178178715
