190338 300 0.1559009657594381 165957570
190638 300 0.16506057945566285 172502854
190938 300 0.16160913081650571 188136078
191238 300 0.1554647936786655 175800103
191538 300 0.15677330992098332 173848000
191838 300 0.16383740122914836 172109153
192138 300 0.1598739244951712 171584218
192438 300 0.15740860403863038 167007440
192738 300 0.15063845478489904 165284997
193038 300 0.15719051799824407 163595362
193338 300 0.17001018437225637 166220037
193638 300 0.16949815627743636 190514691
193938 300 0.17121439859525903 188956290
194238 300 0.4510756804214222 177145249
194538 300 0.5189099209833187 177145249
194838 300 0.5045162423178227 177128845
195138 300 0.5119975417032484 176882782
195438 300 0.4963143107989464 176866378
195738 300 0.5057963125548727 176866378
196038 300 0.49756593503072866 176751548
196338 300 0.5032361720807725 182919535
196638 300 0.5218872695346796 189612458
196938 300 0.5183978928884986 182132133
197238 300 0.5019086918349429 173618341
197538 300 0.5052179104477611 170353902
197838 300 0.4995476733977173 169943796
198138 300 0.5027146619841967 169943796
198438 300 0.49519543459174714 169287627
198738 300 0.49246461808604036 167302716
199038 300 0.4874770851624232 167450354
199338 300 0.49633327480245826 179917563
199638 300 0.48478419666374006 187397888
199938 300 0.47706584723441614 178752863
200238 300 0.47450570676031606 178621629
200538 300 0.4708741000877963 178490395
200838 253 0.48222405618964 178227928
201091 47 0.3566254609306409 178096694
201138 137 0.34468762071992975 176521889
201275 3 0.34337910447761194 101062467
201278 9 0.3415301141352063 101062467
201287 151 0.35273784021071114 116449627
201438 300 0.3816200175592625 163989063
201738 300 0.4426461808604038 171797473
202038 300 0.45062054433713783 171010070
202338 300 0.44859139596136965 179392628
202638 300 0.41914029850746265 168122927
202938 177 0.43428305531167694 167204290
203115 123 0.33742440737489027 167204290
203238 61 0.319977524143986 165645889
203299 4 0.3252021071115014 95993562
203303 1 0.3170665496049166 91367572
203304 8 0.3170665496049166 91367572
203312 1 0.3170665496049166 91367572
203313 1 0.3170665496049166 91367572
203314 224 0.34084741000877966 124963419
203538 300 0.4125977172958736 160134071
203838 184 0.4314669007901668 160412943
204022 116 0.29729657594381037 160281709
204138 68 0.30052045654082526 158575670
204206 2 0.314316769095698 85740924
204208 1 0.2962820017559263 85740924
204209 10 0.2962820017559263 85740924
204219 1 0.2962820017559263 85757328
204220 1 0.2962820017559263 85757328
204221 210 0.32093520632133454 119992939
204431 7 0.23188024582967517 119992939
204438 179 0.30047304653204565 153457552
204617 4 0.29952484635645305 81935144
204621 2 0.29764741000877964 81935144
204623 10 0.29764741000877964 81935144
204633 105 0.3135961369622476 94057864
204738 300 0.350955223880597 159166222
205038 300 0.40175978928884987 167630800
205338 300 0.379249517120281 155294826
205638 300 0.3821415276558384 153473957
205938 300 0.3796477611940299 153703616
206238 300 0.36658156277436343 153851254
206538 300 0.3664772607550483 153687211
206838 300 0.3620017559262511 153818445
207138 300 0.37616786654960493 159871603
207438 300 0.37345601404740997 173782384
207738 300 0.36083546971027214 173782384
208038 300 0.35008287971905183 166302058
208338 300 0.3449720807726076 161840110
208638 300 0.33695978928884984 157771863
208938 300 0.348641615452151 155015953
209238 300 0.3423266022827041 155672122
209538 300 0.3543213345039508 155540889
209838 300 0.35188446005267776 162627513
210138 300 0.3477313432835821 171551410
210438 300 0.34314205443371376 156590759
210738 300 0.3466503950834065 156590759
211038 300 0.34298086040386305 156754801
211338 300 0.3565496049165935 156607163
211638 300 0.33698823529411764 156607163
211938 300 0.3355564530289728 156738397
212238 300 0.34203266022827045 156344695
212538 300 0.3451996488147498 156475929
212838 300 0.34155856014047414 156344695
213138 300 0.338875153643547 156213462
213438 300 0.3449815627743635 156607163
213738 300 0.34922949956101845 156607163
214038 300 0.39467673397717296 156344695
214338 300 0.3525671641791045 156213462
214638 300 0.4140389815627744 174454957
214938 300 0.36533942054433716 184166256
215238 300 0.3503957857769974 173388682
215538 300 0.3274019315188762 170386710
215838 300 0.3345134328358209 170239072
216138 300 0.3264916593503073 168795500
216438 300 0.3246237050043898 164874891
216738 300 0.3231160667251976 162381450
217038 300 0.32193081650570676 162496279
217338 300 0.33066374012291483 179556670
217638 300 0.32353327480245825 177194462
217938 300 0.3184698858647937 169714137
218238 300 0.32854925373134325 169599307
218538 300 0.33403933274802455 174176085
218838 300 0.3228410886742757 165645889
219138 300 0.32436769095697976 159346668
219438 300 0.3300094820017559 158706904
219738 300 0.3357650570676032 159363072
220038 300 0.316753643546971 169205606
220338 300 0.32145671641791046 166974631
220638 300 0.31259104477611943 163825021
220938 300 0.22785039508340654 84051288
221238 69 0.2332456540825285 84051288
221307 231 0.2985197541703249 163152448
221538 107 0.21486005267778752 81820314
221645 193 0.3031469710272168 163152448
221838 300 0.30878876207199296 159740370
222138 300 0.3037253731343284 159330264
222438 300 0.32635891132572437 173388682
222738 300 0.31757857769973663 191876241
223038 300 0.30474942932396837 176685931
223338 300 0.30657945566286215 175357189
223638 300 0.3156063213345039 173405086
223938 300 0.3164312554872695 171567814
224238 300 0.32071712028094823 170124242
224538 300 0.33095768217734856 165006125
224838 300 0.321390342405619 163710192
225138 300 0.3200154521510096 164103893
225438 300 0.32161791044776117 185888700
225738 300 0.35598068481123796 177210866
226038 131 0.19075680421422303 88464024
226169 169 0.23621352063213344 171059283
226338 300 0.1702377524143986 180754178
226638 300 0.15955153643546974 174454957
226938 300 0.15368217734855139 171436580
227238 300 0.15384337137840212 165793528
227538 300 0.14951957857769974 159740370
227838 300 0.15787322212467078 163546149
228138 282 0.10933485513608428 88939747
228420 18 0.16174187884108868 168926734
228438 300 0.15097980684811238 166302058
228738 300 0.14145039508340648 166433292
229038 300 0.14569833187006145 162250216
229338 300 0.14243652326602282 159740370
229638 300 0.1419244951712028 159609136
229938 300 0.13954451273046534 159494306
230238 300 0.1338647936786655 159510711
230538 300 0.13930746268656716 159888007
230838 300 0.14176330114135205 177719397
231138 300 0.13840667251975416 166695760
231438 300 0.13662405618964005 166712164
231738 300 0.13560948200175593 166318463
232038 300 0.1325942054433714 161741685
232338 300 0.14634310798946443 166991036
232638 300 0.14435188762071993 172634088
232938 300 0.13425355575065848 167237099
233238 300 0.12832730465320455 165006125
233538 300 0.13824547848990343 164218722
233838 300 0.13176927129060578 163054023
234138 300 0.12973064091308165 160954282
234438 300 0.13175030728709394 160970686
234738 300 0.13037541703248465 160429347
235038 300 0.13587497805092186 160839453
235338 300 0.13688955223880597 163332894
235638 300 0.14821106233538192 168975946
235938 300 0.1426451273046532 160954282
236238 300 0.13918419666374013 160823048
236538 300 0.14009446883230903 173552725
236838 300 0.1429675153643547 160560581
237138 300 0.14050219490781388 160183284
237438 300 0.13534398595259 159920816
237738 300 0.1315511852502195 159625540
238038 300 0.13414925373134326 159494306
238338 300 0.13344758560140474 159477902
238638 300 0.14391571553994734 170386710
238938 300 0.14609657594381037 160937878
239238 300 0.13655768217734854 160134071
239538 300 0.13523020193151888 159740370
239838 300 0.14010395083406496 159477902
240138 300 0.13416821773485513 159346668
240438 300 0.1385963125548727 159477902
240738 300 0.13439578577699737 159494306
241038 300 0.13348551360842845 159346668
241338 300 0.13777137840210713 159740370
241638 300 0.13932642669007902 160281709
241938 300 0.15123582089552237 175767295
242238 300 0.14630517998244075 165153763
242538 300 0.1381980684811238 160150475
242838 300 0.1379799824407375 159888007
243138 300 0.137657594381036 160150475
243438 300 0.13375100965759437 159871603
243738 300 0.13083055311676908 159756774
244038 300 0.134699209833187 159625540
244338 300 0.130716769095698 159494306
244638 300 0.13352344161545215 159363072
244938 300 0.1392126426690079 176160996
245238 300 0.12976856892010535 165924762
245538 300 0.1275782265144864 159494306
245838 300 0.12788165057067605 159756774
246138 300 0.12363371378402108 159888007
246438 300 0.12238208955223881 159773178
246738 300 0.12172783143107989 159740370
247038 300 0.12180368744512732 159740370
247338 300 0.1169963125548727 159494306
247638 300 0.12323546971027217 160412943
247938 300 0.12825144863915716 168057310
248238 300 0.11510939420544337 162643917
248538 300 0.11399051799824408 159494306
248838 300 0.11553608428446005 159477902
249138 300 0.11413274802458297 159330264
249438 300 0.11528955223880596 159740370
249738 300 0.11643687445127304 159461498
250038 300 0.1133457418788411 159346668
250338 300 0.1132414398595259 159510711
250638 300 0.11070026338893765 159510711
250938 300 0.11251132572431959 159379477
251238 300 0.11913924495171203 174340128
251538 300 0.11443617208077261 170534348
251838 300 0.11033994732221247 159773178
252138 300 0.11187603160667252 159641944
252438 300 0.10997963125548728 159494306
252738 300 0.11080456540825286 159264647
253038 300 0.11047269534679545 159395881
253338 300 0.1072393327480246 159264647
253638 300 0.10880386303775243 159264647
253938 300 0.1102451273046532 161118324
254238 300 0.12079859525899912 181984495
254538 300 0.11133555750658472 169910988
254838 300 0.10726777875329237 160330921
255138 300 0.11084249341527656 160183284
255438 300 0.10706865671641791 160183284
255738 300 0.10753327480245829 160068454
256038 300 0.10800737489025461 159937220
256338 300 0.10515329236172082 159674753
256638 300 0.1086521510096576 160052050
256938 300 0.10625320456540825 160281709
257238 300 0.10752379280070237 160035646
257538 300 0.11838068481123792 173323066
257838 300 0.11654117647058823 175422806
258138 300 0.10719192273924495 160183284
258438 300 0.10830131694468832 160330921
258738 300 0.11016927129060579 160314517
259038 300 0.10403441615452151 159674753
259338 300 0.10359824407374892 159674753
259638 300 0.10960035118525023 159543519
259938 300 0.10687901668129939 159395881
260238 300 0.1129569798068481 163726596
260538 300 0.12116839332748025 169878179
260838 300 0.10783669885864794 160839453
261138 300 0.10420509218612818 160823048
261438 300 0.10993222124670765 160314517
261738 300 0.1333622475856014 160052050
262038 300 0.10169236172080773 160314517
262338 300 0.11289060579455663 160183284
262638 300 0.11429394205443372 160199688
262938 300 0.1110036874451273 160298113
263238 300 0.11608604038630377 160462155
263538 300 0.12079859525899912 178572417
263838 300 0.11917717295873574 181033050
264138 300 0.11336470588235292 173421491
264438 300 0.11508094820017559 173323066
264738 300 0.11441720807726075 166498909
265038 300 0.11221738366988587 161905727
265338 300 0.11565935030728708 160199688
265638 300 0.11398103599648815 160593389
265938 300 0.1145784021071115 160593389
266238 300 0.1145784021071115 160593389
266538 300 0.110529587357331 160593389
266838 300 0.1241172958735733 173060598
267138 300 0.12152870939420544 188267312
267438 300 0.12076066725197543 181705623
267738 300 0.11737559262510974 173700363
268038 300 0.11866514486391572 171748260
268338 300 0.11614293239683934 168336182
268638 300 0.1176410886742757 163332894
268938 300 0.11390517998244072 160330921
269238 300 0.12209762949956103 160330921
269538 300 0.11672133450395084 160330921
269838 300 0.11915820895522387 160462155
270138 300 0.1257387181738367 176062570
270438 300 0.11882633889376645 166367676
270738 300 0.11541281826163301 160708219
271038 300 0.1196702370500439 160970686
271338 300 0.11978402107111501 160970686
271638 300 0.11648428446005268 160839453
271938 300 0.11688252853380159 160855857
272238 300 0.11904442493415276 160839453
272538 300 0.11708165057067603 160855857
272838 300 0.1203244951712028 162693130
273138 300 0.13212010535557506 174635403
273438 300 0.118115188762072 166351271
273738 300 0.11626619841966639 161233154
274038 300 0.11746093064091308 160987090
274338 300 0.11778331870061456 160970686
274638 300 0.11709113257243196 161364388
274938 300 0.11726180860403863 161101920
275238 300 0.11575417032484636 161118324
275538 300 0.12048568920105356 161364388
275838 300 0.11697734855136085 160987090
276138 300 0.13078314310798947 177538951
276438 300 0.12009692712906059 173569129
276738 300 0.11563090430201932 173601937
277038 300 0.11755575065847235 171469389
277338 300 0.11496716417910448 163743000
277638 300 0.11803933274802458 160724623
277938 300 0.11971764705882354 160741027
278238 300 0.11835223880597016 161265962
278538 300 0.12019174714661983 161397196
278838 300 0.12073222124670764 161134728
279138 300 0.13835926251097455 172158366
279438 300 0.1253025460930641 172158366
279738 300 0.12694293239683932 161134728
280038 300 0.12827989464442494 161249558
280338 300 0.12553959613696225 161265962
280638 300 0.12496119402985074 161265962
280938 300 0.12329236172080772 161659663
281238 300 0.12229675153643547 161397196
281538 300 0.11842809482001757 161265962
281838 300 0.12191747146619841 162168195
282138 300 0.13399754170324846 175947741
282438 300 0.12092186128182617 164792870
282738 300 0.11759367866549605 161512026
283038 300 0.11697734855136085 161512026
283338 300 0.117214398595259 161512026
283638 300 0.12138647936786656 161905727
283938 300 0.12214503950834066 161922131
284238 300 0.11586795434591746 161790897
284538 300 0.11704372256365232 161922131
284838 300 0.11507146619841965 161922131
285138 300 0.12831782265144862 176095379
285438 300 0.1254921861281826 167302716
285738 300 0.11941422300263388 162315832
286038 300 0.1233492537313433 162184599
286338 300 0.12182265144863914 162447066
286638 300 0.12042879719051801 162463470
286938 300 0.11803933274802458 162447066
287238 300 0.11999262510974538 161922131
287538 300 0.12094082528533802 161922131
287838 300 0.12480948200175593 161922131
288138 300 0.1389281826163301 175045509
288438 300 0.13016681299385427 173077002
288738 300 0.12362423178226514 163234469
289038 300 0.12901000877963126 163513341
289338 300 0.13118138718173836 162725938
289638 300 0.13016681299385427 162201003
289938 300 0.12833678665496048 162857172
290238 300 0.12998665496049167 163250873
290538 300 0.1304797190517998 162840768
290838 300 0.12528358208955223 162463470
291138 300 0.1279859525899912 165104550
291438 300 0.13901352063213346 175882124
291738 300 0.12897208077260755 165891953
292038 300 0.12470517998244074 163136044
292338 300 0.12505601404741 162988405
292638 300 0.12708516242317822 162988405
292938 300 0.1334286215978929 163103235
293238 300 0.1327459174714662 163250873
293538 300 0.12448709394205444 162972001
293838 300 0.12507497805092185 162578300
294138 300 0.1251603160667252 162184599
294438 300 0.14145987708516242 179769925
294738 300 0.12975908691834945 179507457
295038 300 0.1254542581211589 163365703
295338 300 0.12070377524143985 163103235
295638 300 0.11955645302897279 163103235
295938 300 0.1229604916593503 162972001
296238 300 0.12503705004389815 163234469
296538 300 0.12257172958735733 163103235
296838 300 0.12116839332748025 162709534
297138 300 0.12771097453906935 162972001
297438 300 0.12889622475856014 164431977
297738 300 0.1765148375768218 182279771
298038 300 0.17885689201053556 180836199
298338 300 0.14721545215100967 175865720
298638 300 0.13429148375768218 175718082
298938 300 0.22354556628621597 173487108
299238 300 0.27471992976294995 165219380
299538 300 0.2554809482001756 163119639
299838 300 0.26995048287971907 163644574
300138 300 0.2592453028972783 163759404
300438 300 0.23798665496049165 163365703
300738 300 0.27376224758560147 169927392
301038 300 0.28631641791044776 186479252
301338 300 0.2748052677787533 179507457
301638 300 0.27630342405618963 177555355
301938 300 0.18423318700614574 177424121
302238 300 0.1698774363476734 172945768
302538 300 0.1980674275680421 169271223
302838 300 0.23183283582089553 164825679
303138 300 0.2570265144863916 164678040
303438 300 0.26818683055311676 165219380
303738 300 0.28258050921861283 165727911
304038 300 0.2742837576821774 165465443
304338 300 0.27761194029850744 170714794
304638 300 0.2746345917471466 184904446
304938 300 0.27715680421422295 175586848
305238 300 0.25604986830553117 174536978
305538 300 0.16589499561018436 172322408
305838 300 0.1937057067603161 170862432
306138 300 0.20424021071115014 168516628
306438 300 0.2505692712906058 166941823
306738 300 0.26387251975417036 164563211
307038 300 0.2629906935908692 164956912
307338 300 0.2622605794556629 164842083
307638 300 0.27809552238805973 181098667
307938 300 0.2768818261633011 186758124
308238 300 0.26098999122036876 177949056
308538 300 0.27063318700614575 177686589
308838 300 0.25881861281826163 177817822
309138 300 0.2600702370500439 177834226
309438 300 0.26391044776119404 176374251
309738 300 0.2672860403863038 169943796
310038 300 0.26059174714661987 168795500
310338 300 0.269049692712906 168664266
310638 300 0.27848428446005263 174799446
310938 300 0.2828744512730465 183838172
311238 300 0.27540263388937664 169681328
311538 300 0.26766532045654085 169664924
311838 300 0.2604684811237928 177949056
312138 300 0.26243125548726953 172568472
312438 300 0.2049134328358209 178736459
312738 300 0.14269253731343284 179917563
313038 300 0.13871009657594383 171108496
313338 300 0.13414925373134326 169139989
313638 300 0.13165548726953466 165596677
313938 300 0.1299297629499561 164809274
314238 300 0.12665847234416153 164940508
314538 300 0.1315227392449517 164940508
314838 300 0.1341208077260755 169008755
315138 300 0.1307926251097454 172453642
315438 300 0.1268670763827919 170616369
315738 300 0.12189850746268655 170353902
316038 300 0.12463880597014926 168401799
316338 300 0.11748937664618085 164579615
316638 300 0.12085548726953468 164317147
316938 300 0.12327339771729585 164448381
317238 300 0.11675926251097454 164448381
317538 300 0.11855136084284461 163907042
317838 300 0.12590939420544336 164579615
318138 300 0.1281661106233538 184133448
318438 300 0.12600421422300265 189497629
318738 300 0.1209028972783143 177588163
319038 300 0.12381387181738367 175472019
319338 300 0.11784021071115014 170337497
319638 28 0.1239655838454785 165891953
319666 1 0.12486637401229148 163300086
319667 4 0.09450500438981563 161725281
319671 3 0.09582300263388938 156311887
319674 1 0.0928361720807726 156311887
319675 8 0.0928361720807726 156311887
319683 1 0.0928361720807726 156311887
319684 168 0.09419209833187006 163972659
319852 5 0.09216294995610184 91269146
319857 8 0.09091132572431958 91269146
319865 73 0.10553257243195786 104261290
319938 300 0.0984305531167691 143204914
320238 300 0.1261369622475856 159674753
320538 300 0.12127269534679544 160347326
320838 300 0.1271894644424934 163759404
321138 300 0.13481299385425813 174110468
321438 300 0.12462932396839332 168746287
321738 9 0.1226286215978929 168500224
321747 6 0.09389815627743635 164481190
321753 3 0.09442914837576823 159067797
321756 2 0.09240948200175593 159067797
321758 10 0.09240948200175593 159067797
321768 165 0.09370851624231781 166810590
321933 6 0.09161299385425813 93188440
321939 9 0.09098718173836699 93188440
321948 90 0.10714451273046534 105114310
322038 300 0.10539034240561897 174717424
322338 300 0.11581106233538192 159707561
322638 297 0.11644635645302896 156443121
322935 3 0.0966953467954346 156443121
322938 3 0.08980193151887621 148323031
322941 2 0.08947006145741879 147125523
322943 1 0.08732712906057946 147125523
322944 7 0.08732712906057946 147125523
322951 1 0.08732712906057946 147125523
322952 168 0.08861668129938542 154983145
323120 3 0.086871992976295 86479113
323123 1 0.08568674275680423 86479113
323124 8 0.08568674275680423 86479113
323132 1 0.08568674275680423 86495518
323133 105 0.0984305531167691 101193700
323238 300 0.10298191395961372 151341408
323538 300 0.11451202809482003 156426717
323838 300 0.11984091308165057 158378819
324138 300 0.1289910447761194 176374251
324438 300 0.1253025460930641 161151133
324738 300 0.12031501316944689 161052708
325038 300 0.11784021071115014 160265305
325338 253 0.11937629499561019 157657033
325591 5 0.08991571553994732 154737082
325596 4 0.0896881474978051 149405710
325600 9 0.08841755926251096 149405710
325609 29 0.09386971027216857 155868973
325638 139 0.08773485513608428 154540231
325777 4 0.08624618086040386 86823602
325781 14 0.08533590869183494 86823602
325795 143 0.11256821773485513 100832808
325938 300 0.10172080772607552 151669492
326238 300 0.11736611062335381 156131441
326538 300 0.11817208077260755 155606506
326838 300 0.1140758560140474 156000207
327138 300 0.11269148375768218 155868973
327438 300 0.11810570676031606 155885377
327738 254 0.1319494293239684 172945768
327992 6 0.09896154521510096 182558643
327998 3 0.10050711150131694 177817822
328001 12 0.0970935908691835 177817822
328013 25 0.10274486391571554 184297490
328038 137 0.0883511852502195 168811905
328175 1 0.16366672519754172 92565080
328176 4 0.08599016681299386 92565080
328180 3 0.08599016681299386 92565080
328183 155 0.09801334503950834 117499497
328338 22 0.11365864793678665 153736424
328360 6 0.08598068481123794 148634711
328366 4 0.08555399473222125 144238380
328370 1 0.08394205443371379 144238380
328371 11 0.08394205443371379 144238380
328382 164 0.08505144863915716 151751514
328546 8 0.0823206321334504 78391832
328554 7 0.0823206321334504 78391832
328561 1 0.0823206321334504 78391832
328562 76 0.09832625109745391 90006021
328638 300 0.09751079894644425 138021180
328938 300 0.1153369622475856 147453607
329238 300 0.1157352063213345 147502820
329538 300 0.11830482879719052 148158989
329838 300 0.11415171202809482 148437861
330138 300 0.11413274802458297 148585498
330438 300 0.1129474978050922 148716732
330738 300 0.11973661106233537 156065824
331038 300 0.12510342405618965 175882124
331338 300 0.11485338015803336 166187229
331638 300 0.11301387181738368 164760061
331938 300 0.11344056189640037 158362415
332238 300 0.11564986830553117 154277764
332538 300 0.11360175592625109 150504793
332838 300 0.10927796312554873 150389963
333138 300 0.11501457418788412 150914898
333438 300 0.11652221246707639 150652431
333738 300 0.1197081650570676 150652431
334038 300 0.12394661984196664 153802041
334338 300 0.12644986830553115 168106523
334638 300 0.11753678665496048 168221352
334938 300 0.11676874451273048 165334209
335238 300 0.11830482879719052 154310572
335538 300 0.1151188762071993 151062536
335838 300 0.11729973661106234 151571067
336138 300 0.10920210711150131 151718705
336438 300 0.11309920983318701 151472641
336738 300 0.11103213345039507 151357812
337038 300 0.11816259877085161 153063851
337338 300 0.12585250219490782 166580930
337638 300 0.1196702370500439 166433292
337938 300 0.11267251975417032 152784979
338238 300 0.11665496049165934 152391278
338538 300 0.11110798946444249 151603875
338838 300 0.11776435469710272 151357812
339138 300 0.11536540825285338 151374216
339438 300 0.1153369622475856 152178023
339738 300 0.11521369622475856 152571724
340038 300 0.11568779631255487 153211489
340338 300 0.12529306409130817 175652465
340638 300 0.12557752414398596 174865062
340938 300 0.11507146619841965 162791555
341238 300 0.11814363476733979 159773178
341538 300 0.12022967515364355 157542204
341838 300 0.11946163301141352 155573697
342138 300 0.11697734855136085 152949022
342438 300 0.11565935030728708 152834192
342738 300 0.11455943810359966 152719363
343038 300 0.11795399473222123 153113064
343338 300 0.11588691834942932 153506765
343638 300 0.12687655838454784 167696418
343938 300 0.11965127304653204 161659663
344238 300 0.11386725197541704 153900466
344538 300 0.11566883230904301 153621595
344838 300 0.11615241439859526 153752829
345138 300 0.11287164179104477 153490361
345438 300 0.1097710272168569 153359127
345738 300 0.1185892888498683 153621595
346038 300 0.13191150131694468 154556635
346338 300 0.12237260755048288 154573039
346638 300 0.12847901668129938 167171482
346938 300 0.11558349429323968 162463470
347238 300 0.11454047410008779 160347326
347538 300 0.11689201053555752 160363730
347838 300 0.11452151009657593 158247585
348138 300 0.11611448639157154 156279079
348438 300 0.11590588235294118 154966741
348738 300 0.11829534679543459 154294168
349038 300 0.12015381913959614 154294168
349338 300 0.11943318700614573 154162934
349638 300 0.12941773485513608 162184599
349938 300 0.12643090430201934 167958885
350238 300 0.12112098331870061 155229208
350538 300 0.11996417910447761 154851912
350838 300 0.1198124670763828 173864405
351138 300 0.11351641791044777 154704273
351438 300 0.11512835820895523 154458210
351738 300 0.11245443371378401 154474614
352038 300 0.12035294117647058 154589444
352338 300 0.11648428446005268 154687869
352638 300 0.1185134328358209 154425402
352938 300 0.12943669885864795 167171482
353238 300 0.12947462686567163 160084858
353538 300 0.12527410008779633 155360442
353838 300 0.11888323090430203 155508080
354138 300 0.11952800702370499 166941823
354438 300 0.11782124670763827 154737082
354738 300 0.11563090430201932 154737082
355038 300 0.11386725197541704 154737082
355338 300 0.11706268656716418 154589444
355638 300 0.11768849868305531 154474614
355938 300 0.11371553994732221 154326976
356238 300 0.1263550482879719 164415573
356538 300 0.12466725197541703 154441806
356838 300 0.11469218612818262 154310572
357138 300 0.11400948200175592 154048105
357438 300 0.11509991220368745 154310572
357738 300 0.11702475856014047 154441806
358038 300 0.11304231782265145 154195743
358338 300 0.1153369622475856 154212147
358638 300 0.11979350307287094 154080913
358938 300 0.11973661106233537 153949679
359238 300 0.13320105355575065 166433292
359538 300 0.1254163301141352 163267278
359838 300 0.1171764705882353 154737082
360138 300 0.11836172080772606 154737082
360438 300 0.11575417032484636 154737082
360738 300 0.11716698858647936 154638657
361038 300 0.11705320456540826 154901124
361338 300 0.11692045654082528 154901124
361638 300 0.11611448639157154 154753486
361938 300 0.11827638279192274 155262017
362238 300 0.12614644424934152 175472019
362538 300 0.1201443371378402 175340785
362838 300 0.11373450395083406 170501539
363138 300 0.11692045654082528 169845370
363438 300 0.12137699736611063 163398511
363738 300 0.1173945566286216 159477902
364038 300 0.1167118525021949 156459525
364338 300 0.1225243195785777 154507423
364638 300 0.11943318700614573 154769890
364938 300 0.11977453906935909 154753486
365238 300 0.11894012291483759 154769890
365538 300 0.1279859525899912 163316490
365838 300 0.12815662862159788 180114414
366138 300 0.1250275680421422 170403114
366438 300 0.12119683933274802 167614396
366738 300 0.1223441615452151 160937878
367038 300 0.11871255487269534 158559265
367338 300 0.12078911325724319 156328291
367638 300 0.11798244073748902 155163592
367938 300 0.1197460930640913 155179996
368238 300 0.12137699736611063 155048762
368538 300 0.1187694468832309 155048762
368838 300 0.13182616330114136 174733828
369138 300 0.13150377524143986 178933309
369438 300 0.12392765583845479 164497594
369738 300 0.1229604916593503 164366360
370038 300 0.12681018437225638 163431319
370338 300 0.12254328358208955 161725281
370638 300 0.12163301141352063 160544176
370938 300 0.12052361720807726 160806644
371238 300 0.11640842844600525 160659006
371538 300 0.12004951712028095 159100605
371838 300 0.1255870061457419 158050735
372138 300 0.14045478489903424 163693787
372438 300 0.12589991220368743 158854542
372738 300 0.12105460930640914 157017269
373038 300 0.12416470588235294 157148503
373338 300 0.12211659350307286 157000864
373638 300 0.12395610184372256 157132098
373938 300 0.12771097453906935 156853227
374238 300 0.12318805970149253 156721993
374538 300 0.12405092186128183 157246928
374838 300 0.12491378402107112 157263332
375138 300 0.13491729587357332 165416230
375438 300 0.14020825285338015 176571102
375738 300 0.1278721685689201 165547464
376038 300 0.12820403863037752 164366360
376338 300 0.12637401229148376 163185256
376638 300 0.12831782265144862 158460840
376938 300 0.12731273046532046 157148503
377238 300 0.12456294995610184 157279736
377538 300 0.13010043898156276 157263332
377838 300 0.128526426690079 157132098
378138 300 0.12726532045654085 157788267
378438 300 0.12892467076382794 163168852
378738 300 0.1373636523266023 181033050
379038 300 0.1250275680421422 172486450
379338 300 0.12221141352063214 172240387
379638 300 0.12196488147497805 171452984
379938 300 0.12594732221246707 164760061
380238 300 0.12500860403863037 160954282
380538 300 0.12268551360842846 160954282
380838 300 0.12445864793678665 160150475
381138 300 0.12095978928884987 158198373
381438 300 0.12196488147497805 157935905
381738 300 0.1323476733977173 159658348
382038 300 0.13932642669007902 179491053
382338 300 0.1299582089552239 176997612
382638 300 0.12442071992976295 173191832
382938 300 0.12400351185250219 171223325
383238 300 0.12503705004389815 165071742
383538 300 0.12500860403863037 159018584
383838 300 0.12602317822651446 158756116
384138 300 0.1271515364354697 158493649
384438 300 0.12505601404741 158887350
384738 300 0.12371905179982441 159149818
385038 300 0.12961685689201052 166892610
385338 300 0.13618788410886742 185002872
385638 300 0.1284126426690079 179376223
385938 300 0.12381387181738367 174258106
386238 300 0.12789113257243195 172552067
386538 300 0.12354837576821774 166925419
386838 300 0.12351044776119403 159970029
387138 300 0.12115891132572432 159691157
387438 300 0.12112098331870061 159543519
387738 300 0.1228087796312555 159412285
388038 300 0.12307427568042141 159674753
388338 300 0.1307262510974539 171354559
388638 300 0.12838419666374012 181311922
388938 300 0.12773942054433712 173585533
389238 300 0.1225622475856014 173454300
389538 300 0.12514135206321333 182000899
389838 300 0.12569130816505705 165990378
390138 300 0.12354837576821774 159805986
390438 300 0.12188902546093065 159281052
390738 300 0.1266774363476734 159953625
391038 300 0.12536892010535558 160068454
391338 300 0.1271799824407375 159691157
391638 300 0.13022370500438982 165695102
391938 300 0.1348414398595259 164924104
392238 300 0.12789113257243195 160314517
392538 300 0.12351044776119403 160052050
392838 300 0.1263834942932397 160068454
393138 300 0.1198503950834065 159822391
393438 300 0.12366215978928885 160084858
393738 300 0.12307427568042141 159970029
394038 300 0.12150026338893766 159707561
394338 300 0.1262507462686567 160101262
