1109653 300 0.153985601404741 191236476
1109953 300 0.14714907813871816 184806021
1110253 300 0.13842563652326603 184674787
1110553 300 0.1425028972783143 184297490
1110853 300 0.1433657594381036 182968748
1111153 300 0.14186760316066724 181131475
1111453 300 0.14425706760316068 181393943
1111753 300 0.15616646180860405 190465478
1112053 300 0.1447690956979807 182837514
1112353 300 0.14379244951712028 181262709
1112653 300 0.1424649692712906 181131475
1112953 300 0.14113748902546092 181410347
1113253 300 0.14356488147497803 181279113
1113553 300 0.14490184372256365 181393943
1113853 300 0.1445225636523266 181262709
1114153 300 0.15667848990342406 196485827
1114453 300 0.1556165057067603 187693164
1114753 300 0.1443329236172081 181525177
1115053 300 0.14469323968393327 181393943
1115353 300 0.14178226514486392 181262709
1115653 300 0.14008498683055312 181000242
1115953 300 0.14475013169446882 181000242
1116253 300 0.14834381035996488 183493683
1116553 300 0.15572080772607552 189005502
1116853 300 0.14504407374890255 181393943
1117153 300 0.13894714661984198 181393943
1117453 300 0.1407676909569798 194911022
1117753 300 0.1365482001755926 181672815
1118053 300 0.1403978928884987 181525177
1118353 300 0.13938331870061457 181541581
1118653 300 0.14468375768217734 181262709
1118953 300 0.15212712906057943 188218099
1119253 300 0.1585085162423178 186249592
1119553 300 0.1494721685689201 181525177
1119853 300 0.14247445127304653 181525177
1120153 300 0.14562247585601404 181410347
1120453 300 0.14692151009657595 181147879
1120753 300 0.14212361720807726 181262709
1121053 300 0.13886180860403863 181393943
1121353 300 0.13770500438981562 181410347
1121653 300 0.14843863037752414 187201038
1121953 300 0.15157717295873574 198470738
1122253 300 0.1429011413520632 181804048
1122553 300 0.14445618964003512 181672815
1122853 300 0.15244951712028096 206607232
1123153 300 0.1439062335381914 173913618
1123453 300 0.14050219490781388 173782384
1123753 300 0.14045478489903424 173782384
1124053 300 0.13934539069359086 174307319
1124353 300 0.143441615452151 174602595
1124653 300 0.1463241439859526 176029762
1124953 300 0.14896962247585602 187709568
1125253 300 0.14685513608428447 166597335
1125553 300 0.1416684811237928 166564526
1125853 300 0.14262616330114136 166564526
1126153 300 0.14397260755048288 178523204
1126453 300 0.14511044776119403 166039591
1126753 300 0.14620087796312556 166187229
1127053 300 0.1475283582089552 166039591
1127353 300 0.14916874451273046 167089461
1127653 300 0.16262370500438983 175357189
1127953 300 0.1506669007901668 165777123
1128253 300 0.14786022827041265 165908357
1128553 300 0.14819209833187005 165547464
1128853 300 0.14789815627743633 165399826
1129153 300 0.15054363476733978 165547464
1129453 300 0.14796453028972784 165531060
1129753 300 0.1506005267778753 165514656
1130053 300 0.16451062335381916 173930022
1130353 53 0.07025004389815628 6000000
1130406 237 0.10883230904302019 86511922
1130643 10 0.13760070237050043 168270565
1130653 300 0.14180122914837576 165645889
1130953 300 0.14769903424056188 165777123
1131253 300 0.14533801580333625 165941166
1131553 300 0.1393643546971027 165793528
1131853 300 0.14063494293239684 165924762
1132153 300 0.14117541703248465 165809932
1132453 300 0.14815417032484637 165924762
1132753 300 0.163628797190518 176571102
1133053 300 0.16165654082528533 187709568
1133353 300 0.15176681299385428 179458245
1133653 19 0.1555880597014925 178260736
1133672 1 0.11668340649692713 175767295
1133673 5 0.11958489903424056 173044194
1133678 4 0.11777383669885864 167975289
1133682 1 0.1159532923617208 167630800
1133683 8 0.1159532923617208 167630800
1133691 168 0.11727129060579455 175029105
1133859 2 0.11772642669007902 100882020
1133861 1 0.11453099209833187 100882020
1133862 8 0.11453099209833187 100882020
1133870 83 0.1304797190517998 113447655
1133953 300 0.12792906057945566 160494964
1134253 300 0.14637155399473223 169746945
1134553 300 0.15310377524143984 170288284
1134853 300 0.15508551360842845 170157051
1135153 244 0.1072393327480246 87364941
1135397 56 0.15117892888498685 170452327
1135453 275 0.17010500438981566 181492368
1135728 5 0.12105460930640914 173241045
1135733 3 0.12150026338893766 168024502
1135736 1 0.11986935908691834 168024502
1135737 9 0.11986935908691834 168024502
1135746 7 0.13157014925373134 172125558
1135753 161 0.11532748024582967 178211524
1135914 3 0.11276733977172959 104589375
1135917 1 0.11276733977172959 104589375
1135918 10 0.11276733977172959 104589375
1135928 1 0.11276733977172959 104589375
1135929 124 0.1261369622475856 121846617
1136053 300 0.14133661106233536 160117667
1136353 71 0.17130921861281828 162627513
1136424 51 0.11628516242317821 155737740
1136475 2 0.12020122914837576 153982488
1136477 10 0.11563090430201932 153982488
1136487 121 0.11716698858647936 161495622
1136608 3 0.1167118525021949 84592628
1136611 9 0.11393362598770851 84592628
1136620 33 0.12455346795434592 94910884
1136653 235 0.13081158911325724 130688492
1136888 5 0.08883476733977172 128096625
1136893 3 0.08902440737489027 123191763
1136896 1 0.08732712906057946 123191763
1136897 9 0.08732712906057946 123191763
1136906 47 0.0907027216856892 129753451
1136953 119 0.1086900790166813 154195743
1137072 3 0.10607304653204566 79523723
1137075 10 0.10607304653204566 79523723
1137085 168 0.1195185250219491 100914829
1137253 300 0.1415262510974539 147929329
1137553 300 0.14855241439859526 150586813
1137853 300 0.15748446005267777 174061255
1138153 300 0.15438384547848988 172535663
1138453 300 0.15331237928007022 162168195
1138753 300 0.14844811237928007 159149818
1139053 300 0.14806883230904302 157033673
1139353 300 0.14790763827919226 154704273
1139653 300 0.151283230904302 154441806
1139953 300 0.15382440737489025 154983145
1140253 300 0.16682423178226516 169435265
1140553 300 0.1585748902546093 166580930
1140853 300 0.1510935908691835 155163592
1141153 300 0.1534451273046532 155294826
1141453 300 0.1534546093064091 155163592
1141753 300 0.152060755048288 154868316
1142053 300 0.15057208077260756 154737082
1142353 300 0.15736119402985077 173355874
1142653 300 0.1548294995610184 163136044
1142953 300 0.15515188762071994 163021214
1143253 300 0.15675434591747148 162496279
1143553 300 0.15722844600526778 156459525
1143853 300 0.15381492537313432 156721993
1144153 300 0.15832835820895522 156082228
1144453 300 0.16261422300263392 155721335
1144753 300 0.16602774363476738 156361100
1145053 300 0.16413134328358212 156229866
1145353 300 0.16332537313432835 156000207
1145653 300 0.1565457418788411 156115036
1145953 300 0.17587954345917473 170665582
1146253 300 0.1706075504828797 180508115
1146553 300 0.16021527655838455 172027132
1146853 300 0.16223494293239685 170304688
1147153 300 0.1673172958735733 164825679
1147453 300 0.16498472344161544 160396539
1147753 300 0.16982054433713784 158706904
1148053 300 0.16762071992976293 156475929
1148353 300 0.1674215978928885 156869631
1148653 300 0.1690809482001756 156475929
1148953 300 0.1688249341527656 156344695
1149253 300 0.17350904302019313 162889980
1149553 300 0.17787076382791925 168286969
1149853 300 0.16806637401229152 162118982
1150153 300 0.17194451273046532 156771205
1150453 300 0.1691947322212467 156623568
1150753 300 0.17232379280070237 168828309
1151053 300 0.16714661984196663 154933933
1151353 300 0.16551571553994734 170288284
1151653 300 0.16588551360842846 156918843
1151953 300 0.16407445127304654 156771205
1152253 300 0.16573380158033363 156771205
1152553 300 0.16574328358208956 156508738
1152853 300 0.16019631255487268 156639972
1153153 300 0.1637141352063213 156508738
1153453 300 0.17990939420544338 159789582
1153753 300 0.18287726075504832 179786329
1154053 300 0.17542440737489023 168073714
1154353 300 0.17028516242317823 154294168
1154653 300 0.1691947322212467 154589444
1154953 300 0.16585706760316066 154179338
1155253 300 0.163372783143108 154195743
1155553 300 0.16961194029850746 154326976
1155853 300 0.16574328358208956 154064509
1156153 300 0.1675353819139596 154064509
1156453 300 0.17114802458296752 155360442
1156753 300 0.17847761194029851 168090118
1157053 300 0.17169798068481124 166646547
1157353 300 0.17232379280070237 154474614
1157653 300 0.16159016681299387 154458210
1157953 300 0.16580965759438107 154458210
1158253 300 0.1690904302019315 162348641
1158553 300 0.16390377524143987 154720678
1158853 300 0.161315188762072 154605848
1159153 300 0.15724741000877965 154343380
1159453 300 0.1612867427568042 154064509
1159753 300 0.16812326602282704 157345353
1160053 300 0.1679336259877085 157328949
1160353 300 0.15913432835820898 154589444
1160653 300 0.17204881474978054 154851912
1160953 300 0.18490640913081652 156164249
1161253 300 0.16665355575065846 155508080
1161553 300 0.16215908691834943 155376847
1161853 300 0.1652502194907814 155229208
1162153 300 0.16022475856014046 154999549
1162453 300 0.16037647058823526 154868316
1162753 300 0.16461492537313432 164038276
1163053 300 0.1668337137840211 170075029
1163353 300 0.16046180860403864 155622910
1163653 300 0.16277541703248463 155622910
1163953 300 0.15689657594381037 155229208
1164253 300 0.1587929762949956 155229208
1164553 300 0.15676382791922738 155245613
1164853 300 0.16117295873573312 155245613
1165153 300 0.15936189640035117 155262017
1165453 300 0.17099631255487271 166810590
1165753 300 0.16552519754170325 179802733
1166053 300 0.1662363476733977 160921474
1166353 300 0.16269956101843722 158149160
1166653 300 0.16700438981562774 158001522
1166953 300 0.16269007901668128 158132756
1167253 300 0.16174187884108868 158526457
1167553 300 0.16350553116769098 158263990
1167853 300 0.16573380158033363 158132756
1168153 300 0.18485899912203688 171666239
1168453 300 0.1792646180860404 167335524
1168753 300 0.17715961369622477 157755459
1169053 300 0.16963090430201933 157755459
1169353 300 0.17498823529411764 157640629
1169653 300 0.1697731343283582 157509396
1169953 300 0.1687585601404741 157640629
1170253 300 0.16505109745390695 157476587
1170553 300 0.16866374012291485 157509396
1170853 300 0.17770956979806846 174290914
1171153 300 0.17243757682177352 164448381
1171453 300 0.16814223002633888 158411628
1171753 300 0.1686163301141352 158428032
1172053 300 0.16866374012291485 158296798
1172353 300 0.17163160667251978 158149160
1172653 300 0.173916769095698 158149160
1172953 300 0.1666914837576822 158165564
1173253 300 0.1743150131694469 158050735
1173553 300 0.19373415276558384 166449696
1173853 300 0.1724565408252853 163431319
1174153 300 0.1724660228270413 158165564
1174453 300 0.18175838454784898 158854542
1174753 300 0.1772828797190518 158198373
1175053 300 0.17054117647058825 158313202
1175353 300 0.16887234416154523 158706904
1175653 300 0.17367971905179982 157886692
1175953 300 0.17784231782265147 163660979
1176253 300 0.1809713784021071 175209551
1176553 300 0.16953608428446007 158821733
1176853 300 0.16929903424056192 158444436
1177153 300 0.17136611062335383 158985775
1177453 300 0.17418226514486393 158854542
1177753 300 0.16894820017559262 158460840
1178053 300 0.16519332748024582 158706904
1178353 300 0.16755434591747148 160412943
1178653 300 0.1768846356453029 173913618
1178953 300 0.16631220368744512 164596020
1179253 300 0.15784477611940298 158296798
1179553 300 0.16888182616330116 158428032
1179853 300 0.16706128182616328 158165564
1180153 300 0.16484249341527657 158181969
1180453 300 0.17062651448639157 158198373
1180753 300 0.170702370500439 158198373
1181053 300 0.1831996488147498 171715452
1181353 300 0.17773801580333626 165153763
1181653 300 0.16948867427568043 156098632
1181953 300 0.17213415276558383 156065824
1182253 300 0.17722598770851627 155950994
1182553 300 0.17037998244073752 155803356
1182853 300 0.17144196663740122 155540889
1183153 300 0.1652597014925373 155294826
1183453 300 0.16441580333625988 156213462
1183753 300 0.18237471466198418 169615711
1184053 300 0.17558560140474103 163857829
1184353 300 0.16541141352063213 155311230
1184653 300 0.16574328358208956 154933933
1184953 300 0.16946022827041263 155065166
1185253 300 0.1641787532923617 156361100
1185553 300 0.16351501316944686 156098632
1185853 300 0.16849306409130818 155967399
1186153 300 0.1666630377524144 156098632
1186453 300 0.17899912203687446 161085516
1186753 300 0.17272203687445126 162660321
1187053 300 0.16610359964881474 156361100
1187353 300 0.16542089552238806 156098632
1187653 300 0.16567690956979805 155983803
1187953 300 0.223156804214223 156246270
1188253 300 0.29558033362598773 156639972
1188553 300 0.3069587357330992 156886035
1188853 300 0.29866198419666373 158050735
1189153 300 0.30931975417032487 163168852
1189453 300 0.30505285338015803 163431319
1189753 300 0.30230307287093944 158346011
1190053 300 0.2965854258121159 158198373
1190353 300 0.29716382791922735 157919501
1190653 300 0.22606777875329237 158181969
1190953 300 0.15815768217734855 157935905
1191253 300 0.15456400351185254 157804671
1191553 300 0.15339771729587356 157558608
1191853 201 0.11834275680421423 77752067
1192054 7 0.11838068481123792 77752067
1192061 9 0.11834275680421423 77768472
1192070 1 0.11834275680421423 77768472
1192071 82 0.12113046532045654 85215988
1192153 94 0.12439227392449519 93385291
1192247 1 0.12439227392449519 93385291
1192248 205 0.1419908691834943 123864336
1192453 300 0.15757928007023703 159034988
1192753 300 0.15696294995610183 155376847
1193053 300 0.16038595258999125 155508080
1193353 300 0.15685864793678664 156033015
1193653 300 0.1565078138718174 155491676
1193953 300 0.15745601404741003 155262017
1194253 300 0.15707673397717295 155409655
1194553 300 0.16195048287971905 158296798
1194853 300 0.16598033362598774 181787644
1195153 300 0.16051870061457418 171945111
1195453 300 0.1600540825285338 160150475
1195753 300 0.1569724319578578 160166880
1196053 300 0.16569587357330992 159904412
1196353 300 0.1591058823529412 159773178
1196653 300 0.1593239683933275 159510711
1196953 300 0.15804389815627742 159248243
1197253 300 0.15933345039508343 159248243
1197553 300 0.16926110623353818 171059283
1197853 300 0.16353397717295873 169878179
1198153 300 0.15887831431079896 159231839
1198453 300 0.1548200175592625 158952967
1198753 300 0.16014890254609307 174979892
1199053 300 0.15548375768217734 159625540
1199353 300 0.1645011413520632 159510711
1199653 300 0.15959894644424935 159248243
1199953 300 0.16146690079016682 159231839
1200253 300 0.16927058823529412 171059283
1200553 300 0.16596136962247587 159773178
1200853 300 0.15751290605794557 159625540
1201153 300 0.157588762071993 159641944
1201453 300 0.15981703248463566 159773178
1201753 300 0.15660263388937667 160035646
1202053 300 0.15238314310798948 159904412
1202353 300 0.15333134328358208 159904412
1202653 300 0.15508551360842845 159658348
1202953 300 0.16622686567164183 171863090
1203253 300 0.16254784899034241 172912960
1203553 300 0.15417524143985953 160691814
1203853 300 0.15010746268656716 160708219
1204153 300 0.15244003511852502 160445751
1204453 300 0.15139701492537316 160183284
1204753 300 0.15006005267778752 160183284
1205053 300 0.1504393327480246 160314517
1205353 300 0.15870763827919224 160314517
1205653 300 0.17178331870061458 167532375
1205953 300 0.1674500438981563 166088803
1206253 300 0.1570482879719052 160052050
1206553 300 0.16304091308165058 160052050
1206853 300 0.1593713784021071 160314517
1207153 300 0.15746549604916596 160330921
1207453 300 0.16104969271290606 160314517
1207753 300 0.15921018437225637 160445751
1208053 300 0.1662363476733977 179474649
1208353 300 0.16524073748902546 177768610
1208653 300 0.16227287093942053 157689842
1208953 300 0.1617134328358209 156639972
1209253 300 0.16187462686567164 156771205
1209553 300 0.16308832309043023 157033673
1209853 300 0.16398911325724322 156902439
1210153 300 0.16677682177348552 156525142
1210453 300 0.16083160667251975 156656376
1210753 300 0.16039543459174713 156525142
1211053 300 0.17679929762949956 162955597
1211353 300 0.17129973661106232 170304688
1211653 300 0.16752589991220368 164267935
1211953 300 0.16693801580333628 157312545
1212253 300 0.17037998244073752 174012043
1212553 300 0.1699912203687445 157197715
1212853 300 0.16351501316944686 156935248
1213153 300 0.16155223880597014 156804014
1213453 300 0.16964986830553117 156820418
1213753 300 0.17556663740122916 169304031
1214053 300 0.17586057945566286 157739055
1214353 300 0.16675785776997365 157607821
1214653 300 0.15971273046532045 157214119
1214953 300 0.16797155399473224 157082886
1215253 300 0.1644252853380158 157082886
1215553 300 0.16336330114135206 156968056
1215853 300 0.1699438103599649 156836822
1216153 300 0.17032309043020194 160002837
1216453 300 0.17055065847234419 164727253
1216753 300 0.17413485513608432 157919501
1217053 300 0.16904302019315187 156820418
1217353 300 0.167867251975417 157017269
1217653 300 0.1624340649692713 158001522
1217953 300 0.16699490781387183 158132756
1218253 300 0.16800948200175592 158017926
1218553 300 0.16766812993854255 158296798
1218853 300 0.17100579455662865 174176085
1219153 300 0.16874907813871817 164825679
1219453 300 0.16010149253731343 158772520
1219753 300 0.16473819139596138 158378819
1220053 300 0.16598981562774365 157985118
1220353 300 0.16675785776997365 157853884
1220653 300 0.16802844600526778 157214119
1220953 300 0.17143248463564534 157214119
1221253 300 0.17999473222124668 158116351
1221553 300 0.19161018437225638 169271223
1221853 300 0.17807936786654963 169156393
1222153 300 0.16245302897278316 157739055
1222453 300 0.16715610184372257 157575012
1222753 300 0.16397963125548726 157575012
1223053 300 0.16305987708516245 157443778
1223353 300 0.20088358208955223 157460183
1223653 300 0.5749864793678666 157853884
1223953 300 0.5957994732221247 158510053
1224253 300 0.6 175029105
1224553 300 0.5785422300263389 174914275
1224853 300 0.5430700614574188 161397196
1225153 300 0.537769622475856 161512026
1225453 300 0.545478489903424 173716767
1225753 300 0.5157903424056189 161528430
1226053 300 0.5224182616330114 161512026
1226353 300 0.5189383669885865 161922131
1226653 300 0.519128007023705 162315832
1226953 300 0.5324122914837577 175045509
1227253 300 0.514756804214223 162430662
1227553 300 0.4904165057067603 162709534
1227853 300 0.49744266900790163 162676725
1228153 300 0.49328955223880594 162676725
1228453 300 0.500875153643547 176078975
1228753 300 0.489563125548727 163086831
1229053 300 0.49220860403863037 162939193
1229353 300 0.4870788410886743 163070427
1229653 300 0.4839497805092186 164382765
1229953 300 0.4863202809482001 175800103
1230253 300 0.475283230904302 165580273
1230553 300 0.47632625109745386 165727911
1230853 300 0.45652783143107983 165711507
1231153 300 0.46083266022827046 165973974
1231453 300 0.4512084284460053 167023844
1231753 300 0.4568881474978051 167007440
1232053 300 0.45052572431957855 166876206
1232353 300 0.44799402985074627 167056653
1232653 300 0.460756804214223 178080290
1232953 300 0.45465039508340643 178342758
1233253 300 0.45066795434591744 167187886
1233553 300 0.4388533801580334 167319120
1233853 300 0.42557857769973656 168368991
1234153 300 0.4263276558384547 168368991
1234453 300 0.41455100965759434 168368991
1234753 300 0.4009158911325724 168631458
1235053 300 0.4021485513608428 168500224
1235353 300 0.398526426690079 168500224
1235653 300 0.430404916593503 174389340
1235953 300 0.4047086918349429 184658383
1236253 300 0.3940414398595259 178605225
1236553 300 0.4002900790166813 169287627
1236853 300 0.38835223880597014 169271223
1237153 300 0.38335522388059695 168762692
1237453 300 0.3734465320456541 167844055
1237753 300 0.40054609306409134 167844055
1238053 300 0.3868446005267779 171649835
1238353 300 0.3853654082528534 180573732
1238653 300 0.371910447761194 167975289
1238953 300 0.39347251975417036 163529745
1239253 300 0.3906184372256365 177309292
1239553 300 0.3887599648814749 163660979
1239853 300 0.39559648814749776 163529745
1240153 300 0.37064934152765583 163792212
1240453 300 0.37365513608428447 165088146
1240753 300 0.3782633889376646 174274510
1241053 300 0.3810890254609306 163907042
1241353 300 0.3676056189640035 163907042
1241653 300 0.37131308165057064 163907042
1241953 300 0.3649885864793678 163907042
1242253 300 0.36271290605794554 163513341
1242553 300 0.3661928007023704 162463470
1242853 300 0.3685538191395961 162594704
1243153 300 0.3742050921861282 162594704
1243453 300 0.36801334503950833 162725938
1243753 300 0.38348797190517997 175586848
1244053 300 0.3819708516242318 174126873
1244353 300 0.36525408252853375 162725938
1244653 300 0.3624948200175592 162594704
1244953 300 0.3644670763827919 162578300
1245253 300 0.3590718173836699 162594704
1245553 300 0.36364214223002633 162857172
1245853 300 0.364580860403863 162857172
1246153 300 0.3665910447761194 162857172
1246453 300 0.38614293239683933 179261394
1246753 300 0.3814777875329236 168910330
1247053 300 0.36839262510974535 163398511
1247353 300 0.37314310798946443 164563211
1247653 300 0.36582300263388934 164169510
1247953 300 0.3692839332748024 164300743
1248253 300 0.2796695346795435 83624779
1248553 101 0.274454433713784 82574908
1248654 1 0.2745208077260755 82574908
1248655 3 0.2745208077260755 82591312
1248658 11 0.274454433713784 82591312
1248669 1 0.274454433713784 82591312
1248670 173 0.2766068481123793 89694341
1248843 1 0.2766068481123793 89694341
1248844 9 0.30490114135206325 92089357
1248853 300 0.2996481123792801 136561204
1249153 300 0.36368007023705 166958227
1249453 300 0.3457116769095698 162381450
1249753 300 0.34428937664618087 159592732
1250053 300 0.35021562774363474 159461498
1250353 300 0.34230763827919225 159609136
1250653 300 0.3475891132572432 159625540
1250953 300 0.3523870061457419 159756774
1251253 300 0.33753819139596136 159625540
1251553 300 0.3568056189640035 178802076
1251853 300 0.34477295873573305 179195777
1252153 300 0.337073573309921 162020556
1252453 300 0.34072414398595263 162693130
1252753 300 0.3415395961369623 162824364
1253053 300 0.3470012291483758 162807959
1253353 300 0.3436540825285338 162824364
1253653 300 0.34017418788410886 162561896
1253953 300 0.3423550482879719 161905727
1254253 300 0.3458918349429324 168598650
1254553 300 0.3414352941176471 179228586
1254853 300 0.3348168568920105 162676725
1255153 300 0.33144126426690074 162020556
1255453 300 0.32774328358208954 184855234
1255753 300 0.3260649692712906 170452327
1256053 300 0.32174117647058825 168615054
1256353 300 0.31972151009657596 166777781
1256653 300 0.3248892010535558 167548779
1256953 300 0.3190103599648815 184494341
1257253 300 0.3182897278314311 166515313
1257553 300 0.32458577699736607 165990378
1257853 300 0.3158812993854258 165990378
1258153 300 0.3156442493415276 166515313
1258453 300 0.3234289727831431 167302716
1258753 300 0.32598911325724317 183854576
1259053 300 0.34189991220368743 186331614
1259353 300 0.3320196663740123 176111784
1259653 300 0.32614082528533805 170468731
1259953 300 0.32908024582967516 170731198
1260253 300 0.32908024582967516 168237757
1260553 300 0.33463669885864794 166400484
1260853 300 0.3324179104477612 166679356
1261153 300 0.33122317822651454 167204290
1261453 300 0.3545109745390694 183739747
1261753 300 0.3467357330992098 183870981
1262053 300 0.3407620719929763 176505484
1262353 300 0.3323799824407375 175980550
1262653 300 0.3370166812993854 172437238
1262953 300 0.3417102721685689 165891953
1263253 300 0.3428860403863038 162086173
1263553 300 0.3314886742756804 162479875
1263853 300 0.3417482001755926 162873576
1264153 300 0.3535817383669886 171666239
1264453 300 0.34105601404741 166400484
1264753 300 0.32830272168568925 162725938
1265053 300 0.33435223880597015 162725938
1265353 300 0.32584688323090427 162725938
1265653 300 0.31892502194907807 162725938
1265953 300 0.3267097453906936 162332237
1266253 300 0.3335841966637401 162332237
1266553 300 0.35121123792800696 181902474
1266853 300 0.35240597014925373 189514033
1267153 300 0.338742405618964 179540266
1267453 300 0.33152660228270414 173765980
1267753 300 0.35086040386303774 172847343
1268053 300 0.34025952589991215 169960200
1268353 300 0.3324748024582968 169960200
1268653 300 0.32918454784899037 169960200
1268953 300 0.33478841088674277 167712822
1269253 300 0.35275680421422295 180967433
1269553 300 0.3482907813871818 178998927
1269853 300 0.32830272168568925 163382107
1270153 300 0.33916909569798065 159067797
1270453 297 0.2452972783143108 80343934
1270750 1 0.2452972783143108 80360338
1270751 2 0.2452972783143108 80360338
1270753 7 0.26572151009657596 80491572
1270760 4 0.26572151009657596 80475168
1270764 1 0.26572151009657596 80475168
1270765 176 0.26799719051799825 87528984
1270941 1 0.26799719051799825 87528984
1270942 111 0.2827132572431958 101899082
1271053 300 0.2948502194907814 151620280
1271353 300 0.32005338015803336 156164249
1271653 300 0.3137099209833187 156295483
1271953 300 0.30867497805092187 156311887
1272253 300 0.3086180860403863 156705589
1272553 300 0.2952484635645303 157640629
1272853 300 0.30145917471466194 157378162
1273153 300 0.3044554872695347 157246928
1273453 300 0.2951346795434592 157903097
1273753 300 0.30693028972783143 165383422
1274053 300 0.31240140474100087 180212839
1274353 300 0.3006721685689201 176439868
1274653 300 0.2975620719929763 169353244
1274953 300 0.2942907813871818 169090776
1275253 300 0.29785601404741 169369648
1275553 300 0.297723266022827 169369648
1275853 300 0.3045787532923618 166876206
1276153 300 0.29954381035996486 165301401
1276453 300 0.305308867427568 172519258
1276753 300 0.2883929762949956 176325038
1277053 300 0.1910791922739245 169369648
1277353 300 0.15536997366110625 165957570
1277653 300 0.15579666374012294 180524519
1277953 300 0.15422265144863917 169123585
1278253 300 0.1562707638279192 168467416
1278553 300 0.1612014047410009 162168195
1278853 300 0.15994978050921863 161118324
1279153 300 0.16516488147497801 174241702
1279453 300 0.16461492537313432 164530402
1279753 300 0.16227287093942053 164546807
1280053 300 0.16163757682177352 161790897
1280353 300 0.15899209833187006 160626198
1280653 300 0.15323652326602286 160593389
1280953 300 0.1562707638279192 160609794
1281253 300 0.15198489903424056 160593389
1281553 300 0.1543648814749781 163136044
1281853 300 0.16520280948200175 183854576
1282153 300 0.15628972783143108 178752863
1282453 300 0.15305636523266022 173880809
1282753 300 0.1555406496927129 172962172
1283053 300 0.15848007023705005 182919535
1283353 300 0.15461141352063215 170321093
1283653 300 0.15646988586479366 170321093
1283953 300 0.1543364354697103 170321093
1284253 300 0.155654433713784 170321093
1284553 300 0.16866374012291485 187512718
1284853 300 0.16692853380158032 169779754
1285153 300 0.15968428446005267 169927392
1285453 300 0.15401404741000876 168615054
1285753 300 0.1594093064091308 166777781
1286053 300 0.1544502194907814 167171482
1286353 300 0.15446918349429326 166777781
1286653 300 0.15454503950834067 166515313
1286953 300 0.16039543459174713 165071742
1287253 300 0.16647339771729588 178588821
1287553 300 0.1630978050921861 165613081
1287853 300 0.1588972783143108 159297456
1288153 300 0.14774644424934152 159034988
1288453 300 0.14768007023705007 159166222
1288753 300 0.15081861281826162 159067797
1289053 300 0.15246848112379283 159051392
1289353 300 0.15048674275680424 159182626
1289653 300 0.15016435469710274 159182626
1289953 300 0.15537945566286218 165219380
1290253 300 0.16162809482001758 178736459
1290553 300 0.15416575943810357 177834226
1290853 300 0.14669394205443373 172962172
1291153 300 0.14306233538191396 172552067
1291453 300 0.15306584723441616 185429382
1291753 300 0.15384337137840212 166941823
1292053 300 0.1534546093064091 166662951
1292353 300 0.1496428446005268 166548122
1292653 300 0.15117892888498685 166400484
1292953 300 0.15593889376646183 172962172
1293253 300 0.15967480245829677 176259421
1293553 300 0.15445970149253732 170206263
1293853 300 0.14445618964003512 167040249
1294153 300 0.14394416154521508 166006782
1294453 300 0.14709218612818262 165990378
1294753 300 0.1503350307287094 166121612
1295053 300 0.15356839332748023 164940508
1295353 300 0.15516136962247587 162184599
1295653 300 0.15215557506584723 160347326
1295953 300 0.16177032484635645 179409032
1296253 300 0.16185566286215983 180048796
1296553 300 0.15668797190517997 173618341
1296853 300 0.15670693590869184 186725315
1297153 300 0.15115996488147498 167712822
1297453 300 0.15360632133450397 163775808
1297753 300 0.15370114135206325 163890638
1298053 300 0.1549527655838455 164284339
1298353 300 0.1582714661984197 174668212
1298653 300 0.16428305531167692 160101262
1298953 300 0.1551329236172081 160101262
1299253 300 0.1504488147497805 159970029
1299553 300 0.15831887620719928 160101262
1299853 300 0.1550665496049166 160232496
1300153 300 0.154241615452151 160101262
1300453 300 0.15640351185250223 159970029
1300753 300 0.1519943810359965 159838795
1301053 300 0.16767761194029848 171518601
1301353 300 0.16177980684811238 171535005
1301653 300 0.15618542581211592 159445093
1301953 300 0.15409938542581214 159445093
1302253 300 0.15593889376646183 159313860
1302553 300 0.1555690956979807 159182626
1302853 300 0.1556828797190518 159182626
1303153 300 0.16200737489025463 159182626
1303453 300 0.1588972783143108 161676068
1303753 300 0.16848358208955225 167597992
1304053 300 0.1582050921861282 159313860
1304353 300 0.15768358208955227 158788925
1304653 300 0.1589731343283582 158805329
1304953 300 0.15566391571553995 158936563
1305253 300 0.155142405618964 158936563
1305553 300 0.15107462686567164 158936563
1305853 300 0.15762669007901667 159445093
1306153 300 0.16484249341527657 181246305
1306453 300 0.16037647058823526 178473991
1306753 300 0.15169095697980683 172601280
1307053 300 0.15351150131694472 171928707
1307353 300 0.15726637401229152 169320435
1307653 300 0.15449762949956103 167351929
1307953 300 0.1520323090430202 166170825
1308253 300 0.15172888498683054 166039591
1308553 300 0.1558630377524144 167220695
1308853 300 0.16414082528533805 185970721
1309153 300 0.16078419666374014 185445786
1309453 300 0.15905847234416157 168122927
1309753 300 0.1575318700614574 167876864
1310053 300 0.16165654082528533 167614396
1310353 300 0.15705776997366108 167597992
1310653 300 0.15722844600526778 164317147
1310953 300 0.15810079016681297 164218722
1311253 300 0.1610402107111501 165383422
1311553 300 0.16926110623353818 184806021
1311853 300 0.16308832309043023 178900501
1312153 300 0.1627943810359965 171157708
1312453 300 0.16566742756804215 170239072
1312753 300 0.16268059701492535 166958227
1313053 300 0.16306935908691836 166433292
1313353 300 0.24274661984196663 166564526
1313653 300 0.44139455662862165 166958227
1313953 300 0.4686647936786655 167499567
1314253 300 0.48682282704126423 178391970
1314553 300 0.5037766461808604 182197750
1314853 300 0.5042791922739245 176554698
1315153 300 0.5085840210711149 176817165
1315453 300 0.49639964881474974 191121646
1315753 300 0.49369727831431076 176554698
1316053 300 0.5016052677787532 176685931
1316353 300 0.5036344161545215 176554698
1316653 300 0.49705390693590873 176817165
1316953 300 0.5022690079016682 176685931
1317253 300 0.5130690079016681 181393943
1317553 300 0.5315020193151887 182328984
1317853 300 0.517335908691835 173930022
1318153 300 0.5105278314310798 173536320
1318453 300 0.5354370500438982 174192489
1318753 300 0.5196684811237928 172338812
1319053 300 0.5238974539069359 171813877
1319353 300 0.5338156277436347 171830281
1319653 300 0.5241155399473222 171813877
1319953 300 0.5310184372256365 171699048
1320253 300 0.5368972783143108 175619656
1320553 300 0.5524856892010535 186790932
1320853 300 0.5245517120280948 183247620
1321153 300 0.5262869183494293 178408374
1321453 300 0.5205123792800702 177079632
1321753 300 0.4420298507462686 174733828
1322053 300 0.27858858647936785 174323723
1322353 300 0.427702546093064 171830281
1322653 300 0.2775834942932397 171190516
1322953 300 0.3421843722563652 170157051
1323253 300 0.3889306409130816 187201038
1323553 300 0.22848568920105353 170796816
1323853 300 0.19494784899034243 161216749
1324153 300 0.23795820895522388 161200345
1324453 300 0.18722001755926254 161200345
1324753 300 0.18459350307287092 161331579
1325053 300 0.1904628621597893 161347983
1325353 300 0.18650886742756806 161347983
1325653 300 0.1871062335381914 161610451
1325953 300 0.18640456540825281 161479217
1326253 300 0.18653731343283583 177735801
1326553 300 0.18803546971027219 166859802
1326853 300 0.18989394205443372 166728568
1327153 300 0.18945776997366112 166597335
1327453 300 0.20452467076382794 165547464
1327753 300 0.20667708516242317 179064543
1328053 300 0.20122493415276557 167778438
1328353 300 0.1891733099209833 166859802
1328653 300 0.18980860403863037 166728568
1328953 300 0.19401861281826163 166203633
1329253 300 0.1884906057945566 160970686
1329553 300 0.18651834942932397 160429347
1329853 300 0.19180930640913083 160429347
1330153 300 0.18640456540825281 160298113
1330453 300 0.19999227392449517 176439868
1330753 300 0.18977067603160666 182345388
1331053 300 0.1900077260755048 173044194
1331353 300 0.18482107111501317 172634088
1331653 300 0.1915532923617208 172765322
1331953 300 0.18894574187884108 172765322
1332253 300 0.18317120280948201 172650492
1332553 300 0.1839961369622476 171321750
1332853 300 0.18946725197541703 166318463
1333153 300 0.199755223880597 180114414
1333453 300 0.19495733099209836 182082920
1333753 300 0.19319367866549605 167647204
1334053 300 0.18910693590869185 166974631
1334353 300 0.19005513608428445 166876206
1334653 300 0.1896758560140474 164251531
1334953 300 0.19163863037752418 163989063
1335253 300 0.18892677787532922 163726596
1335553 300 0.18843371378402107 161265962
1335853 300 0.19694855136084286 179491053
1336153 300 0.19553573309920982 184986468
1336453 300 0.18820614574187886 173306661
1336753 300 0.18669850746268657 173175427
1337053 300 0.18464091308165057 173044194
1337353 300 0.18935346795434596 173060598
1337653 300 0.18517190517998242 170550752
1337953 300 0.18758981562774363 166613739
1338253 300 0.19215065847234417 166351271
1338553 300 0.21511606672519756 166367676
1338853 300 0.5269411764705881 170813220
1339153 300 0.24781000877963122 182903131
1339453 300 0.5486265144863915 173191832
1339753 300 0.5063178226514485 172273195
1340053 300 0.5504849868305531 172404429
1340353 300 0.5529123792800702 170550752
1340653 300 0.5567431079894645 170157051
1340953 300 0.540851273046532 170304688
1341253 300 0.5540597014925372 170288284
1341553 300 0.41247445127304655 87611005
1341853 41 0.39784372256365225 99946980
1341894 8 0.3978911325724319 99946980
1341902 9 0.39784372256365225 99963384
1341911 173 0.39912379280070237 107558539
1342084 1 0.39912379280070237 107558539
1342085 1 0.39912379280070237 107558539
1342086 67 0.41476909569798065 119435196
1342153 300 0.4360846356453029 158165564
1342453 300 0.32246180860403867 164349956
1342753 300 0.5512151009657594 164481190
1343053 300 0.5463982440737489 164481190
1343353 300 0.5438665496049165 164743657
1343653 300 0.5404909569798068 164760061
1343953 300 0.5393531167690957 164628828
1344253 300 0.5478869183494293 164628828
1344553 300 0.5609246707638279 178277140
1344853 300 0.4875813871817383 174865062
1345153 300 0.2965095697980685 162004152
1345453 300 0.18683125548726956 161380792
1345753 300 0.18831992976294995 180196435
1346053 300 0.23780649692712907 166548122
1346353 300 0.25724460052677783 165498252
1346653 300 0.2437801580333626 163250873
1346953 300 0.2838985074626866 165219380
1347253 300 0.19318419666374012 176882782
1347553 300 0.18035504828797191 167286312
1347853 300 0.1776716417910448 166105208
1348153 300 0.1742770851624232 165859144
1348453 300 0.17287374890254606 165711507
1348753 300 0.17618296751536436 164645232
1349053 300 0.18123687445127304 162611109
1349353 300 0.185740825285338 164989721
1349653 300 0.1768846356453029 169960200
1349953 300 0.17633467954345916 163004810
1350253 300 0.17564249341527655 163119639
1350553 300 0.17412537313432833 163119639
1350853 300 0.18007058823529412 162840768
1351153 300 0.1762777875329236 162857172
1351453 300 0.17785179982440738 162709534
1351753 300 0.1841478489903424 164054680
1352053 300 0.18429956101843725 189743692
1352353 300 0.18492537313432836 180311264
1352653 300 0.1720014047410009 170599965
1352953 300 0.17293064091308163 170075029
1353253 300 0.17580368744512734 168893926
1353553 300 0.1748649692712906 167187886
1353853 300 0.17301597892888498 167335524
1354153 300 0.17301597892888498 167220695
1354453 300 0.17212467076382792 167335524
1354753 300 0.1874760316066725 182673472
1355053 300 0.17693204565408255 172699705
1355353 300 0.16912835820895525 167597992
1355653 300 0.2544474100087796 167712822
1355953 300 0.34548410886742753 167729226
1356253 300 0.21449973661106236 165645889
1356553 300 0.18541843722563653 163546149
1356853 300 0.25124249341527655 163546149
1357153 300 0.48110517998244073 163825021
1357453 300 0.5308382791922739 171567814
1357753 300 0.5440087796312554 184018618
1358053 300 0.5291220368744513 173405086
1358353 300 0.5243146619841966 173126215
1358653 300 0.5296625109745391 173372278
1358953 300 0.5334837576821774 173536320
1359253 300 0.5475076382791922 173126215
1359553 300 0.5391350307287094 173011386
1359853 300 0.5447768217734855 170534348
1360153 300 0.5483610184372255 173011386
1360453 300 0.5568663740122914 180622944
1360753 300 0.5436200175592625 171961515
1361053 300 0.5623469710272168 166712164
1361353 300 0.5519072870939421 166055995
1361653 300 0.5134103599648815 165793528
1361953 300 0.2610279192273925 164497594
1362253 300 0.4783079894644425 162922789
1362553 300 0.1924635645302897 162397854
1362853 300 0.37177769973661107 168040906
1363153 300 0.17547181738366988 166203633
1363453 300 0.16884389815627743 159789582
1363753 300 0.16422616330114134 159395881
1364053 300 0.1724660228270413 159395881
1364353 300 0.1760597014925373 159133413
1364653 300 0.16598981562774365 159002179
1364953 300 0.17272203687445126 159133413
1365253 300 0.17639157155399474 159395881
1365553 300 0.17905601404741 179080948
1365853 300 0.17195399473222125 175012701
1366153 300 0.1611065847234416 170813220
1366453 300 0.1559009657594381 170796816
1366753 300 0.16324951712028096 170025817
1367053 300 0.16092642669007903 167269908
1367353 300 0.16605618964003513 163857829
1367653 300 0.16741211589113258 160970686
1367953 300 0.17050324846356454 160839453
1368253 300 0.17870517998244076 172912960
1368553 300 0.17786128182616331 181049454
1368853 300 0.17509253731343286 171600622
1369153 300 0.1713945566286216 168975946
1369453 300 0.17140403863037754 167926077
1369753 300 0.1659044776119403 165563868
1370053 300 0.16415978928884986 165432635
1370353 300 0.16331589113257242 166613739
1370653 300 0.1823367866549605 185773870
1370953 300 0.16708972783143108 176981207
1371253 300 0.1669569798068481 169238414
1371553 300 0.17137559262510974 168844713
1371853 300 0.16836979806848112 168729883
1372153 300 0.16795258999122037 164776466
1372453 300 0.17126180860403864 161758089
1372753 300 0.169156804214223 160708219
1373053 300 0.18497278314310797 179999584
1373353 300 0.17458999122036872 177374908
1373653 300 0.1699438103599649 171338155
1373953 300 0.17519683933274802 169369648
1374253 300 0.16567690956979805 169238414
1374553 300 0.17134714661984196 166876206
1374853 300 0.1692231782265145 160855857
1375153 300 0.17881896400351185 163480532
1375453 300 0.1869260755048288 175554040
1375753 300 0.17980509218612817 171617026
1376053 300 0.1806489903424056 171748260
1376353 300 0.1831048287971905 166761377
1376653 300 0.1784017559262511 164776466
1376953 300 0.17613555750658472 163201660
1377253 300 0.17613555750658472 159395881
1377553 300 0.17765267778753294 160445751
1377853 300 0.20008709394205446 179097352
1378153 300 0.1911171202809482 176997612
1378453 300 0.19020684811237928 171748260
1378753 300 0.19298507462686568 171748260
1379053 300 0.1887086918349429 171617026
1379353 300 0.18015592625109747 169894583
1379653 300 0.18639508340649694 168828309
1379953 300 0.18740017559262512 166072399
1380253 300 0.19051027216856894 173159023
1380553 300 0.18503915715539948 170025817
1380853 300 0.18514345917471467 160068454
1381153 300 0.19253942054433712 159953625
1381453 300 0.19544091308165057 159838795
1381753 300 0.19423669885864794 159723966
1382053 300 0.18631922739244952 159691157
1382353 300 0.19100333625987706 164415573
1382653 300 0.20760632133450396 181738432
1382953 300 0.19579174714661987 171370963
1383253 300 0.18798805970149254 171370963
1383553 300 0.19127831431079895 171239730
1383853 300 0.1883388937664618 169796158
1384153 300 0.19045338015803337 167565184
1384453 300 0.18868024582967516 167581588
1384753 300 0.19546935908691837 167450354
1385053 300 0.20091202809482 182935940
1385353 300 0.19817172958735735 179655096
1385653 300 0.19144899034240562 170616369
1385953 300 0.18959051799824406 168385395
1386253 300 0.194615978928885 180852604
1386553 300 0.18765618964003514 168122927
1386853 300 0.1874570676031607 165235784
1387153 300 0.1880449517120281 164694445
1387453 300 0.19022581211589112 164825679
1387753 300 0.19017840210711148 175455615
1388053 300 0.18943880597014925 164956912
1388353 300 0.18808287971905183 164825679
1388653 300 0.1849348551360843 164842083
1388953 300 0.1824979806848112 164842083
1389253 300 0.18375908691834944 164842083
1389553 300 0.18369271290605796 164710849
1389853 300 0.18989394205443372 166695760
1390153 300 0.19912941176470592 180458902
1390453 300 0.19190412642669005 174405744
1390753 300 0.19479613696224757 169533690
1391053 300 0.19516593503072868 166892610
1391353 300 0.19199894644424934 166006782
1391653 300 0.18365478489903422 160888665
1391953 300 0.18550377524143988 158001522
1392253 300 0.19074732221246707 158788925
1392553 300 0.21199648814749783 172306004
1392853 300 0.19727093942054433 173355874
1393153 300 0.1937625987708516 170599965
1393453 300 0.19348762071992978 190941200
1393753 300 0.18913538191395965 170337497
1394053 300 0.19334539069359086 166138016
1394353 300 0.19030166812993854 161807302
1394653 300 0.18928709394205445 161807302
1394953 300 0.1990251097453907 180967433
1395253 300 0.20359543459174714 168762692
1395553 300 0.1951564530289728 168762692
1395853 300 0.19286180860403865 167581588
1396153 300 0.20087410008779633 165613081
1396453 300 0.1929945566286216 165350614
1396753 300 0.19037752414398593 165350614
1397053 300 0.18953362598770854 165219380
1397353 300 0.19832344161545215 165481848
1397653 300 0.20806145741878843 174930679
1397953 300 0.20088358208955223 164956912
1398253 300 0.19878805970149255 159313860
1398553 300 0.19961299385425813 159707561
1398853 300 0.1949857769973661 159182626
1399153 300 0.1972614574187884 159313860
1399453 300 0.19500474100087797 159445093
1399753 300 0.19763125548726954 162217407
1400053 300 0.19911044776119405 175340785
1400353 300 0.29835856014047407 171928707
1400653 300 0.5614556628621598 172174770
1400953 300 0.5980087796312554 171781069
1401253 300 0.593694468832309 171387367
1401553 300 0.5968424934152766 171256134
1401853 300 0.5888112379280069 171124900
1402153 300 0.5572172080772607 171518601
1402453 300 0.5516986830553117 187529122
1402753 300 0.5592842844600526 176505484
1403053 300 0.5508547848990343 171288942
1403353 300 0.5609436347673398 187561930
1403653 300 0.5437527655838456 171157708
1403953 300 0.5505039508340649 171157708
1404253 300 0.5472705882352941 171157708
1404553 300 0.5546191395961368 173126215
1404853 300 0.5470525021949079 178375566
1405153 300 0.5468059701492537 171272538
1405453 300 0.5433829675153643 171256134
1405753 300 0.5307150131694469 171272538
1406053 300 0.5328294995610184 171141304
1406353 300 0.5512056189640034 171157708
1406653 300 0.5383195785776997 171157708
1406953 300 0.5445397717295873 173930022
1407253 300 0.5526374012291484 181279113
1407553 300 0.5474791922739245 174176085
1407853 300 0.5475171202809481 172584876
1408153 300 0.543032133450395 171174112
1408453 300 0.5323648814749781 171157708
1408753 300 0.5282686567164179 171141304
1409053 300 0.5383764705882352 171945111
1409353 300 0.5509970149253731 192122304
1409653 300 0.5466163301141352 190022564
1409953 300 0.54625601404741 170485135
1410253 300 0.5415908691834943 170632773
1410553 300 0.5367171202809482 187053400
1410853 300 0.5331803336259877 173257449
1411153 300 0.5403202809482002 173011386
1411453 300 0.5312649692712906 171436580
1411753 300 0.5269222124670764 171010070
1412053 300 0.53596804214223 178621629
1412353 300 0.5649829675153644 169845370
1412653 300 0.5552923617208076 169828966
1412953 300 0.5576818261633012 167729226
1413253 300 0.5405194029850746 166662951
1413553 300 0.5522296751536435 164218722
1413853 300 0.5320804214223003 163677383
1414153 300 0.5440846356453028 165924762
1414453 300 0.5498496927129061 171813877
1414753 300 0.5447294117647059 163677383
1415053 300 0.5323838454784898 163825021
1415353 300 0.5360438981562774 163529745
1415653 300 0.540471992976295 163398511
1415953 300 0.5370110623353819 163529745
1416253 300 0.5389548726953468 163398511
1416553 300 0.5530261633011413 161036303
1416853 300 0.5592179104477611 180852604
1417153 300 0.5393625987708516 176800761
1417453 300 0.5583834942932396 172338812
1417753 300 0.5552923617208076 172076344
1418053 300 0.5434967515364355 171945111
1418353 300 0.5410883230904302 171945111
1418653 300 0.5434967515364355 169304031
1418953 300 0.5406331870061457 166023187
1419253 300 0.553718349429324 185577019
1419553 300 0.5405194029850746 178752863
1419853 300 0.5394194907813872 171928707
1420153 300 0.5457724319578577 169697733
1420453 300 0.5433829675153643 168910330
1420753 300 0.5300512730465321 165891953
1421053 300 0.5308951712028095 164054680
1421353 300 0.5205787532923617 163939851
1421653 300 0.5244474100087796 163923446
1421953 300 0.5300417910447761 171010070
1422253 300 0.5225320456540825 166154421
1422553 300 0.5186444249341527 163792212
1422853 300 0.5193460930640913 163660979
1423153 300 0.5199813871817384 163660979
1423453 300 0.5123768217734854 163529745
1423753 300 0.5184168568920104 162479875
1424053 300 0.5193271290605794 160642602
1424353 300 0.51180790166813 160511368
1424653 300 0.5322226514486391 160527772
1424953 300 0.5210244073748903 160429347
1425253 300 0.5312744512730465 160429347
1425553 300 0.5234707638279192 160429347
1425853 300 0.5289798068481123 162102577
1426153 300 0.5414770851624232 184264682
1426453 300 0.5309330992098331 170222668
1426753 300 0.5355982440737489 161954940
1427053 300 0.5259171202809482 161823706
1427353 300 0.5229682177348551 176259421
1427653 300 0.5072186128182616 161561238
1427953 300 0.5199719051799824 161692472
1428253 300 0.51308797190518 161561238
1428553 300 0.5164446005267779 161446409
1428853 300 0.5339768217734855 172880152
1429153 300 0.5283160667251975 161856514
1429453 300 0.5161980684811238 161840110
1429753 300 0.5227596136962247 178900501
1430053 300 0.53571202809482 167466758
1430353 300 0.5302314310798947 167335524
1430653 300 0.5206071992976296 167335524
1430953 300 0.5396660228270412 167335524
1431253 300 0.5301555750658472 182296175
1431553 300 0.535190517998244 173273853
1431853 300 0.5321942054433714 173257449
1432153 300 0.5298995610184372 185084893
1432453 300 0.5112674275680421 173273853
1432753 300 0.5302314310798947 173011386
1433053 300 0.5104993854258121 173126215
1433353 300 0.5103192273924495 175209551
1433653 300 0.5208252853380158 180065201
1433953 300 0.5351620719929763 173109811
1434253 300 0.510622651448639 173109811
1434553 300 0.5257559262510975 173159023
1434853 300 0.5082995610184372 173159023
1435153 300 0.509105531167691 173027790
1435453 300 0.520929587357331 173126215
1435753 300 0.5338630377524144 175652465
1436053 300 0.5296909569798068 181279113
1436353 300 0.5191754170324846 173405086
1436653 300 0.5254525021949078 173405086
1436953 300 0.5317580333625987 173388682
1437253 300 0.5201425812115891 173241045
1437553 300 0.526713608428446 173109811
1437853 300 0.5312365232660229 173109811
1438153 300 0.5179048287971906 173913618
1438453 300 0.5348681299385425 191745007
1438753 300 0.529397014925373 184806021
1439053 300 0.523508691834943 172207578
1439353 300 0.5314356453028972 172223983
1439653 300 0.5312649692712906 172092749
1439953 300 0.5265050043898155 170911645
1440253 300 0.5364516242317823 168926734
1440553 300 0.529406496927129 168926734
1440853 300 0.5209390693590868 168926734
1441153 300 0.5255757682177349 175357189
1441453 300 0.535332748024583 189546841
1441753 300 0.5188909569798068 172223983
1442053 300 0.5099968393327481 172371621
1442353 300 0.5364421422300264 172371621
1442653 300 0.5091150131694469 172355217
1442953 300 0.5213847234416155 172371621
1443253 300 0.5108122914837576 172240387
1443553 300 0.5319571553994732 172109153
1443853 300 0.5429467954345918 178391970
1444153 300 0.5215743634767339 178654438
1444453 300 0.5033309920983319 172880152
1444753 300 0.5350482879719051 170517943
1445053 300 0.5410598770851623 169730541
1445353 300 0.5244948200175592 169878179
1445653 300 0.5229018437225637 169746945
1445953 300 0.535958560140474 169993008
1446253 300 0.5490057945566286 186790932
1446553 300 0.5442173836698858 185248935
1446853 300 0.5343940298507462 170813220
1447153 300 0.527225636523266 169484478
1447453 300 0.5130121158911325 167745630
1447753 300 0.5232621597892888 167614396
1448053 300 0.5218967515364356 167483163
1448353 300 0.5338345917471466 170239072
1448653 300 0.543297629499561 180737774
1448953 300 0.5065548726953467 173142619
1449253 300 0.5023827919227392 173142619
1449553 300 0.5114570676031607 172486450
1449853 300 0.30931975417032487 170403114
1450153 300 0.266100790166813 169878179
1450453 300 0.2106310798946444 167499567
1450753 300 0.17477014925373133 182607855
1451053 300 0.1612488147497805 181672815
1451353 300 0.1551708516242318 172355217
1451653 300 0.15826198419666374 170255476
1451953 300 0.15665004389815632 169336840
1452253 300 0.15177629499561018 168155736
1452553 300 0.15385285338015806 166449696
1452853 300 0.1522124670763828 167762034
1453153 300 0.16037647058823526 189415608
1453453 300 0.1604238805970149 175767295
1453753 300 0.15354942932396837 168057310
1454053 300 0.1568776119402985 167926077
1454353 300 0.15173836698858648 167926077
1454653 300 0.1538718173836699 167909672
1454953 300 0.15127374890254608 167909672
1455253 300 0.15742756804214222 168319778
1455553 300 0.158356804214223 168057310
1455853 300 0.15552168568920108 167926077
1456153 300 0.15083757682177348 168057310
1456453 300 0.14988937664618085 168040906
1456753 300 0.15606215978928883 168057310
1457053 300 0.15854644424934153 168172140
1457353 300 0.16794310798946444 187742377
1457653 300 0.16722247585601405 181164284
1457953 300 0.15338823529411766 173306661
1458253 300 0.1536537313432836 173159023
1458553 300 0.15262967515364356 173175427
1458853 300 0.1487894644424934 173290257
1459153 300 0.14822054433713783 171075687
1459453 300 0.15490535557506585 174487765
1459753 300 0.17078770851624234 186561273
1460053 300 0.15002212467076384 179737116
1460353 300 0.1453190517998244 174094064
1460653 300 0.1497187006145742 173962830
1460953 300 0.1471964881474978 173831596
1461253 300 0.14984196663740124 172256791
1461553 300 0.15165302897278313 170960857
1461853 300 0.15194697102721685 172634088
1462153 300 0.16031957857769974 181689219
1462453 300 0.1546683055311677 173290257
1462753 300 0.15061949078138717 167762034
1463053 300 0.15193748902546092 167893268
1463353 300 0.14660860403863038 168024502
1463653 300 0.1502307287093942 167876864
1463953 300 0.1508470588235294 167893268
1464253 300 0.1567353819139596 167811247
1464553 300 0.17474170324846353 176341443
1464853 300 0.16966883230904303 180245647
1465153 300 0.1588972783143108 173700363
1465453 300 0.16147638279192272 173159023
1465753 300 0.15924811237928008 170157051
1466053 300 0.1593713784021071 167794843
1466353 300 0.15439332748024584 167663609
1466653 300 0.15371062335381916 167663609
1466953 300 0.17354697102721686 188661013
1467253 300 0.16374258121158908 195731233
1467553 300 0.15588200175592626 172912960
1467853 300 0.15289517120280952 172650492
1468153 300 0.15906795434591747 169763349
1468453 300 0.15501913959613695 169369648
1468753 300 0.1559768217734855 166876206
1469053 300 0.1552467076382792 166482505
1469353 300 0.15523722563652326 166088803
1469653 300 0.16574328358208956 173044194
1469953 300 0.16599929762949958 183542896
1470253 300 0.1601299385425812 171469389
1470553 300 0.1556165057067603 171354559
1470853 300 0.15473467954345918 171338155
1471153 300 0.15680175592625112 169746945
1471453 300 0.15475364354697105 165957570
1471753 300 0.15696294995610183 163316490
1472053 300 0.15681123792800702 163447724
1472353 300 0.16580017559262508 171075687
1472653 300 0.16475715539947325 176325038
1472953 300 0.16057559262510976 171699048
1473253 300 0.155398419666374 170780411
1473553 300 0.15512344161545216 168943138
1473853 300 0.15123582089552237 168811905
1474153 300 0.15631817383669885 164628828
1474453 300 0.15454503950834067 163300086
1474753 300 0.1627564530289728 171174112
1475053 300 0.16408393327480247 185363764
1475353 300 0.15663107989464445 171977919
1475653 300 0.15284776119402987 171846685
1475953 300 0.15741808604038632 171715452
1476253 300 0.15957998244073748 171042879
1476553 300 0.16292712906057943 169090776
1476853 300 0.1634770851624232 168155736
1477153 300 0.16446321334503952 166187229
1477453 300 0.1668526777875329 184838830
1477753 300 0.16000667251975417 177620972
1478053 300 0.1588972783143108 172240387
1478353 300 0.1654398595258999 172240387
1478653 300 0.16551571553994734 168828309
1478953 300 0.16208323090430202 166334867
1479253 300 0.16046180860403864 164628828
1479553 300 0.16227287093942053 163710192
1479853 300 0.1756614574187884 174602595
1480153 300 0.16866374012291485 173815192
1480453 300 0.16616049165935032 171715452
1480753 300 0.16331589113257242 171305346
1481053 300 0.1609548726953468 171567814
1481353 300 0.16232028094820017 171436580
1481653 300 0.16137208077260756 169615711
1481953 300 0.1687111501316945 166712164
1482253 300 0.18068691834942935 188382142
1482553 300 0.1713566286215979 179474649
1482853 300 0.16415978928884986 168451012
1483153 300 0.16346760316066727 168565841
1483453 300 0.2120154521510097 168303373
1483753 300 0.5131543459174714 167794843
1484053 300 0.543032133450395 167384737
1484353 300 0.5448526777875329 167253504
1484653 300 0.5532063213345039 173421491
1484953 300 0.5593980684811238 185380169
1485253 300 0.5610669007901667 180130818
1485553 300 0.5393057067603161 175406402
1485853 300 0.5581748902546092 175521231
1486153 300 0.5467111501316944 173552725
1486453 300 0.5467585601404741 172256791
1486753 300 0.5318338893766462 170304688
1487053 300 0.5439329236172081 169894583
1487353 300 0.5557854258121159 182361792
1487653 300 0.5474697102721685 186183976
1487953 300 0.5270075504828797 175685274
1488253 300 0.5367076382791922 175554040
1488553 300 0.5301271290605795 175685274
1488853 300 0.5318528533801581 175931337
1489153 300 0.5373334503950834 175554040
1489453 300 0.5376084284460052 175554040
1489753 300 0.5476688323090431 181197092
1490053 300 0.5320235294117647 175291572
1490353 300 0.5411452151009657 173323066
1490653 300 0.5363757682177348 173060598
1490953 300 0.5288565408252853 172666897
1491253 300 0.5259929762949956 171600622
1491553 300 0.5407280070237049 171075687
1491853 300 0.5284677787532923 171206921
1492153 300 0.5628305531167691 184724000
1492453 300 0.5419322212467076 178703650
1492753 300 0.5365464442493415 171354559
1493053 300 0.5286669007901668 188283716
1493353 300 0.5256231782265145 175947741
1493653 300 0.524134503950834 175931337
1493953 300 0.5188340649692712 175800103
1494253 300 0.5413158911325724 175800103
1494553 300 0.5570844600526778 187086208
1494853 300 0.537902370500439 173175427
1495153 300 0.5369731343283582 172912960
1495453 300 0.5232337137840211 171092091
1495753 300 0.5295202809482001 170698390
1496053 300 0.5259740122914838 170698390
1496353 300 0.539059174714662 170567156
1496653 300 0.5320709394205443 170304688
1496953 300 0.543563125548727 180934624
1497253 300 0.5259740122914838 180934624
1497553 300 0.518227216856892 169779754
1497853 300 0.526713608428446 167532375
1498153 300 0.52542405618964 167007440
1498453 300 0.5302788410886743 166744972
1498753 300 0.5271971905179982 166613739
1499053 300 0.5418279192273925 166613739
1499353 300 0.5386988586479368 172912960
1499653 300 0.5331234416154522 188004844
1499953 300 0.519640035118525 175275168
1500253 300 0.5272351185250219 175029105
1500553 300 0.5335785776997366 173060598
1500853 300 0.533787181738367 172141962
1501153 300 0.5397608428446006 172404429
1501453 300 0.5310374012291484 172388025
1501753 300 0.5323364354697102 172388025
1502053 300 0.5544484635645303 187742377
1502353 300 0.5371627743634767 176325038
1502653 300 0.5373524143985953 170288284
1502953 300 0.5358921861281826 176193804
1503253 300 0.5385755926251098 169500882
1503553 300 0.5293875329236173 169238414
1503853 300 0.5318433713784021 168975946
1504153 300 0.5350956979806848 165973974
1504453 300 0.5297099209833187 169254819
1504753 300 0.5464646180860403 163874233
1505053 300 0.5395427568042142 163726596
1505353 300 0.5429847234416154 163726596
1505653 300 0.5294349429323969 163726596
1505953 300 0.5269506584723441 163726596
1506253 300 0.5307339771729587 163726596
1506553 300 0.5300133450395083 164120297
1506853 300 0.536100790166813 169500882
1507153 300 0.5445113257243196 181180688
1507453 300 0.5247318700614574 164792870
1507753 300 0.5412589991220368 164661636
1508053 300 0.5192702370500438 164530402
1508353 300 0.5240586479367866 164530402
1508653 300 0.529928007023705 164513998
1508953 300 0.5289703248463564 164513998
1509253 300 0.5163592625109745 164513998
1509553 300 0.5362904302019315 170009413
1509853 300 0.5440087796312554 183034365
1510153 300 0.5334742756804214 178178715
1510453 300 0.5208347673397717 175291572
1510753 300 0.5155058823529411 186840145
1511053 300 0.5196969271290606 175668870
1511353 300 0.5265239683933275 175160338
1511653 300 0.5011122036874451 172912960
1511953 300 0.5184263388937664 173716767
1512253 300 0.5326114135206321 176849973
1512553 300 0.5244663740122915 170567156
1512853 300 0.5228923617208078 168844713
1513153 300 0.5148705882352941 168319778
1513453 300 0.5082142230026339 168319778
1513753 300 0.5136948200175593 167958885
1514053 300 0.5247603160667251 167926077
1514353 300 0.5214036874451273 168861117
1514653 300 0.526969622475856 183182003
1514953 300 0.5076073748902545 174372936
1515253 300 0.5251870061457419 168861117
1515553 300 0.5166342405618964 168598650
1515853 300 0.515145566286216 168598650
1516153 300 0.5145102721685689 167155078
1516453 300 0.5072375768217735 166088803
1516753 300 0.5198012291483758 165973974
1517053 300 0.4908906057945567 165695102
1517353 300 0.52363195785777 165727911
1517653 300 0.5142068481123793 165842740
1517953 300 0.5136568920105355 165842740
1518253 300 0.5161885864793678 165711507
1518553 300 0.5106510974539069 165711507
1518853 300 0.5313977172958736 185002872
1519153 300 0.5144818261633011 181984495
1519453 300 0.520275329236172 176210209
1519753 300 0.5150602282704126 176078975
1520053 300 0.5174212467076382 176226613
1520353 300 0.5071048287971905 176472676
1520653 300 0.5196969271290606 176210209
1520953 300 0.5211192273924494 177260079
1521253 300 0.5223708516242318 191302093
1521553 300 0.5098356453028973 182378196
1521853 300 0.5144249341527656 177260079
1522153 300 0.5270644424934153 176751548
1522453 300 0.5298331870061457 174651808
1522753 300 0.5150886742756804 174783042
1523053 300 0.49522388059701494 174783042
1523353 300 0.5004484635645303 174651808
1523653 300 0.5111157155399473 179113756
1523953 300 0.5172410886742757 189858522
1524253 300 0.4998036874451273 179622287
1524553 300 0.49636172080772606 176341443
1524853 300 0.506147146619842 173323066
1525153 300 0.5075315188762072 169910988
1525453 300 0.5026862159789289 168352586
1525753 300 0.4845566286215979 168204948
1526053 300 0.5121113257243196 169681328
1526353 300 0.5289703248463564 187791589
1526653 300 0.5019466198419665 179113756
1526953 300 0.5123578577699737 174914275
1527253 300 0.5154774363476734 175307976
1527553 300 0.5153446883230904 174520574
1527853 300 0.519128007023705 172814535
1528153 300 0.5153541703248463 172552067
1528453 300 0.5284203687445127 171895898
1528753 300 0.535190517998244 183444471
1529053 300 0.5386230026338894 174520574
1529353 300 0.5036344161545215 167171482
1529653 300 0.5028853380158034 167040249
1529953 300 0.4885580333625988 166777781
1530253 300 0.4919525899912203 166909015
1530553 300 0.4971961369622476 167171482
1530853 300 0.5010458296751535 170058625
1531153 300 0.5175919227392449 185150510
1531453 300 0.5101485513608428 177030420
1531753 300 0.5225604916593504 173224640
1532053 300 0.5161316944688322 178195120
1532353 300 0.5081383669885865 169648520
1532653 300 0.5136663740122914 169533690
1532953 300 0.5085271290605795 168877521
1533253 300 0.5106131694468833 169025160
1533553 300 0.5126517998244073 168729883
1533853 300 0.5094563652326601 166121612
1534153 300 0.5094374012291483 164136701
1534453 300 0.5114949956101843 163234469
1534753 300 0.5073039508340649 163218065
1535053 300 0.5211287093942054 163086831
1535353 300 0.519649517120281 162955597
1535653 300 0.5220389815627744 168073714
1535953 300 0.5286289727831431 168992351
1536253 300 0.5219157155399473 164153106
1536553 300 0.5268842844600526 164021872
1536853 300 0.5135715539947322 164153106
1537153 300 0.5079107989464443 164021872
1537453 300 0.49711079894644417 164021872
1537753 300 0.4909569798068481 164021872
1538053 300 0.520550307287094 171633430
1538353 300 0.5154110623353818 185281744
1538653 300 0.238328007023705 175045509
1538953 300 0.15153924495171203 174930679
1539253 300 0.1487041264266901 174799446
1539553 300 0.1468266900790167 174668212
1539853 300 0.14794556628621597 174126873
1540153 300 0.1491782265144864 172420833
1540453 300 0.1547062335381914 176095379
1540753 300 0.1650036874451273 188825056
1541053 300 0.15026865671641793 180951029
1541353 300 0.1479929762949956 176899186
1541653 300 0.15360632133450397 176636718
1541953 300 0.1480593503072871 175078317
1542253 300 0.1489222124670764 169550094
1542553 300 0.14647585601404742 167187886
1542853 300 0.14463634767339772 167302716
1543153 300 0.15691553994732219 182788302
1543453 300 0.15536997366110625 182000899
1543753 300 0.14734820017559264 175176742
1544053 300 0.1482774363476734 187775185
1544353 300 0.1442001755926251 172568472
1544653 300 0.14482598770851624 169796158
1544953 300 0.1415262510974539 168877521
1545253 300 0.14371659350307286 164546807
1545553 300 0.16348656716417911 178326354
1545853 300 0.15763617208077263 169796158
1546153 300 0.14617243195785776 169812562
1546453 300 0.14391571553994734 178851288
1546753 300 0.14743353819139596 172306004
1547053 300 0.1468266900790167 170731198
1547353 300 0.14237014925373134 166777781
1547653 300 0.14456997366110622 166909015
1547953 300 0.15114100087796312 174947083
1548253 300 0.15207023705004388 170731198
1548553 300 0.1408056189640035 170468731
1548853 300 0.1441622475856014 170337497
1549153 300 0.1421710272168569 169139989
1549453 300 0.14273046532045655 165875549
1549753 300 0.14331834942932395 165498252
1550053 300 0.1458215978928885 165990378
1550353 300 0.1571620719929763 180311264
1550653 300 0.1489222124670764 170977262
1550953 300 0.14740509218612818 165859144
1551253 300 0.14879894644424935 165990378
1551553 300 0.14949113257243196 165859144
1551853 300 0.14653274802458296 166039591
1552153 300 0.14699736611062336 166302058
1552453 300 0.1490739244951712 166449696
1552753 300 0.1548294995610184 172355217
1553053 300 0.16169446883230904 184297490
1553353 300 0.1545545215100966 180229243
1553653 300 0.1468266900790167 174323723
1553953 300 0.14908340649692714 169845370
1554253 300 0.1495480245829675 169861774
1554553 300 0.14651378402107113 169582903
1554853 300 0.14908340649692714 169845370
1555153 300 0.15694398595259 174471361
1555453 300 0.1665587357330992 185626232
1555753 300 0.15456400351185254 176308634
1556053 300 0.14702581211589114 173159023
1556353 300 0.15068586479367868 172765322
1556653 300 0.1437260755048288 172109153
1556953 300 0.1450345917471466 169057968
1557253 300 0.14428551360842845 167909672
1557553 300 0.14731027216856893 168713479
1557853 300 0.1623297629499561 187069804
1558153 300 0.1480972783143108 177752206
1558453 300 0.14437085162423177 171436580
1558753 300 0.14787919227392451 171452984
1559053 300 0.14645689201053555 171436580
1559353 300 0.1511315188762072 170517943
1559653 300 0.15117892888498685 166728568
1559953 300 0.15380544337137841 163825021
1560253 300 0.16031957857769974 184822425
1560553 300 0.15304688323090432 180918220
1560853 300 0.1546019315188762 175143934
1561153 300 0.15182370500438983 174865062
1561453 300 0.15440280948200175 174471361
1561753 300 0.14677928007023705 171584218
1562053 300 0.15050570676031605 168565841
1562353 300 0.15440280948200175 167384737
1562653 300 0.15740860403863038 170534348
1562953 300 0.16333485513608428 174865062
1563253 300 0.1555690956979807 167909672
1563553 300 0.15212712906057943 166466101
1563853 300 0.15368217734855139 166334867
1564153 300 0.1531227392449517 165941166
1564453 300 0.15375803336259877 165678698
1564753 300 0.15618542581211592 165809932
1565053 300 0.1559009657594381 165957570
1565353 300 0.16506057945566285 172502854
1565653 300 0.16160913081650571 188136078
1565953 300 0.1554647936786655 175800103
1566253 300 0.15677330992098332 173848000
1566553 300 0.16383740122914836 172109153
1566853 300 0.1598739244951712 171584218
1567153 300 0.15740860403863038 167007440
1567453 300 0.15063845478489904 165284997
1567753 300 0.15719051799824407 163595362
1568053 300 0.17001018437225637 166220037
1568353 300 0.16949815627743636 190514691
1568653 300 0.17121439859525903 188956290
1568953 300 0.4510756804214222 177145249
1569253 300 0.5189099209833187 177145249
1569553 300 0.5045162423178227 177128845
1569853 300 0.5119975417032484 176882782
1570153 300 0.4963143107989464 176866378
1570453 300 0.5057963125548727 176866378
1570753 300 0.49756593503072866 176751548
1571053 300 0.5032361720807725 182919535
1571353 300 0.5218872695346796 189612458
1571653 300 0.5183978928884986 182132133
1571953 300 0.5019086918349429 173618341
1572253 300 0.5052179104477611 170353902
1572553 300 0.4995476733977173 169943796
1572853 300 0.5027146619841967 169943796
1573153 300 0.49519543459174714 169287627
1573453 300 0.49246461808604036 167302716
1573753 300 0.4874770851624232 167450354
1574053 300 0.49633327480245826 179917563
1574353 300 0.48478419666374006 187397888
1574653 300 0.47706584723441614 178752863
1574953 300 0.47450570676031606 178621629
1575253 300 0.4708741000877963 178490395
1575553 253 0.48222405618964 178227928
1575806 47 0.3566254609306409 178096694
1575853 137 0.34468762071992975 176521889
1575990 3 0.34337910447761194 101062467
1575993 9 0.3415301141352063 101062467
1576002 151 0.35273784021071114 116449627
1576153 300 0.3816200175592625 163989063
1576453 300 0.4426461808604038 171797473
1576753 300 0.45062054433713783 171010070
1577053 300 0.44859139596136965 179392628
1577353 300 0.41914029850746265 168122927
1577653 177 0.43428305531167694 167204290
1577830 123 0.33742440737489027 167204290
1577953 61 0.319977524143986 165645889
1578014 4 0.3252021071115014 95993562
1578018 1 0.3170665496049166 91367572
1578019 8 0.3170665496049166 91367572
1578027 1 0.3170665496049166 91367572
1578028 1 0.3170665496049166 91367572
1578029 224 0.34084741000877966 124963419
1578253 300 0.4125977172958736 160134071
1578553 184 0.4314669007901668 160412943
1578737 116 0.29729657594381037 160281709
1578853 68 0.30052045654082526 158575670
1578921 2 0.314316769095698 85740924
1578923 1 0.2962820017559263 85740924
1578924 10 0.2962820017559263 85740924
1578934 1 0.2962820017559263 85757328
1578935 1 0.2962820017559263 85757328
1578936 210 0.32093520632133454 119992939
1579146 7 0.23188024582967517 119992939
1579153 179 0.30047304653204565 153457552
1579332 4 0.29952484635645305 81935144
1579336 2 0.29764741000877964 81935144
1579338 10 0.29764741000877964 81935144
1579348 105 0.3135961369622476 94057864
1579453 300 0.350955223880597 159166222
1579753 300 0.40175978928884987 167630800
1580053 300 0.379249517120281 155294826
1580353 300 0.3821415276558384 153473957
1580653 300 0.3796477611940299 153703616
1580953 300 0.36658156277436343 153851254
1581253 300 0.3664772607550483 153687211
1581553 300 0.3620017559262511 153818445
1581853 300 0.37616786654960493 159871603
1582153 300 0.37345601404740997 173782384
1582453 300 0.36083546971027214 173782384
1582753 300 0.35008287971905183 166302058
1583053 300 0.3449720807726076 161840110
1583353 300 0.33695978928884984 157771863
1583653 300 0.348641615452151 155015953
1583953 300 0.3423266022827041 155672122
1584253 300 0.3543213345039508 155540889
1584553 300 0.35188446005267776 162627513
1584853 300 0.3477313432835821 171551410
1585153 300 0.34314205443371376 156590759
1585453 300 0.3466503950834065 156590759
1585753 300 0.34298086040386305 156754801
1586053 300 0.3565496049165935 156607163
1586353 300 0.33698823529411764 156607163
1586653 300 0.3355564530289728 156738397
1586953 300 0.34203266022827045 156344695
1587253 300 0.3451996488147498 156475929
1587553 300 0.34155856014047414 156344695
1587853 300 0.338875153643547 156213462
1588153 300 0.3449815627743635 156607163
1588453 300 0.34922949956101845 156607163
1588753 300 0.39467673397717296 156344695
1589053 300 0.3525671641791045 156213462
1589353 300 0.4140389815627744 174454957
1589653 300 0.36533942054433716 184166256
1589953 300 0.3503957857769974 173388682
1590253 300 0.3274019315188762 170386710
1590553 300 0.3345134328358209 170239072
1590853 300 0.3264916593503073 168795500
1591153 300 0.3246237050043898 164874891
1591453 300 0.3231160667251976 162381450
1591753 300 0.32193081650570676 162496279
1592053 300 0.33066374012291483 179556670
1592353 300 0.32353327480245825 177194462
1592653 300 0.3184698858647937 169714137
1592953 300 0.32854925373134325 169599307
1593253 300 0.33403933274802455 174176085
1593553 300 0.3228410886742757 165645889
1593853 300 0.32436769095697976 159346668
1594153 300 0.3300094820017559 158706904
1594453 300 0.3357650570676032 159363072
1594753 300 0.316753643546971 169205606
1595053 300 0.32145671641791046 166974631
1595353 300 0.31259104477611943 163825021
1595653 300 0.22785039508340654 84051288
1595953 69 0.2332456540825285 84051288
1596022 231 0.2985197541703249 163152448
1596253 107 0.21486005267778752 81820314
1596360 193 0.3031469710272168 163152448
1596553 300 0.30878876207199296 159740370
1596853 300 0.3037253731343284 159330264
1597153 300 0.32635891132572437 173388682
1597453 300 0.31757857769973663 191876241
1597753 300 0.30474942932396837 176685931
1598053 300 0.30657945566286215 175357189
1598353 300 0.3156063213345039 173405086
1598653 300 0.3164312554872695 171567814
1598953 300 0.32071712028094823 170124242
1599253 300 0.33095768217734856 165006125
1599553 300 0.321390342405619 163710192
1599853 300 0.3200154521510096 164103893
1600153 300 0.32161791044776117 185888700
1600453 300 0.35598068481123796 177210866
1600753 131 0.19075680421422303 88464024
1600884 169 0.23621352063213344 171059283
1601053 300 0.1702377524143986 180754178
1601353 300 0.15955153643546974 174454957
1601653 300 0.15368217734855139 171436580
1601953 300 0.15384337137840212 165793528
1602253 300 0.14951957857769974 159740370
1602553 300 0.15787322212467078 163546149
1602853 282 0.10933485513608428 88939747
1603135 18 0.16174187884108868 168926734
1603153 300 0.15097980684811238 166302058
1603453 300 0.14145039508340648 166433292
1603753 300 0.14569833187006145 162250216
1604053 300 0.14243652326602282 159740370
1604353 300 0.1419244951712028 159609136
1604653 300 0.13954451273046534 159494306
1604953 300 0.1338647936786655 159510711
1605253 300 0.13930746268656716 159888007
1605553 300 0.14176330114135205 177719397
1605853 300 0.13840667251975416 166695760
1606153 300 0.13662405618964005 166712164
1606453 300 0.13560948200175593 166318463
1606753 300 0.1325942054433714 161741685
1607053 300 0.14634310798946443 166991036
1607353 300 0.14435188762071993 172634088
1607653 300 0.13425355575065848 167237099
1607953 300 0.12832730465320455 165006125
1608253 300 0.13824547848990343 164218722
1608553 300 0.13176927129060578 163054023
1608853 300 0.12973064091308165 160954282
1609153 300 0.13175030728709394 160970686
1609453 300 0.13037541703248465 160429347
1609753 300 0.13587497805092186 160839453
1610053 300 0.13688955223880597 163332894
1610353 300 0.14821106233538192 168975946
1610653 300 0.1426451273046532 160954282
1610953 300 0.13918419666374013 160823048
1611253 300 0.14009446883230903 173552725
1611553 300 0.1429675153643547 160560581
1611853 300 0.14050219490781388 160183284
1612153 300 0.13534398595259 159920816
1612453 300 0.1315511852502195 159625540
1612753 300 0.13414925373134326 159494306
1613053 300 0.13344758560140474 159477902
1613353 300 0.14391571553994734 170386710
1613653 300 0.14609657594381037 160937878
1613953 300 0.13655768217734854 160134071
1614253 300 0.13523020193151888 159740370
1614553 300 0.14010395083406496 159477902
1614853 300 0.13416821773485513 159346668
1615153 300 0.1385963125548727 159477902
1615453 300 0.13439578577699737 159494306
1615753 300 0.13348551360842845 159346668
1616053 300 0.13777137840210713 159740370
1616353 300 0.13932642669007902 160281709
1616653 300 0.15123582089552237 175767295
1616953 300 0.14630517998244075 165153763
1617253 300 0.1381980684811238 160150475
1617553 300 0.1379799824407375 159888007
1617853 300 0.137657594381036 160150475
1618153 300 0.13375100965759437 159871603
1618453 300 0.13083055311676908 159756774
1618753 300 0.134699209833187 159625540
1619053 300 0.130716769095698 159494306
1619353 300 0.13352344161545215 159363072
1619653 300 0.1392126426690079 176160996
1619953 300 0.12976856892010535 165924762
1620253 300 0.1275782265144864 159494306
1620553 300 0.12788165057067605 159756774
1620853 300 0.12363371378402108 159888007
1621153 300 0.12238208955223881 159773178
1621453 300 0.12172783143107989 159740370
1621753 300 0.12180368744512732 159740370
1622053 300 0.1169963125548727 159494306
1622353 300 0.12323546971027217 160412943
1622653 300 0.12825144863915716 168057310
1622953 300 0.11510939420544337 162643917
1623253 300 0.11399051799824408 159494306
1623553 300 0.11553608428446005 159477902
1623853 300 0.11413274802458297 159330264
1624153 300 0.11528955223880596 159740370
1624453 300 0.11643687445127304 159461498
1624753 300 0.1133457418788411 159346668
1625053 300 0.1132414398595259 159510711
1625353 300 0.11070026338893765 159510711
1625653 300 0.11251132572431959 159379477
1625953 300 0.11913924495171203 174340128
1626253 300 0.11443617208077261 170534348
1626553 300 0.11033994732221247 159773178
1626853 300 0.11187603160667252 159641944
1627153 300 0.10997963125548728 159494306
1627453 300 0.11080456540825286 159264647
1627753 300 0.11047269534679545 159395881
1628053 300 0.1072393327480246 159264647
1628353 300 0.10880386303775243 159264647
1628653 300 0.1102451273046532 161118324
1628953 300 0.12079859525899912 181984495
1629253 300 0.11133555750658472 169910988
1629553 300 0.10726777875329237 160330921
1629853 300 0.11084249341527656 160183284
1630153 300 0.10706865671641791 160183284
1630453 300 0.10753327480245829 160068454
1630753 300 0.10800737489025461 159937220
1631053 300 0.10515329236172082 159674753
1631353 300 0.1086521510096576 160052050
1631653 300 0.10625320456540825 160281709
1631953 300 0.10752379280070237 160035646
1632253 300 0.11838068481123792 173323066
1632553 300 0.11654117647058823 175422806
1632853 300 0.10719192273924495 160183284
1633153 300 0.10830131694468832 160330921
1633453 300 0.11016927129060579 160314517
1633753 300 0.10403441615452151 159674753
1634053 300 0.10359824407374892 159674753
1634353 300 0.10960035118525023 159543519
1634653 300 0.10687901668129939 159395881
1634953 300 0.1129569798068481 163726596
1635253 300 0.12116839332748025 169878179
1635553 300 0.10783669885864794 160839453
1635853 300 0.10420509218612818 160823048
1636153 300 0.10993222124670765 160314517
1636453 300 0.1333622475856014 160052050
1636753 300 0.10169236172080773 160314517
1637053 300 0.11289060579455663 160183284
1637353 300 0.11429394205443372 160199688
1637653 300 0.1110036874451273 160298113
1637953 300 0.11608604038630377 160462155
1638253 300 0.12079859525899912 178572417
1638553 300 0.11917717295873574 181033050
1638853 300 0.11336470588235292 173421491
1639153 300 0.11508094820017559 173323066
1639453 300 0.11441720807726075 166498909
1639753 300 0.11221738366988587 161905727
1640053 300 0.11565935030728708 160199688
1640353 300 0.11398103599648815 160593389
1640653 300 0.1145784021071115 160593389
1640953 300 0.1145784021071115 160593389
1641253 300 0.110529587357331 160593389
1641553 300 0.1241172958735733 173060598
1641853 300 0.12152870939420544 188267312
1642153 300 0.12076066725197543 181705623
1642453 300 0.11737559262510974 173700363
1642753 300 0.11866514486391572 171748260
1643053 300 0.11614293239683934 168336182
1643353 300 0.1176410886742757 163332894
1643653 300 0.11390517998244072 160330921
1643953 300 0.12209762949956103 160330921
1644253 300 0.11672133450395084 160330921
1644553 300 0.11915820895522387 160462155
1644853 300 0.1257387181738367 176062570
1645153 300 0.11882633889376645 166367676
1645453 300 0.11541281826163301 160708219
1645753 300 0.1196702370500439 160970686
1646053 300 0.11978402107111501 160970686
1646353 300 0.11648428446005268 160839453
1646653 300 0.11688252853380159 160855857
1646953 300 0.11904442493415276 160839453
1647253 300 0.11708165057067603 160855857
1647553 300 0.1203244951712028 162693130
1647853 300 0.13212010535557506 174635403
1648153 300 0.118115188762072 166351271
1648453 300 0.11626619841966639 161233154
1648753 300 0.11746093064091308 160987090
1649053 300 0.11778331870061456 160970686
1649353 300 0.11709113257243196 161364388
1649653 300 0.11726180860403863 161101920
1649953 300 0.11575417032484636 161118324
1650253 300 0.12048568920105356 161364388
1650553 300 0.11697734855136085 160987090
1650853 300 0.13078314310798947 177538951
1651153 300 0.12009692712906059 173569129
1651453 300 0.11563090430201932 173601937
1651753 300 0.11755575065847235 171469389
1652053 300 0.11496716417910448 163743000
1652353 300 0.11803933274802458 160724623
1652653 300 0.11971764705882354 160741027
1652953 300 0.11835223880597016 161265962
1653253 300 0.12019174714661983 161397196
1653553 300 0.12073222124670764 161134728
1653853 300 0.13835926251097455 172158366
1654153 300 0.1253025460930641 172158366
1654453 300 0.12694293239683932 161134728
1654753 300 0.12827989464442494 161249558
1655053 300 0.12553959613696225 161265962
1655353 300 0.12496119402985074 161265962
1655653 300 0.12329236172080772 161659663
1655953 300 0.12229675153643547 161397196
1656253 300 0.11842809482001757 161265962
1656553 300 0.12191747146619841 162168195
1656853 300 0.13399754170324846 175947741
1657153 300 0.12092186128182617 164792870
1657453 300 0.11759367866549605 161512026
1657753 300 0.11697734855136085 161512026
1658053 300 0.117214398595259 161512026
1658353 300 0.12138647936786656 161905727
1658653 300 0.12214503950834066 161922131
1658953 300 0.11586795434591746 161790897
1659253 300 0.11704372256365232 161922131
1659553 300 0.11507146619841965 161922131
1659853 300 0.12831782265144862 176095379
1660153 300 0.1254921861281826 167302716
1660453 300 0.11941422300263388 162315832
1660753 300 0.1233492537313433 162184599
1661053 300 0.12182265144863914 162447066
1661353 300 0.12042879719051801 162463470
1661653 300 0.11803933274802458 162447066
1661953 300 0.11999262510974538 161922131
1662253 300 0.12094082528533802 161922131
1662553 300 0.12480948200175593 161922131
1662853 300 0.1389281826163301 175045509
1663153 300 0.13016681299385427 173077002
1663453 300 0.12362423178226514 163234469
1663753 300 0.12901000877963126 163513341
1664053 300 0.13118138718173836 162725938
1664353 300 0.13016681299385427 162201003
1664653 300 0.12833678665496048 162857172
1664953 300 0.12998665496049167 163250873
1665253 300 0.1304797190517998 162840768
1665553 300 0.12528358208955223 162463470
1665853 300 0.1279859525899912 165104550
1666153 300 0.13901352063213346 175882124
1666453 300 0.12897208077260755 165891953
1666753 300 0.12470517998244074 163136044
1667053 300 0.12505601404741 162988405
1667353 300 0.12708516242317822 162988405
1667653 300 0.1334286215978929 163103235
1667953 300 0.1327459174714662 163250873
1668253 300 0.12448709394205444 162972001
1668553 300 0.12507497805092185 162578300
1668853 300 0.1251603160667252 162184599
1669153 300 0.14145987708516242 179769925
1669453 300 0.12975908691834945 179507457
1669753 300 0.1254542581211589 163365703
1670053 300 0.12070377524143985 163103235
1670353 300 0.11955645302897279 163103235
1670653 300 0.1229604916593503 162972001
1670953 300 0.12503705004389815 163234469
1671253 300 0.12257172958735733 163103235
1671553 300 0.12116839332748025 162709534
1671853 300 0.12771097453906935 162972001
1672153 300 0.12889622475856014 164431977
1672453 300 0.1765148375768218 182279771
1672753 300 0.17885689201053556 180836199
1673053 300 0.14721545215100967 175865720
1673353 300 0.13429148375768218 175718082
1673653 300 0.22354556628621597 173487108
1673953 300 0.27471992976294995 165219380
1674253 300 0.2554809482001756 163119639
1674553 300 0.26995048287971907 163644574
1674853 300 0.2592453028972783 163759404
1675153 300 0.23798665496049165 163365703
1675453 300 0.27376224758560147 169927392
1675753 300 0.28631641791044776 186479252
1676053 300 0.2748052677787533 179507457
1676353 300 0.27630342405618963 177555355
1676653 300 0.18423318700614574 177424121
1676953 300 0.1698774363476734 172945768
1677253 300 0.1980674275680421 169271223
1677553 300 0.23183283582089553 164825679
1677853 300 0.2570265144863916 164678040
1678153 300 0.26818683055311676 165219380
1678453 300 0.28258050921861283 165727911
1678753 300 0.2742837576821774 165465443
1679053 300 0.27761194029850744 170714794
1679353 300 0.2746345917471466 184904446
1679653 300 0.27715680421422295 175586848
1679953 300 0.25604986830553117 174536978
1680253 300 0.16589499561018436 172322408
1680553 300 0.1937057067603161 170862432
1680853 300 0.20424021071115014 168516628
1681153 300 0.2505692712906058 166941823
1681453 300 0.26387251975417036 164563211
1681753 300 0.2629906935908692 164956912
1682053 300 0.2622605794556629 164842083
1682353 300 0.27809552238805973 181098667
1682653 300 0.2768818261633011 186758124
1682953 300 0.26098999122036876 177949056
1683253 300 0.27063318700614575 177686589
1683553 300 0.25881861281826163 177817822
1683853 300 0.2600702370500439 177834226
1684153 300 0.26391044776119404 176374251
1684453 300 0.2672860403863038 169943796
1684753 300 0.26059174714661987 168795500
1685053 300 0.269049692712906 168664266
1685353 300 0.27848428446005263 174799446
1685653 300 0.2828744512730465 183838172
1685953 300 0.27540263388937664 169681328
1686253 300 0.26766532045654085 169664924
1686553 300 0.2604684811237928 177949056
1686853 300 0.26243125548726953 172568472
1687153 300 0.2049134328358209 178736459
1687453 300 0.14269253731343284 179917563
1687753 300 0.13871009657594383 171108496
1688053 300 0.13414925373134326 169139989
1688353 300 0.13165548726953466 165596677
1688653 300 0.1299297629499561 164809274
1688953 300 0.12665847234416153 164940508
1689253 300 0.1315227392449517 164940508
1689553 300 0.1341208077260755 169008755
1689853 300 0.1307926251097454 172453642
1690153 300 0.1268670763827919 170616369
1690453 300 0.12189850746268655 170353902
1690753 300 0.12463880597014926 168401799
1691053 300 0.11748937664618085 164579615
1691353 300 0.12085548726953468 164317147
1691653 300 0.12327339771729585 164448381
1691953 300 0.11675926251097454 164448381
1692253 300 0.11855136084284461 163907042
1692553 300 0.12590939420544336 164579615
1692853 300 0.1281661106233538 184133448
1693153 300 0.12600421422300265 189497629
1693453 300 0.1209028972783143 177588163
1693753 300 0.12381387181738367 175472019
1694053 300 0.11784021071115014 170337497
1694353 28 0.1239655838454785 165891953
1694381 1 0.12486637401229148 163300086
1694382 4 0.09450500438981563 161725281
1694386 3 0.09582300263388938 156311887
1694389 1 0.0928361720807726 156311887
1694390 8 0.0928361720807726 156311887
1694398 1 0.0928361720807726 156311887
1694399 168 0.09419209833187006 163972659
1694567 5 0.09216294995610184 91269146
