1792854 300 0.21817875329236175 243976051
1793154 300 0.21743915715539944 241499013
1793454 300 0.21580825285338015 241630247
1793754 300 0.21794170324846357 240334313
1794054 300 0.22136470588235294 238923550
1794354 300 0.21778999122036877 238923550
1794654 300 0.2186054433713784 239169613
1794954 300 0.21903213345039507 239169613
1795254 300 0.21475575065847233 239153209
1795554 300 0.21703143107989467 239153209
1795854 300 0.22740474100087793 241138120
1796154 300 0.23699104477611943 257952448
1796454 300 0.22785039508340654 254031839
1796754 300 0.2278978050921861 248290361
1797054 300 0.2207673397717296 246075791
1797354 300 0.2219905179982441 243352690
1797654 300 0.21363687445127308 239792974
1797954 300 0.22071044776119406 236774597
1798254 300 0.2230619841966638 236282470
1798554 300 0.2174676031606673 242844159
1798854 300 0.22425671641791045 255196539
1799154 300 0.21284038630377525 254540370
1799454 300 0.21253696224758561 248503616
1799754 300 0.20370921861281824 247437342
1800054 300 0.2084122914837577 243516732
1800354 300 0.20565302897278312 239596123
1800654 300 0.20644951712028095 239202422
1800954 300 0.20817524143985952 236577747
1801254 300 0.22156382791922738 265957708
1801554 300 0.2183873573309921 276587644
1801854 300 0.2148884986830553 262135524
1802154 300 0.21050781387181738 246781173
1802454 300 0.20515996488147495 246912406
1802754 300 0.20735030728709394 246781173
1803054 300 0.20370921861281824 245862536
1803354 300 0.20537805092186126 242056756
1803654 300 0.20009657594381036 239957016
1803954 300 0.20930359964881476 237726042
1804254 300 0.21810289727831428 251636822
1804554 300 0.20769165935030726 257919639
1804854 300 0.21002423178226517 248077106
1805154 300 0.204515188762072 245714898
1805454 300 0.20570992098331872 245321197
1805754 300 0.20223950834064966 243073818
1806054 300 0.20237225636523268 240317909
1806354 300 0.20353854258121157 237184702
1806654 300 0.21747708516242317 237037065
1806954 300 0.2121102721685689 242680117
1807254 300 0.21114310798946445 254343519
1807554 300 0.2012154521510097 249487869
1807854 300 0.19723301141352065 249094168
1808154 300 0.20295065847234414 259592870
1808454 300 0.19474872695346793 245682090
1808754 300 0.19932853380158036 243976051
1809054 300 0.20323511852502196 242663713
1809354 300 0.20423072870939418 242794947
1809654 300 0.19329798068481122 255918324
1809954 300 0.19803898156277436 242532479
1810254 300 0.19145847234416152 238086935
1810554 300 0.19541246707638277 236889427
1810854 300 0.1946254609306409 236889427
1811154 300 0.1981622475856014 236889427
1811454 300 0.20547287093942054 248569233
1811754 300 0.20345320456540827 248684062
1812054 300 0.19915785776997366 236873022
1812354 300 0.19481510096575944 236758193
1812654 300 0.1895525899912204 236774597
1812954 300 0.19321264266900792 236758193
1813254 300 0.19211273046532046 236626959
1813554 300 0.19181878841088676 236758193
1813854 300 0.19687269534679544 236741788
1814154 300 0.19492888498683056 236889427
1814454 300 0.2020214223002634 264087627
1814754 300 0.20279894644424934 264727392
1815054 300 0.19657875329236174 237430766
1815354 300 0.20576681299385427 237430766
1815654 300 0.19279543459174717 237184702
1815954 300 0.19695803336259876 237430766
1816254 300 0.20027673397717297 237693234
1816554 300 0.19867427568042142 237447170
1816854 300 0.20467638279192277 237447170
1817154 300 0.20469534679543458 237693234
1817454 300 0.20817524143985952 255688665
1817754 300 0.20216365232660227 260150614
1818054 300 0.2064210711150132 249783145
1818354 300 0.14031255487269534 146945076
1818654 8 0.13764811237928007 146945076
1818662 292 0.1968632133450395 247404533
1818954 300 0.19513748902546094 246354663
1819254 96 0.08867357330992098 41498736
1819350 176 0.13633011413520632 143729849
1819526 28 0.1918472344161545 246485896
1819554 300 0.19752695346795435 246617130
1819854 300 0.20195504828797192 246748364
1820154 136 0.14236066725197544 154769890
1820290 164 0.20053274802458299 266679494
1820454 300 0.2086683055311677 255934728
1820754 300 0.2071985952589991 249373039
1821054 300 0.2074261633011414 249373039
1821354 300 0.204126426690079 249241806
1821654 300 0.20110166812993854 249389444
1821954 300 0.20486602282704128 249258210
1822254 300 0.2037281826163301 246633535
1822554 300 0.21036558384547846 249241806
1822854 300 0.2129446883230904 252260183
1823154 300 0.2127171202809482 247798234
1823454 300 0.2101949078138718 242942584
1823754 300 0.20543494293239684 242794947
1824054 300 0.20013450395083407 243057414
1824354 300 0.193971202809482 243073818
1824654 300 0.19872168568920104 243205052
1824954 300 0.20242914837576823 243221456
1825254 300 0.21005267778753295 257673576
1825554 300 0.21301106233538192 261479356
1825854 300 0.20572888498683056 250193251
1826154 300 0.20738823529411765 250193251
1826454 300 0.20159473222124671 250193251
1826754 300 0.18997928007023704 250193251
1827054 300 0.19888287971905183 249930783
1827354 300 0.19474872695346793 246781173
1827654 300 0.1980958735733099 266597473
1827954 300 0.20059912203687444 280508253
1828254 300 0.20331097453906935 268680809
1828554 300 0.20143353819139595 249799549
1828854 300 0.20347216856892011 249799549
1829154 300 0.20168007023705006 249684720
1829454 300 0.19380052677787532 249422252
1829754 300 0.19933801580333624 249553486
1830054 300 0.20142405618964002 249553486
1830354 300 0.19649341527655836 249159785
1830654 300 0.20544442493415277 256771344
1830954 300 0.2079476733977173 252178162
1831254 300 0.2104129938542581 239317251
1831554 300 0.19999227392449517 237496383
1831854 300 0.20078876207199295 235905173
1832154 300 0.19665460930640913 236184045
1832454 300 0.19802949956101845 236052811
1832754 300 0.19350658472344165 236052811
1833054 300 0.19759332748024583 236069215
1833354 300 0.19856997366110624 236052811
1833654 300 0.20976821773485513 247978681
1833954 300 0.20519789288849868 258214915
1834254 300 0.20277050043898157 255327772
1834554 300 0.19156277436347674 249159785
1834854 300 0.19755539947322215 249044955
1835154 300 0.19786830553116766 248913721
1835454 300 0.20095943810359965 249028551
1835754 300 0.18850008779631258 249028551
1836054 300 0.17839227392449516 245501643
1836354 300 0.17816470588235295 243401903
1836654 300 0.1789043020193152 243533137
1836954 300 0.17275048287971903 243533137
1837254 300 0.17353748902546093 243533137
1837554 300 0.1693748902546093 243533137
1837854 300 0.17448568920105356 246403875
1838154 300 0.19313678665496048 250472122
1838454 300 0.1875803336259877 240383526
1838754 300 0.18936294995610184 240383526
1839054 300 0.1873338015803336 240383526
1839354 300 0.1818721685689201 240498355
1839654 300 0.18542791922739246 240367122
1839954 300 0.18409095697980685 240514759
1840254 300 0.1893819139596137 240793632
1840554 300 0.2005043020193152 248667658
1840854 300 0.19088007023705006 243680775
1841154 300 0.18759929762949956 240383526
1841454 300 0.18457453906935908 240235888
1841754 300 0.18484951712028094 239842186
1842054 300 0.17903705004389817 237217511
1842354 300 0.1864140474100088 237217511
1842654 300 0.181113608428446 237217511
1842954 300 0.1855985952589991 237365149
1843254 300 0.18700193151887623 237348745
1843554 300 0.18445127304653205 237250320
1843854 300 0.18447023705004392 237250320
1844154 300 0.18287726075504832 237250320
1844454 300 0.17941633011413521 238037722
1844754 300 0.18868024582967516 275422944
1845054 300 0.18491589113257245 278457726
1845354 300 0.17571834942932396 264924242
1845654 300 0.1655726075504829 251800864
1845954 300 0.16306935908691836 251144695
1846254 300 0.16693801580333628 249307423
1846554 300 0.16761123792800703 246157812
1846854 300 0.16502265144863915 245764111
1847154 300 0.166331167690957 245780515
1847454 300 0.16848358208955225 247092853
1847754 300 0.17632519754170325 257066620
1848054 300 0.17141352063213347 251013462
1848354 300 0.16912835820895525 248011489
1848654 300 0.1681801580333626 248027893
1848954 300 0.17100579455662865 246699151
1849254 300 0.17136611062335383 244599411
1849554 300 0.17014293239683934 243795604
1849854 300 0.17312028094820014 244993112
1850154 300 0.1722289727831431 252604671
1850454 300 0.15613801580333628 253113202
1850754 300 0.14760421422300263 248126319
1851054 300 0.14840070237050046 247863851
1851354 300 0.14754732221246708 244583007
1851654 300 0.14557506584723442 242352033
1851954 300 0.15064793678665495 243024606
1852254 300 0.15241158911325725 242762138
1852554 300 0.15775943810359966 250882228
1852854 300 0.14962388059701492 242614500
1853154 300 0.14801194029850748 239727357
1853454 300 0.1516814749780509 239596123
1853754 300 0.15288568920105353 239464890
1854054 300 0.1591817383669886 239464890
1854354 300 0.15563546971027215 239464890
1854654 300 0.16346760316066727 242220799
1854954 300 0.16551571553994734 247863851
1855254 300 0.15841369622475857 239596123
1855554 300 0.15465882352941177 239858591
1855854 300 0.15463037752414396 239858591
1856154 300 0.15108410886742757 239727357
1856454 300 0.1519564530289728 239481294
1856754 300 0.151027216856892 239481294
1857054 300 0.15741808604038632 244058071
1857354 300 0.1603480245829675 272289738
1857654 300 0.16162809482001758 272142100
1857954 300 0.15403301141352063 250882228
1858254 300 0.15139701492537316 250619761
1858554 300 0.15235469710272168 250488527
1858854 300 0.15381492537313432 250357293
1859154 300 0.14868516242317822 250357293
1859454 300 0.14962388059701492 247060044
1859754 300 0.15982651448639157 245370409
1860054 300 0.16390377524143987 259920954
1860354 300 0.16052818261633015 250472122
1860654 300 0.15292361720807726 241548226
1860954 300 0.15429850746268658 241695864
1861254 300 0.1557492537313433 241695864
1861554 300 0.15255381913959615 241433396
1861854 300 0.15277190517998246 241564630
1862154 300 0.16021527655838455 241564630
1862454 300 0.16414082528533805 258756255
1862754 300 0.16526918349429326 260724762
1863054 300 0.15868867427568045 251144695
1863354 300 0.1587360842844601 251144695
1863654 300 0.11495768217734854 148503477
1863954 33 0.11946163301141352 148651116
1863987 7 0.11949956101843723 148667520
1863994 13 0.11946163301141352 148667520
1864007 1 0.11946163301141352 148667520
1864008 169 0.1209028972783143 156492334
1864177 1 0.1209028972783143 156492334
1864178 76 0.1312762071992976 177883440
1864254 300 0.13258472344161545 223552794
1864554 300 0.1522883230904302 240465547
1864854 300 0.16835083406496926 252292991
1865154 300 0.16266163301141354 249815953
1865454 300 0.15598630377524147 240760823
1865754 300 0.15393819139596135 248930125
1866054 300 0.155142405618964 243926838
1866354 300 0.15439332748024584 243270669
1866654 300 0.1554268656716418 238283785
1866954 300 0.16007304653204565 238677487
1867254 300 0.16432098331870063 244845474
1867554 300 0.1600540825285338 242499670
1867854 300 0.15408042142230027 252735905
1868154 300 0.1556449517120281 248011489
1868454 300 0.15549323968393328 245518047
1868754 300 0.15389078138718174 243401903
1869054 300 0.15663107989464445 241170928
1869354 300 0.1639417032484636 248257552
1869654 300 0.16723195785776998 244336944
1869954 300 0.1649752414398595 242089565
1870254 300 0.15946619841966636 238677487
1870554 300 0.15519929762949955 237365149
1870854 300 0.15711466198419669 235396642
1871154 300 0.15738015803336258 235429451
1871454 300 0.159513608428446 237529191
1871754 300 0.16536400351185254 269943934
1872054 300 0.16971624231782267 272420972
1872354 300 0.16305987708516245 255491814
1872654 300 0.15826198419666374 248930125
1872954 300 0.1619694468832309 246436684
1873254 300 0.15960842844600526 244730645
1873554 300 0.17032309043020194 245009517
1873854 300 0.16105917471466197 242630904
1874154 300 0.16293661106233537 241712268
1874454 300 0.16929903424056192 256016749
1874754 300 0.17189710272168568 246321854
1875054 300 0.1674974539069359 239366464
1875354 300 0.1662458296751536 239235231
1875654 300 0.17001966637401228 239382868
1875954 300 0.16328744512730467 239120401
1876254 300 0.16020579455662862 239382868
1876554 300 0.16037647058823526 237283128
1876854 300 0.17021878841088672 236758193
1877154 300 0.1789043020193152 251456376
1877454 300 0.16991536435469712 245550856
1877754 300 0.16837928007023703 237037065
1878054 300 0.1693843722563652 237037065
1878354 300 0.1686163301141352 237053469
1878654 300 0.17025671641791046 237053469
1878954 300 0.1753011413520632 237053469
1879254 300 0.17086356453028972 237037065
1879554 300 0.1760502194907814 239251635
1879854 300 0.17852502194907813 244500985
1880154 300 0.17039894644424938 240186675
1880454 300 0.1673836698858648 236905831
1880754 300 0.17001966637401228 236741788
1881054 300 0.1716505706760316 236626959
1881354 300 0.17564249341527655 236873022
1881654 300 0.16993432835820899 236758193
1881954 300 0.17815522388059699 236626959
1882254 300 0.17339525899912203 236758193
1882554 300 0.17518735733099214 236512129
1882854 300 0.1696877963125549 236512129
1883154 300 0.17498823529411764 236512129
1883454 300 0.17693204565408255 238480636
1883754 300 0.1819385425812116 244254922
1884054 300 0.17587006145741876 239136805
1884354 300 0.1756899034240562 236922235
1884654 300 0.1712523266022827 236380896
1884954 300 0.16898612818261632 236889427
1885254 300 0.1693748902546093 236889427
1885554 300 0.1777474978050922 237020661
1885854 300 0.18271606672519752 239120401
1886154 300 0.18687866549604917 251193908
1886454 300 0.1799473222124671 242417649
1886754 300 0.173271992976295 236774597
1887054 300 0.1693748902546093 236741788
1887354 300 0.17478911325724317 236758193
1887654 300 0.17318665496049165 236512129
1887954 300 0.1734616330114135 236495725
1888254 300 0.17498823529411764 236479321
1888554 300 0.17661913959613698 236741788
1888854 300 0.1828108867427568 271928845
1889154 300 0.1929187006145742 277457068
1889454 300 0.18355048287971903 259494445
1889754 300 0.17832589991220368 249110572
1890054 300 0.1801654082528534 249126976
1890354 300 0.1782215978928885 249110572
1890654 300 0.1784396839332748 249241806
1890954 300 0.18283933274802458 249225402
1891254 300 0.18161615452151006 248437999
1891554 300 0.1859399473222125 246600726
1891854 300 0.19156277436347674 258936701
1892154 300 0.18631922739244952 257525938
1892454 300 0.18270658472344162 245698494
1892754 300 0.17915083406496926 245321197
1893054 300 0.1804214223002634 242958989
1893354 300 0.182915188762072 242581692
1893654 300 0.18183424056189637 242565288
1893954 300 0.180857594381036 242548883
1894254 300 0.1842237050043898 243467520
1894554 300 0.19446426690079016 252128949
1894854 300 0.1893345039508341 251489184
1895154 300 0.18170149253731344 248995743
1895454 300 0.18205232660228268 255409794
1895754 300 0.18133169446883232 248323170
1896054 300 0.17757682177348552 246354663
1896354 300 0.1804309043020193 245846132
1896654 300 0.1824979806848112 247552171
1896954 300 0.1894482879719052 251095483
1897254 300 0.18589253731343286 245468835
1897554 300 0.1798809482001756 245452431
1897854 300 0.18177734855136085 245436026
1898154 300 0.18131273046532045 245419622
1898454 300 0.18358841088674277 245419622
1898754 300 0.1841857769973661 245157154
1899054 300 0.18635715539947323 244894687
1899354 300 0.1950237050043898 250800207
1899654 300 0.18616751536435472 246092195
1899954 300 0.18307638279192276 243483924
1900254 300 0.18640456540825281 243483924
1900554 300 0.18141703248463562 243369094
1900854 300 0.18314275680421424 243188648
1901154 300 0.182915188762072 243205052
1901454 300 0.1871726075504829 243221456
1901754 300 0.19926215978928885 267991832
1902054 300 0.19868375768217736 276522027
1902354 300 0.18802598770851625 252768714
1902654 300 0.1800611062335382 250947845
1902954 300 0.17978612818261633 263923585
1903254 300 0.1797766461808604 250537740
1903554 300 0.17707427568042142 250554144
1903854 300 0.1806489903424056 250275272
1904154 300 0.18254539069359085 248191936
1904454 300 0.18863283582089552 259231977
1904754 300 0.18644249341527655 247420937
1905054 300 0.1792361720807726 247158469
1905354 300 0.1804972783143108 247289703
1905654 300 0.18134117647058823 247289703
1905954 300 0.17615452151009658 247174874
1906254 300 0.17502616330114135 247158469
1906554 300 0.17834486391571552 247273299
1906854 300 0.17880948200175592 247289703
1907154 300 0.17344266900790167 247322512
1907454 300 0.18112309043020192 247322512
1907754 300 0.17954907813871815 247453746
1908054 300 0.18243160667251979 247322512
1908354 300 0.18453661106233535 247716213
1908654 300 0.19923371378402108 263316628
1908954 300 0.18893625987708515 253195224
1909254 300 0.177899209833187 247420937
1909554 300 0.17418226514486393 247289703
1909854 300 0.1765148375768218 247289703
1910154 300 0.17615452151009658 247273299
1910454 300 0.17781387181738367 247273299
1910754 300 0.1861959613696225 250193251
1911054 300 0.18976119402985073 258460979
1911354 300 0.18106619841966637 250865824
1911654 300 0.1805636523266023 250849420
1911954 300 0.17148937664618086 250718186
1912254 300 0.17731132572431957 250570548
1912554 300 0.17636312554872696 250439314
1912854 300 0.17805092186128182 248733275
1913154 300 0.1779750658472344 247437342
1913454 300 0.18906900790166814 259379615
1913754 300 0.18859490781387184 256869769
1914054 300 0.17943529411764705 244812666
1914354 300 0.17762423178226516 244812666
1914654 300 0.17885689201053556 244812666
1914954 300 0.1807817383669886 244960304
1915254 300 0.1768941176470588 243500328
1915554 300 0.17880000000000001 242187990
1915854 300 0.17367023705004392 242598096
1916154 300 0.18523827919227392 273175566
1916454 300 0.1868122914837577 272650631
1916754 300 0.18457453906935908 251128291
1917054 300 0.18446075504828796 250980654
1917354 300 0.18466935908691837 250997058
1917654 300 0.18811132572431957 251128291
1917954 300 0.1797482001755926 251111887
1918254 300 0.17984302019315188 251128291
1918554 300 0.17863880597014925 251128291
1918854 300 0.18397717295873572 252440629
1919154 300 0.18762774363476734 266220176
1919454 300 0.17902756804214223 257148641
1919754 300 0.17929306409130819 248880913
1920054 300 0.17662862159789286 244960304
1920354 300 0.1772828797190518 245485239
1920654 300 0.17815522388059699 245075133
1920954 300 0.17354697102721686 245075133
1921254 300 0.17664758560140473 245075133
1921554 300 0.18008007023705006 248880913
1921854 300 0.19456856892010535 258329745
1922154 300 0.18029815627743637 251505589
1922454 300 0.18174890254609308 243795604
1922754 300 0.1797292361720808 243008202
1923054 300 0.1768561896400351 248782488
1923354 300 0.1768372256365233 242876968
1923654 300 0.17539596136962246 242745734
1923954 300 0.17686567164179104 242745734
1924254 300 0.1844323090430202 244960304
1924554 300 0.18914486391571553 242975393
1924854 300 0.18593046532045654 240104654
1925154 300 0.17717857769973663 240104654
1925454 300 0.17772853380158032 240104654
1925754 300 0.1792646180860404 239842186
1926054 300 0.1796723441615452 239727357
1926354 300 0.18423318700614574 239727357
1926654 300 0.1798145741878841 239842186
1926954 300 0.17911290605794558 239858591
1927254 300 0.18410992098331871 280541062
1927554 300 0.18149288849868306 240645993
1927854 300 0.18180579455662862 240498355
1928154 300 0.1776052677787533 240498355
1928454 300 0.18243160667251979 241023291
1928754 300 0.18994135206321336 273700501
1929054 300 0.18993187006145743 261758227
1929354 300 0.19081369622475855 240777227
1929654 300 0.19160070237050045 240514759
1929954 300 0.1820428446005268 240514759
1930254 300 0.18782686567164178 240514759
1930554 300 0.1803171202809482 240514759
1930854 300 0.18272554872695349 240514759
1931154 300 0.18387287093942054 240514759
1931454 300 0.18798805970149254 241433396
1931754 300 0.19243511852502196 256115175
1932054 300 0.18612010535557508 246272641
1932354 300 0.17555715539947325 240514759
1932654 300 0.18099982440737486 240268696
1932954 300 0.17634416154521512 240252292
1933254 300 0.18161615452151006 240252292
1933554 300 0.17999473222124668 240252292
1933854 300 0.18578823529411762 242876968
1934154 300 0.19300403863037752 255212943
1934454 300 0.18638560140474103 250750994
1934754 300 0.17639157155399474 250718186
1935054 300 0.17903705004389817 248241148
1935354 300 0.17633467954345916 246535109
1935654 300 0.17947322212467076 244451773
1935954 300 0.17828797190518 244435369
1936254 300 0.17777594381035997 244451773
1936554 300 0.17845864793678667 244583007
1936854 300 0.17982405618964004 244189305
1937154 300 0.17804143985952592 244189305
1937454 300 0.17842071992976294 244189305
1937754 300 0.17573731343283583 244189305
1938054 300 0.18121791044776117 246305450
1938354 300 0.18627181738366988 263874372
1938654 300 0.1784396839332748 257312683
1938954 300 0.1748649692712906 251128291
1939254 300 0.17428656716417912 250997058
1939554 300 0.17438138718173837 257296279
1939854 300 0.17578472344161547 251407163
1940154 300 0.1855985952589991 251407163
1940454 300 0.19082317822651448 250488527
1940754 300 0.19556417910447763 250488527
1941054 300 0.2032446005267779 250849420
1941354 300 0.1968916593503073 248241148
1941654 300 0.18882247585601405 248126319
1941954 300 0.18966637401229147 248257552
1942254 300 0.18616751536435472 247338916
1942554 300 0.18257383669885865 245239176
1942854 300 0.18152133450395083 245239176
1943154 300 0.18355996488147497 249159785
1943454 300 0.19336435469710272 276866516
1943754 300 0.18765618964003514 274766776
1944054 300 0.18541843722563653 253113202
1944354 300 0.1821945566286216 253096798
1944654 300 0.1859589113257243 266236580
1944954 300 0.1819100965759438 257706384
1945254 300 0.18073432835820896 249832358
1945554 300 0.1856270412642669 248257552
1945854 300 0.17860087796312557 247338916
1946154 300 0.17887585601404743 249422252
1946454 300 0.18392976294995608 252325800
1946754 300 0.1879027216856892 249701124
1947054 300 0.18154978050921863 249717528
1947354 300 0.1832755048287972 249701124
1947654 300 0.17899912203687446 249701124
1947954 300 0.17975768217734858 247601383
1948254 300 0.17577524143985954 247076449
1948554 300 0.18746654960491663 249438657
1948854 300 0.19427462686567165 254934071
1949154 300 0.18802598770851625 247716213
1949454 300 0.18183424056189637 247716213
1949754 300 0.1897801580333626 247453746
1950054 300 0.18697348551360843 245632877
1950354 300 0.18632870939420546 244058071
1950654 300 0.18758981562774363 244058071
1950954 300 0.19452115891132574 247470150
1951254 300 0.19948024582967516 259166360
1951554 300 0.18863283582089552 253260840
1951854 300 0.18766567164179107 251800864
1952154 300 0.1905671641791045 249553486
1952454 300 0.19090851624231783 249553486
1952754 300 0.1921980684811238 249701124
1953054 300 0.18879402985074628 249586294
1953354 300 0.1923213345039508 250488527
1953654 300 0.198598419666374 269254957
1953954 300 0.19916733977172957 262053504
1954254 300 0.19290921861281826 254048243
1954554 300 0.1940091308165057 253917009
1954854 300 0.18592098331870063 251423568
1955154 300 0.18451764705882356 249717528
1955454 300 0.18470728709394207 247355320
1955754 300 0.1918472344161545 247863851
1956054 300 0.19773555750658472 257460321
1956354 300 0.1954883230904302 253277244
1956654 300 0.18835785776997366 253260840
1956954 300 0.18817769973661108 250898632
1957254 300 0.18301949078138718 250111230
1957554 300 0.18376856892010535 249979996
1957854 300 0.18896470588235292 247224087
1958154 300 0.19053871817383672 245386813
1958454 300 0.199755223880597 273995777
1958754 300 0.19895873573309922 280426232
1959054 300 0.19371518876207197 259560061
1959354 300 0.1897043020193152 245255580
1959654 300 0.1880923617208077 245255580
1959954 300 0.19234029850746268 245124346
1960254 300 0.193459174714662 244599411
1960554 300 0.19449271290605796 244468177
1960854 300 0.19627532923617208 242105969
1961154 300 0.19487199297629498 241581034
1961454 300 0.19924319578577698 245403218
1961754 300 0.20134820017559263 255114517
1962054 300 0.19875961369622477 247634192
1962354 300 0.19051027216856894 242516075
1962654 300 0.19013099209833187 242105969
1962954 300 0.19537453906935912 242253607
1963254 300 0.19240667251975418 242237203
1963554 300 0.19388586479367867 241859906
1963854 300 0.19909148375768218 241859906
1964154 300 0.20613661106233538 247371724
1964454 300 0.20868726953467956 258132894
1964754 300 0.20375662862159788 242384841
1965054 300 0.1996698858647937 242384841
1965354 300 0.20048533801580334 249077764
1965654 300 0.20204038630377522 241859906
1965954 300 0.20349113257243198 241991140
1966254 300 0.20589956101843723 242237203
1966554 300 0.2110956979806848 244730645
1966854 300 0.20926567164179108 244878283
1967154 300 0.2027799824407375 241991140
1967454 300 0.1975174714661984 241859906
1967754 300 0.19802949956101845 241843501
1968054 300 0.1945116769095698 259182765
1968354 300 0.19336435469710272 248290361
1968654 300 0.1931747146619842 248159127
1968954 300 0.1993569798068481 248306765
1969254 300 0.19730886742756804 251718843
1969554 300 0.2022774363476734 259592870
1969854 300 0.19885443371378403 253556116
1970154 300 0.20131027216856892 253162415
1970454 300 0.20008709394205446 253031181
1970754 300 0.20439192273924495 249881571
1971054 300 0.19928112379280072 249340231
1971354 300 0.20165162423178226 246978023
1971654 300 0.2008361720807726 246846789
1971954 300 0.21245162423178224 277424260
1972254 300 0.21392133450395082 278605363
1972554 300 0.19936646180860404 248159127
1972854 300 0.19814328358208955 248027893
1973154 300 0.1974795434591747 247896660
1973454 300 0.19788726953467953 247896660
1973754 143 0.13887129060579456 149340093
1973897 157 0.19319367866549605 247896660
1974054 300 0.19298507462686568 248027893
1974354 300 0.20016294995610187 248437999
1974654 300 0.21082071992976295 263644713
1974954 300 0.20197401229148376 252752310
1975254 300 0.19603827919227393 246994428
1975554 300 0.19590553116769097 246978023
1975854 300 0.19557366110623356 246978023
1976154 300 0.19482458296751534 246846789
1976454 300 0.19983107989464444 246731960
1976754 300 0.2047427568042142 248946530
1977054 300 0.21083020193151886 252227374
1977354 300 0.20753994732221245 244615815
1977654 300 0.20435399473222124 244615815
1977954 300 0.2039841966637401 244353348
1978254 300 0.20097840210711151 244353348
1978554 300 0.20233432835820894 243812008
1978854 300 0.20807093942054436 242909776
1979154 300 0.2119490781387182 256836961
1979454 300 0.20706584723441615 246994428
1979754 300 0.19905355575065847 242270011
1980054 300 0.19856997366110624 242138778
1980354 300 0.1952986830553117 242007544
1980654 300 0.19604776119402983 241876310
1980954 300 0.19561158911325724 241859906
1981254 300 0.1946254609306409 242253607
1981554 300 0.20076979806848114 258526596
1981854 300 0.1980958735733099 248552829
1982154 300 0.19542194907813873 243041010
1982454 300 0.1940091308165057 242926180
1982754 300 0.19097489025460934 243073818
1983054 300 0.19855100965759437 242942584
1983354 300 0.19615206321334505 242794947
1983654 300 0.20103529411764703 245042325
1983954 300 0.2087441615452151 249897975
1984254 300 0.19510904302019316 242680117
1984554 300 0.19496681299385424 242532479
1984854 300 0.19382897278314312 242532479
1985154 300 0.18875610184372255 242532479
1985454 300 0.19060509218612817 242516075
1985754 300 0.1860916593503073 242532479
1986054 300 0.20131027216856892 279015469
1986354 300 0.19710026338893766 284658522
1986654 300 0.18680280948200179 254474753
1986954 300 0.18494433713784023 254491157
1987254 300 0.19062405618964 254359923
1987554 300 0.1921980684811238 253310053
1987854 300 0.18923020193151888 251341546
1988154 300 0.19199894644424934 249110572
1988454 300 0.19504266900790165 250537740
1988754 300 0.20264723441615454 264710988
1989054 300 0.19923371378402108 258411766
1989354 300 0.1931747146619842 252358608
1989654 300 0.18968533801580334 250652569
1989954 300 0.18827251975417034 249487869
1990254 300 0.18492537313432836 247913064
1990554 300 0.18250746268656717 244911091
1990854 300 0.18123687445127304 242401245
1991154 300 0.19536505706760313 248044297
1991454 300 0.19494784899034243 247256895
1991754 300 0.19429359086918352 242794947
1992054 300 0.19312730465320455 242663713
1992354 300 0.18844319578577698 242663713
1992654 300 0.18743810359964883 242532479
1992954 300 0.187798419666374 242663713
1993254 300 0.18523827919227392 243188648
1993554 300 0.19999227392449517 257903235
1993854 300 0.19881650570676032 254097456
1994154 300 0.18488744512730465 243073818
1994454 300 0.1910886742756804 243073818
1994754 300 0.18593046532045654 243073818
1995054 300 0.183427216856892 242942584
1995354 300 0.1785819139596137 242942584
1995654 300 0.18726742756804218 245960961
1995954 300 0.19987848990342405 257132237
1996254 300 0.1875803336259877 246748364
1996554 300 0.1816635645302897 244648624
1996854 300 0.18390131694468834 244386156
1997154 300 0.1785913959613696 244238518
1997454 300 0.19251097453906935 244386156
1997754 300 0.1895715539947322 244386156
1998054 300 0.18722001755926254 247010832
1998354 300 0.19526075504828797 258690638
1998654 300 0.18205232660228268 254359923
1998954 300 0.1819385425812116 254376327
1999254 300 0.1824979806848112 254359923
1999554 300 0.1848021071115013 254474753
1999854 300 0.18753292361720805 254359923
2000154 300 0.18081018437225635 255787090
2000454 300 0.19543143107989464 290039106
2000754 300 0.18838630377524143 286643433
2001054 300 0.18503915715539948 256869769
2001354 300 0.18292467076382793 256836961
2001654 300 0.18243160667251979 256574493
2001954 300 0.1821945566286216 256869769
2002254 300 0.18099982440737486 256738536
2002554 300 0.17856294995610184 256738536
2002854 300 0.18297208077260757 257788405
2003154 300 0.18905004389815627 266203771
2003454 300 0.18312379280070237 256623706
2003754 300 0.18118946444249343 249914379
2004054 300 0.18133169446883232 255934728
2004354 300 0.1769794556628622 250029208
2004654 300 0.17703634767339774 250045613
2004954 300 0.17601229148375766 250176847
2005254 300 0.1834651448639157 253063990
2005554 300 0.18246953467954344 257903235
2005854 300 0.17625882352941175 256065962
2006154 300 0.17192554872695348 255409794
2006454 300 0.17475118525021952 250685377
2006754 300 0.1757942054433714 251243121
2007054 300 0.17660965759438105 250718186
2007354 300 0.18098086040386305 250586952
2007654 300 0.19741316944688325 264891434
2007954 300 0.18365478489903422 261479356
2008254 300 0.1810377524143986 253178819
2008554 300 0.1853425812115891 253080394
2008854 300 0.17532010535557507 251079079
2009154 300 0.18004214223002632 247683405
2009454 300 0.17880000000000001 247404533
2009754 300 0.18473573309920985 250144038
2010054 300 0.19189464442493415 255130921
2010354 300 0.18081966637401228 248306765
2010654 300 0.18199543459174716 248306765
2010954 300 0.17881896400351185 248306765
2011254 300 0.17351852502194912 248306765
2011554 300 0.17596488147497805 248044297
2011854 300 0.17931202809482005 250931441
2012154 300 0.1875708516242318 254770029
2012454 300 0.17747251975417036 250062017
2012754 300 0.17925513608428448 247552171
2013054 300 0.1807532923617208 247552171
2013354 300 0.18066795434591748 247552171
2013654 300 0.18684073748902544 247552171
2013954 300 0.1806774363476734 247437342
2014254 300 0.17905601404741 247437342
2014554 300 0.2066865671641791 266302197
2014854 300 0.19350658472344165 265383561
2015154 300 0.17816470588235295 256344834
2015454 300 0.18229885864793677 256361238
2015754 300 0.17761474978050923 255705069
2016054 300 0.17980509218612817 252522650
2016354 300 0.17846812993854258 250816611
2016654 300 0.17971027216856894 250800207
2016954 300 0.18337980684811236 255787090
2017254 300 0.1871726075504829 292516144
2017554 300 0.18888884986830556 286495794
2017854 300 0.1813980684811238 271928845
2018154 300 0.1757562774363477 257493130
2018454 300 0.17592695346795434 257493130
2018754 300 0.1798809482001756 256049558
2019054 300 0.17768112379280068 251735248
2019354 300 0.1827445127304653 250800207
2019654 300 0.18338928884986833 251456376
2019954 300 0.1855796312554873 262365184
2020254 300 0.17879051799824408 255951133
2020554 300 0.17715013169446883 256065962
2020854 300 0.1727694468832309 255016092
2021154 300 0.1746468832309043 252768714
2021454 300 0.17768112379280068 251193908
2021754 300 0.18377805092186128 252899947
2022054 300 0.18909745390693591 266548260
2022354 300 0.18697348551360843 262233950
2022654 300 0.17975768217734858 256607302
2022954 300 0.17326251097453907 254130264
2023254 300 0.17278841088674277 250324485
2023554 300 0.17593643546971027 248487211
2023854 300 0.1749787532923617 246764768
2024154 300 0.1806395083406497 245042325
2024454 300 0.18032660228270414 265629624
2024754 300 0.18272554872695349 261052846
2025054 300 0.18046883230904304 255918324
2025354 300 0.1766381035996488 261561377
2025654 300 0.17458999122036872 254770029
2025954 300 0.17800351185250218 252145353
2026254 300 0.17253239683933275 250045613
2026554 300 0.18374960491659348 250439314
2026854 300 0.19356347673397717 255426198
2027154 300 0.19103178226514486 250570548
2027454 300 0.1862433713784021 250554144
2027754 300 0.19137313432835823 249487869
2028054 300 0.18553222124670765 245813323
2028354 300 0.18876558384547848 245173559
2028654 300 0.18421422300263388 245173559
2028954 300 0.19191360842844601 245419622
2029254 300 0.19328849868305534 279802872
2029554 300 0.19474872695346793 279950510
2029854 300 0.18734328358208954 258969510
2030154 300 0.1857977172958736 246912406
2030454 300 0.13146584723441615 146731821
2030754 205 0.12862124670763828 146715417
2030959 95 0.1903301141352063 246879598
2031054 300 0.18447023705004392 246781173
2031354 300 0.18176786654960495 246633535
2031654 300 0.18810184372256364 247158469
2031954 300 0.2004758560140474 262791693
2032254 300 0.19052923617208076 252817926
2032554 300 0.19192309043020192 247174874
2032854 300 0.19220755048287974 246781173
2033154 300 0.19380052677787532 246781173
2033454 300 0.19005513608428445 246764768
2033754 300 0.19096540825285338 246649939
2034054 300 0.19307041264266903 248602041
2034354 300 0.20070342405618966 253588925
2034654 300 0.19321264266900792 246371067
2034954 300 0.18859490781387184 246239833
2035254 300 0.19627532923617208 246239833
2035554 300 0.18914486391571553 246108600
2035854 300 0.19316523266022828 246125004
2036154 300 0.2046669007901668 246125004
2036454 300 0.19711922739244953 246125004
2036754 300 0.20101633011413525 263579096
2037054 300 0.19639859525899914 269222148
2037354 300 0.19088007023705006 257936044
2037654 300 0.18910693590869185 257558746
2037954 300 0.19247304653204564 257427513
2038254 300 0.1941892888498683 256623706
2038554 300 0.19075680421422303 255048900
2038854 300 0.18982756804214224 254917667
2039154 300 0.2062598770851624 270944592
2039454 300 0.19744161545215103 261741823
2039754 300 0.19554521510096579 252817926
2040054 300 0.19315575065847235 252555459
2040354 300 0.19401861281826163 249815953
2040654 300 0.1918282704126427 247962277
2040954 300 0.19109815627743634 248503616
2041254 300 0.19134468832309046 248372382
2041554 300 0.198598419666374 256640110
2041854 300 0.20041896400351183 253999030
2042154 300 0.19121194029850744 247831043
2042454 300 0.1933928007023705 247831043
2042754 300 0.19973625987708518 247962277
2043054 300 0.20065601404741001 247699809
2043354 300 0.1967494293239684 247568575
2043654 300 0.19362036874451274 249012147
2043954 300 0.20844073748902547 268057449
2044254 300 0.20041896400351183 264120435
2044554 300 0.19687269534679544 255852708
2044854 300 0.19166707638279193 255705069
2045154 300 0.19553573309920982 255459006
2045454 300 0.19307041264266903 252965564
2045754 300 0.1988354697102722 249947187
2046054 300 0.19979315188762073 247847447
2046354 300 0.19384793678665496 248241148
2046654 300 0.20507462686567166 278031216
2046954 300 0.2065443371378402 290104723
2047254 300 0.19893028972783147 272634226
2047554 300 0.19460649692712903 256115175
2047854 300 0.1956021071115013 254802837
2048154 300 0.195772783143108 254917667
2048454 300 0.18935346795434596 253342861
2048754 300 0.19068094820017562 249668316
2049054 300 0.19007410008779632 248880913
2049354 300 0.18867076382791925 248880913
2049654 300 0.20374714661984197 262004290
2049954 300 0.20511255487269534 265301539
2050254 300 0.20348165057067605 255196539
2050554 300 0.19911044776119405 254934071
2050854 300 0.19581071115013168 254802837
2051154 300 0.20055171202809485 254786433
2051454 300 0.19666409130816503 254671603
2051754 300 0.19307041264266903 252834330
2052054 300 0.19524179104477613 254261498
2052354 300 0.20544442493415277 261873057
2052654 300 0.19589604916593503 258198511
2052954 300 0.19544091308165057 254277902
2053254 300 0.20203090430201934 253884201
2053554 300 0.19417032484635646 254015434
2053854 300 0.19872168568920104 252161757
2054154 300 0.18551325724319578 250455718
2054454 300 0.19918630377524144 251915694
2054754 300 0.20607023705004388 265826475
2055054 300 0.20541597892888497 255196539
2055354 300 0.19494784899034243 248766084
2055654 300 0.1937910447761194 248618445
2055954 300 0.19319367866549605 248634850
2056254 300 0.19189464442493415 248766084
2056554 300 0.19004565408252855 248766084
2056854 300 0.19517541703248462 249553486
2057154 300 0.20598489903424058 269369787
2057454 300 0.20069394205443372 263333032
2057754 300 0.19041545215100966 257821214
2058054 300 0.1919515364354697 257689980
2058354 300 0.1923213345039508 257689980
2058654 300 0.1886897278314311 255983941
2058954 300 0.18376856892010535 251521993
2059254 300 0.18808287971905183 250357293
2059554 300 0.2082321334503951 279999723
2059854 300 0.20479016681299383 280130956
2060154 300 0.19951817383669887 250865824
2060454 300 0.1863097453906936 250865824
2060754 300 0.1869924495171203 251259525
2061054 300 0.17965338015803337 250997058
2061354 300 0.17475118525021952 248372382
2061654 300 0.17317717295873572 247453746
2061954 300 0.17403055311676907 247191278
2062254 300 0.19044389815627744 252703097
2062554 300 0.19347813871817388 264924242
2062854 300 0.18005162423178225 263349437
2063154 300 0.17604073748902546 257443917
2063454 300 0.1808955223880597 257706384
2063754 300 0.17738718173836698 255983941
2064054 300 0.17403055311676907 254556774
2064354 300 0.17111957857769974 253506904
2064654 300 0.1688249341527656 252571863
2064954 300 0.18247901668129943 263710330
2065254 300 0.17712168568920106 268959681
2065554 300 0.18023178226514486 259133552
2065854 300 0.17454258121158908 259133552
2066154 300 0.17240913081650572 257968852
2066454 300 0.16850254609306412 253900605
2066754 300 0.16813274802458295 253375670
2067054 300 0.16931799824407376 251915694
2067354 300 0.1716884986830553 249832358
2067654 300 0.17393573309920982 247601383
2067954 300 0.17709323968393326 260724762
2068254 300 0.17260825285338016 260052188
2068554 300 0.17387884108867427 247847447
2068854 300 0.16980158033362597 247716213
2069154 300 0.17198244073748903 247453746
2069454 300 0.17063599648814748 247322512
2069754 300 0.17012396839332747 247060044
2070054 300 0.1698489903424056 247060044
2070354 300 0.16869218612818263 247060044
2070654 300 0.16899561018437223 247338916
2070954 300 0.18294363476733974 260445889
2071254 300 0.17202985074626867 262414396
2071554 300 0.16776294995610183 260052188
2071854 300 0.17119543459174716 258871084
2072154 300 0.17342370500438983 255327772
2072454 300 0.172371202809482 254277902
2072754 300 0.17551922739244952 253359265
2073054 300 0.17310131694468836 253375670
2073354 300 0.16574328358208956 253113202
2073654 300 0.17746303775241437 278835022
2073954 300 0.18145496049165935 286446582
2074254 300 0.17755785776997365 297601453
2074554 300 0.1700007023705004 260855995
2074854 300 0.1771690956979807 260577123
2075154 300 0.17417278314310797 260314656
2075454 300 0.1731297629499561 257427513
2075754 300 0.17266514486391574 256902577
2076054 300 0.17047480245829674 253884201
2076354 300 0.17052221246707638 251407163
2076654 300 0.17784231782265147 267811386
2076954 300 0.1725798068481124 272929503
2077254 300 0.16466233538191397 258346149
2077554 300 0.16445373134328356 257837618
2077854 300 0.16177980684811238 257165045
2078154 300 0.16200737489025463 253752967
2078454 300 0.1609169446883231 252309396
2078754 300 0.16311676909569797 251784460
2079054 300 0.16675785776997365 251653227
2079354 300 0.15791115013169446 269238553
2079654 300 0.15699139596136963 256771344
2079954 300 0.15609060579455664 256246409
2080254 300 0.15726637401229152 256115175
2080554 300 0.1594756804214223 257837618
2080854 300 0.16780087796312557 268992489
2081154 300 0.1630124670763828 255065305
2081454 300 0.15653625987708517 255212943
2081754 300 0.15884038630377526 255065305
2082054 300 0.1615332748024583 252178162
2082354 300 0.16197892888498683 252457033
2082654 300 0.15880245829675152 249569890
2082954 300 0.1595420544337138 248913721
2083254 300 0.15737067603160668 249291019
2083554 300 0.15913432835820898 249028551
2083854 300 0.15913432835820898 249159785
2084154 300 0.1548294995610184 249438657
2084454 300 0.15696294995610183 249044955
2084754 300 0.15445970149253732 249044955
2085054 300 0.1589731343283582 249044955
2085354 300 0.1602626865671642 248766084
2085654 300 0.16332537313432835 248651254
2085954 300 0.15570184372256365 249028551
2086254 300 0.15691553994732219 249044955
2086554 300 0.15928604038630378 248897317
2086854 300 0.1556449517120281 249028551
2087154 300 0.1664923617208077 279064682
2087454 300 0.16508902546093063 293943311
2087754 300 0.1643115013169447 289989894
2088054 300 0.16304091308165058 260855995
2088354 300 0.15887831431079896 260855995
2088654 300 0.1575982440737489 272535801
2088954 300 0.15376751536435468 257033811
2089254 300 0.15846110623353818 256918982
2089554 300 0.15953257243195787 255869112
2089854 300 0.1599877085162423 252194566
2090154 300 0.16823705004389816 264645370
2090454 300 0.16920421422300264 253900605
2090754 300 0.15832835820895522 253621733
2091054 300 0.15618542581211592 251407163
2091354 300 0.15640351185250223 249307423
2091654 300 0.15126426690079015 247601383
2091954 300 0.15073327480245832 247617788
2092254 300 0.15031606672519754 248011489
2092554 300 0.15990237050043898 267827790
2092854 300 0.15962739244951712 266105346
2093154 300 0.14750939420544337 260724762
2093454 300 0.15158665496049167 260724762
2093754 300 0.15483898156277437 259166360
2094054 300 0.14804038630377525 258100086
2094354 300 0.14888428446005267 256541685
2094654 300 0.15218402107111503 253392074
2094954 300 0.14866619841966636 253785775
2095254 300 0.15457348551360842 263234607
2095554 300 0.15079964881474975 261003633
2095854 300 0.14661808604038631 258772659
2096154 300 0.14589745390693593 258641425
2096454 300 0.14887480245829676 258510192
2096754 300 0.15234521510096574 254704412
2097054 300 0.14920667251975417 249455061
2097354 300 0.14722493415276558 247749022
2097654 300 0.1619694468832309 256672918
2097954 300 0.1641787532923617 264136840
2098254 300 0.15702932396839334 260593528
2098554 300 0.1552941176470588 260593528
2098854 300 0.1557492537313433 260462294
2099154 300 0.16379947322212468 256000345
2099454 300 0.15302791922739245 252719501
2099754 300 0.16066093064091308 254556774
2100054 300 0.164529587357331 260593528
2100354 300 0.1582050921861282 255852708
2100654 300 0.1559768217734855 251521993
2100954 300 0.15296154521510097 300390171
2101254 300 0.14812572431957857 257066620
2101554 300 0.1468741000877963 257066620
2101854 300 0.15202282704126427 256918982
2102154 300 0.1506289727831431 257181450
2102454 300 0.15930500438981565 291695933
2102754 300 0.15920070237050044 278441322
2103054 300 0.1625857769973661 260199826
2103354 300 0.15793011413520633 260084997
2103654 300 0.15786374012291485 259674891
2103954 300 0.15567339771729588 255229347
2104254 300 0.15176681299385428 253917009
2104554 300 0.15142546093064094 251817269
2104854 300 0.15235469710272168 252178162
2105154 300 0.14901703248463566 251538397
2105454 300 0.15157717295873574 251259525
2105754 300 0.15356839332748023 251538397
2106054 300 0.160803160667252 263611905
2106354 300 0.15764565408252854 263497075
2106654 300 0.15280983318700614 250373697
2106954 300 0.1479171202809482 250373697
2107254 300 0.15202282704126427 250242463
2107554 300 0.15493380158033365 250111230
2107854 300 0.15021176470588235 249586294
2108154 300 0.14824899034240563 249569890
2108454 300 0.1483153643546971 250898632
2108754 300 0.16094539069359087 269533828
2109054 300 0.1551044776119403 272027271
2109354 300 0.14854293239683933 262693268
2109654 300 0.14789815627743633 262562034
2109954 300 0.15042036874451273 260987229
2110254 300 0.14806883230904302 259937359
2110554 300 0.14790763827919226 259920954
2110854 300 0.14659912203687445 257443917
2111154 300 0.15511395961369623 268877660
2111454 300 0.15216505706760317 268746426
2111754 300 0.14970921861281825 255229347
2112054 300 0.14644741000877964 255639453
2112354 300 0.1516056189640035 255475410
2112654 300 0.14544231782265146 254966880
2112954 300 0.1541373134328358 255114517
2113254 300 0.15438384547848988 254720816
2113554 300 0.15960842844600526 257870427
2113854 300 0.16129622475856015 268090257
2114154 300 0.15676382791922738 261791036
2114454 300 0.1491402985074627 261659802
2114754 300 0.15599578577699738 261528568
2115054 300 0.14598279192273925 258772659
2115354 223 0.1530753292361721 255606644
2115577 77 0.11115539947322212 255606644
2115654 107 0.10945812115891132 251259525
2115761 2 0.1057601404741001 166859802
2115763 1 0.1057601404741001 160183284
2115764 14 0.1057601404741001 160183284
2115778 2 0.1057601404741001 160183284
2115780 1 0.1057601404741001 160183284
2115781 173 0.11784021071115014 192237134
2115954 300 0.13660509218612818 245632877
2116254 300 0.16122036874451276 266384218
2116554 300 0.15813871817383668 269123723
2116854 300 0.15719051799824407 257050216
2117154 300 0.1622918349429324 255737878
2117454 186 0.1659329236172081 256000345
2117640 114 0.12244846356453029 255737878
2117754 71 0.12617489025460932 251538397
2117825 4 0.12374749780509219 158099947
2117829 9 0.12175627743634768 158099947
2117838 216 0.13182616330114136 197666931
2118054 300 0.15708621597892888 245239176
2118354 44 0.1589731343283582 246042982
2118398 184 0.11888323090430203 244599411
2118582 2 0.11550763827919228 151571067
2118584 1 0.11550763827919228 150258729
2118585 8 0.11550763827919228 150242325
2118593 61 0.12482844600526777 167401141
2118654 211 0.13880491659350308 251161100
2118865 89 0.09772888498683056 251029866
2118954 95 0.12326391571553996 268090257
2119049 5 0.12022967515364355 175783699
2119054 1 0.11912028094820017 174783042
2119055 8 0.11912028094820017 174783042
2119063 1 0.11912028094820017 174783042
2119064 190 0.13046075504828797 211134798
2119254 300 0.14500614574187884 233444540
2119554 300 0.16020579455662862 234117113
2119854 300 0.16365724319578578 234002283
2120154 300 0.1553604916593503 234379581
2120454 300 0.15742756804214222 234248347
2120754 300 0.16696646180860406 234625644
2121054 300 0.1658665496049166 237512787
2121354 300 0.16553467954345918 241991140
2121654 300 0.15612853380158034 239514102
2121954 300 0.1501169446883231 235429451
2122254 300 0.14944372256365235 235150579
2122554 300 0.15021176470588235 235166983
2122854 300 0.15661211589113258 235544280
2123154 300 0.15063845478489904 235265409
2123454 300 0.159646356453029 236971447
2123754 300 0.16397963125548726 252342204
2124054 300 0.15916277436347673 247224087
2124354 300 0.15259174714661983 236200449
2124654 300 0.1575318700614574 235806748
2124954 300 0.15407093942054434 235823152
2125254 300 0.15423213345039508 235954386
2125554 300 0.15224091308165058 237397957
2125854 300 0.1522883230904302 236479321
2126154 300 0.1538338893766462 236741788
2126454 300 0.165686391571554 255901920
2126754 300 0.16136259877085163 263251012
2127054 300 0.16468129938542583 248946530
2127354 300 0.15583459174714662 241203737
2127654 300 0.16453906935908694 237529191
2127954 300 0.1654019315188762 237529191
2128254 300 0.17025671641791046 238185360
2128554 300 0.17776646180860403 237922893
2128854 300 0.18569341527655836 237906489
2129154 300 0.19802001755926252 254310711
2129454 300 0.19038700614574186 259428828
2129754 300 0.185873573309921 259428828
2130054 300 0.17724495171202806 253014777
2130354 300 0.17567093942054432 251308738
2130654 300 0.1775009657594381 242532479
2130954 300 0.17739666374012292 238989167
2131254 300 0.17747251975417036 238857933
2131554 300 0.17915083406496926 239251635
2131854 300 0.1881208077260755 271781207
2132154 300 0.18648042142230026 280048935
2132454 300 0.18639508340649694 271666378
2132754 300 0.18630026338893765 254999688
2133054 300 0.1843469710272169 254852050
2133354 300 0.18307638279192276 253277244
2133654 300 0.18666057945566286 245009517
2133954 300 0.1784017559262511 240022633
2134254 300 0.17815522388059699 239760165
2134554 300 0.18593046532045654 256312026
2134854 300 0.18612010535557508 264464924
2135154 300 0.17968182616330117 256197196
2135454 300 0.17864828797190518 256049558
2135754 300 0.1787336259877085 268910468
2136054 300 0.18024126426690076 245157154
2136354 300 0.17942581211589112 241088907
2136654 300 0.18657524143985954 240563973
2136954 300 0.18127480245829675 240826440
2137254 300 0.18947673397717296 258936701
2137554 300 0.18623388937664617 248700466
2137854 300 0.1876467076382792 248569233
2138154 300 0.18058261633011416 248552829
2138454 300 0.17705531167690955 248437999
2138754 300 0.17534855136084285 244369752
2139054 300 0.17734925373134328 240826440
2139354 300 0.1762777875329236 240826440
2139654 300 0.18025074626865673 240957673
2139954 300 0.182915188762072 240957673
2140254 300 0.1761260755048288 240957673
2140554 300 0.17296856892010534 240826440
2140854 300 0.17521580333625988 240826440
2141154 300 0.17604073748902546 240957673
2141454 300 0.18099034240561898 242270011
2141754 300 0.1867079894644425 261823844
2142054 300 0.1722669007901668 265104688
2142354 300 0.17466584723441617 257099428
2142654 300 0.17364179104477612 254868454
2142954 300 0.1693843722563652 250668973
2143254 300 0.17330992098331868 247010832
2143554 300 0.17632519754170325 241482609
2143854 300 0.17249446883230904 244369752
2144154 300 0.1792646180860404 257755597
2144454 300 0.1755097453906936 248946530
2144754 300 0.16678630377524145 242516075
2145054 300 0.17681826163301143 242253607
2145354 300 0.1800990342405619 242007544
2145654 300 0.1819100965759438 241876310
2145954 300 0.18154978050921863 242007544
2146254 300 0.18549429323968392 242122374
2146554 300 0.19649341527655836 274668350
2146854 300 0.19511852502194907 273618480
2147154 300 0.192558384547849 251046270
2147454 300 0.18712519754170326 243844817
2147754 300 0.18601580333625986 243319882
2148054 300 0.18191957857769975 243319882
2148354 300 0.1796723441615452 243319882
2148654 300 0.1795111501316945 243303477
2148954 300 0.17597436347673398 243319882
2149254 300 0.17928358208955222 243319882
2149554 300 0.18737172958735734 259986571
2149854 300 0.18516242317822654 267204429
2150154 300 0.1765906935908692 258280532
2150454 300 0.17332888498683055 257493130
2150754 300 0.1816635645302897 254343519
2151054 300 0.18538999122036873 254343519
2151354 300 0.2759431079894644 252128949
2151654 300 0.23590061457418787 251308738
2151954 300 0.18820614574187886 246584322
2152254 300 0.18554170324846356 261282505
2152554 300 0.18582616330114135 252621076
2152854 300 0.17372712906057944 245157154
2153154 300 0.18008007023705006 245140750
2153454 300 0.1835694468832309 262217545
2153754 300 0.1807532923617208 251981311
2154054 300 0.1802886742756804 251981311
2154354 300 0.17925513608428448 248815296
2154654 300 0.17197295873573312 246584322
2154954 300 0.18083863037752415 258510192
2155254 300 0.17703634767339774 252358608
2155554 300 0.17471325724319578 252358608
2155854 300 0.17684670763827917 250258867
2156154 300 0.17897067603160668 244878283
2156454 300 0.17127129060579455 245009517
2156754 300 0.17204881474978054 245419622
2157054 300 0.17004811237928005 244878283
2157354 300 0.1685404741000878 245025921
2157654 300 0.17764319578577703 262348779
2157954 300 0.1756519754170325 266006921
2158254 300 0.16980158033362597 259445232
2158554 300 0.19687269534679544 259182765
2158854 300 0.1710626865671642 252489842
2159154 300 0.16783880597014925 249602699
2159454 300 0.173271992976295 248831700
2159754 300 0.16225390693590871 245928153
2160054 300 0.16193151887620721 246338259
2160354 300 0.16527866549604917 246338259
2160654 300 0.15944723441615452 298159197
2160954 300 0.1544502194907814 254868454
2161254 300 0.2651810359964882 296075860
2161554 300 0.16170395083406494 344632358
2161854 300 0.1634770851624232 284248416
2162154 300 0.15976014047410006 272568610
2162454 300 0.1592291483757682 265088284
2162754 300 0.15581562774363475 265235922
2163054 300 0.1640270412642669 265219518
2163354 300 0.15644143985952588 264825817
2163654 300 0.16342967515364357 294894756
2163954 300 0.16483301141352064 308936770
2164254 300 0.163628797190518 294501055
2164554 300 0.15893520632133454 273897352
2164854 300 0.2231283582089552 274159819
2165154 300 0.1658760316066725 286495794
2165454 300 0.16020579455662862 273241183
2165754 300 0.16006356453028975 272978715
2166054 300 0.15724741000877965 272322546
2166354 300 0.16055662862159792 269566637
2166654 300 0.1654019315188762 276915729
2166954 300 0.16620790166812996 269550233
2167254 300 0.15942827041264268 269435403
2167554 300 0.15777840210711153 269041702
2167854 300 0.15838525021949076 266285793
2168154 300 0.15852748024582966 266417026
2168454 300 0.1637236172080773 266417026
2168754 300 0.16076523266022827 264842221
2169054 300 0.16137208077260756 263529883
2169354 300 0.16902405618964006 281098806
2169654 300 0.1648519754170325 283461013
2169954 300 0.1603385425812116 275078456
2170254 300 0.15985496049165934 274815988
2170554 300 0.16098331870061458 272437376
2170854 300 0.15913432835820898 271272676
2171154 300 0.16070834064969272 267204429
2171454 300 0.15846110623353818 262873714
2171754 300 0.16492783143107992 263004948
2172054 300 0.17041791044776117 280721508
2172354 300 0.16595188762071994 286495794
2172654 300 0.16107813871817384 275603391
2172954 300 0.17495978928884984 275865858
2173254 300 0.1803171202809482 275603391
2173554 300 0.17671395961369624 271010209
2173854 300 0.18109464442493414 269172936
2174154 300 0.1746468832309043 267729364
2174454 300 0.18429956101843725 295419691
2174754 300 0.1880923617208077 298306834
2175054 300 0.18155926251097454 287676898
2175354 300 0.17995680421422303 263923585
2175654 300 0.17921720807726077 263792351
2175954 300 0.17495030728709396 263661117
2176254 300 0.18022230026338895 264054819
2176554 300 0.1762777875329236 264300882
2176854 300 0.18091448639157157 264432115
2177154 300 0.17725443371378405 280196573
2177454 300 0.18084811237928006 272191312
2177754 300 0.17078770851624234 264710988
2178054 300 0.1660182616330114 264317286
2178354 300 0.171081650570676 264054819
2178654 300 0.16126777875329235 263792351
2178954 300 0.1598075504828797 264186052
2179254 300 0.1616470588235294 264710988
2179554 300 0.1663690956979807 266006921
2179854 300 0.16950763827919227 281640145
2180154 300 0.16802844600526778 270485274
2180454 300 0.16221597892888498 264842221
2180754 300 0.16066093064091308 264448520
2181054 300 0.16177032484635645 264186052
2181354 300 0.16100228270412645 264186052
2181654 300 0.15921966637401228 264054819
2181954 300 0.15449762949956103 264317286
2182254 300 0.15486742756804214 265760857
2182554 300 0.1643589113257243 272847481
2182854 300 0.15895417032484632 264054819
2183154 300 0.15311325724319577 263923585
2183454 300 0.15812923617208077 263792351
2183754 300 0.15756031606672521 263382246
2184054 300 0.1562328358208955 263251012
2184354 300 0.16094539069359087 263119778
2184654 300 0.1621875329236172 266269389
2184954 300 0.1654398595258999 276899325
2185254 300 0.1540235294117647 275340924
2185554 300 0.1564793678665496 274684755
2185854 300 0.1559294117647059 274553521
2186154 300 0.15225039508340651 273372417
2186454 300 0.1549717295873573 270878975
2186754 300 0.1560526777875329 268385533
2187054 300 0.15634661984196663 266941962
2187354 300 0.16105917471466197 278359300
2187654 300 0.16176084284460054 271010209
2187954 300 0.15486742756804214 262463609
2188254 300 0.15659315188762074 262463609
2188554 300 0.15161510096575948 262496418
2188854 300 0.15065741878841088 262496418
2189154 300 0.15225039508340651 262890118
2189454 300 0.15305636523266022 265646028
2189754 300 0.16489938542581214 295042394
2190054 300 0.16690956979806848 297798304
2190354 300 0.16000667251975417 264858625
2190654 300 0.16190307287093944 264579754
2190954 300 0.15701035996488147 264448520
2191254 300 0.15355891132572433 264317286
2191554 300 0.1495006145741879 264186052
2191854 300 0.15057208077260756 263923585
2192154 300 0.15769306409130815 266433430
2192454 300 0.16656821773485514 271026613
2192754 300 0.15793959613696223 266564664
2193054 300 0.1506953467954346 279540404
2193354 300 0.14667497805092186 264054819
2193654 300 0.15001264266900788 264317286
2193954 300 0.14829640035118527 263923585
2194254 300 0.15132115891132572 264054819
2194554 300 0.1606324846356453 277325834
2194854 300 0.15576821773485516 264448520
2195154 300 0.14761369622475856 264317286
2195454 300 0.1535873573309921 264317286
2195754 300 0.1450345917471466 264300882
2196054 300 0.14585004389815628 264054819
2196354 300 0.14646637401229148 263513479
2196654 300 0.15178577699736612 266269389
2196954 300 0.16035750658472345 272568610
2197254 300 0.152060755048288 265088284
2197554 300 0.14521474978050922 265088284
2197854 300 0.15097032484635645 278080428
2198154 300 0.16487093942054432 265613220
2198454 300 0.16111606672519754 265219518
2198754 300 0.16209271290605795 264710988
2199054 300 0.16487093942054432 266810728
2199354 300 0.17221000877963125 273372417
2199654 300 0.17632519754170325 264973455
2199954 300 0.16182721685689203 265104688
2200254 300 0.1607273046532046 264710988
2200554 300 0.1577404741000878 264710988
2200854 300 0.15771202809482002 264842221
2201154 300 0.16107813871817384 264710988
2201454 300 0.16805689201053556 264432115
2201754 300 0.17872414398595257 279277936
2202054 300 0.16944126426690082 275455753
2202354 300 0.16469078138718174 263923585
2202654 300 0.16365724319578578 263792351
2202954 300 0.1639132572431958 263661117
2203254 300 0.16126777875329235 263923585
2203554 300 0.15934293239683936 264186052
2203854 300 0.15737067603160668 263923585
2204154 300 0.14896962247585602 263677521
2204454 300 0.16631220368744512 293319951
2204754 300 0.17170746268656717 301325211
2205054 300 0.16512695346795436 309855407
2205354 300 0.16379947322212468 267598131
2205654 300 0.16031009657594383 266548260
2205954 300 0.16057559262510976 266417026
2206254 300 0.15778788410886743 266154559
2206554 300 0.16200737489025463 266285793
2206854 300 0.1638089552238806 266023325
2207154 300 0.1701524143985953 268779234
2207454 300 0.16891027216856894 274044990
2207754 300 0.16676733977172958 265646028
2208054 300 0.16470026338893767 265481986
2208354 300 0.16902405618964006 265613220
2208654 300 0.1703041264266901 265350752
2208954 300 0.16526918349429326 265219518
2209254 300 0.1627943810359965 265104688
2209554 300 0.1627564530289728 265760857
2209854 300 0.1694791922739245 285724796
2210154 300 0.16772502194907812 284166395
2210454 300 0.16314521510096575 277473472
2210754 300 0.1663690956979807 277473472
2211054 300 0.16443476733977175 277473472
2211354 300 0.16415978928884986 275882263
2211654 300 0.16653977172958734 271814016
2211954 300 0.16261422300263392 271551548
2212254 300 0.16342967515364357 271272676
2212554 300 0.17243757682177352 285577158
2212854 300 0.16762071992976293 274684755
2213154 300 0.163628797190518 268385533
2213454 300 0.16152379280070236 275078456
2213754 300 0.1597980684811238 268385533
2214054 300 0.16016786654960494 268385533
2214354 300 0.1591912203687445 268648000
2214654 300 0.16493731343283582 270354040
2214954 300 0.16764916593503076 272585014
2215254 300 0.16737418788410888 268779234
2215554 300 0.16453906935908694 268516767
2215854 300 0.16262370500438983 268516767
2216154 300 0.16414082528533805 268779234
2216454 300 0.1608884986830553 268648000
2216754 300 0.2374556628621598 284264820
2217054 300 0.16657769973661107 295025990
2217354 300 0.17761474978050923 300275341
2217654 300 0.1664923617208077 291367848
2217954 300 0.1657527655838455 273897352
2218254 300 0.16530711150131694 273766118
2218554 300 0.163628797190518 273634884
2218854 300 0.1700007023705004 273503650
2219154 300 0.1731676909569798 273520054
2219454 300 0.1678198419666374 273257587
2219754 300 0.17310131694468836 273388821
2220054 300 0.17751992976294995 305541096
2220354 300 0.17889482001755927 315252396
2220654 300 0.1784017559262511 298192005
2220954 300 0.16214960491659353 273257587
2221254 300 0.15325548726953467 273109949
2221554 300 0.15325548726953467 273109949
2221854 300 0.16177032484635645 272995120
2222154 300 0.16174187884108868 272913099
2222454 300 0.15930500438981565 272781865
2222754 300 0.16093590869183494 273667693
2223054 300 0.1686163301141352 290203149
2223354 300 0.16198841088674276 279064682
2223654 300 0.1614194907813872 272634226
2223954 300 0.15607164179104477 272502993
2224254 300 0.15952309043020194 272371759
2224554 300 0.16031009657594383 272371759
2224854 300 0.1587360842844601 272388163
2225154 300 0.16000667251975417 272388163
2225454 300 0.15900158033362596 272388163
2225754 300 0.15844214223002637 272256930
2226054 300 0.16147638279192272 272125696
2226354 300 0.15628972783143108 272109292
2226654 300 0.1577404741000878 271978058
2226954 300 0.1639132572431958 271321889
2227254 300 0.17054117647058825 286938708
2227554 300 0.17048428446005268 278146045
2227854 300 0.166331167690957 271715590
2228154 300 0.16780087796312557 271584357
2228454 300 0.16006356453028975 271567952
2228754 300 0.1604807726075505 271551548
2229054 300 0.16370465320456543 271551548
2229354 300 0.16351501316944686 271682782
2229654 300 0.17172642669007904 279950510
2229954 300 0.1690050921861282 274291053
2230254 300 0.166710447761194 271535144
2230554 300 0.1709204565408253 332821318
2230854 300 0.15796804214223004 272322546
2231154 300 0.15762669007901667 272470185
2231454 300 0.16151431079894643 272338951
2231754 300 0.16068937664618085 272224121
2232054 300 0.1656294995610184 303326526
2232354 300 0.16475715539947325 288234642
2232654 300 0.1682844600526778 272880290
2232954 300 0.16349604916593505 272880290
2233254 300 0.16441580333625988 272732652
2233554 300 0.16155223880597014 289530576
2233854 300 0.1651079894644425 277457068
2234154 300 0.1684361720807726 278096833
2234454 300 0.16215908691834943 278129641
2234754 300 0.1584326602282704 278014812
2235054 300 0.1726841088674276 293483993
2235354 300 0.17262721685689203 283264162
2235654 300 0.18336084284460052 283247758
2235954 300 0.21214820017559263 283001695
2236254 300 0.25539561018437223 283395396
2236554 300 0.16737418788410888 282722823
2236854 300 0.17177383669885865 282591589
2237154 300 0.17396417910447762 282575185
2237454 300 0.17910342405618965 282575185
2237754 300 0.19002669007901668 294779926
2238054 300 0.18697348551360843 294911160
2238354 300 0.17585109745390695 280590274
2238654 300 0.1684741000877963 279802872
2238954 300 0.16755434591747148 276932133
2239254 300 0.16507954345917472 274717563
2239554 300 0.16821808604038632 274865201
2239854 300 0.16522177348551362 274717563
2240154 300 0.16513643546971027 275111264
2240454 300 0.16617945566286219 275357328
2240754 300 0.1655062335381914 275094860
2241054 300 0.17221000877963125 288874407
2241354 300 0.16827497805092187 290186745
2241654 300 0.16032906057945565 275357328
2241954 300 0.15865074626865672 275242498
2242254 300 0.16286075504828798 275111264
2242554 300 0.16308832309043023 274455096
2242854 300 0.16302194907813872 274192628
2243154 300 0.1595041264266901 274192628
2243454 300 0.1625762949956102 274061394
2243754 300 0.16930851624231782 291909188
2244054 300 0.16713713784021073 289809447
2244354 300 0.16111606672519754 284428863
2244654 300 0.1597316944688323 283887523
2244954 300 0.16452010535557507 280606678
2245254 300 0.16386584723441616 278900640
2245554 300 0.1608790166812994 276292368
2245854 300 0.16436839332748024 276423602
2246154 300 0.1614953467954346 276833707
2246454 300 0.16559157155399476 311085723
2246754 300 0.17502616330114135 312529295
2247054 300 0.17285478489903428 293369164
2247354 300 0.16340122914837577 286413774
2247654 300 0.16419771729587357 286545007
2247954 300 0.16108762071992974 286397369
2248254 300 0.16281334503950837 286266135
2248554 300 0.2005043020193152 282722823
2248854 300 0.20476172080772606 278785810
2249154 300 0.15682071992976296 277211005
2249454 300 0.16880597014925375 291663124
2249754 300 0.16767761194029848 296518774
2250054 300 0.16004460052677788 286282540
2250354 300 0.16296505706760317 286413774
2250654 300 0.1632589991220369 286282540
2250954 300 0.16526918349429326 281689357
2251254 300 0.170702370500439 276702474
2251554 300 0.16603722563652326 275127669
2251854 300 0.16459596136962246 275258902
2252154 300 0.16637857769973663 275390136
2252454 300 0.16950763827919227 275127669
