1675974 300 0.20547287093942054 248569233
1676274 300 0.20345320456540827 248684062
1676574 300 0.19915785776997366 236873022
1676874 300 0.19481510096575944 236758193
1677174 300 0.1895525899912204 236774597
1677474 300 0.19321264266900792 236758193
1677774 300 0.19211273046532046 236626959
1678074 300 0.19181878841088676 236758193
1678374 300 0.19687269534679544 236741788
1678674 300 0.19492888498683056 236889427
1678974 300 0.2020214223002634 264087627
1679274 300 0.20279894644424934 264727392
1679574 300 0.19657875329236174 237430766
1679874 300 0.20576681299385427 237430766
1680174 300 0.19279543459174717 237184702
1680474 300 0.19695803336259876 237430766
1680774 300 0.20027673397717297 237693234
1681074 300 0.19867427568042142 237447170
1681374 300 0.20467638279192277 237447170
1681674 300 0.20469534679543458 237693234
1681974 300 0.20817524143985952 255688665
1682274 300 0.20216365232660227 260150614
1682574 300 0.2064210711150132 249783145
1682874 300 0.14031255487269534 146945076
1683174 8 0.13764811237928007 146945076
1683182 292 0.1968632133450395 247404533
1683474 300 0.19513748902546094 246354663
1683774 96 0.08867357330992098 41498736
1683870 176 0.13633011413520632 143729849
1684046 28 0.1918472344161545 246485896
1684074 300 0.19752695346795435 246617130
1684374 300 0.20195504828797192 246748364
1684674 136 0.14236066725197544 154769890
1684810 164 0.20053274802458299 266679494
1684974 300 0.2086683055311677 255934728
1685274 300 0.2071985952589991 249373039
1685574 300 0.2074261633011414 249373039
1685874 300 0.204126426690079 249241806
1686174 300 0.20110166812993854 249389444
1686474 300 0.20486602282704128 249258210
1686774 300 0.2037281826163301 246633535
1687074 300 0.21036558384547846 249241806
1687374 300 0.2129446883230904 252260183
1687674 300 0.2127171202809482 247798234
1687974 300 0.2101949078138718 242942584
1688274 300 0.20543494293239684 242794947
1688574 300 0.20013450395083407 243057414
1688874 300 0.193971202809482 243073818
1689174 300 0.19872168568920104 243205052
1689474 300 0.20242914837576823 243221456
1689774 300 0.21005267778753295 257673576
1690074 300 0.21301106233538192 261479356
1690374 300 0.20572888498683056 250193251
1690674 300 0.20738823529411765 250193251
1690974 300 0.20159473222124671 250193251
1691274 300 0.18997928007023704 250193251
1691574 300 0.19888287971905183 249930783
1691874 300 0.19474872695346793 246781173
1692174 300 0.1980958735733099 266597473
1692474 300 0.20059912203687444 280508253
1692774 300 0.20331097453906935 268680809
1693074 300 0.20143353819139595 249799549
1693374 300 0.20347216856892011 249799549
1693674 300 0.20168007023705006 249684720
1693974 300 0.19380052677787532 249422252
1694274 300 0.19933801580333624 249553486
1694574 300 0.20142405618964002 249553486
1694874 300 0.19649341527655836 249159785
1695174 300 0.20544442493415277 256771344
1695474 300 0.2079476733977173 252178162
1695774 300 0.2104129938542581 239317251
1696074 300 0.19999227392449517 237496383
1696374 300 0.20078876207199295 235905173
1696674 300 0.19665460930640913 236184045
1696974 300 0.19802949956101845 236052811
1697274 300 0.19350658472344165 236052811
1697574 300 0.19759332748024583 236069215
1697874 300 0.19856997366110624 236052811
1698174 300 0.20976821773485513 247978681
1698474 300 0.20519789288849868 258214915
1698774 300 0.20277050043898157 255327772
1699074 300 0.19156277436347674 249159785
1699374 300 0.19755539947322215 249044955
1699674 300 0.19786830553116766 248913721
1699974 300 0.20095943810359965 249028551
1700274 300 0.18850008779631258 249028551
1700574 300 0.17839227392449516 245501643
1700874 300 0.17816470588235295 243401903
1701174 300 0.1789043020193152 243533137
1701474 300 0.17275048287971903 243533137
1701774 300 0.17353748902546093 243533137
1702074 300 0.1693748902546093 243533137
1702374 300 0.17448568920105356 246403875
1702674 300 0.19313678665496048 250472122
1702974 300 0.1875803336259877 240383526
1703274 300 0.18936294995610184 240383526
1703574 300 0.1873338015803336 240383526
1703874 300 0.1818721685689201 240498355
1704174 300 0.18542791922739246 240367122
1704474 300 0.18409095697980685 240514759
1704774 300 0.1893819139596137 240793632
1705074 300 0.2005043020193152 248667658
1705374 300 0.19088007023705006 243680775
1705674 300 0.18759929762949956 240383526
1705974 300 0.18457453906935908 240235888
1706274 300 0.18484951712028094 239842186
1706574 300 0.17903705004389817 237217511
1706874 300 0.1864140474100088 237217511
1707174 300 0.181113608428446 237217511
1707474 300 0.1855985952589991 237365149
1707774 300 0.18700193151887623 237348745
1708074 300 0.18445127304653205 237250320
1708374 300 0.18447023705004392 237250320
1708674 300 0.18287726075504832 237250320
1708974 300 0.17941633011413521 238037722
1709274 300 0.18868024582967516 275422944
1709574 300 0.18491589113257245 278457726
1709874 300 0.17571834942932396 264924242
1710174 300 0.1655726075504829 251800864
1710474 300 0.16306935908691836 251144695
1710774 300 0.16693801580333628 249307423
1711074 300 0.16761123792800703 246157812
1711374 300 0.16502265144863915 245764111
1711674 300 0.166331167690957 245780515
1711974 300 0.16848358208955225 247092853
1712274 300 0.17632519754170325 257066620
1712574 300 0.17141352063213347 251013462
1712874 300 0.16912835820895525 248011489
1713174 300 0.1681801580333626 248027893
1713474 300 0.17100579455662865 246699151
1713774 300 0.17136611062335383 244599411
1714074 300 0.17014293239683934 243795604
1714374 300 0.17312028094820014 244993112
1714674 300 0.1722289727831431 252604671
1714974 300 0.15613801580333628 253113202
1715274 300 0.14760421422300263 248126319
1715574 300 0.14840070237050046 247863851
1715874 300 0.14754732221246708 244583007
1716174 300 0.14557506584723442 242352033
1716474 300 0.15064793678665495 243024606
1716774 300 0.15241158911325725 242762138
1717074 300 0.15775943810359966 250882228
1717374 300 0.14962388059701492 242614500
1717674 300 0.14801194029850748 239727357
1717974 300 0.1516814749780509 239596123
1718274 300 0.15288568920105353 239464890
1718574 300 0.1591817383669886 239464890
1718874 300 0.15563546971027215 239464890
1719174 300 0.16346760316066727 242220799
1719474 300 0.16551571553994734 247863851
1719774 300 0.15841369622475857 239596123
1720074 300 0.15465882352941177 239858591
1720374 300 0.15463037752414396 239858591
1720674 300 0.15108410886742757 239727357
1720974 300 0.1519564530289728 239481294
1721274 300 0.151027216856892 239481294
1721574 300 0.15741808604038632 244058071
1721874 300 0.1603480245829675 272289738
1722174 300 0.16162809482001758 272142100
1722474 300 0.15403301141352063 250882228
1722774 300 0.15139701492537316 250619761
1723074 300 0.15235469710272168 250488527
1723374 300 0.15381492537313432 250357293
1723674 300 0.14868516242317822 250357293
1723974 300 0.14962388059701492 247060044
1724274 300 0.15982651448639157 245370409
1724574 300 0.16390377524143987 259920954
1724874 300 0.16052818261633015 250472122
1725174 300 0.15292361720807726 241548226
1725474 300 0.15429850746268658 241695864
1725774 300 0.1557492537313433 241695864
1726074 300 0.15255381913959615 241433396
1726374 300 0.15277190517998246 241564630
1726674 300 0.16021527655838455 241564630
1726974 300 0.16414082528533805 258756255
1727274 300 0.16526918349429326 260724762
1727574 300 0.15868867427568045 251144695
1727874 300 0.1587360842844601 251144695
1728174 300 0.11495768217734854 148503477
1728474 33 0.11946163301141352 148651116
1728507 7 0.11949956101843723 148667520
1728514 13 0.11946163301141352 148667520
1728527 1 0.11946163301141352 148667520
1728528 169 0.1209028972783143 156492334
1728697 1 0.1209028972783143 156492334
1728698 76 0.1312762071992976 177883440
1728774 300 0.13258472344161545 223552794
1729074 300 0.1522883230904302 240465547
1729374 300 0.16835083406496926 252292991
1729674 300 0.16266163301141354 249815953
1729974 300 0.15598630377524147 240760823
1730274 300 0.15393819139596135 248930125
1730574 300 0.155142405618964 243926838
1730874 300 0.15439332748024584 243270669
1731174 300 0.1554268656716418 238283785
1731474 300 0.16007304653204565 238677487
1731774 300 0.16432098331870063 244845474
1732074 300 0.1600540825285338 242499670
1732374 300 0.15408042142230027 252735905
1732674 300 0.1556449517120281 248011489
1732974 300 0.15549323968393328 245518047
1733274 300 0.15389078138718174 243401903
1733574 300 0.15663107989464445 241170928
1733874 300 0.1639417032484636 248257552
1734174 300 0.16723195785776998 244336944
1734474 300 0.1649752414398595 242089565
1734774 300 0.15946619841966636 238677487
1735074 300 0.15519929762949955 237365149
1735374 300 0.15711466198419669 235396642
1735674 300 0.15738015803336258 235429451
1735974 300 0.159513608428446 237529191
1736274 300 0.16536400351185254 269943934
1736574 300 0.16971624231782267 272420972
1736874 300 0.16305987708516245 255491814
1737174 300 0.15826198419666374 248930125
1737474 300 0.1619694468832309 246436684
1737774 300 0.15960842844600526 244730645
1738074 300 0.17032309043020194 245009517
1738374 300 0.16105917471466197 242630904
1738674 300 0.16293661106233537 241712268
1738974 300 0.16929903424056192 256016749
1739274 300 0.17189710272168568 246321854
1739574 300 0.1674974539069359 239366464
1739874 300 0.1662458296751536 239235231
1740174 300 0.17001966637401228 239382868
1740474 300 0.16328744512730467 239120401
1740774 300 0.16020579455662862 239382868
1741074 300 0.16037647058823526 237283128
1741374 300 0.17021878841088672 236758193
1741674 300 0.1789043020193152 251456376
1741974 300 0.16991536435469712 245550856
1742274 300 0.16837928007023703 237037065
1742574 300 0.1693843722563652 237037065
1742874 300 0.1686163301141352 237053469
1743174 300 0.17025671641791046 237053469
1743474 300 0.1753011413520632 237053469
1743774 300 0.17086356453028972 237037065
1744074 300 0.1760502194907814 239251635
1744374 300 0.17852502194907813 244500985
1744674 300 0.17039894644424938 240186675
1744974 300 0.1673836698858648 236905831
1745274 300 0.17001966637401228 236741788
1745574 300 0.1716505706760316 236626959
1745874 300 0.17564249341527655 236873022
1746174 300 0.16993432835820899 236758193
1746474 300 0.17815522388059699 236626959
1746774 300 0.17339525899912203 236758193
1747074 300 0.17518735733099214 236512129
1747374 300 0.1696877963125549 236512129
1747674 300 0.17498823529411764 236512129
1747974 300 0.17693204565408255 238480636
1748274 300 0.1819385425812116 244254922
1748574 300 0.17587006145741876 239136805
1748874 300 0.1756899034240562 236922235
1749174 300 0.1712523266022827 236380896
1749474 300 0.16898612818261632 236889427
1749774 300 0.1693748902546093 236889427
1750074 300 0.1777474978050922 237020661
1750374 300 0.18271606672519752 239120401
1750674 300 0.18687866549604917 251193908
1750974 300 0.1799473222124671 242417649
1751274 300 0.173271992976295 236774597
1751574 300 0.1693748902546093 236741788
1751874 300 0.17478911325724317 236758193
1752174 300 0.17318665496049165 236512129
1752474 300 0.1734616330114135 236495725
1752774 300 0.17498823529411764 236479321
1753074 300 0.17661913959613698 236741788
1753374 300 0.1828108867427568 271928845
1753674 300 0.1929187006145742 277457068
1753974 300 0.18355048287971903 259494445
1754274 300 0.17832589991220368 249110572
1754574 300 0.1801654082528534 249126976
1754874 300 0.1782215978928885 249110572
1755174 300 0.1784396839332748 249241806
1755474 300 0.18283933274802458 249225402
1755774 300 0.18161615452151006 248437999
1756074 300 0.1859399473222125 246600726
1756374 300 0.19156277436347674 258936701
1756674 300 0.18631922739244952 257525938
1756974 300 0.18270658472344162 245698494
1757274 300 0.17915083406496926 245321197
1757574 300 0.1804214223002634 242958989
1757874 300 0.182915188762072 242581692
1758174 300 0.18183424056189637 242565288
1758474 300 0.180857594381036 242548883
1758774 300 0.1842237050043898 243467520
1759074 300 0.19446426690079016 252128949
1759374 300 0.1893345039508341 251489184
1759674 300 0.18170149253731344 248995743
1759974 300 0.18205232660228268 255409794
1760274 300 0.18133169446883232 248323170
1760574 300 0.17757682177348552 246354663
1760874 300 0.1804309043020193 245846132
1761174 300 0.1824979806848112 247552171
1761474 300 0.1894482879719052 251095483
1761774 300 0.18589253731343286 245468835
1762074 300 0.1798809482001756 245452431
1762374 300 0.18177734855136085 245436026
1762674 300 0.18131273046532045 245419622
1762974 300 0.18358841088674277 245419622
1763274 300 0.1841857769973661 245157154
1763574 300 0.18635715539947323 244894687
1763874 300 0.1950237050043898 250800207
1764174 300 0.18616751536435472 246092195
1764474 300 0.18307638279192276 243483924
1764774 300 0.18640456540825281 243483924
1765074 300 0.18141703248463562 243369094
1765374 300 0.18314275680421424 243188648
1765674 300 0.182915188762072 243205052
1765974 300 0.1871726075504829 243221456
1766274 300 0.19926215978928885 267991832
1766574 300 0.19868375768217736 276522027
1766874 300 0.18802598770851625 252768714
1767174 300 0.1800611062335382 250947845
1767474 300 0.17978612818261633 263923585
1767774 300 0.1797766461808604 250537740
1768074 300 0.17707427568042142 250554144
1768374 300 0.1806489903424056 250275272
1768674 300 0.18254539069359085 248191936
1768974 300 0.18863283582089552 259231977
1769274 300 0.18644249341527655 247420937
1769574 300 0.1792361720807726 247158469
1769874 300 0.1804972783143108 247289703
1770174 300 0.18134117647058823 247289703
1770474 300 0.17615452151009658 247174874
1770774 300 0.17502616330114135 247158469
1771074 300 0.17834486391571552 247273299
1771374 300 0.17880948200175592 247289703
1771674 300 0.17344266900790167 247322512
1771974 300 0.18112309043020192 247322512
1772274 300 0.17954907813871815 247453746
1772574 300 0.18243160667251979 247322512
1772874 300 0.18453661106233535 247716213
1773174 300 0.19923371378402108 263316628
1773474 300 0.18893625987708515 253195224
1773774 300 0.177899209833187 247420937
1774074 300 0.17418226514486393 247289703
1774374 300 0.1765148375768218 247289703
1774674 300 0.17615452151009658 247273299
1774974 300 0.17781387181738367 247273299
1775274 300 0.1861959613696225 250193251
1775574 300 0.18976119402985073 258460979
1775874 300 0.18106619841966637 250865824
1776174 300 0.1805636523266023 250849420
1776474 300 0.17148937664618086 250718186
1776774 300 0.17731132572431957 250570548
1777074 300 0.17636312554872696 250439314
1777374 300 0.17805092186128182 248733275
1777674 300 0.1779750658472344 247437342
1777974 300 0.18906900790166814 259379615
1778274 300 0.18859490781387184 256869769
1778574 300 0.17943529411764705 244812666
1778874 300 0.17762423178226516 244812666
1779174 300 0.17885689201053556 244812666
1779474 300 0.1807817383669886 244960304
1779774 300 0.1768941176470588 243500328
1780074 300 0.17880000000000001 242187990
1780374 300 0.17367023705004392 242598096
1780674 300 0.18523827919227392 273175566
1780974 300 0.1868122914837577 272650631
1781274 300 0.18457453906935908 251128291
1781574 300 0.18446075504828796 250980654
1781874 300 0.18466935908691837 250997058
1782174 300 0.18811132572431957 251128291
1782474 300 0.1797482001755926 251111887
1782774 300 0.17984302019315188 251128291
1783074 300 0.17863880597014925 251128291
1783374 300 0.18397717295873572 252440629
1783674 300 0.18762774363476734 266220176
1783974 300 0.17902756804214223 257148641
1784274 300 0.17929306409130819 248880913
1784574 300 0.17662862159789286 244960304
1784874 300 0.1772828797190518 245485239
1785174 300 0.17815522388059699 245075133
1785474 300 0.17354697102721686 245075133
1785774 300 0.17664758560140473 245075133
1786074 300 0.18008007023705006 248880913
1786374 300 0.19456856892010535 258329745
1786674 300 0.18029815627743637 251505589
1786974 300 0.18174890254609308 243795604
1787274 300 0.1797292361720808 243008202
1787574 300 0.1768561896400351 248782488
1787874 300 0.1768372256365233 242876968
1788174 300 0.17539596136962246 242745734
1788474 300 0.17686567164179104 242745734
1788774 300 0.1844323090430202 244960304
1789074 300 0.18914486391571553 242975393
1789374 300 0.18593046532045654 240104654
1789674 300 0.17717857769973663 240104654
1789974 300 0.17772853380158032 240104654
1790274 300 0.1792646180860404 239842186
1790574 300 0.1796723441615452 239727357
1790874 300 0.18423318700614574 239727357
1791174 300 0.1798145741878841 239842186
1791474 300 0.17911290605794558 239858591
1791774 300 0.18410992098331871 280541062
1792074 300 0.18149288849868306 240645993
1792374 300 0.18180579455662862 240498355
1792674 300 0.1776052677787533 240498355
1792974 300 0.18243160667251979 241023291
1793274 300 0.18994135206321336 273700501
1793574 300 0.18993187006145743 261758227
1793874 300 0.19081369622475855 240777227
1794174 300 0.19160070237050045 240514759
1794474 300 0.1820428446005268 240514759
1794774 300 0.18782686567164178 240514759
1795074 300 0.1803171202809482 240514759
1795374 300 0.18272554872695349 240514759
1795674 300 0.18387287093942054 240514759
1795974 300 0.18798805970149254 241433396
1796274 300 0.19243511852502196 256115175
1796574 300 0.18612010535557508 246272641
1796874 300 0.17555715539947325 240514759
1797174 300 0.18099982440737486 240268696
1797474 300 0.17634416154521512 240252292
1797774 300 0.18161615452151006 240252292
1798074 300 0.17999473222124668 240252292
1798374 300 0.18578823529411762 242876968
1798674 300 0.19300403863037752 255212943
1798974 300 0.18638560140474103 250750994
1799274 300 0.17639157155399474 250718186
1799574 300 0.17903705004389817 248241148
1799874 300 0.17633467954345916 246535109
1800174 300 0.17947322212467076 244451773
1800474 300 0.17828797190518 244435369
1800774 300 0.17777594381035997 244451773
1801074 300 0.17845864793678667 244583007
1801374 300 0.17982405618964004 244189305
1801674 300 0.17804143985952592 244189305
1801974 300 0.17842071992976294 244189305
1802274 300 0.17573731343283583 244189305
1802574 300 0.18121791044776117 246305450
1802874 300 0.18627181738366988 263874372
1803174 300 0.1784396839332748 257312683
1803474 300 0.1748649692712906 251128291
1803774 300 0.17428656716417912 250997058
1804074 300 0.17438138718173837 257296279
1804374 300 0.17578472344161547 251407163
1804674 300 0.1855985952589991 251407163
1804974 300 0.19082317822651448 250488527
1805274 300 0.19556417910447763 250488527
1805574 300 0.2032446005267779 250849420
1805874 300 0.1968916593503073 248241148
1806174 300 0.18882247585601405 248126319
1806474 300 0.18966637401229147 248257552
1806774 300 0.18616751536435472 247338916
1807074 300 0.18257383669885865 245239176
1807374 300 0.18152133450395083 245239176
1807674 300 0.18355996488147497 249159785
1807974 300 0.19336435469710272 276866516
1808274 300 0.18765618964003514 274766776
1808574 300 0.18541843722563653 253113202
1808874 300 0.1821945566286216 253096798
1809174 300 0.1859589113257243 266236580
1809474 300 0.1819100965759438 257706384
1809774 300 0.18073432835820896 249832358
1810074 300 0.1856270412642669 248257552
1810374 300 0.17860087796312557 247338916
1810674 300 0.17887585601404743 249422252
1810974 300 0.18392976294995608 252325800
1811274 300 0.1879027216856892 249701124
1811574 300 0.18154978050921863 249717528
1811874 300 0.1832755048287972 249701124
1812174 300 0.17899912203687446 249701124
1812474 300 0.17975768217734858 247601383
1812774 300 0.17577524143985954 247076449
1813074 300 0.18746654960491663 249438657
1813374 300 0.19427462686567165 254934071
1813674 300 0.18802598770851625 247716213
1813974 300 0.18183424056189637 247716213
1814274 300 0.1897801580333626 247453746
1814574 300 0.18697348551360843 245632877
1814874 300 0.18632870939420546 244058071
1815174 300 0.18758981562774363 244058071
1815474 300 0.19452115891132574 247470150
1815774 300 0.19948024582967516 259166360
1816074 300 0.18863283582089552 253260840
1816374 300 0.18766567164179107 251800864
1816674 300 0.1905671641791045 249553486
1816974 300 0.19090851624231783 249553486
1817274 300 0.1921980684811238 249701124
1817574 300 0.18879402985074628 249586294
1817874 300 0.1923213345039508 250488527
1818174 300 0.198598419666374 269254957
1818474 300 0.19916733977172957 262053504
1818774 300 0.19290921861281826 254048243
1819074 300 0.1940091308165057 253917009
1819374 300 0.18592098331870063 251423568
1819674 300 0.18451764705882356 249717528
1819974 300 0.18470728709394207 247355320
1820274 300 0.1918472344161545 247863851
1820574 300 0.19773555750658472 257460321
1820874 300 0.1954883230904302 253277244
1821174 300 0.18835785776997366 253260840
1821474 300 0.18817769973661108 250898632
1821774 300 0.18301949078138718 250111230
1822074 300 0.18376856892010535 249979996
1822374 300 0.18896470588235292 247224087
1822674 300 0.19053871817383672 245386813
1822974 300 0.199755223880597 273995777
1823274 300 0.19895873573309922 280426232
1823574 300 0.19371518876207197 259560061
1823874 300 0.1897043020193152 245255580
1824174 300 0.1880923617208077 245255580
1824474 300 0.19234029850746268 245124346
1824774 300 0.193459174714662 244599411
1825074 300 0.19449271290605796 244468177
1825374 300 0.19627532923617208 242105969
1825674 300 0.19487199297629498 241581034
1825974 300 0.19924319578577698 245403218
1826274 300 0.20134820017559263 255114517
1826574 300 0.19875961369622477 247634192
1826874 300 0.19051027216856894 242516075
1827174 300 0.19013099209833187 242105969
1827474 300 0.19537453906935912 242253607
1827774 300 0.19240667251975418 242237203
1828074 300 0.19388586479367867 241859906
1828374 300 0.19909148375768218 241859906
1828674 300 0.20613661106233538 247371724
1828974 300 0.20868726953467956 258132894
1829274 300 0.20375662862159788 242384841
1829574 300 0.1996698858647937 242384841
1829874 300 0.20048533801580334 249077764
1830174 300 0.20204038630377522 241859906
1830474 300 0.20349113257243198 241991140
1830774 300 0.20589956101843723 242237203
1831074 300 0.2110956979806848 244730645
1831374 300 0.20926567164179108 244878283
1831674 300 0.2027799824407375 241991140
1831974 300 0.1975174714661984 241859906
1832274 300 0.19802949956101845 241843501
1832574 300 0.1945116769095698 259182765
1832874 300 0.19336435469710272 248290361
1833174 300 0.1931747146619842 248159127
1833474 300 0.1993569798068481 248306765
1833774 300 0.19730886742756804 251718843
1834074 300 0.2022774363476734 259592870
1834374 300 0.19885443371378403 253556116
1834674 300 0.20131027216856892 253162415
1834974 300 0.20008709394205446 253031181
1835274 300 0.20439192273924495 249881571
1835574 300 0.19928112379280072 249340231
1835874 300 0.20165162423178226 246978023
1836174 300 0.2008361720807726 246846789
1836474 300 0.21245162423178224 277424260
1836774 300 0.21392133450395082 278605363
1837074 300 0.19936646180860404 248159127
1837374 300 0.19814328358208955 248027893
1837674 300 0.1974795434591747 247896660
1837974 300 0.19788726953467953 247896660
1838274 143 0.13887129060579456 149340093
1838417 157 0.19319367866549605 247896660
1838574 300 0.19298507462686568 248027893
1838874 300 0.20016294995610187 248437999
1839174 300 0.21082071992976295 263644713
1839474 300 0.20197401229148376 252752310
1839774 300 0.19603827919227393 246994428
1840074 300 0.19590553116769097 246978023
1840374 300 0.19557366110623356 246978023
1840674 300 0.19482458296751534 246846789
1840974 300 0.19983107989464444 246731960
1841274 300 0.2047427568042142 248946530
1841574 300 0.21083020193151886 252227374
1841874 300 0.20753994732221245 244615815
1842174 300 0.20435399473222124 244615815
1842474 300 0.2039841966637401 244353348
1842774 300 0.20097840210711151 244353348
1843074 300 0.20233432835820894 243812008
1843374 300 0.20807093942054436 242909776
1843674 300 0.2119490781387182 256836961
1843974 300 0.20706584723441615 246994428
1844274 300 0.19905355575065847 242270011
1844574 300 0.19856997366110624 242138778
1844874 300 0.1952986830553117 242007544
1845174 300 0.19604776119402983 241876310
1845474 300 0.19561158911325724 241859906
1845774 300 0.1946254609306409 242253607
1846074 300 0.20076979806848114 258526596
1846374 300 0.1980958735733099 248552829
1846674 300 0.19542194907813873 243041010
1846974 300 0.1940091308165057 242926180
1847274 300 0.19097489025460934 243073818
1847574 300 0.19855100965759437 242942584
1847874 300 0.19615206321334505 242794947
1848174 300 0.20103529411764703 245042325
1848474 300 0.2087441615452151 249897975
1848774 300 0.19510904302019316 242680117
1849074 300 0.19496681299385424 242532479
1849374 300 0.19382897278314312 242532479
1849674 300 0.18875610184372255 242532479
1849974 300 0.19060509218612817 242516075
1850274 300 0.1860916593503073 242532479
1850574 300 0.20131027216856892 279015469
1850874 300 0.19710026338893766 284658522
1851174 300 0.18680280948200179 254474753
1851474 300 0.18494433713784023 254491157
1851774 300 0.19062405618964 254359923
1852074 300 0.1921980684811238 253310053
1852374 300 0.18923020193151888 251341546
1852674 300 0.19199894644424934 249110572
1852974 300 0.19504266900790165 250537740
1853274 300 0.20264723441615454 264710988
1853574 300 0.19923371378402108 258411766
1853874 300 0.1931747146619842 252358608
1854174 300 0.18968533801580334 250652569
1854474 300 0.18827251975417034 249487869
1854774 300 0.18492537313432836 247913064
1855074 300 0.18250746268656717 244911091
1855374 300 0.18123687445127304 242401245
1855674 300 0.19536505706760313 248044297
1855974 300 0.19494784899034243 247256895
1856274 300 0.19429359086918352 242794947
1856574 300 0.19312730465320455 242663713
1856874 300 0.18844319578577698 242663713
1857174 300 0.18743810359964883 242532479
1857474 300 0.187798419666374 242663713
1857774 300 0.18523827919227392 243188648
1858074 300 0.19999227392449517 257903235
1858374 300 0.19881650570676032 254097456
1858674 300 0.18488744512730465 243073818
1858974 300 0.1910886742756804 243073818
1859274 300 0.18593046532045654 243073818
1859574 300 0.183427216856892 242942584
1859874 300 0.1785819139596137 242942584
1860174 300 0.18726742756804218 245960961
1860474 300 0.19987848990342405 257132237
1860774 300 0.1875803336259877 246748364
1861074 300 0.1816635645302897 244648624
1861374 300 0.18390131694468834 244386156
1861674 300 0.1785913959613696 244238518
1861974 300 0.19251097453906935 244386156
1862274 300 0.1895715539947322 244386156
1862574 300 0.18722001755926254 247010832
1862874 300 0.19526075504828797 258690638
1863174 300 0.18205232660228268 254359923
1863474 300 0.1819385425812116 254376327
1863774 300 0.1824979806848112 254359923
1864074 300 0.1848021071115013 254474753
1864374 300 0.18753292361720805 254359923
1864674 300 0.18081018437225635 255787090
1864974 300 0.19543143107989464 290039106
1865274 300 0.18838630377524143 286643433
1865574 300 0.18503915715539948 256869769
1865874 300 0.18292467076382793 256836961
1866174 300 0.18243160667251979 256574493
1866474 300 0.1821945566286216 256869769
1866774 300 0.18099982440737486 256738536
1867074 300 0.17856294995610184 256738536
1867374 300 0.18297208077260757 257788405
1867674 300 0.18905004389815627 266203771
1867974 300 0.18312379280070237 256623706
1868274 300 0.18118946444249343 249914379
1868574 300 0.18133169446883232 255934728
1868874 300 0.1769794556628622 250029208
1869174 300 0.17703634767339774 250045613
1869474 300 0.17601229148375766 250176847
1869774 300 0.1834651448639157 253063990
1870074 300 0.18246953467954344 257903235
1870374 300 0.17625882352941175 256065962
1870674 300 0.17192554872695348 255409794
1870974 300 0.17475118525021952 250685377
1871274 300 0.1757942054433714 251243121
1871574 300 0.17660965759438105 250718186
1871874 300 0.18098086040386305 250586952
1872174 300 0.19741316944688325 264891434
1872474 300 0.18365478489903422 261479356
1872774 300 0.1810377524143986 253178819
1873074 300 0.1853425812115891 253080394
1873374 300 0.17532010535557507 251079079
1873674 300 0.18004214223002632 247683405
1873974 300 0.17880000000000001 247404533
1874274 300 0.18473573309920985 250144038
1874574 300 0.19189464442493415 255130921
1874874 300 0.18081966637401228 248306765
1875174 300 0.18199543459174716 248306765
1875474 300 0.17881896400351185 248306765
1875774 300 0.17351852502194912 248306765
1876074 300 0.17596488147497805 248044297
1876374 300 0.17931202809482005 250931441
1876674 300 0.1875708516242318 254770029
1876974 300 0.17747251975417036 250062017
1877274 300 0.17925513608428448 247552171
1877574 300 0.1807532923617208 247552171
1877874 300 0.18066795434591748 247552171
1878174 300 0.18684073748902544 247552171
1878474 300 0.1806774363476734 247437342
1878774 300 0.17905601404741 247437342
1879074 300 0.2066865671641791 266302197
1879374 300 0.19350658472344165 265383561
1879674 300 0.17816470588235295 256344834
1879974 300 0.18229885864793677 256361238
1880274 300 0.17761474978050923 255705069
1880574 300 0.17980509218612817 252522650
1880874 300 0.17846812993854258 250816611
1881174 300 0.17971027216856894 250800207
1881474 300 0.18337980684811236 255787090
1881774 300 0.1871726075504829 292516144
1882074 300 0.18888884986830556 286495794
1882374 300 0.1813980684811238 271928845
1882674 300 0.1757562774363477 257493130
1882974 300 0.17592695346795434 257493130
1883274 300 0.1798809482001756 256049558
1883574 300 0.17768112379280068 251735248
1883874 300 0.1827445127304653 250800207
1884174 300 0.18338928884986833 251456376
1884474 300 0.1855796312554873 262365184
1884774 300 0.17879051799824408 255951133
1885074 300 0.17715013169446883 256065962
1885374 300 0.1727694468832309 255016092
1885674 300 0.1746468832309043 252768714
1885974 300 0.17768112379280068 251193908
1886274 300 0.18377805092186128 252899947
1886574 300 0.18909745390693591 266548260
1886874 300 0.18697348551360843 262233950
1887174 300 0.17975768217734858 256607302
1887474 300 0.17326251097453907 254130264
1887774 300 0.17278841088674277 250324485
1888074 300 0.17593643546971027 248487211
1888374 300 0.1749787532923617 246764768
1888674 300 0.1806395083406497 245042325
1888974 300 0.18032660228270414 265629624
1889274 300 0.18272554872695349 261052846
1889574 300 0.18046883230904304 255918324
1889874 300 0.1766381035996488 261561377
1890174 300 0.17458999122036872 254770029
1890474 300 0.17800351185250218 252145353
1890774 300 0.17253239683933275 250045613
1891074 300 0.18374960491659348 250439314
1891374 300 0.19356347673397717 255426198
1891674 300 0.19103178226514486 250570548
1891974 300 0.1862433713784021 250554144
1892274 300 0.19137313432835823 249487869
1892574 300 0.18553222124670765 245813323
1892874 300 0.18876558384547848 245173559
1893174 300 0.18421422300263388 245173559
1893474 300 0.19191360842844601 245419622
1893774 300 0.19328849868305534 279802872
1894074 300 0.19474872695346793 279950510
1894374 300 0.18734328358208954 258969510
1894674 300 0.1857977172958736 246912406
1894974 300 0.13146584723441615 146731821
1895274 205 0.12862124670763828 146715417
1895479 95 0.1903301141352063 246879598
1895574 300 0.18447023705004392 246781173
1895874 300 0.18176786654960495 246633535
1896174 300 0.18810184372256364 247158469
1896474 300 0.2004758560140474 262791693
1896774 300 0.19052923617208076 252817926
1897074 300 0.19192309043020192 247174874
1897374 300 0.19220755048287974 246781173
1897674 300 0.19380052677787532 246781173
1897974 300 0.19005513608428445 246764768
1898274 300 0.19096540825285338 246649939
1898574 300 0.19307041264266903 248602041
1898874 300 0.20070342405618966 253588925
1899174 300 0.19321264266900792 246371067
1899474 300 0.18859490781387184 246239833
1899774 300 0.19627532923617208 246239833
1900074 300 0.18914486391571553 246108600
1900374 300 0.19316523266022828 246125004
1900674 300 0.2046669007901668 246125004
1900974 300 0.19711922739244953 246125004
1901274 300 0.20101633011413525 263579096
1901574 300 0.19639859525899914 269222148
1901874 300 0.19088007023705006 257936044
1902174 300 0.18910693590869185 257558746
1902474 300 0.19247304653204564 257427513
1902774 300 0.1941892888498683 256623706
1903074 300 0.19075680421422303 255048900
1903374 300 0.18982756804214224 254917667
1903674 300 0.2062598770851624 270944592
1903974 300 0.19744161545215103 261741823
1904274 300 0.19554521510096579 252817926
1904574 300 0.19315575065847235 252555459
1904874 300 0.19401861281826163 249815953
1905174 300 0.1918282704126427 247962277
1905474 300 0.19109815627743634 248503616
1905774 300 0.19134468832309046 248372382
1906074 300 0.198598419666374 256640110
1906374 300 0.20041896400351183 253999030
1906674 300 0.19121194029850744 247831043
1906974 300 0.1933928007023705 247831043
1907274 300 0.19973625987708518 247962277
1907574 300 0.20065601404741001 247699809
1907874 300 0.1967494293239684 247568575
1908174 300 0.19362036874451274 249012147
1908474 300 0.20844073748902547 268057449
1908774 300 0.20041896400351183 264120435
1909074 300 0.19687269534679544 255852708
1909374 300 0.19166707638279193 255705069
1909674 300 0.19553573309920982 255459006
1909974 300 0.19307041264266903 252965564
1910274 300 0.1988354697102722 249947187
1910574 300 0.19979315188762073 247847447
1910874 300 0.19384793678665496 248241148
1911174 300 0.20507462686567166 278031216
1911474 300 0.2065443371378402 290104723
1911774 300 0.19893028972783147 272634226
1912074 300 0.19460649692712903 256115175
1912374 300 0.1956021071115013 254802837
1912674 300 0.195772783143108 254917667
1912974 300 0.18935346795434596 253342861
1913274 300 0.19068094820017562 249668316
1913574 300 0.19007410008779632 248880913
1913874 300 0.18867076382791925 248880913
1914174 300 0.20374714661984197 262004290
1914474 300 0.20511255487269534 265301539
1914774 300 0.20348165057067605 255196539
1915074 300 0.19911044776119405 254934071
1915374 300 0.19581071115013168 254802837
1915674 300 0.20055171202809485 254786433
1915974 300 0.19666409130816503 254671603
1916274 300 0.19307041264266903 252834330
1916574 300 0.19524179104477613 254261498
1916874 300 0.20544442493415277 261873057
1917174 300 0.19589604916593503 258198511
1917474 300 0.19544091308165057 254277902
1917774 300 0.20203090430201934 253884201
1918074 300 0.19417032484635646 254015434
1918374 300 0.19872168568920104 252161757
1918674 300 0.18551325724319578 250455718
1918974 300 0.19918630377524144 251915694
1919274 300 0.20607023705004388 265826475
1919574 300 0.20541597892888497 255196539
1919874 300 0.19494784899034243 248766084
1920174 300 0.1937910447761194 248618445
1920474 300 0.19319367866549605 248634850
1920774 300 0.19189464442493415 248766084
1921074 300 0.19004565408252855 248766084
1921374 300 0.19517541703248462 249553486
1921674 300 0.20598489903424058 269369787
1921974 300 0.20069394205443372 263333032
1922274 300 0.19041545215100966 257821214
1922574 300 0.1919515364354697 257689980
1922874 300 0.1923213345039508 257689980
1923174 300 0.1886897278314311 255983941
1923474 300 0.18376856892010535 251521993
1923774 300 0.18808287971905183 250357293
1924074 300 0.2082321334503951 279999723
1924374 300 0.20479016681299383 280130956
1924674 300 0.19951817383669887 250865824
1924974 300 0.1863097453906936 250865824
1925274 300 0.1869924495171203 251259525
1925574 300 0.17965338015803337 250997058
1925874 300 0.17475118525021952 248372382
1926174 300 0.17317717295873572 247453746
1926474 300 0.17403055311676907 247191278
1926774 300 0.19044389815627744 252703097
1927074 300 0.19347813871817388 264924242
1927374 300 0.18005162423178225 263349437
1927674 300 0.17604073748902546 257443917
1927974 300 0.1808955223880597 257706384
1928274 300 0.17738718173836698 255983941
1928574 300 0.17403055311676907 254556774
1928874 300 0.17111957857769974 253506904
1929174 300 0.1688249341527656 252571863
1929474 300 0.18247901668129943 263710330
1929774 300 0.17712168568920106 268959681
1930074 300 0.18023178226514486 259133552
1930374 300 0.17454258121158908 259133552
1930674 300 0.17240913081650572 257968852
1930974 300 0.16850254609306412 253900605
1931274 300 0.16813274802458295 253375670
1931574 300 0.16931799824407376 251915694
1931874 300 0.1716884986830553 249832358
1932174 300 0.17393573309920982 247601383
1932474 300 0.17709323968393326 260724762
1932774 300 0.17260825285338016 260052188
1933074 300 0.17387884108867427 247847447
1933374 300 0.16980158033362597 247716213
1933674 300 0.17198244073748903 247453746
1933974 300 0.17063599648814748 247322512
1934274 300 0.17012396839332747 247060044
1934574 300 0.1698489903424056 247060044
1934874 300 0.16869218612818263 247060044
1935174 300 0.16899561018437223 247338916
1935474 300 0.18294363476733974 260445889
1935774 300 0.17202985074626867 262414396
1936074 300 0.16776294995610183 260052188
1936374 300 0.17119543459174716 258871084
1936674 300 0.17342370500438983 255327772
1936974 300 0.172371202809482 254277902
1937274 300 0.17551922739244952 253359265
1937574 300 0.17310131694468836 253375670
1937874 300 0.16574328358208956 253113202
1938174 300 0.17746303775241437 278835022
1938474 300 0.18145496049165935 286446582
1938774 300 0.17755785776997365 297601453
1939074 300 0.1700007023705004 260855995
1939374 300 0.1771690956979807 260577123
1939674 300 0.17417278314310797 260314656
1939974 300 0.1731297629499561 257427513
1940274 300 0.17266514486391574 256902577
1940574 300 0.17047480245829674 253884201
1940874 300 0.17052221246707638 251407163
1941174 300 0.17784231782265147 267811386
1941474 300 0.1725798068481124 272929503
1941774 300 0.16466233538191397 258346149
1942074 300 0.16445373134328356 257837618
1942374 300 0.16177980684811238 257165045
1942674 300 0.16200737489025463 253752967
1942974 300 0.1609169446883231 252309396
1943274 300 0.16311676909569797 251784460
1943574 300 0.16675785776997365 251653227
1943874 300 0.15791115013169446 269238553
1944174 300 0.15699139596136963 256771344
1944474 300 0.15609060579455664 256246409
1944774 300 0.15726637401229152 256115175
1945074 300 0.1594756804214223 257837618
1945374 300 0.16780087796312557 268992489
1945674 300 0.1630124670763828 255065305
1945974 300 0.15653625987708517 255212943
1946274 300 0.15884038630377526 255065305
1946574 300 0.1615332748024583 252178162
1946874 300 0.16197892888498683 252457033
1947174 300 0.15880245829675152 249569890
1947474 300 0.1595420544337138 248913721
1947774 300 0.15737067603160668 249291019
1948074 300 0.15913432835820898 249028551
1948374 300 0.15913432835820898 249159785
1948674 300 0.1548294995610184 249438657
1948974 300 0.15696294995610183 249044955
1949274 300 0.15445970149253732 249044955
1949574 300 0.1589731343283582 249044955
1949874 300 0.1602626865671642 248766084
1950174 300 0.16332537313432835 248651254
1950474 300 0.15570184372256365 249028551
1950774 300 0.15691553994732219 249044955
1951074 300 0.15928604038630378 248897317
1951374 300 0.1556449517120281 249028551
1951674 300 0.1664923617208077 279064682
1951974 300 0.16508902546093063 293943311
1952274 300 0.1643115013169447 289989894
1952574 300 0.16304091308165058 260855995
1952874 300 0.15887831431079896 260855995
1953174 300 0.1575982440737489 272535801
1953474 300 0.15376751536435468 257033811
1953774 300 0.15846110623353818 256918982
1954074 300 0.15953257243195787 255869112
1954374 300 0.1599877085162423 252194566
1954674 300 0.16823705004389816 264645370
1954974 300 0.16920421422300264 253900605
1955274 300 0.15832835820895522 253621733
1955574 300 0.15618542581211592 251407163
1955874 300 0.15640351185250223 249307423
1956174 300 0.15126426690079015 247601383
1956474 300 0.15073327480245832 247617788
1956774 300 0.15031606672519754 248011489
1957074 300 0.15990237050043898 267827790
1957374 300 0.15962739244951712 266105346
1957674 300 0.14750939420544337 260724762
1957974 300 0.15158665496049167 260724762
1958274 300 0.15483898156277437 259166360
1958574 300 0.14804038630377525 258100086
1958874 300 0.14888428446005267 256541685
1959174 300 0.15218402107111503 253392074
1959474 300 0.14866619841966636 253785775
1959774 300 0.15457348551360842 263234607
1960074 300 0.15079964881474975 261003633
1960374 300 0.14661808604038631 258772659
1960674 300 0.14589745390693593 258641425
1960974 300 0.14887480245829676 258510192
1961274 300 0.15234521510096574 254704412
1961574 300 0.14920667251975417 249455061
1961874 300 0.14722493415276558 247749022
1962174 300 0.1619694468832309 256672918
1962474 300 0.1641787532923617 264136840
1962774 300 0.15702932396839334 260593528
1963074 300 0.1552941176470588 260593528
1963374 300 0.1557492537313433 260462294
1963674 300 0.16379947322212468 256000345
1963974 300 0.15302791922739245 252719501
1964274 300 0.16066093064091308 254556774
1964574 300 0.164529587357331 260593528
1964874 300 0.1582050921861282 255852708
1965174 300 0.1559768217734855 251521993
1965474 300 0.15296154521510097 300390171
1965774 300 0.14812572431957857 257066620
1966074 300 0.1468741000877963 257066620
1966374 300 0.15202282704126427 256918982
1966674 300 0.1506289727831431 257181450
1966974 300 0.15930500438981565 291695933
1967274 300 0.15920070237050044 278441322
1967574 300 0.1625857769973661 260199826
1967874 300 0.15793011413520633 260084997
1968174 300 0.15786374012291485 259674891
1968474 300 0.15567339771729588 255229347
1968774 300 0.15176681299385428 253917009
1969074 300 0.15142546093064094 251817269
1969374 300 0.15235469710272168 252178162
1969674 300 0.14901703248463566 251538397
1969974 300 0.15157717295873574 251259525
1970274 300 0.15356839332748023 251538397
1970574 300 0.160803160667252 263611905
1970874 300 0.15764565408252854 263497075
1971174 300 0.15280983318700614 250373697
1971474 300 0.1479171202809482 250373697
1971774 300 0.15202282704126427 250242463
1972074 300 0.15493380158033365 250111230
1972374 300 0.15021176470588235 249586294
1972674 300 0.14824899034240563 249569890
1972974 300 0.1483153643546971 250898632
1973274 300 0.16094539069359087 269533828
1973574 300 0.1551044776119403 272027271
1973874 300 0.14854293239683933 262693268
1974174 300 0.14789815627743633 262562034
1974474 300 0.15042036874451273 260987229
1974774 300 0.14806883230904302 259937359
1975074 300 0.14790763827919226 259920954
1975374 300 0.14659912203687445 257443917
1975674 300 0.15511395961369623 268877660
1975974 300 0.15216505706760317 268746426
1976274 300 0.14970921861281825 255229347
1976574 300 0.14644741000877964 255639453
1976874 300 0.1516056189640035 255475410
1977174 300 0.14544231782265146 254966880
1977474 300 0.1541373134328358 255114517
1977774 300 0.15438384547848988 254720816
1978074 300 0.15960842844600526 257870427
1978374 300 0.16129622475856015 268090257
1978674 300 0.15676382791922738 261791036
1978974 300 0.1491402985074627 261659802
1979274 300 0.15599578577699738 261528568
1979574 300 0.14598279192273925 258772659
1979874 223 0.1530753292361721 255606644
1980097 77 0.11115539947322212 255606644
1980174 107 0.10945812115891132 251259525
1980281 2 0.1057601404741001 166859802
1980283 1 0.1057601404741001 160183284
1980284 14 0.1057601404741001 160183284
1980298 2 0.1057601404741001 160183284
1980300 1 0.1057601404741001 160183284
1980301 173 0.11784021071115014 192237134
1980474 300 0.13660509218612818 245632877
1980774 300 0.16122036874451276 266384218
1981074 300 0.15813871817383668 269123723
1981374 300 0.15719051799824407 257050216
1981674 300 0.1622918349429324 255737878
1981974 186 0.1659329236172081 256000345
1982160 114 0.12244846356453029 255737878
1982274 71 0.12617489025460932 251538397
1982345 4 0.12374749780509219 158099947
1982349 9 0.12175627743634768 158099947
1982358 216 0.13182616330114136 197666931
1982574 300 0.15708621597892888 245239176
1982874 44 0.1589731343283582 246042982
1982918 184 0.11888323090430203 244599411
1983102 2 0.11550763827919228 151571067
1983104 1 0.11550763827919228 150258729
1983105 8 0.11550763827919228 150242325
1983113 61 0.12482844600526777 167401141
1983174 211 0.13880491659350308 251161100
1983385 89 0.09772888498683056 251029866
1983474 95 0.12326391571553996 268090257
1983569 5 0.12022967515364355 175783699
1983574 1 0.11912028094820017 174783042
1983575 8 0.11912028094820017 174783042
1983583 1 0.11912028094820017 174783042
1983584 190 0.13046075504828797 211134798
1983774 300 0.14500614574187884 233444540
1984074 300 0.16020579455662862 234117113
1984374 300 0.16365724319578578 234002283
1984674 300 0.1553604916593503 234379581
1984974 300 0.15742756804214222 234248347
1985274 300 0.16696646180860406 234625644
1985574 300 0.1658665496049166 237512787
1985874 300 0.16553467954345918 241991140
1986174 300 0.15612853380158034 239514102
1986474 300 0.1501169446883231 235429451
1986774 300 0.14944372256365235 235150579
1987074 300 0.15021176470588235 235166983
1987374 300 0.15661211589113258 235544280
1987674 300 0.15063845478489904 235265409
1987974 300 0.159646356453029 236971447
1988274 300 0.16397963125548726 252342204
1988574 300 0.15916277436347673 247224087
1988874 300 0.15259174714661983 236200449
1989174 300 0.1575318700614574 235806748
1989474 300 0.15407093942054434 235823152
1989774 300 0.15423213345039508 235954386
1990074 300 0.15224091308165058 237397957
1990374 300 0.1522883230904302 236479321
1990674 300 0.1538338893766462 236741788
1990974 300 0.165686391571554 255901920
1991274 300 0.16136259877085163 263251012
1991574 300 0.16468129938542583 248946530
1991874 300 0.15583459174714662 241203737
1992174 300 0.16453906935908694 237529191
1992474 300 0.1654019315188762 237529191
1992774 300 0.17025671641791046 238185360
1993074 300 0.17776646180860403 237922893
1993374 300 0.18569341527655836 237906489
1993674 300 0.19802001755926252 254310711
1993974 300 0.19038700614574186 259428828
1994274 300 0.185873573309921 259428828
1994574 300 0.17724495171202806 253014777
1994874 300 0.17567093942054432 251308738
1995174 300 0.1775009657594381 242532479
1995474 300 0.17739666374012292 238989167
1995774 300 0.17747251975417036 238857933
1996074 300 0.17915083406496926 239251635
1996374 300 0.1881208077260755 271781207
1996674 300 0.18648042142230026 280048935
1996974 300 0.18639508340649694 271666378
1997274 300 0.18630026338893765 254999688
1997574 300 0.1843469710272169 254852050
1997874 300 0.18307638279192276 253277244
1998174 300 0.18666057945566286 245009517
1998474 300 0.1784017559262511 240022633
1998774 300 0.17815522388059699 239760165
1999074 300 0.18593046532045654 256312026
1999374 300 0.18612010535557508 264464924
1999674 300 0.17968182616330117 256197196
1999974 300 0.17864828797190518 256049558
2000274 300 0.1787336259877085 268910468
2000574 300 0.18024126426690076 245157154
2000874 300 0.17942581211589112 241088907
2001174 300 0.18657524143985954 240563973
2001474 300 0.18127480245829675 240826440
2001774 300 0.18947673397717296 258936701
2002074 300 0.18623388937664617 248700466
2002374 300 0.1876467076382792 248569233
2002674 300 0.18058261633011416 248552829
2002974 300 0.17705531167690955 248437999
2003274 300 0.17534855136084285 244369752
2003574 300 0.17734925373134328 240826440
2003874 300 0.1762777875329236 240826440
2004174 300 0.18025074626865673 240957673
2004474 300 0.182915188762072 240957673
2004774 300 0.1761260755048288 240957673
2005074 300 0.17296856892010534 240826440
2005374 300 0.17521580333625988 240826440
2005674 300 0.17604073748902546 240957673
2005974 300 0.18099034240561898 242270011
2006274 300 0.1867079894644425 261823844
2006574 300 0.1722669007901668 265104688
2006874 300 0.17466584723441617 257099428
2007174 300 0.17364179104477612 254868454
2007474 300 0.1693843722563652 250668973
2007774 300 0.17330992098331868 247010832
2008074 300 0.17632519754170325 241482609
2008374 300 0.17249446883230904 244369752
2008674 300 0.1792646180860404 257755597
2008974 300 0.1755097453906936 248946530
2009274 300 0.16678630377524145 242516075
2009574 300 0.17681826163301143 242253607
2009874 300 0.1800990342405619 242007544
2010174 300 0.1819100965759438 241876310
2010474 300 0.18154978050921863 242007544
2010774 300 0.18549429323968392 242122374
2011074 300 0.19649341527655836 274668350
2011374 300 0.19511852502194907 273618480
2011674 300 0.192558384547849 251046270
2011974 300 0.18712519754170326 243844817
2012274 300 0.18601580333625986 243319882
2012574 300 0.18191957857769975 243319882
2012874 300 0.1796723441615452 243319882
2013174 300 0.1795111501316945 243303477
2013474 300 0.17597436347673398 243319882
2013774 300 0.17928358208955222 243319882
2014074 300 0.18737172958735734 259986571
2014374 300 0.18516242317822654 267204429
2014674 300 0.1765906935908692 258280532
2014974 300 0.17332888498683055 257493130
2015274 300 0.1816635645302897 254343519
2015574 300 0.18538999122036873 254343519
2015874 300 0.2759431079894644 252128949
2016174 300 0.23590061457418787 251308738
2016474 300 0.18820614574187886 246584322
2016774 300 0.18554170324846356 261282505
2017074 300 0.18582616330114135 252621076
2017374 300 0.17372712906057944 245157154
2017674 300 0.18008007023705006 245140750
2017974 300 0.1835694468832309 262217545
2018274 300 0.1807532923617208 251981311
2018574 300 0.1802886742756804 251981311
2018874 300 0.17925513608428448 248815296
2019174 300 0.17197295873573312 246584322
2019474 300 0.18083863037752415 258510192
2019774 300 0.17703634767339774 252358608
2020074 300 0.17471325724319578 252358608
2020374 300 0.17684670763827917 250258867
2020674 300 0.17897067603160668 244878283
2020974 300 0.17127129060579455 245009517
2021274 300 0.17204881474978054 245419622
2021574 300 0.17004811237928005 244878283
2021874 300 0.1685404741000878 245025921
2022174 300 0.17764319578577703 262348779
2022474 300 0.1756519754170325 266006921
2022774 300 0.16980158033362597 259445232
2023074 300 0.19687269534679544 259182765
2023374 300 0.1710626865671642 252489842
2023674 300 0.16783880597014925 249602699
2023974 300 0.173271992976295 248831700
2024274 300 0.16225390693590871 245928153
2024574 300 0.16193151887620721 246338259
2024874 300 0.16527866549604917 246338259
2025174 300 0.15944723441615452 298159197
2025474 300 0.1544502194907814 254868454
2025774 300 0.2651810359964882 296075860
2026074 300 0.16170395083406494 344632358
2026374 300 0.1634770851624232 284248416
2026674 300 0.15976014047410006 272568610
2026974 300 0.1592291483757682 265088284
2027274 300 0.15581562774363475 265235922
2027574 300 0.1640270412642669 265219518
2027874 300 0.15644143985952588 264825817
2028174 300 0.16342967515364357 294894756
2028474 300 0.16483301141352064 308936770
2028774 300 0.163628797190518 294501055
2029074 300 0.15893520632133454 273897352
2029374 300 0.2231283582089552 274159819
2029674 300 0.1658760316066725 286495794
2029974 300 0.16020579455662862 273241183
2030274 300 0.16006356453028975 272978715
2030574 300 0.15724741000877965 272322546
2030874 300 0.16055662862159792 269566637
2031174 300 0.1654019315188762 276915729
2031474 300 0.16620790166812996 269550233
2031774 300 0.15942827041264268 269435403
2032074 300 0.15777840210711153 269041702
2032374 300 0.15838525021949076 266285793
2032674 300 0.15852748024582966 266417026
2032974 300 0.1637236172080773 266417026
2033274 300 0.16076523266022827 264842221
2033574 300 0.16137208077260756 263529883
2033874 300 0.16902405618964006 281098806
2034174 300 0.1648519754170325 283461013
2034474 300 0.1603385425812116 275078456
2034774 300 0.15985496049165934 274815988
2035074 300 0.16098331870061458 272437376
2035374 300 0.15913432835820898 271272676
2035674 300 0.16070834064969272 267204429
2035974 300 0.15846110623353818 262873714
2036274 300 0.16492783143107992 263004948
2036574 300 0.17041791044776117 280721508
2036874 300 0.16595188762071994 286495794
2037174 300 0.16107813871817384 275603391
2037474 300 0.17495978928884984 275865858
2037774 300 0.1803171202809482 275603391
2038074 300 0.17671395961369624 271010209
2038374 300 0.18109464442493414 269172936
2038674 300 0.1746468832309043 267729364
2038974 300 0.18429956101843725 295419691
2039274 300 0.1880923617208077 298306834
2039574 300 0.18155926251097454 287676898
2039874 300 0.17995680421422303 263923585
2040174 300 0.17921720807726077 263792351
2040474 300 0.17495030728709396 263661117
2040774 300 0.18022230026338895 264054819
2041074 300 0.1762777875329236 264300882
2041374 300 0.18091448639157157 264432115
2041674 300 0.17725443371378405 280196573
2041974 300 0.18084811237928006 272191312
2042274 300 0.17078770851624234 264710988
2042574 300 0.1660182616330114 264317286
2042874 300 0.171081650570676 264054819
2043174 300 0.16126777875329235 263792351
2043474 300 0.1598075504828797 264186052
2043774 300 0.1616470588235294 264710988
2044074 300 0.1663690956979807 266006921
2044374 300 0.16950763827919227 281640145
2044674 300 0.16802844600526778 270485274
2044974 300 0.16221597892888498 264842221
2045274 300 0.16066093064091308 264448520
2045574 300 0.16177032484635645 264186052
2045874 300 0.16100228270412645 264186052
2046174 300 0.15921966637401228 264054819
2046474 300 0.15449762949956103 264317286
2046774 300 0.15486742756804214 265760857
2047074 300 0.1643589113257243 272847481
2047374 300 0.15895417032484632 264054819
2047674 300 0.15311325724319577 263923585
2047974 300 0.15812923617208077 263792351
2048274 300 0.15756031606672521 263382246
2048574 300 0.1562328358208955 263251012
2048874 300 0.16094539069359087 263119778
2049174 300 0.1621875329236172 266269389
2049474 300 0.1654398595258999 276899325
2049774 300 0.1540235294117647 275340924
2050074 300 0.1564793678665496 274684755
2050374 300 0.1559294117647059 274553521
2050674 300 0.15225039508340651 273372417
2050974 300 0.1549717295873573 270878975
2051274 300 0.1560526777875329 268385533
2051574 300 0.15634661984196663 266941962
2051874 300 0.16105917471466197 278359300
2052174 300 0.16176084284460054 271010209
2052474 300 0.15486742756804214 262463609
2052774 300 0.15659315188762074 262463609
2053074 300 0.15161510096575948 262496418
2053374 300 0.15065741878841088 262496418
2053674 300 0.15225039508340651 262890118
2053974 300 0.15305636523266022 265646028
2054274 300 0.16489938542581214 295042394
2054574 300 0.16690956979806848 297798304
2054874 300 0.16000667251975417 264858625
2055174 300 0.16190307287093944 264579754
2055474 300 0.15701035996488147 264448520
2055774 300 0.15355891132572433 264317286
2056074 300 0.1495006145741879 264186052
2056374 300 0.15057208077260756 263923585
2056674 300 0.15769306409130815 266433430
2056974 300 0.16656821773485514 271026613
2057274 300 0.15793959613696223 266564664
2057574 300 0.1506953467954346 279540404
2057874 300 0.14667497805092186 264054819
2058174 300 0.15001264266900788 264317286
2058474 300 0.14829640035118527 263923585
2058774 300 0.15132115891132572 264054819
2059074 300 0.1606324846356453 277325834
2059374 300 0.15576821773485516 264448520
2059674 300 0.14761369622475856 264317286
2059974 300 0.1535873573309921 264317286
2060274 300 0.1450345917471466 264300882
2060574 300 0.14585004389815628 264054819
2060874 300 0.14646637401229148 263513479
2061174 300 0.15178577699736612 266269389
2061474 300 0.16035750658472345 272568610
2061774 300 0.152060755048288 265088284
2062074 300 0.14521474978050922 265088284
2062374 300 0.15097032484635645 278080428
2062674 300 0.16487093942054432 265613220
2062974 300 0.16111606672519754 265219518
2063274 300 0.16209271290605795 264710988
2063574 300 0.16487093942054432 266810728
2063874 300 0.17221000877963125 273372417
2064174 300 0.17632519754170325 264973455
2064474 300 0.16182721685689203 265104688
2064774 300 0.1607273046532046 264710988
2065074 300 0.1577404741000878 264710988
2065374 300 0.15771202809482002 264842221
2065674 300 0.16107813871817384 264710988
2065974 300 0.16805689201053556 264432115
2066274 300 0.17872414398595257 279277936
2066574 300 0.16944126426690082 275455753
2066874 300 0.16469078138718174 263923585
2067174 300 0.16365724319578578 263792351
2067474 300 0.1639132572431958 263661117
2067774 300 0.16126777875329235 263923585
2068074 300 0.15934293239683936 264186052
2068374 300 0.15737067603160668 263923585
2068674 300 0.14896962247585602 263677521
2068974 300 0.16631220368744512 293319951
2069274 300 0.17170746268656717 301325211
2069574 300 0.16512695346795436 309855407
2069874 300 0.16379947322212468 267598131
2070174 300 0.16031009657594383 266548260
2070474 300 0.16057559262510976 266417026
2070774 300 0.15778788410886743 266154559
2071074 300 0.16200737489025463 266285793
2071374 300 0.1638089552238806 266023325
2071674 300 0.1701524143985953 268779234
2071974 300 0.16891027216856894 274044990
2072274 300 0.16676733977172958 265646028
2072574 300 0.16470026338893767 265481986
2072874 300 0.16902405618964006 265613220
2073174 300 0.1703041264266901 265350752
2073474 300 0.16526918349429326 265219518
2073774 300 0.1627943810359965 265104688
2074074 300 0.1627564530289728 265760857
2074374 300 0.1694791922739245 285724796
2074674 300 0.16772502194907812 284166395
2074974 300 0.16314521510096575 277473472
2075274 300 0.1663690956979807 277473472
2075574 300 0.16443476733977175 277473472
2075874 300 0.16415978928884986 275882263
2076174 300 0.16653977172958734 271814016
2076474 300 0.16261422300263392 271551548
2076774 300 0.16342967515364357 271272676
2077074 300 0.17243757682177352 285577158
2077374 300 0.16762071992976293 274684755
2077674 300 0.163628797190518 268385533
2077974 300 0.16152379280070236 275078456
2078274 300 0.1597980684811238 268385533
2078574 300 0.16016786654960494 268385533
2078874 300 0.1591912203687445 268648000
2079174 300 0.16493731343283582 270354040
2079474 300 0.16764916593503076 272585014
2079774 300 0.16737418788410888 268779234
2080074 300 0.16453906935908694 268516767
2080374 300 0.16262370500438983 268516767
2080674 300 0.16414082528533805 268779234
2080974 300 0.1608884986830553 268648000
2081274 300 0.2374556628621598 284264820
2081574 300 0.16657769973661107 295025990
2081874 300 0.17761474978050923 300275341
2082174 300 0.1664923617208077 291367848
2082474 300 0.1657527655838455 273897352
2082774 300 0.16530711150131694 273766118
2083074 300 0.163628797190518 273634884
2083374 300 0.1700007023705004 273503650
2083674 300 0.1731676909569798 273520054
2083974 300 0.1678198419666374 273257587
2084274 300 0.17310131694468836 273388821
2084574 300 0.17751992976294995 305541096
2084874 300 0.17889482001755927 315252396
2085174 300 0.1784017559262511 298192005
2085474 300 0.16214960491659353 273257587
2085774 300 0.15325548726953467 273109949
2086074 300 0.15325548726953467 273109949
2086374 300 0.16177032484635645 272995120
2086674 300 0.16174187884108868 272913099
2086974 300 0.15930500438981565 272781865
2087274 300 0.16093590869183494 273667693
2087574 300 0.1686163301141352 290203149
2087874 300 0.16198841088674276 279064682
2088174 300 0.1614194907813872 272634226
2088474 300 0.15607164179104477 272502993
2088774 300 0.15952309043020194 272371759
2089074 300 0.16031009657594383 272371759
2089374 300 0.1587360842844601 272388163
2089674 300 0.16000667251975417 272388163
2089974 300 0.15900158033362596 272388163
2090274 300 0.15844214223002637 272256930
2090574 300 0.16147638279192272 272125696
2090874 300 0.15628972783143108 272109292
2091174 300 0.1577404741000878 271978058
2091474 300 0.1639132572431958 271321889
2091774 300 0.17054117647058825 286938708
2092074 300 0.17048428446005268 278146045
2092374 300 0.166331167690957 271715590
2092674 300 0.16780087796312557 271584357
2092974 300 0.16006356453028975 271567952
2093274 300 0.1604807726075505 271551548
2093574 300 0.16370465320456543 271551548
2093874 300 0.16351501316944686 271682782
2094174 300 0.17172642669007904 279950510
2094474 300 0.1690050921861282 274291053
2094774 300 0.166710447761194 271535144
2095074 300 0.1709204565408253 332821318
2095374 300 0.15796804214223004 272322546
2095674 300 0.15762669007901667 272470185
2095974 300 0.16151431079894643 272338951
2096274 300 0.16068937664618085 272224121
2096574 300 0.1656294995610184 303326526
2096874 300 0.16475715539947325 288234642
2097174 300 0.1682844600526778 272880290
2097474 300 0.16349604916593505 272880290
2097774 300 0.16441580333625988 272732652
2098074 300 0.16155223880597014 289530576
2098374 300 0.1651079894644425 277457068
2098674 300 0.1684361720807726 278096833
2098974 300 0.16215908691834943 278129641
2099274 300 0.1584326602282704 278014812
2099574 300 0.1726841088674276 293483993
2099874 300 0.17262721685689203 283264162
2100174 300 0.18336084284460052 283247758
2100474 300 0.21214820017559263 283001695
2100774 300 0.25539561018437223 283395396
2101074 300 0.16737418788410888 282722823
2101374 300 0.17177383669885865 282591589
2101674 300 0.17396417910447762 282575185
2101974 300 0.17910342405618965 282575185
2102274 300 0.19002669007901668 294779926
2102574 300 0.18697348551360843 294911160
2102874 300 0.17585109745390695 280590274
2103174 300 0.1684741000877963 279802872
2103474 300 0.16755434591747148 276932133
2103774 300 0.16507954345917472 274717563
2104074 300 0.16821808604038632 274865201
2104374 300 0.16522177348551362 274717563
2104674 300 0.16513643546971027 275111264
2104974 300 0.16617945566286219 275357328
2105274 300 0.1655062335381914 275094860
2105574 300 0.17221000877963125 288874407
2105874 300 0.16827497805092187 290186745
2106174 300 0.16032906057945565 275357328
2106474 300 0.15865074626865672 275242498
2106774 300 0.16286075504828798 275111264
2107074 300 0.16308832309043023 274455096
2107374 300 0.16302194907813872 274192628
2107674 300 0.1595041264266901 274192628
2107974 300 0.1625762949956102 274061394
2108274 300 0.16930851624231782 291909188
2108574 300 0.16713713784021073 289809447
2108874 300 0.16111606672519754 284428863
2109174 300 0.1597316944688323 283887523
2109474 300 0.16452010535557507 280606678
2109774 300 0.16386584723441616 278900640
2110074 300 0.1608790166812994 276292368
2110374 300 0.16436839332748024 276423602
2110674 300 0.1614953467954346 276833707
2110974 300 0.16559157155399476 311085723
2111274 300 0.17502616330114135 312529295
2111574 300 0.17285478489903428 293369164
2111874 300 0.16340122914837577 286413774
2112174 300 0.16419771729587357 286545007
2112474 300 0.16108762071992974 286397369
2112774 300 0.16281334503950837 286266135
2113074 300 0.2005043020193152 282722823
2113374 300 0.20476172080772606 278785810
2113674 300 0.15682071992976296 277211005
2113974 300 0.16880597014925375 291663124
2114274 300 0.16767761194029848 296518774
2114574 300 0.16004460052677788 286282540
2114874 300 0.16296505706760317 286413774
2115174 300 0.1632589991220369 286282540
2115474 300 0.16526918349429326 281689357
2115774 300 0.170702370500439 276702474
2116074 300 0.16603722563652326 275127669
2116374 300 0.16459596136962246 275258902
2116674 300 0.16637857769973663 275390136
2116974 300 0.16950763827919227 275127669
2117274 300 0.16514591747146623 275390136
2117574 300 0.15537945566286218 275521370
2117874 300 0.15913432835820898 275258902
2118174 300 0.16185566286215983 274996435
2118474 300 0.15906795434591747 275652604
2118774 300 0.16733625987708517 292056826
2119074 300 0.17052221246707638 281426890
2119374 300 0.16503213345039508 275636199
2119674 300 0.15992133450395085 275521370
2119974 300 0.16240561896400352 275390136
2120274 300 0.16187462686567164 275521370
2120574 300 0.16467181738366987 275258902
2120874 300 0.16142897278314308 274996435
2121174 300 0.1676396839332748 287069942
2121474 300 0.1635529411764706 287069942
2121774 300 0.168 274733967
2122074 300 0.16182721685689203 274848796
2122374 300 0.16232028094820017 274569925
2122674 300 0.16816119402985075 274586329
2122974 300 0.16378999122036872 274848796
2123274 300 0.15765513608428447 274832392
2123574 300 0.1579964881474978 274832392
2123874 300 0.16079367866549601 275242498
2124174 300 0.1664923617208077 289530576
2124474 300 0.15967480245829677 288497110
2124774 300 0.1550286215978929 275111264
2125074 300 0.15884038630377526 274996435
2125374 300 0.15729482001755926 275111264
2125674 300 0.1604523266022827 275111264
2125974 300 0.1637710272168569 275111264
2126274 300 0.16113503072870938 275111264
2126574 300 0.16277541703248463 275258902
2126874 300 0.16480456540825286 303326526
2127174 300 0.16428305531167692 313185464
2127474 300 0.15939034240561895 293894098
2127774 300 0.1592291483757682 274865201
2128074 300 0.16113503072870938 274996435
2128374 300 0.16165654082528533 274996435
2128674 300 0.16246251097453904 274980030
2128974 300 0.16541141352063213 274996435
2129274 300 0.16514591747146623 274865201
2129574 300 0.15883090430201932 274602733
2129874 300 0.1658760316066725 280639487
2130174 300 0.16758279192273925 292056826
2130474 300 0.15570184372256365 290728084
2130774 300 0.15456400351185254 284691330
2131074 300 0.15915329236172085 282345526
2131374 300 0.15921018437225637 282345526
2131674 300 0.15354942932396837 282197888
2131974 300 0.155398419666374 281672953
2132274 300 0.15821457418788412 279704446
2132574 300 0.1639132572431958 288251046
2132874 75 0.16375206321334504 282476760
2132949 5 0.12219244951712029 278621768
2132954 7 0.12137699736611063 273520054
2132961 1 0.11993573309920985 273077140
2132962 11 0.11993573309920985 273077140
2132973 160 0.12151922739244951 280770721
2133133 4 0.1336182616330114 179917563
2133137 1 0.11766953467954346 177227271
2133138 8 0.11766953467954346 177227271
2133146 28 0.1266110623353819 186741720
2133174 300 0.12199332748024583 237283128
2133474 300 0.15653625987708517 266170963
2133774 300 0.1572758560140474 263283820
2134074 300 0.15079016681299387 263037757
2134374 300 0.15378647936786655 263415054
2134674 296 0.16165654082528533 266581069
2134970 4 0.14426654960491658 264907838
2134974 2 0.14728182616330113 272667035
2134976 3 0.14588797190518 271338293
2134979 9 0.1426451273046532 271338293
2134988 165 0.14391571553994734 279294341
2135153 3 0.14837225636523266 175619656
2135156 1 0.12974960491659351 175619656
2135157 9 0.12974960491659351 175619656
2135166 108 0.14279683933274803 200061948
2135274 300 0.13204424934152767 254195881
2135574 207 0.1565457418788411 266154559
2135781 5 0.11478700614574187 261955078
2135786 4 0.11538437225636523 257525938
2135790 8 0.11293801580333626 257525938
2135798 1 0.11293801580333626 257525938
2135799 1 0.11310869183494295 257525938
2135800 74 0.11530851624231782 265055476
2135874 92 0.11621878841088674 261758227
2135966 4 0.11170535557506585 161708876
2135970 9 0.11170535557506585 157821076
2135979 1 0.11170535557506585 157821076
2135980 194 0.12217348551360843 194894618
2136174 70 0.10819701492537312 148536286
2136244 5 0.06424793678665495 145091399
2136249 4 0.0648358208955224 139218688
2136253 9 0.06215241439859526 139218688
2136262 3 0.06222827041264267 139218688
2136265 162 0.06359367866549605 147305969
2136427 2 0.09432484635645304 55655580
2136429 1 0.06 47830766
2136430 8 0.06 47830766
2136438 1 0.06439016681299385 54080775
2136439 35 0.07533239683933275 65088007
2136474 140 0.06443757682177349 123060529
2136614 160 0.07678314310798946 152391278
2136774 300 0.13544828797190517 231065928
2137074 300 0.1559294117647059 240285100
2137374 300 0.15739912203687445 240563973
2137674 300 0.15319859525899912 240760823
2137974 300 0.15141597892888495 240777227
2138274 300 0.15187111501316944 241302162
2138574 300 0.14916874451273046 241302162
2138874 300 0.1531606672519754 241679460
2139174 300 0.162984021071115 262266758
2139474 300 0.1609548726953468 263595500
2139774 300 0.15796804214223004 249192593
2140074 300 0.1585369622475856 244254922
2140374 300 0.15619490781387182 243467520
2140674 300 0.15258226514486392 244107284
2140974 300 0.1544217734855136 244894687
2141274 300 0.14763266022827043 244369752
2141574 300 0.16021527655838455 281902612
2141874 300 0.16159964881474978 292270081
2142174 300 0.16142897278314308 275340924
2142474 300 0.15991185250219492 258264128
2142774 300 0.15544582967515364 257870427
2143074 300 0.16208323090430202 254753625
2143374 300 0.15672589991220368 253851392
2143674 300 0.15677330992098332 247322512
2143974 300 0.16031009657594383 246403875
2144274 300 0.15818612818261632 246912406
2144574 300 0.16807585601404743 268828447
2144874 300 0.16398911325724322 266859940
2145174 300 0.15389078138718174 261216888
2145474 300 0.15449762949956103 262397992
2145774 300 0.15967480245829677 251128291
2146074 300 0.15659315188762074 247338916
2146374 300 0.15739912203687445 247207682
2146674 300 0.16207374890254608 250094826
2146974 300 0.1638753292361721 257197854
2147274 300 0.15809130816505704 255508219
2147574 300 0.15374855136084284 255081709
2147874 300 0.15784477611940298 249553486
2148174 300 0.15846110623353818 247732617
2148474 300 0.1539097453906936 247601383
2148774 300 0.14357436347673397 247601383
2149074 300 0.15169095697980683 248520020
2149374 300 0.16008252853380156 270042360
2149674 300 0.1526107111501317 268976085
2149974 300 0.14763266022827043 264268074
2150274 300 0.15111255487269534 272142100
2150574 300 0.15536997366110625 261266101
2150874 300 0.15386233538191396 250406506
2151174 300 0.15080913081650574 248306765
2151474 300 0.155275153643547 252096141
2151774 300 0.16523125548726952 261134867
2152074 300 0.16183669885864796 258378958
2152374 300 0.15418472344161543 253260840
2152674 300 0.15209868305531166 249323827
2152974 300 0.1479550482879719 248798892
2153274 300 0.15493380158033365 248798892
2153574 300 0.15808182616330116 248913721
2153874 300 0.1622633889376646 249208998
2154174 300 0.1687964881474978 286102093
2154474 300 0.1717928007023705 296732029
2154774 300 0.1629460930640913 304081120
2155074 300 0.1582430201931519 278884236
2155374 300 0.15086602282704126 265892091
2155674 300 0.15841369622475857 265760857
2155974 300 0.15211764705882352 265728049
2156274 300 0.1525064091308165 262315971
2156574 300 0.15299947322212468 261528568
2156874 300 0.15765513608428447 256033154
2157174 300 0.1661889376646181 269812701
2157474 300 0.1644252853380158 268910468
2157774 300 0.15310377524143984 266417026
2158074 300 0.1516056189640035 261298909
2158374 300 0.15499069359086917 258018065
2158674 300 0.15348305531167694 249750337
2158974 300 0.15427954345917472 249619103
2159274 300 0.1555406496927129 249487869
2159574 300 0.15591992976294997 249750337
2159874 300 0.16998173836698857 270091572
2160174 300 0.16051870061457418 269681467
2160474 300 0.15591044776119403 264448520
2160774 300 0.15926707638279192 267335663
2161074 300 0.1588877963125549 259724104
2161374 300 0.15584407374890255 254753625
2161674 300 0.1565836698858648 252424225
2161974 300 0.16031957857769974 252292991
2162274 300 0.16834135206321335 259756912
2162574 300 0.16262370500438983 257788405
2162874 300 0.15694398595259 257624364
2163174 300 0.15618542581211592 256443259
2163474 300 0.15777840210711153 253670946
2163774 300 0.1614953467954346 250668973
2164074 300 0.1593998244073749 250258867
2164374 300 0.1635624231782265 250537740
2164674 300 0.1720867427568042 268779234
2164974 300 0.16293661106233537 272338951
2165274 300 0.16140052677787534 265301539
2165574 300 0.1586412642669008 264251669
2165874 300 0.15681123792800702 258592212
2166174 300 0.15614749780509218 256607302
2166474 300 0.163628797190518 254245093
2166774 300 0.16521229148375766 252407821
2167074 300 0.1674690079016681 251620418
2167374 300 0.17353748902546093 272617822
2167674 300 0.1715367866549605 270518082
2167974 300 0.16868270412642672 265678836
2168274 300 0.17003863037752415 265416369
2168574 300 0.16782932396839334 262922927
2168874 300 0.1596653204565408 258641425
2169174 300 0.16462440737489026 253670946
2169474 300 0.16310728709394204 251817269
2169774 300 0.1673172958735733 252210970
2170074 300 0.17133766461808606 259806125
2170374 300 0.173271992976295 285003010
2170674 300 0.17536751536435471 279228724
2170974 300 0.16889130816505707 252178162
2171274 300 0.1638753292361721 252161757
2171574 300 0.16595188762071994 252030523
2171874 300 0.16607515364354697 251784460
2172174 300 0.16651132572431956 251800864
2172474 300 0.1723048287971905 251833673
2172774 300 0.1733857769973661 252096141
2173074 300 0.17513046532045656 273339608
2173374 300 0.17558560140474103 270977400
2173674 300 0.17162212467076385 266367814
2173974 300 0.1729116769095698 264793008
2174274 300 0.17315820895522388 256640110
2174574 300 0.1757278314310799 252834330
2174874 300 0.17738718173836698 252834330
2175174 300 0.18478314310798943 253884201
2175474 300 0.1909464442493415 262020695
2175774 300 0.18784582967515365 259412424
2176074 300 0.17947322212467076 254064647
2176374 300 0.18216611062335383 254048243
2176674 300 0.1772828797190518 254048243
2176974 300 0.1773587357330992 253654542
2177274 300 0.17686567164179104 253506904
2177574 300 0.1734616330114135 253506904
2177874 300 0.18189113257243195 264104031
2178174 300 0.1835315188762072 264235265
2178474 300 0.17768112379280068 253080394
2178774 300 0.17259877085162423 253096798
2179074 300 0.17471325724319578 252834330
2179374 300 0.1752632133450395 253113202
2179674 300 0.16852151009657593 252752310
2179974 300 0.17466584723441617 252621076
2180274 300 0.1756045654082529 252735905
2180574 300 0.18958103599648815 266515452
2180874 300 0.18682177348551357 262053504
2181174 300 0.17686567164179104 253654542
2181474 300 0.1702377524143986 253523308
2181774 300 0.17184969271290604 253375670
2182074 300 0.16374258121158908 253900605
2182374 300 0.16945074626865672 253769371
2182674 300 0.17343318700614574 253769371
2182974 300 0.16896716417910446 253802179
2183274 300 0.17668551360842844 264858625
2183574 300 0.18302897278314312 287545665
2183874 300 0.17964389815627743 286134901
2184174 300 0.1755097453906936 256344834
2184474 300 0.1697067603160667 256065962
2184774 300 0.18297208077260757 256082367
2185074 300 0.1742201931518876 256082367
2185374 300 0.19048182616330114 255951133
2185674 300 0.18292467076382793 256328430
2185974 300 0.17128077260755045 256328430
2186274 300 0.17754837576821775 261709015
2186574 300 0.17509253731343286 273126354
2186874 300 0.16773450395083406 256984599
2187174 300 0.1669854258121159 256722131
2187474 300 0.1669190517998244 272749056
2187774 300 0.16940333625987708 263283820
2188074 300 0.17136611062335383 263152586
2188374 300 0.169412818261633 263021352
2188674 300 0.17610711150131694 264071223
2188974 300 0.1869545215100966 272732652
2189274 300 0.17850605794556632 262873714
2189574 300 0.17128077260755045 257640768
2189874 300 0.17083511852502192 265514794
2190174 300 0.16515539947322214 255672261
2190474 300 0.16390377524143987 256065962
2190774 300 0.16615100965759438 256065962
2191074 300 0.16359086918349428 255819899
2191374 300 0.17592695346795434 261200484
2191674 300 0.17189710272168568 255951133
2191974 300 0.16825601404741003 256213600
2192274 300 0.1763726075504829 269058106
2192574 300 0.1711764705882353 256476068
2192874 300 0.17301597892888498 256344834
2193174 300 0.17364179104477612 255934728
2193474 300 0.16853099209833186 255918324
2193774 300 0.17354697102721686 257132237
2194074 300 0.17646742756804215 266449835
2194374 300 0.18176786654960495 256082367
2194674 300 0.1712902546093064 256082367
2194974 300 0.1769889376646181 255819899
2195274 300 0.16817067603160668 255819899
2195574 300 0.16119192273924499 255819899
2195874 300 0.16397963125548726 255951133
2196174 300 0.16468129938542583 256344834
2196474 300 0.17647690956979806 276686070
2196774 300 0.17315820895522388 275898667
2197074 300 0.16862581211589112 269993147
2197374 300 0.16877752414398597 306476137
2197674 300 0.16825601404741003 269484616
2197974 300 0.16479508340649693 265678836
2198274 300 0.16889130816505707 261085654
2198574 300 0.171470412642669 260429485
2198874 300 0.17534855136084285 290350786
2199174 300 0.17512098331870063 262791693
2199474 300 0.17825952589991223 263054161
2199774 300 0.17593643546971027 263054161
2200074 300 0.17225741878841086 262922927
2200374 300 0.18063002633889375 262922927
2200674 300 0.17437190517998244 260954421
2200974 300 0.1697731343283582 257673576
2201274 300 0.16379947322212468 256754940
2201574 300 0.18115153643546972 271453123
2201874 300 0.18347462686567165 267516109
2202174 300 0.18160667251975418 256361238
2202474 300 0.17456154521510095 256492472
2202774 300 0.17242809482001756 256098771
2203074 300 0.1819669885864794 255836303
2203374 300 0.17852502194907813 255442602
2203674 300 0.17804143985952592 255048900
2203974 300 0.1951564530289728 266072538
2204274 300 0.18848112379280071 267122408
2204574 300 0.17703634767339774 256230004
2204874 300 0.18238419666374014 256230004
2205174 300 0.18000421422300264 255967537
2205474 300 0.18024126426690076 255967537
2205774 300 0.17891378402107108 255967537
2206074 300 0.17370816505706763 255442602
2206374 300 0.1779750658472344 255442602
2206674 300 0.17807936786654963 267647343
2206974 300 0.16710869183494292 278277279
2207274 300 0.16762071992976293 269747083
2207574 300 0.16104969271290606 269730679
2207874 300 0.1678198419666374 266449835
2208174 300 0.16598981562774365 262775289
2208474 300 0.16308832309043023 260281848
2208774 300 0.15846110623353818 258838276
2209074 300 0.15685864793678664 257525938
2209374 300 0.16955504828797188 270009551
2209674 300 0.16204530289727834 272502993
2209974 300 0.15829991220368747 270009551
2210274 300 0.1720014047410009 265137497
2210574 300 0.1670233538191396 259888146
2210874 300 0.160670412642669 257394704
2211174 300 0.161571202809482 256213600
2211474 300 0.16870166812993856 256082367
2211774 300 0.17614503950834065 267893406
2212074 300 0.16567690956979805 268155874
2212374 300 0.16686215978928884 257394704
2212674 300 0.16215908691834943 256869769
2212974 300 0.1683318700614574 257001003
2213274 300 0.16834135206321335 256886173
2213574 300 0.16456751536435468 256738536
2213874 300 0.1587360842844601 256607302
2214174 300 0.1612014047410009 256476068
2214474 300 0.16460544337137842 256476068
2214774 300 0.16929903424056192 256623706
2215074 300 0.17192554872695348 283789098
2215374 300 0.17340474100087797 302686762
2215674 300 0.16075575065847236 305311437
2215974 300 0.1594756804214223 285363903
2216274 300 0.1680853380158033 270665720
2216574 300 0.1715747146619842 269090914
2216874 300 0.16151431079894643 265153902
2217174 300 0.16484249341527657 260691953
2217474 300 0.16729833187006143 258067278
2217774 300 0.17086356453028972 257673576
2218074 300 0.1743150131694469 269353382
2218374 300 0.17781387181738367 269747083
2218674 300 0.18138858647936787 264760200
2218974 300 0.1789801580333626 256377642
2219274 300 0.1778233538191396 256787748
2219574 300 0.1645580333625988 256525281
2219874 300 0.16235820895522388 256525281
2220174 300 0.17091097453906937 259149956
2220474 300 0.17706479367866548 263480671
2220774 300 0.17147989464442495 260331060
2221074 300 0.16415030728709393 256771344
2221374 300 0.1674690079016681 256640110
2221674 300 0.16099280070237046 256361238
2221974 300 0.16232028094820017 255967537
2222274 300 0.16415030728709393 256098771
2222574 300 0.16154275680421423 256098771
2222874 300 0.17126180860403864 262299567
2223174 300 0.17051273046532045 263185395
2223474 300 0.16375206321334504 255967537
2223774 300 0.16184618086040384 262397992
2224074 300 0.1668337137840211 256361238
2224374 300 0.16651132572431956 256525281
2224674 300 0.1600161545215101 256541685
2224974 300 0.16037647058823526 259018722
2225274 300 0.17196347673397716 259412424
2225574 300 0.17344266900790167 256394047
2225874 300 0.16614152765583845 256508876
2226174 300 0.1702377524143986 256525281
2226474 300 0.16726988586479366 256558089
2226774 300 0.16107813871817384 256394047
2227074 300 0.16037647058823526 256672918
2227374 300 0.16212115891132572 257066620
2227674 300 0.17115750658472345 290662467
2227974 300 0.16942230026338895 295255649
2228274 300 0.16903353819139597 268221491
2228574 300 0.16336330114135206 257312683
2228874 300 0.16122036874451276 257181450
2229174 300 0.1654398595258999 257050216
2229474 300 0.1657527655838455 256804152
2229774 300 0.12392765583845479 151144557
2230074 131 0.13113397717295874 151275791
2230205 6 0.13114345917471465 151292195
2230211 13 0.13113397717295874 151292195
2230224 1 0.13113397717295874 151292195
2230225 149 0.1326036874451273 158706904
2230374 21 0.11846602282704127 160445751
2230395 279 0.1331820895522388 213595431
2230674 300 0.17800351185250218 258756255
2230974 300 0.16787673397717298 252719501
2231274 300 0.1685404741000878 250668973
2231574 300 0.16250992098331868 250915036
2231874 300 0.16052818261633015 250783803
2232174 300 0.16752589991220368 250931441
2232474 300 0.16692853380158032 250947845
2232774 300 0.17415381913959613 263021352
2233074 300 0.17024723441615452 263939989
2233374 300 0.16238665496049165 251472780
2233674 300 0.16891027216856894 251341546
2233974 300 0.1629460930640913 251210313
2234274 300 0.168 251866482
2234574 300 0.164529587357331 252522650
2234874 300 0.16851202809482005 252128949
2235174 300 0.1697067603160667 252260183
2235474 300 0.16473819139596138 251604014
2235774 300 0.16263318700614574 251439972
2236074 300 0.16505109745390695 251702439
2236374 300 0.15685864793678664 251702439
2236674 300 0.160025636523266 251439972
2236974 300 0.16707076382791922 251308738
2237274 300 0.16748797190517997 251193908
2237574 300 0.1666630377524144 251193908
2237874 300 0.1612014047410009 251587609
2238174 300 0.16306935908691836 251587609
2238474 300 0.1619694468832309 251423568
2238774 300 0.16893871817383668 267040387
2239074 300 0.1650700614574188 274405882
2239374 300 0.1578068481123793 264563349
2239674 300 0.15724741000877965 264022010
2239974 300 0.15274345917471466 259166360
2240274 300 0.1559009657594381 255229347
2240574 300 0.15830939420544335 252079736
2240874 300 0.16074626865671643 251571205
2241174 300 0.1608790166812994 284264820
2241474 300 0.16451062335381916 284543692
2241774 300 0.15416575943810357 253802179
2242074 300 0.14772748024582968 253408478
2242374 300 0.15020228270412642 253146011
2242674 300 0.15012642669007903 252752310
2242974 300 0.1518426690079017 252883543
2243274 300 0.15215557506584723 252735905
2243574 300 0.15294258121158913 252752310
2243874 300 0.16583810359964882 264563349
2244174 300 0.16141000877963127 264563349
2244474 300 0.15974117647058825 252752310
2244774 300 0.1485618964003512 252883543
2245074 300 0.1468741000877963 252621076
2245374 300 0.14702581211589114 252096141
2245674 300 0.15026865671641793 251964907
2245974 300 0.15075223880597013 251948503
2246274 300 0.15372010535557504 252342204
2246574 300 0.15983599648814747 268500363
2246874 300 0.1679241439859526 259576466
2247174 300 0.1397246707638279 254310711
2247474 300 0.15242107111501318 267188025
2247774 300 0.15545531167690957 254704412
2248074 300 0.15098928884986831 254737220
2248374 300 0.15417524143985953 254605986
2248674 300 0.1540899034240562 254605986
2248974 300 0.1595041264266901 260117805
2249274 300 0.16140052677787534 259855338
2249574 300 0.16044284460052677 255130921
2249874 300 0.15284776119402987 255524623
2250174 300 0.1557113257243196 255393389
2250474 300 0.15235469710272168 255393389
2250774 300 0.1560526777875329 255393389
2251074 300 0.1557113257243196 255409794
2251374 300 0.15794907813871817 257493130
2251674 300 0.16671992976294997 268385533
2251974 300 0.16175136084284458 268139470
2252274 300 0.15642247585601401 264202456
2252574 300 0.1623297629499561 261446547
2252874 300 0.15868867427568045 256443259
2253174 300 0.15975065847234418 254474753
2253474 300 0.16269007901668128 253556116
2253774 300 0.16745952589991223 253818584
2254074 300 0.17231431079894644 269435403
2254374 300 0.1696593503072871 261298909
2254674 300 0.16926110623353818 253310053
2254974 300 0.16223494293239685 253703754
2255274 300 0.16599929762949958 308018134
2255574 300 0.16523125548726952 260002975
2255874 266 0.12005899912203688 152440491
2256140 4 0.12005899912203688 152440491
2256144 11 0.12005899912203688 152473299
2256155 1 0.12005899912203688 152473299
2256156 18 0.12872554872695346 158411628
2256174 154 0.12195539947322212 159838795
2256328 146 0.13612151009657594 189136736
2256474 300 0.15042036874451273 243057414
2256774 300 0.16832238805970148 304097525
2257074 300 0.16188410886742757 255278560
2257374 300 0.16635961369622476 254228689
2257674 300 0.16592344161545214 252391417
2257974 300 0.17700790166812996 252260183
2258274 300 0.17438138718173837 252260183
2258574 300 0.17465636523266023 252522650
2258874 300 0.18058261633011416 283132929
2259174 300 0.17907497805092187 294681501
2259474 300 0.1766665496049166 279589617
2259774 300 0.18106619841966637 258477383
2260074 300 0.17935943810359964 258329745
2260374 300 0.18026971027216857 258460979
2260674 300 0.18254539069359085 258067278
2260974 300 0.1871062335381914 253999030
2261274 300 0.17910342405618965 251636822
2261574 300 0.18597787532923618 251636822
2261874 300 0.19362036874451274 264120435
2262174 300 0.1917050043898156 263857968
2262474 300 0.18688814749780508 251521993
2262774 300 0.17726391571553993 251390759
2263074 300 0.17776646180860403 251784460
2263374 300 0.1793878841088674 252079736
2263674 300 0.17758630377524143 251521993
2263974 300 0.17984302019315188 251521993
2264274 300 0.18601580333625986 251653227
2264574 300 0.19487199297629498 268057449
2264874 300 0.18491589113257245 274619137
2265174 300 0.18586409130816506 266482644
2265474 300 0.1847926251097454 263611905
2265774 300 0.18500122914837575 262562034
2266074 300 0.18737172958735734 262709672
2266374 300 0.18821562774363476 259937359
2266674 300 0.1835315188762072 258887488
2266974 300 0.18885092186128183 259166360
2267274 300 0.19423669885864794 275422944
2267574 300 0.18798805970149254 265055476
2267874 300 0.18561755926251097 258756255
2268174 300 0.18213766461808603 258772659
2268474 300 0.17768112379280068 258625021
2268774 300 0.1725798068481124 258083682
2269074 300 0.1865562774363477 254950475
2269374 300 0.18454609306409134 254671603
2269674 300 0.17961545215100966 254704412
2269974 300 0.18556066725197543 259822529
2270274 300 0.1831048287971905 265203114
2270574 300 0.17389780509218614 256295622
2270874 300 0.17570886742756806 256164388
2271174 300 0.17177383669885865 256164388
2271474 300 0.17199192273924493 256164388
2271774 300 0.16918525021949077 256164388
2272074 300 0.16729833187006143 255623048
2272374 300 0.17454258121158908 270846166
2272674 300 0.1781172958735733 274815988
2272974 300 0.1712902546093064 270337636
2273274 300 0.17001018437225637 266417026
2273574 300 0.16930851624231782 262988544
2273874 300 0.1726841088674276 259576466
2274174 300 0.1716790166812994 256574493
2274474 300 0.171470412642669 256049558
2274774 300 0.17318665496049165 256197196
2275074 300 0.17819315188762072 272863886
2275374 300 0.1740684811237928 277982003
2275674 300 0.17048428446005268 267991832
2275974 300 0.17075926251097454 264317286
2276274 300 0.1672509218612818 263775946
2276574 300 0.16563898156277435 258510192
2276874 300 0.16776294995610183 254310711
2277174 300 0.16893871817383668 253260840
2277474 300 0.16794310798946444 253277244
2277774 300 0.1785913959613696 262578438
2278074 300 0.17804143985952592 264546945
2278374 300 0.17704582967515362 259166360
2278674 300 0.17657172958735734 258116490
2278974 300 0.17396417910447762 257739193
2279274 300 0.17608814749780508 256558089
2279574 300 0.1748649692712906 253670946
2279874 300 0.1759079894644425 252621076
2280174 300 0.17655276558384547 252752310
2280474 300 0.1824979806848112 266810728
2280774 300 0.17097734855136085 264579754
2281074 300 0.17128077260755045 253277244
