1395845 300 0.20807093942054436 242909776
1396145 300 0.2119490781387182 256836961
1396445 300 0.20706584723441615 246994428
1396745 300 0.19905355575065847 242270011
1397045 300 0.19856997366110624 242138778
1397345 300 0.1952986830553117 242007544
1397645 300 0.19604776119402983 241876310
1397945 300 0.19561158911325724 241859906
1398245 300 0.1946254609306409 242253607
1398545 300 0.20076979806848114 258526596
1398845 300 0.1980958735733099 248552829
1399145 300 0.19542194907813873 243041010
1399445 300 0.1940091308165057 242926180
1399745 300 0.19097489025460934 243073818
1400045 300 0.19855100965759437 242942584
1400345 300 0.19615206321334505 242794947
1400645 300 0.20103529411764703 245042325
1400945 300 0.2087441615452151 249897975
1401245 300 0.19510904302019316 242680117
1401545 300 0.19496681299385424 242532479
1401845 300 0.19382897278314312 242532479
1402145 300 0.18875610184372255 242532479
1402445 300 0.19060509218612817 242516075
1402745 300 0.1860916593503073 242532479
1403045 300 0.20131027216856892 279015469
1403345 300 0.19710026338893766 284658522
1403645 300 0.18680280948200179 254474753
1403945 300 0.18494433713784023 254491157
1404245 300 0.19062405618964 254359923
1404545 300 0.1921980684811238 253310053
1404845 300 0.18923020193151888 251341546
1405145 300 0.19199894644424934 249110572
1405445 300 0.19504266900790165 250537740
1405745 300 0.20264723441615454 264710988
1406045 300 0.19923371378402108 258411766
1406345 300 0.1931747146619842 252358608
1406645 300 0.18968533801580334 250652569
1406945 300 0.18827251975417034 249487869
1407245 300 0.18492537313432836 247913064
1407545 300 0.18250746268656717 244911091
1407845 300 0.18123687445127304 242401245
1408145 300 0.19536505706760313 248044297
1408445 300 0.19494784899034243 247256895
1408745 300 0.19429359086918352 242794947
1409045 300 0.19312730465320455 242663713
1409345 300 0.18844319578577698 242663713
1409645 300 0.18743810359964883 242532479
1409945 300 0.187798419666374 242663713
1410245 300 0.18523827919227392 243188648
1410545 300 0.19999227392449517 257903235
1410845 300 0.19881650570676032 254097456
1411145 300 0.18488744512730465 243073818
1411445 300 0.1910886742756804 243073818
1411745 300 0.18593046532045654 243073818
1412045 300 0.183427216856892 242942584
1412345 300 0.1785819139596137 242942584
1412645 300 0.18726742756804218 245960961
1412945 300 0.19987848990342405 257132237
1413245 300 0.1875803336259877 246748364
1413545 300 0.1816635645302897 244648624
1413845 300 0.18390131694468834 244386156
1414145 300 0.1785913959613696 244238518
1414445 300 0.19251097453906935 244386156
1414745 300 0.1895715539947322 244386156
1415045 300 0.18722001755926254 247010832
1415345 300 0.19526075504828797 258690638
1415645 300 0.18205232660228268 254359923
1415945 300 0.1819385425812116 254376327
1416245 300 0.1824979806848112 254359923
1416545 300 0.1848021071115013 254474753
1416845 300 0.18753292361720805 254359923
1417145 300 0.18081018437225635 255787090
1417445 300 0.19543143107989464 290039106
1417745 300 0.18838630377524143 286643433
1418045 300 0.18503915715539948 256869769
1418345 300 0.18292467076382793 256836961
1418645 300 0.18243160667251979 256574493
1418945 300 0.1821945566286216 256869769
1419245 300 0.18099982440737486 256738536
1419545 300 0.17856294995610184 256738536
1419845 300 0.18297208077260757 257788405
1420145 300 0.18905004389815627 266203771
1420445 300 0.18312379280070237 256623706
1420745 300 0.18118946444249343 249914379
1421045 300 0.18133169446883232 255934728
1421345 300 0.1769794556628622 250029208
1421645 300 0.17703634767339774 250045613
1421945 300 0.17601229148375766 250176847
1422245 300 0.1834651448639157 253063990
1422545 300 0.18246953467954344 257903235
1422845 300 0.17625882352941175 256065962
1423145 300 0.17192554872695348 255409794
1423445 300 0.17475118525021952 250685377
1423745 300 0.1757942054433714 251243121
1424045 300 0.17660965759438105 250718186
1424345 300 0.18098086040386305 250586952
1424645 300 0.19741316944688325 264891434
1424945 300 0.18365478489903422 261479356
1425245 300 0.1810377524143986 253178819
1425545 300 0.1853425812115891 253080394
1425845 300 0.17532010535557507 251079079
1426145 300 0.18004214223002632 247683405
1426445 300 0.17880000000000001 247404533
1426745 300 0.18473573309920985 250144038
1427045 300 0.19189464442493415 255130921
1427345 300 0.18081966637401228 248306765
1427645 300 0.18199543459174716 248306765
1427945 300 0.17881896400351185 248306765
1428245 300 0.17351852502194912 248306765
1428545 300 0.17596488147497805 248044297
1428845 300 0.17931202809482005 250931441
1429145 300 0.1875708516242318 254770029
1429445 300 0.17747251975417036 250062017
1429745 300 0.17925513608428448 247552171
1430045 300 0.1807532923617208 247552171
1430345 300 0.18066795434591748 247552171
1430645 300 0.18684073748902544 247552171
1430945 300 0.1806774363476734 247437342
1431245 300 0.17905601404741 247437342
1431545 300 0.2066865671641791 266302197
1431845 300 0.19350658472344165 265383561
1432145 300 0.17816470588235295 256344834
1432445 300 0.18229885864793677 256361238
1432745 300 0.17761474978050923 255705069
1433045 300 0.17980509218612817 252522650
1433345 300 0.17846812993854258 250816611
1433645 300 0.17971027216856894 250800207
1433945 300 0.18337980684811236 255787090
1434245 300 0.1871726075504829 292516144
1434545 300 0.18888884986830556 286495794
1434845 300 0.1813980684811238 271928845
1435145 300 0.1757562774363477 257493130
1435445 300 0.17592695346795434 257493130
1435745 300 0.1798809482001756 256049558
1436045 300 0.17768112379280068 251735248
1436345 300 0.1827445127304653 250800207
1436645 300 0.18338928884986833 251456376
1436945 300 0.1855796312554873 262365184
1437245 300 0.17879051799824408 255951133
1437545 300 0.17715013169446883 256065962
1437845 300 0.1727694468832309 255016092
1438145 300 0.1746468832309043 252768714
1438445 300 0.17768112379280068 251193908
1438745 300 0.18377805092186128 252899947
1439045 300 0.18909745390693591 266548260
1439345 300 0.18697348551360843 262233950
1439645 300 0.17975768217734858 256607302
1439945 300 0.17326251097453907 254130264
1440245 300 0.17278841088674277 250324485
1440545 300 0.17593643546971027 248487211
1440845 300 0.1749787532923617 246764768
1441145 300 0.1806395083406497 245042325
1441445 300 0.18032660228270414 265629624
1441745 300 0.18272554872695349 261052846
1442045 300 0.18046883230904304 255918324
