94378 300 0.16889130816505707 261085654
94678 300 0.171470412642669 260429485
94978 300 0.17534855136084285 290350786
95278 300 0.17512098331870063 262791693
95578 300 0.17825952589991223 263054161
95878 300 0.17593643546971027 263054161
96178 300 0.17225741878841086 262922927
96478 300 0.18063002633889375 262922927
96778 300 0.17437190517998244 260954421
97078 300 0.1697731343283582 257673576
97378 300 0.16379947322212468 256754940
97678 300 0.18115153643546972 271453123
97978 300 0.18347462686567165 267516109
98278 300 0.18160667251975418 256361238
98578 300 0.17456154521510095 256492472
98878 300 0.17242809482001756 256098771
99178 300 0.1819669885864794 255836303
99478 300 0.17852502194907813 255442602
99778 300 0.17804143985952592 255048900
100078 300 0.1951564530289728 266072538
100378 300 0.18848112379280071 267122408
100678 300 0.17703634767339774 256230004
100978 300 0.18238419666374014 256230004
101278 300 0.18000421422300264 255967537
101578 300 0.18024126426690076 255967537
101878 300 0.17891378402107108 255967537
102178 300 0.17370816505706763 255442602
102478 300 0.1779750658472344 255442602
102778 300 0.17807936786654963 267647343
103078 300 0.16710869183494292 278277279
103378 300 0.16762071992976293 269747083
103678 300 0.16104969271290606 269730679
103978 300 0.1678198419666374 266449835
104278 300 0.16598981562774365 262775289
104578 300 0.16308832309043023 260281848
104878 300 0.15846110623353818 258838276
105178 300 0.15685864793678664 257525938
105478 300 0.16955504828797188 270009551
105778 300 0.16204530289727834 272502993
106078 300 0.15829991220368747 270009551
106378 300 0.1720014047410009 265137497
106678 300 0.1670233538191396 259888146
106978 300 0.160670412642669 257394704
107278 300 0.161571202809482 256213600
107578 300 0.16870166812993856 256082367
107878 300 0.17614503950834065 267893406
108178 300 0.16567690956979805 268155874
108478 300 0.16686215978928884 257394704
108778 300 0.16215908691834943 256869769
109078 300 0.1683318700614574 257001003
109378 300 0.16834135206321335 256886173
109678 300 0.16456751536435468 256738536
109978 300 0.1587360842844601 256607302
110278 300 0.1612014047410009 256476068
110578 300 0.16460544337137842 256476068
110878 300 0.16929903424056192 256623706
111178 300 0.17192554872695348 283789098
111478 300 0.17340474100087797 302686762
111778 300 0.16075575065847236 305311437
112078 300 0.1594756804214223 285363903
112378 300 0.1680853380158033 270665720
112678 300 0.1715747146619842 269090914
112978 300 0.16151431079894643 265153902
113278 300 0.16484249341527657 260691953
113578 300 0.16729833187006143 258067278
113878 300 0.17086356453028972 257673576
114178 300 0.1743150131694469 269353382
114478 300 0.17781387181738367 269747083
114778 300 0.18138858647936787 264760200
115078 300 0.1789801580333626 256377642
115378 300 0.1778233538191396 256787748
115678 300 0.1645580333625988 256525281
115978 300 0.16235820895522388 256525281
116278 300 0.17091097453906937 259149956
116578 300 0.17706479367866548 263480671
116878 300 0.17147989464442495 260331060
117178 300 0.16415030728709393 256771344
117478 300 0.1674690079016681 256640110
117778 300 0.16099280070237046 256361238
118078 300 0.16232028094820017 255967537
118378 300 0.16415030728709393 256098771
118678 300 0.16154275680421423 256098771
118978 300 0.17126180860403864 262299567
119278 300 0.17051273046532045 263185395
119578 300 0.16375206321334504 255967537
119878 300 0.16184618086040384 262397992
120178 300 0.1668337137840211 256361238
120478 300 0.16651132572431956 256525281
120778 300 0.1600161545215101 256541685
121078 300 0.16037647058823526 259018722
121378 300 0.17196347673397716 259412424
121678 300 0.17344266900790167 256394047
121978 300 0.16614152765583845 256508876
122278 300 0.1702377524143986 256525281
122578 300 0.16726988586479366 256558089
122878 300 0.16107813871817384 256394047
123178 300 0.16037647058823526 256672918
123478 300 0.16212115891132572 257066620
123778 300 0.17115750658472345 290662467
124078 300 0.16942230026338895 295255649
124378 300 0.16903353819139597 268221491
124678 300 0.16336330114135206 257312683
124978 300 0.16122036874451276 257181450
125278 300 0.1654398595258999 257050216
125578 300 0.1657527655838455 256804152
125878 300 0.12392765583845479 151144557
126178 131 0.13113397717295874 151275791
126309 6 0.13114345917471465 151292195
126315 13 0.13113397717295874 151292195
126328 1 0.13113397717295874 151292195
126329 149 0.1326036874451273 158706904
126478 21 0.11846602282704127 160445751
126499 279 0.1331820895522388 213595431
126778 300 0.17800351185250218 258756255
127078 300 0.16787673397717298 252719501
127378 300 0.1685404741000878 250668973
127678 300 0.16250992098331868 250915036
127978 300 0.16052818261633015 250783803
128278 300 0.16752589991220368 250931441
128578 300 0.16692853380158032 250947845
128878 300 0.17415381913959613 263021352
129178 300 0.17024723441615452 263939989
129478 300 0.16238665496049165 251472780
129778 300 0.16891027216856894 251341546
130078 300 0.1629460930640913 251210313
130378 300 0.168 251866482
130678 300 0.164529587357331 252522650
130978 300 0.16851202809482005 252128949
131278 300 0.1697067603160667 252260183
131578 300 0.16473819139596138 251604014
131878 300 0.16263318700614574 251439972
132178 300 0.16505109745390695 251702439
132478 300 0.15685864793678664 251702439
132778 300 0.160025636523266 251439972
133078 300 0.16707076382791922 251308738
133378 300 0.16748797190517997 251193908
133678 300 0.1666630377524144 251193908
133978 300 0.1612014047410009 251587609
134278 300 0.16306935908691836 251587609
134578 300 0.1619694468832309 251423568
134878 300 0.16893871817383668 267040387
135178 300 0.1650700614574188 274405882
135478 300 0.1578068481123793 264563349
135778 300 0.15724741000877965 264022010
136078 300 0.15274345917471466 259166360
136378 300 0.1559009657594381 255229347
136678 300 0.15830939420544335 252079736
136978 300 0.16074626865671643 251571205
137278 300 0.1608790166812994 284264820
137578 300 0.16451062335381916 284543692
137878 300 0.15416575943810357 253802179
138178 300 0.14772748024582968 253408478
138478 300 0.15020228270412642 253146011
138778 300 0.15012642669007903 252752310
139078 300 0.1518426690079017 252883543
139378 300 0.15215557506584723 252735905
139678 300 0.15294258121158913 252752310
139978 300 0.16583810359964882 264563349
140278 300 0.16141000877963127 264563349
140578 300 0.15974117647058825 252752310
140878 300 0.1485618964003512 252883543
141178 300 0.1468741000877963 252621076
141478 300 0.14702581211589114 252096141
141778 300 0.15026865671641793 251964907
142078 300 0.15075223880597013 251948503
142378 300 0.15372010535557504 252342204
142678 300 0.15983599648814747 268500363
142978 300 0.1679241439859526 259576466
143278 300 0.1397246707638279 254310711
143578 300 0.15242107111501318 267188025
143878 300 0.15545531167690957 254704412
144178 300 0.15098928884986831 254737220
144478 300 0.15417524143985953 254605986
144778 300 0.1540899034240562 254605986
145078 300 0.1595041264266901 260117805
145378 300 0.16140052677787534 259855338
145678 300 0.16044284460052677 255130921
145978 300 0.15284776119402987 255524623
146278 300 0.1557113257243196 255393389
146578 300 0.15235469710272168 255393389
146878 300 0.1560526777875329 255393389
147178 300 0.1557113257243196 255409794
147478 300 0.15794907813871817 257493130
147778 300 0.16671992976294997 268385533
148078 300 0.16175136084284458 268139470
148378 300 0.15642247585601401 264202456
148678 300 0.1623297629499561 261446547
148978 300 0.15868867427568045 256443259
149278 300 0.15975065847234418 254474753
149578 300 0.16269007901668128 253556116
149878 300 0.16745952589991223 253818584
150178 300 0.17231431079894644 269435403
150478 300 0.1696593503072871 261298909
150778 300 0.16926110623353818 253310053
151078 300 0.16223494293239685 253703754
151378 300 0.16599929762949958 308018134
151678 300 0.16523125548726952 260002975
151978 266 0.12005899912203688 152440491
152244 4 0.12005899912203688 152440491
152248 11 0.12005899912203688 152473299
152259 1 0.12005899912203688 152473299
152260 18 0.12872554872695346 158411628
152278 154 0.12195539947322212 159838795
152432 146 0.13612151009657594 189136736
152578 300 0.15042036874451273 243057414
152878 300 0.16832238805970148 304097525
153178 300 0.16188410886742757 255278560
153478 300 0.16635961369622476 254228689
153778 300 0.16592344161545214 252391417
154078 300 0.17700790166812996 252260183
154378 300 0.17438138718173837 252260183
154678 300 0.17465636523266023 252522650
154978 300 0.18058261633011416 283132929
155278 300 0.17907497805092187 294681501
155578 300 0.1766665496049166 279589617
155878 300 0.18106619841966637 258477383
156178 300 0.17935943810359964 258329745
156478 300 0.18026971027216857 258460979
156778 300 0.18254539069359085 258067278
157078 300 0.1871062335381914 253999030
157378 300 0.17910342405618965 251636822
157678 300 0.18597787532923618 251636822
157978 300 0.19362036874451274 264120435
158278 300 0.1917050043898156 263857968
158578 300 0.18688814749780508 251521993
158878 300 0.17726391571553993 251390759
159178 300 0.17776646180860403 251784460
159478 300 0.1793878841088674 252079736
159778 300 0.17758630377524143 251521993
160078 300 0.17984302019315188 251521993
160378 300 0.18601580333625986 251653227
160678 300 0.19487199297629498 268057449
160978 300 0.18491589113257245 274619137
161278 300 0.18586409130816506 266482644
161578 300 0.1847926251097454 263611905
161878 300 0.18500122914837575 262562034
162178 300 0.18737172958735734 262709672
162478 300 0.18821562774363476 259937359
162778 300 0.1835315188762072 258887488
163078 300 0.18885092186128183 259166360
163378 300 0.19423669885864794 275422944
163678 300 0.18798805970149254 265055476
163978 300 0.18561755926251097 258756255
164278 300 0.18213766461808603 258772659
164578 300 0.17768112379280068 258625021
164878 300 0.1725798068481124 258083682
165178 300 0.1865562774363477 254950475
165478 300 0.18454609306409134 254671603
165778 300 0.17961545215100966 254704412
166078 300 0.18556066725197543 259822529
166378 300 0.1831048287971905 265203114
166678 300 0.17389780509218614 256295622
166978 300 0.17570886742756806 256164388
167278 300 0.17177383669885865 256164388
167578 300 0.17199192273924493 256164388
167878 300 0.16918525021949077 256164388
168178 300 0.16729833187006143 255623048
168478 300 0.17454258121158908 270846166
168778 300 0.1781172958735733 274815988
169078 300 0.1712902546093064 270337636
169378 300 0.17001018437225637 266417026
169678 300 0.16930851624231782 262988544
169978 300 0.1726841088674276 259576466
170278 300 0.1716790166812994 256574493
170578 300 0.171470412642669 256049558
170878 300 0.17318665496049165 256197196
171178 300 0.17819315188762072 272863886
171478 300 0.1740684811237928 277982003
171778 300 0.17048428446005268 267991832
172078 300 0.17075926251097454 264317286
172378 300 0.1672509218612818 263775946
172678 300 0.16563898156277435 258510192
172978 300 0.16776294995610183 254310711
173278 300 0.16893871817383668 253260840
173578 300 0.16794310798946444 253277244
173878 300 0.1785913959613696 262578438
174178 300 0.17804143985952592 264546945
174478 300 0.17704582967515362 259166360
174778 300 0.17657172958735734 258116490
175078 300 0.17396417910447762 257739193
175378 300 0.17608814749780508 256558089
175678 300 0.1748649692712906 253670946
175978 300 0.1759079894644425 252621076
176278 300 0.17655276558384547 252752310
176578 300 0.1824979806848112 266810728
176878 300 0.17097734855136085 264579754
177178 300 0.17128077260755045 253277244
177478 300 0.16989640035118525 253310053
177778 300 0.16677682177348552 253178819
178078 300 0.16769657594381035 253047585
178378 300 0.12453450395083406 150882090
178678 32 0.11990728709394205 150865686
178710 268 0.16686215978928884 253014777
178978 300 0.16563898156277435 253014777
179278 300 0.17220052677787534 253031181
179578 300 0.17632519754170325 269845509
179878 300 0.17365127304653205 269189340
180178 300 0.1679336259877085 260413081
180478 300 0.16631220368744512 259215573
180778 300 0.1644916593503073 258428170
181078 300 0.1686163301141352 257378300
181378 300 0.1715273046532046 256459663
181678 300 0.16835083406496926 256590897
181978 300 0.1781267778753292 269320574
182278 300 0.1763820895522388 270632911
182578 300 0.17039894644424938 260019380
182878 300 0.168900790166813 257788405
183178 300 0.1650700614574188 277850769
183478 300 0.16690956979806848 259609274
183778 133 0.06366953467954346 49602422
183911 57 0.10289657594381035 152276449
183968 110 0.1641692712906058 258838276
184078 300 0.16400807726075503 258707042
184378 300 0.16236769095697978 256738536
184678 300 0.16949815627743636 271567952
184978 300 0.16668200175592623 261462951
185278 300 0.1637141352063213 261052846
185578 300 0.16183669885864796 261069250
185878 300 0.15801545215100965 258313341
186178 300 0.16235820895522388 254376327
186478 300 0.11986935908691834 151407025
186778 44 0.12040983318700614 151407025
186822 256 0.15921966637401228 254245093
187078 300 0.15944723441615452 254622391
187378 300 0.17546233538191397 280885551
187678 300 0.17402107111501317 301489254
187978 300 0.168 289284512
188278 300 0.16658718173836698 267893406
188578 300 0.16270904302019315 266318601
188878 300 0.16122985074626864 266302197
189178 300 0.16050921861281828 266417026
189478 300 0.15551220368744512 266285793
189778 300 0.15840421422300263 264464924
190078 300 0.16803792800702372 258559404
190378 300 0.1734616330114135 272502993
190678 300 0.16381843722563652 280344211
190978 300 0.1602721685689201 269730679
191278 300 0.15870763827919224 269730679
191578 300 0.1631641791044776 267237238
191878 300 0.1590489903424056 264497733
192178 300 0.15784477611940298 257132237
192478 300 0.1575318700614574 256607302
192778 300 0.1637805092186128 256607302
193078 300 0.16891027216856894 262529226
193378 300 0.17239016681299388 270501678
193678 300 0.165041615452151 263710330
193978 300 0.16830342405618962 257263470
194278 300 0.17366075504828798 298864578
194578 300 0.1657148375768218 257525938
194878 300 0.1666345917471466 257657172
195178 300 0.1637805092186128 257525938
195478 300 0.1648614574187884 257279875
195778 300 0.16953608428446007 267237238
196078 300 0.17415381913959613 282739228
196378 300 0.17749148375768214 257673576
196678 300 0.17170746268656717 257542342
196978 300 0.16405548726953467 257542342
197278 300 0.16944126426690082 257542342
197578 300 0.1647192273924495 257427513
197878 300 0.1665492537313433 257263470
198178 300 0.16647339771729588 257263470
198478 300 0.1645011413520632 257279875
198778 300 0.17333836698858646 268943277
199078 300 0.17210570676031606 270386848
199378 300 0.17320561896400352 258313341
199678 148 0.169545566286216 258067278
199826 152 0.1666630377524144 258067278
199978 300 0.163372783143108 257657172
200278 300 0.16747848990342404 257657172
200578 300 0.16662510974539071 257657172
200878 300 0.16558208955223877 257542342
201178 300 0.16774398595259 257001003
201478 204 0.175841615452151 277211005
201682 96 0.17007655838454785 271567952
201778 284 0.1657243195785777 276833707
202062 16 0.16708972783143108 274865201
202078 53 0.16934644424934156 270124381
202131 247 0.16760175592625112 270124381
202378 300 0.1643399473222125 270124381
202678 300 0.16933696224758557 270009551
202978 300 0.16563898156277435 267384876
203278 300 0.16741211589113258 263972797
203578 300 0.1712238805970149 263316628
203878 300 0.16980158033362597 263447862
204178 300 0.1739926251097454 271059421
204478 300 0.16924214223002632 261610590
204778 300 0.16773450395083406 259248381
205078 300 0.1610971027216857 259248381
205378 300 0.16262370500438983 259527253
205678 300 0.16395118525021948 259527253
205978 300 0.16573380158033363 259527253
206278 300 0.16629323968393325 259543657
206578 300 0.17350904302019313 270829762
206878 300 0.172371202809482 263086969
207178 300 0.15944723441615452 259773316
207478 300 0.16052818261633015 259396020
207778 300 0.15815768217734855 256787748
208078 300 0.1581102721685689 256525281
208378 300 0.158489552238806 256525281
208678 300 0.16212115891132572 256508876
208978 300 0.1634770851624232 256804152
209278 300 0.17041791044776117 294468246
209578 300 0.16887234416154523 295518117
209878 300 0.17014293239683934 280442637
210178 300 0.16491834942932396 257870427
210478 300 0.16991536435469712 257870427
210778 300 0.16429253731343285 257722789
211078 300 0.16056611062335382 257722789
211378 300 0.15929552238805972 257575151
211678 300 0.16210219490781388 257460321
211978 300 0.1625857769973661 257443917
212278 300 0.17104372256365233 263086969
212578 300 0.17169798068481124 270698529
212878 300 0.16031009657594383 261774631
213178 300 0.15701984196663743 257181450
