402673 300 0.18271606672519752 164825679
402973 300 0.18014644424934154 162201003
403273 300 0.1819669885864794 160888665
403573 300 0.18835785776997366 162069769
403873 300 0.1892396839332748 166006782
404173 300 0.18802598770851625 164038276
404473 300 0.19084214223002632 159576327
404773 300 0.1885474978050922 171797473
405073 300 0.1937057067603161 157214119
405373 300 0.18723898156277438 156820418
405673 300 0.18766567164179107 156689184
405973 300 0.191268832309043 156426717
406273 300 0.20315926251097455 163644574
406573 300 0.20192660228270415 163250873
406873 300 0.198219139596137 156426717
407173 300 0.1963796312554873 156164249
407473 300 0.196929587357331 173093406
407773 300 0.19417980684811237 161544834
408073 300 0.19214117647058823 161413600
408373 300 0.19996382791922737 161151133
408673 300 0.20004916593503072 161151133
408973 300 0.20900965759438103 172059940
409273 300 0.20309288849868304 166810590
409573 300 0.20489446883230902 164825679
409873 300 0.19979315188762073 164694445
410173 300 0.20371870061457423 164710849
410473 300 0.19830447761194028 164185914
410773 300 0.19629429323968392 161692472
411073 300 0.20014398595259 159592732
411373 300 0.20065601404741001 160232496
411673 300 0.2134851624231782 175455615
411973 300 0.20332993854258122 178080290
412273 300 0.20181281826163303 167187886
412573 300 0.19926215978928885 167187886
412873 300 0.2032066725197542 166794185
413173 300 0.20439192273924495 163382107
413473 300 0.19849411764705885 158788925
413773 300 0.20141457418788414 158657691
414073 300 0.2097966637401229 178211524
414373 300 0.2094268656716418 175324381
414673 300 0.1996035118525022 167187886
414973 300 0.19905355575065847 179917563
415273 300 0.20204038630377522 165219380
415573 300 0.2003715539947322 165088146
415873 300 0.19867427568042142 165350614
416173 300 0.20858296751536437 164071084
416473 300 0.20887690956979807 175357189
416773 300 0.20146198419666375 165252188
417073 300 0.20193608428446005 165120954
417373 300 0.20488498683055312 164858487
417673 300 0.20270412642669006 161183941
417973 300 0.20746409130816504 156197058
418273 300 0.20892431957857768 155803356
418573 300 0.20775803336259877 156197058
418873 300 0.22281545215100965 161315175
419173 300 0.22412396839332752 172863747
419473 300 0.20720807726075507 167614396
419773 300 0.20769165935030726 167630800
420073 300 0.21207234416154522 167630800
420373 300 0.24863494293239685 167122270
420673 300 0.380776119402985 164612424
420973 300 0.2832442493415277 161594047
421273 300 0.2166237050043898 160281709
421573 300 0.2203880597014925 170501539
421873 300 0.21780895522388063 181279113
422173 300 0.21506865671641792 168139332
422473 300 0.20882949956101846 168008098
422773 300 0.21274556628621596 165006125
423073 300 0.21188270412642668 162496279
423373 300 0.2096449517120281 161430004
423673 300 0.21528674275680423 159067797
423973 300 0.22575487269534678 159592732
424273 300 0.23154837576821774 170764007
424573 300 0.23760737489025463 183477279
424873 300 0.22717717295873574 183477279
425173 300 0.21740122914837579 169714137
425473 300 0.21281194029850747 167220695
425773 300 0.21797014925373134 167204290
426073 300 0.2143290605794557 167204290
426373 300 0.21446180860403863 165760719
426673 300 0.21453766461808602 165235784
426973 300 0.22053977172958739 163923446
427273 300 0.22243617208077263 168516628
427573 300 0.2209095697980685 179277798
427873 300 0.22205689201053552 172978577
428173 300 0.21633924495171206 165613081
428473 300 0.21501176470588237 179523862
428773 300 0.2170124670763828 166531717
429073 300 0.22449376646180863 164431977
429373 300 0.2209190517998244 160494964
429673 300 0.21207234416154522 157345353
429973 300 0.22952870939420544 163398511
430273 300 0.22265425812115894 164038276
430573 300 0.21873819139596135 157886692
430873 300 0.22360245829675152 157886692
431173 300 0.21703143107989467 157886692
431473 300 0.20916136962247583 158017926
431773 300 0.19953713784021068 157755459
432073 300 0.2024955223880597 157886692
432373 300 0.2160073748902546 157886692
432673 300 0.21329552238805974 157755459
432973 300 0.22267322212467072 167335524
433273 300 0.2113422300263389 173503512
433573 300 0.20980614574187884 168762692
433873 300 0.21038454784899033 168631458
434173 300 0.20578577699736614 167204290
434473 300 0.20550131694468832 166023187
434773 300 0.20251448639157155 163004810
435073 300 0.20786233538191393 160642602
435373 300 0.21322914837576823 162742342
435673 300 0.21826409130816507 168779096
435973 300 0.21665215100965757 160117667
436273 300 0.2051220368744513 160101262
436573 300 0.20208779631255486 159970029
436873 300 0.20153784021071117 159707561
437173 300 0.20417383669885864 159707561
437473 300 0.19618050921861285 159822391
437773 300 0.1995276558384548 159970029
438073 300 0.2069805092186128 160101262
438373 300 0.20901913959613694 175340785
438673 300 0.20215417032484637 179671500
438973 300 0.2174676031606673 169582903
439273 300 0.20147146619841966 169304031
439573 300 0.19922423178226514 169435265
439873 300 0.19497629499561017 169304031
440173 300 0.20782440737489027 169304031
440473 300 0.1981338015803336 169172797
440773 300 0.20186022827041264 169172797
441073 300 0.2055771729587357 176899186
441373 300 0.21229043020193153 184937255
441673 300 0.19597190517998245 174963488
441973 300 0.1996793678665496 168008098
442273 300 0.20023880597014926 179031735
442573 300 0.2016611062335382 164464786
442873 300 0.20329201053555748 162348641
443173 300 0.1975459174714662 161954940
443473 300 0.19712870939420543 161823706
443773 300 0.2014525021949078 161823706
444073 300 0.2058521510096576 174815850
444373 300 0.2096449517120281 164596020
444673 300 0.20070342405618966 164464786
444973 300 0.19452115891132574 162086173
445273 300 0.19198946444249343 161840110
445573 300 0.1959150131694469 162233811
445873 300 0.18994135206321336 161987748
446173 300 0.19235926251097454 160806644
446473 300 0.1969011413520632 159363072
446773 300 0.20164214223002633 173536320
447073 300 0.19117401229148379 179310607
447373 300 0.19302300263388938 169861774
447673 300 0.1815877085162423 169746945
447973 300 0.18309534679543463 169714137
448273 300 0.18167304653204566 168401799
448573 300 0.18478314310798943 159871603
448873 300 0.18472625109745391 158969371
449173 300 0.19701492537313434 160412943
449473 300 0.1967209833187006 176423464
449773 300 0.19587708516242316 165268593
450073 300 0.1869640035118525 159609136
450373 300 0.18937243195785775 159609136
