2286082 300 0.20709429323968392 261741823
2286382 300 0.20086461808604036 261889461
2286682 300 0.20450570676031607 261741823
2286982 300 0.2107922739244952 264875029
2287282 300 0.2237352063213345 270173593
2287582 300 0.21334293239683935 261774631
2287882 300 0.21347568042142231 261364526
2288182 300 0.2148410886742757 261102058
2288482 300 0.20750201931518875 261102058
2288782 300 0.20970184372256365 261102058
2289082 300 0.21215768217734854 261102058
2289382 300 0.21157928007023707 261102058
2289682 300 0.21941141352063215 269238553
2289982 300 0.21374117647058824 263447862
2290282 300 0.20839332748024583 260954421
2290582 300 0.21046040386303774 260954421
2290882 300 0.20714170324846357 260691953
2291182 300 0.20287480245829673 260724762
2291482 300 0.20784337137840214 260708357
2291782 300 0.21239473222124672 261512164
2292082 300 0.22248358208955224 277243813
2292382 300 0.2190795434591747 267270046
2292682 300 0.21342827041264267 261495760
2292982 300 0.20756839332748026 267155217
2293282 238 0.15644143985952588 156918843
2293520 6 0.15644143985952588 156935248
2293526 7 0.15644143985952588 156935248
2293533 1 0.15644143985952588 156935248
2293534 48 0.15968428446005267 164235126
2293582 300 0.150515188762072 164399169
2293882 300 0.15000316066725197 164399169
2294182 300 0.1548294995610184 166761377
2294482 300 0.164785601404741 164546807
2294782 300 0.15147287093942055 164431977
2295082 300 0.15089446883230903 164563211
2295382 300 0.15294258121158913 164546807
2295682 300 0.14992730465320456 164546807
2295982 300 0.15583459174714662 164546807
2296282 300 0.15772151009657592 164546807
2296582 300 0.15612853380158034 164661636
2296882 300 0.16488042142230028 203654472
2297182 300 0.15788270412642672 190957605
2297482 300 0.1590774363476734 164973316
2297782 300 0.16107813871817384 164973316
2298082 300 0.1580249341527656 164989721
2298382 300 0.15423213345039508 164842083
2298682 300 0.16213064091308166 164563211
2298982 300 0.15570184372256365 164563211
2299282 300 0.16427357330992098 164431977
2299582 300 0.16252888498683055 164431977
2299882 300 0.16013942054433714 164431977
2300182 300 0.1552467076382792 164431977
2300482 300 0.161959964881475 165481848
2300782 300 0.17368920105355576 180458902
2301082 300 0.16352449517120285 164481190
2301382 300 0.15700087796312556 164464786
2301682 300 0.16361931518876208 164448381
2301982 300 0.1599687445127305 164464786
2302282 300 0.15505706760316068 164333552
2302582 300 0.15914381035996486 164317147
2302882 300 0.15852748024582966 164317147
2303182 300 0.16457699736611062 180869008
2303482 300 0.15887831431079896 164710849
2303782 300 0.15715258999122036 164448381
2304082 300 0.1570482879719052 164317147
2304382 300 0.15367269534679542 163923446
2304682 300 0.16398911325724322 163792212
2304982 300 0.16430201931518876 163775808
2305282 300 0.16306935908691836 163792212
2305582 300 0.17221000877963125 166400484
2305882 300 0.16598981562774365 168910330
2306182 300 0.16127726075504828 164317147
2306482 300 0.16373309920983317 164317147
2306782 300 0.16169446883230904 164169510
2307082 300 0.15614749780509218 164169510
2307382 300 0.1552941176470588 164169510
2307682 300 0.1535209833187006 164185914
2307982 300 0.1562612818261633 164349956
2308282 300 0.17028516242317823 200980584
2308582 300 0.16835083406496926 198880844
2308882 300 0.16537348551360845 164481190
2309182 300 0.16192203687445125 164349956
2309482 300 0.16099280070237046 164349956
2309782 300 0.15754135206321335 164349956
2310082 300 0.157588762071993 164218722
2310382 300 0.16225390693590871 164087488
2310682 300 0.1613436347673398 164743657
2310982 300 0.17147989464442495 181016646
2311282 300 0.16216856892010534 164743657
2311582 300 0.16392273924495174 164103893
2311882 300 0.16155223880597014 164103893
2312182 300 0.15942827041264268 164103893
2312482 300 0.1606988586479368 164103893
2312782 300 0.15777840210711153 164103893
2313082 300 0.16268059701492535 166859802
2313382 300 0.16346760316066727 169746945
2313682 300 0.1594756804214223 164382765
2313982 300 0.15423213345039508 164513998
2314282 300 0.16115399473222125 164513998
2314582 300 0.15622335381913957 164382765
2314882 300 0.1585369622475856 164382765
2315182 300 0.1591058823529412 164513998
2315482 300 0.165942405618964 165038934
2315782 300 0.17347111501316947 179884755
2316082 300 0.16860684811237928 167023844
2316382 300 0.1650985074626866 164382765
2316682 300 0.16844565408252854 180262051
2316982 300 0.16194100087796312 164366360
2317282 300 0.16520280948200175 164251531
2317582 300 0.16543037752414397 164251531
2317882 300 0.1724660228270413 165038934
2318182 300 0.17573731343283583 168828309
2318482 300 0.1723048287971905 164366360
2318782 300 0.1629460930640913 164382765
2319082 300 0.1645011413520632 178031077
2319382 300 0.16672941176470588 164513998
2319682 300 0.16692853380158032 164513998
2319982 300 0.1686163301141352 164366360
2320282 300 0.17344266900790167 164235126
2320582 300 0.17037050043898153 170665582
2320882 300 0.17457102721685688 164235126
2321182 300 0.17173590869183494 164120297
2321482 300 0.1598739244951712 163972659
2321782 300 0.16592344161545214 164005467
2322082 300 0.16929903424056192 163989063
2322382 300 0.1724565408252853 164005467
2322682 300 0.1752252853380158 164005467
2322982 300 0.17297805092186128 164530402
2323282 300 0.18445127304653205 200357224
2323582 300 0.1772070237050044 182640664
2323882 300 0.17733028972783144 164924104
2324182 300 0.1694697102721686 164678040
2324482 300 0.17020930640913082 177670185
2324782 300 0.1729211589113257 164661636
2325082 300 0.1738883230904302 164645232
2325382 300 0.17176435469710272 164661636
2325682 300 0.1779086918349429 164792870
2325982 300 0.18292467076382793 170567156
2326282 300 0.1846883230904302 164792870
2326582 300 0.17757682177348552 164809274
2326882 300 0.1790465320456541 164645232
2327182 300 0.17096786654960494 164661636
2327482 300 0.17737769973661108 164792870
2327782 300 0.17362282704126428 164792870
2328082 300 0.18392976294995608 165842740
2328382 300 0.19091799824407374 179884755
2328682 300 0.18358841088674277 164399169
2328982 300 0.18117050043898156 164382765
2329282 300 0.18520983318700615 164382765
2329582 300 0.1862433713784021 164399169
2329882 300 0.18817769973661108 164267935
2330182 300 0.18589253731343286 164267935
2330482 300 0.19805794556628623 167417545
2330782 300 0.20640210711150134 169796158
2331082 300 0.197185601404741 164513998
2331382 300 0.19326953467954347 164792870
2331682 300 0.19077576821773487 164792870
2331982 300 0.18883195785777 164792870
2332282 300 0.20510307287093943 164792870
2332582 300 0.22092853380158037 165563868
2332882 300 0.23223107989464442 179474649
2333182 300 0.2384702370500439 165038934
2333482 300 0.1982949956101844 165038934
2333782 300 0.2101095697980685 165038934
2334082 300 0.2194588235294118 165022529
2334382 300 0.23918138718173837 165038934
2334682 300 0.22205689201053552 165038934
2334982 300 0.25694117647058823 166220037
2335282 300 0.304284811237928 179097352
2335582 300 0.27631290605794556 165301401
2335882 300 0.2634647936786655 165301401
2336182 300 0.2972776119402985 165432635
2336482 300 0.27920491659350305 165957570
2336782 300 0.33226619841966637 165957570
2337082 300 0.31955083406496926 165973974
2337382 300 0.370763125548727 169123585
2337682 300 0.4191877085162423 201538328
2337982 300 0.3979859525899912 182919535
2338282 300 0.38470166812993856 168615054
2338582 300 0.39868762071992975 168877521
2338882 300 0.4049362598770851 169008755
2339182 300 0.40919367866549605 168992351
2339482 300 0.41661808604038625 168992351
2339782 300 0.41926356453028973 168861117
2340082 300 0.41855241439859525 168992351
2340382 300 0.43971624231782264 184084236
2340682 300 0.4339891132572432 176735144
2340982 300 0.37117085162423175 169386052
2341282 300 0.38381035996488144 169517286
2341582 300 0.43083160667251974 169386052
2341882 300 0.43377102721685684 169648520
2342182 300 0.43976365232660225 169500882
2342482 300 0.4477474978050922 169369648
2342782 300 0.44444776119402984 171354559
2343082 300 0.4393464442493415 182903131
2343382 300 0.44477963125548725 169910988
2343682 300 0.44121439859525896 170042221
2343982 300 0.4428642669007902 170042221
2344282 300 0.43548726953467953 170304688
2344582 300 0.4466381035996488 170698390
2344882 300 0.4468087796312554 170829624
2345182 300 0.4424375768217735 170960857
2345482 300 0.44072133450395085 178703650
2345782 300 0.44368920105355575 170681986
2346082 300 0.44654328358208956 170681986
2346382 300 0.4454149253731343 170813220
2346682 300 0.4372888498683055 170681986
2346982 300 0.4438503950834065 170829624
2347282 300 0.44347111501316944 171075687
2347582 300 0.4479276558384548 171354559
2347882 300 0.440446356453029 187233846
2348182 300 0.4411764705882352 171617026
2348482 300 0.44419174714661985 171485793
2348782 300 0.44123336259877083 171502197
2349082 300 0.44545285338015805 171502197
2349382 300 0.44582265144863914 171485793
2349682 300 0.43579069359086914 171469389
2349982 300 0.44946374012291485 171469389
2350282 300 0.439289552238806 171469389
2350582 300 0.44098683055311677 207427443
2350882 300 0.44354697102721685 197863782
2351182 300 0.4427978928884987 172010728
2351482 300 0.4358570676031606 172010728
2351782 300 0.4425039508340649 172010728
2352082 300 0.4418402107111501 172010728
2352382 300 0.43401755926251095 172027132
2352682 300 0.44582265144863914 172027132
2352982 300 0.4491413520632133 172141962
2353282 300 0.44724495171202805 173323066
2353582 300 0.43862581211589113 192220729
2353882 300 0.4405601404741 181574389
2354182 300 0.4433383669885865 181443156
2354482 300 0.444950307287094 181459560
2354782 300 0.4463726075504829 181590793
2355082 300 0.4453201053555751 181590793
2355382 300 0.4459364354697103 181590793
2355682 300 0.4478138718173837 181459560
2355982 300 0.44705531167690954 181869666
2356282 300 0.43707076382791926 197076379
2356582 300 0.4444951712028094 182263366
2356882 300 0.44368920105355575 182263366
2357182 300 0.4418212467076383 182263366
2357482 300 0.44170746268656713 182263366
2357782 300 0.44461843722563654 182246962
2358082 300 0.4399153643546971 182246962
2358382 300 0.45121791044776116 182263366
2358682 300 0.45148340649692714 183428067
2358982 300 0.4393369622475856 188414950
2359282 300 0.44349007901668125 182132133
2359582 300 0.4399627743634767 182000899
2359882 300 0.4477380158033363 182000899
2360182 300 0.4457278314310799 182000899
2360482 300 0.43839824407374894 182000899
2360782 300 0.4419350307287094 182000899
2361082 300 0.45180579455662856 183165599
2361382 300 0.44692256365232663 198782418
2361682 300 0.444561545215101 182509430
2361982 300 0.4456993854258121 182509430
2362282 300 0.4451209833187006 182509430
2362582 300 0.43708024582967514 182509430
2362882 300 0.4437935030728709 182509430
2363182 300 0.44277892888498677 182525834
2363482 300 0.4452726953467955 182525834
2363782 300 0.4440969271290606 183296833
2364082 300 0.44501668129938543 196157743
2364382 300 0.44023775241439855 182246962
2364682 300 0.4518437225636523 182246962
2364982 300 0.43918525021949073 182378196
2365282 300 0.4482405618964003 182115729
2365582 300 0.44931202809482 181984495
2365882 300 0.4417548726953468 182132133
2366182 300 0.44611659350307287 182148537
2366482 300 0.4463915715539947 182148537
2366782 300 0.4388533801580334 205360512
2367082 300 0.4428927129060579 210084927
2367382 300 0.44076874451273046 182919535
2367682 300 0.4508670763827919 183050769
2367982 300 0.4453864793678665 182788302
2368282 300 0.4519385425812116 182903131
2368582 300 0.44606918349429325 181197092
2368882 300 0.4430444249341528 179901159
2369182 300 0.45001369622475856 176882782
2369482 300 0.4504783143107989 176505484
2369782 300 0.4436228270412643 191974666
2370082 300 0.44240913081650574 175718082
2370382 300 0.44782335381913957 175964145
2370682 300 0.4548021071115013 176111784
2370982 300 0.45060158033362596 176653123
2371282 300 0.46041545215100965 176767952
2371582 300 0.45089552238805963 176751548
2371882 300 0.4545081650570676 176751548
2372182 300 0.457419139596137 178457587
2372482 300 0.4549158911325724 184494341
2372782 300 0.45502967515364356 178851288
2373082 300 0.45724846356453025 178851288
2373382 300 0.45221352063213344 178736459
2373682 300 0.4554942932396839 178769268
2373982 300 0.4534366988586479 178752863
2374282 300 0.45519086918349433 178769268
2374582 300 0.45453661106233534 180081605
2374882 300 0.4575708516242317 186758124
2375182 300 0.4519290605794556 179031735
2375482 300 0.45301000877963127 179015331
2375782 300 0.4610223002633889 178884097
2376082 300 0.45458402107111495 178867693
2376382 300 0.45357892888498685 178884097
2376682 300 0.4526686567164179 178884097
2376982 300 0.4569829675153644 177309292
2377282 300 0.459334503950834 177194462
2377582 300 0.4577604916593503 186249592
2377882 300 0.4568122914837576 179031735
2378182 300 0.4547546971027217 179031735
2378482 300 0.45503915715539944 179031735
2378782 300 0.4586897278314311 178900501
2379082 300 0.4522988586479368 177981865
2379382 300 0.4540435469710272 177588163
2379682 300 0.45776997366110617 177588163
2379982 300 0.4573148375768218 177620972
2380282 300 0.4555985952589991 177604567
2380582 300 0.4555985952589991 177604567
2380882 300 0.45306690079016676 177620972
2381182 300 0.45969482001755924 177079632
2381482 300 0.45511501316944686 176817165
2381782 300 0.45400561896400354 176833569
2382082 300 0.45495381913959615 176833569
2382382 300 0.4556839332748024 176833569
2382682 300 0.4475578577699737 176931994
2382982 300 0.454849517120281 176931994
2383282 300 0.45287726075504825 176964803
2383582 300 0.4533703248463564 176948398
2383882 300 0.45348410886742757 176948398
2384182 300 0.4561485513608428 176948398
2384482 300 0.4570493415276558 176948398
2384782 300 0.45452712906057946 176931994
2385082 300 0.4535030728709394 176948398
2385382 300 0.4573243195785777 176948398
2385682 300 0.4677734855136084 213037687
2385982 300 0.4470837576821774 222486519
2386282 300 0.4469510096575943 189415608
2386582 300 0.4510661984196664 187955632
2386882 300 0.44934047410008776 187972036
2387182 300 0.45641404741000874 187955632
2387482 300 0.45471676909569797 187972036
2387782 300 0.4511325724319578 188103270
2388082 300 0.45647093942054434 187988440
2388382 300 0.4457373134328358 187972036
2388682 300 0.46014995610184367 190727946
2388982 300 0.45760877963125546 203178750
2389282 300 0.4584147497805092 188496971
2389582 300 0.45111360842844606 187709568
2389882 300 0.4627006145741879 187840802
2390182 300 0.461401580333626 187693164
2390482 300 0.45156874451273044 187693164
2390782 300 0.44654328358208956 187693164
2391082 300 0.4591164179104477 186249592
2391382 300 0.4476242317822651 184691191
2391682 300 0.46000772607550483 189940543
2391982 300 0.4520618086040386 187447101
2392282 300 0.4583578577699737 185216127
2392582 300 0.45851905179982433 185478594
2392882 300 0.4488 185478594
2393182 300 0.45906900790166816 185478594
2393482 300 0.45710623353819135 185609828
2393782 300 0.4534082528533801 185478594
2394082 300 0.4538349429323968 185101297
2394382 300 0.4608231782265145 199389375
2394682 300 0.45558911325724316 190842775
2394982 300 0.45892677787532926 184822425
2395282 300 0.45611062335381913 184838830
2395582 300 0.4566890254609306 184838830
2395882 267 0.4518247585601405 184970064
2396149 1 0.4518247585601405 184970064
2396150 32 0.46435996488147496 195862467
2396182 300 0.4157931518876207 249668316
2396482 300 0.20674345917471468 335101505
2396782 300 0.19488147497805092 280377019
2397082 300 0.1969011413520632 280377019
2397382 300 0.19780193151887623 280377019
2397682 300 0.198219139596137 280245786
2397982 300 0.1992052677787533 277883578
2398282 300 0.2030549604916594 276702474
2398582 300 0.1985320456540825 277096175
2398882 300 0.2054633889376646 318172347
2399182 300 0.19615206321334505 278277279
2399482 300 0.20461000877963126 277473472
2399782 300 0.20830798946444248 277604706
2400082 300 0.2030549604916594 276948537
2400382 300 0.20612712906057945 276571240
2400682 300 0.20619350307287096 276440006
2400982 300 0.20479964881474977 276308772
2401282 300 0.20427813871817382 276308772
2401582 300 0.20660122914837578 278539747
2401882 300 0.2147747146619842 290071915
2402182 300 0.20830798946444248 282476760
2402482 300 0.21061211589113255 276702474
2402782 300 0.20326356453028974 276440006
2403082 300 0.20612712906057945 276702474
2403382 300 0.19464442493415277 277621110
2403682 300 0.18599683933274805 277227409
2403982 300 0.19302300263388938 277096175
2404282 300 0.20012502194907814 276964941
2404582 300 0.20374714661984197 292466931
2404882 300 0.20134820017559263 282214293
2405182 300 0.20111115013169448 276440006
2405482 300 0.19817172958735735 276440006
2405782 300 0.20148094820017556 276440006
2406082 300 0.19578226514486388 276440006
2406382 300 0.19767866549604915 276440006
2406682 300 0.20171799824407374 276440006
2406982 300 0.20637366110623356 276981346
2407282 300 0.21064056189640037 298356047
2407582 300 0.20972080772607551 292056826
2407882 300 0.20322563652326603 285888838
2408182 300 0.20146198419666375 285757605
2408482 300 0.2072649692712906 286003668
2408782 300 0.2016611062335382 283018099
2409082 300 0.20430658472344163 275504965
2409382 300 0.20157576821773485 273831735
2409682 300 0.20101633011413525 274192628
2409982 300 0.20586163301141353 273667693
2410282 300 0.19648393327480246 271305484
2410582 300 0.20303599648814752 271453123
2410882 300 0.1990251097453907 271453123
2411182 300 0.20035258999122038 271453123
2411482 300 0.19722352941176471 271305484
2411782 300 0.20863037752414398 300685447
2412082 300 0.2058900790166813 318926941
2412382 300 0.20361439859525898 304376397
2412682 300 0.2060417910447761 284297629
2412982 300 0.20403160667251974 284412458
2413282 300 0.2034342405618964 284281224
2413582 300 0.20448674275680423 283772694
2413882 300 0.20899069359086916 280623083
2414182 300 0.20645899912203686 276686070
2414482 300 0.20365232660228272 274586329
2414782 300 0.22394381035996486 280754317
2415082 300 0.22741422300263392 275111264
2415382 300 0.2186907813871817 272224121
2415682 300 0.21805548726953464 272224121
2415982 300 0.21801755926251098 272486589
2416282 300 0.2170029850746269 272224121
2416582 300 0.21436698858647935 272092887
2416882 300 0.21728744512730463 273273991
2417182 300 0.22931062335381913 293254334
2417482 300 0.22125092186128184 289235299
2417782 300 0.21288779631255486 285085032
2418082 300 0.21105776997366107 284838968
2418382 300 0.21392133450395082 279327150
2418682 300 0.2097113257243196 277998408
2418982 300 0.2055771729587357 277604706
2419282 300 0.2203027216856892 275636199
2419582 300 0.22237928007023708 275997092
