607382 300 0.3417102721685689 165891953
607682 300 0.3428860403863038 162086173
607982 300 0.3314886742756804 162479875
608282 300 0.3417482001755926 162873576
608582 300 0.3535817383669886 171666239
608882 300 0.34105601404741 166400484
609182 300 0.32830272168568925 162725938
609482 300 0.33435223880597015 162725938
609782 300 0.32584688323090427 162725938
610082 300 0.31892502194907807 162725938
610382 300 0.3267097453906936 162332237
610682 300 0.3335841966637401 162332237
610982 300 0.35121123792800696 181902474
611282 300 0.35240597014925373 189514033
611582 300 0.338742405618964 179540266
611882 300 0.33152660228270414 173765980
612182 300 0.35086040386303774 172847343
612482 300 0.34025952589991215 169960200
612782 300 0.3324748024582968 169960200
613082 300 0.32918454784899037 169960200
613382 300 0.33478841088674277 167712822
613682 300 0.35275680421422295 180967433
613982 300 0.3482907813871818 178998927
614282 300 0.32830272168568925 163382107
614582 300 0.33916909569798065 159067797
614882 297 0.2452972783143108 80343934
615179 1 0.2452972783143108 80360338
615180 2 0.2452972783143108 80360338
615182 7 0.26572151009657596 80491572
615189 4 0.26572151009657596 80475168
615193 1 0.26572151009657596 80475168
615194 176 0.26799719051799825 87528984
615370 1 0.26799719051799825 87528984
615371 111 0.2827132572431958 101899082
615482 300 0.2948502194907814 151620280
615782 300 0.32005338015803336 156164249
616082 300 0.3137099209833187 156295483
616382 300 0.30867497805092187 156311887
616682 300 0.3086180860403863 156705589
616982 300 0.2952484635645303 157640629
617282 300 0.30145917471466194 157378162
617582 300 0.3044554872695347 157246928
617882 300 0.2951346795434592 157903097
618182 300 0.30693028972783143 165383422
618482 300 0.31240140474100087 180212839
618782 300 0.3006721685689201 176439868
619082 300 0.2975620719929763 169353244
619382 300 0.2942907813871818 169090776
619682 300 0.29785601404741 169369648
619982 300 0.297723266022827 169369648
620282 300 0.3045787532923618 166876206
620582 300 0.29954381035996486 165301401
620882 300 0.305308867427568 172519258
621182 300 0.2883929762949956 176325038
621482 300 0.1910791922739245 169369648
621782 300 0.15536997366110625 165957570
622082 300 0.15579666374012294 180524519
622382 300 0.15422265144863917 169123585
622682 300 0.1562707638279192 168467416
622982 300 0.1612014047410009 162168195
623282 300 0.15994978050921863 161118324
623582 300 0.16516488147497801 174241702
623882 300 0.16461492537313432 164530402
624182 300 0.16227287093942053 164546807
624482 300 0.16163757682177352 161790897
624782 300 0.15899209833187006 160626198
625082 300 0.15323652326602286 160593389
625382 300 0.1562707638279192 160609794
625682 300 0.15198489903424056 160593389
625982 300 0.1543648814749781 163136044
626282 300 0.16520280948200175 183854576
626582 300 0.15628972783143108 178752863
626882 300 0.15305636523266022 173880809
627182 300 0.1555406496927129 172962172
627482 300 0.15848007023705005 182919535
627782 300 0.15461141352063215 170321093
628082 300 0.15646988586479366 170321093
628382 300 0.1543364354697103 170321093
628682 300 0.155654433713784 170321093
628982 300 0.16866374012291485 187512718
629282 300 0.16692853380158032 169779754
629582 300 0.15968428446005267 169927392
629882 300 0.15401404741000876 168615054
630182 300 0.1594093064091308 166777781
630482 300 0.1544502194907814 167171482
630782 300 0.15446918349429326 166777781
631082 300 0.15454503950834067 166515313
631382 300 0.16039543459174713 165071742
631682 300 0.16647339771729588 178588821
631982 300 0.1630978050921861 165613081
632282 300 0.1588972783143108 159297456
632582 300 0.14774644424934152 159034988
632882 300 0.14768007023705007 159166222
633182 300 0.15081861281826162 159067797
633482 300 0.15246848112379283 159051392
633782 300 0.15048674275680424 159182626
634082 300 0.15016435469710274 159182626
634382 300 0.15537945566286218 165219380
634682 300 0.16162809482001758 178736459
634982 300 0.15416575943810357 177834226
635282 300 0.14669394205443373 172962172
635582 300 0.14306233538191396 172552067
635882 300 0.15306584723441616 185429382
636182 300 0.15384337137840212 166941823
636482 300 0.1534546093064091 166662951
636782 300 0.1496428446005268 166548122
637082 300 0.15117892888498685 166400484
637382 300 0.15593889376646183 172962172
637682 300 0.15967480245829677 176259421
637982 300 0.15445970149253732 170206263
638282 300 0.14445618964003512 167040249
638582 300 0.14394416154521508 166006782
638882 300 0.14709218612818262 165990378
639182 300 0.1503350307287094 166121612
639482 300 0.15356839332748023 164940508
639782 300 0.15516136962247587 162184599
640082 300 0.15215557506584723 160347326
640382 300 0.16177032484635645 179409032
640682 300 0.16185566286215983 180048796
640982 300 0.15668797190517997 173618341
641282 300 0.15670693590869184 186725315
641582 300 0.15115996488147498 167712822
641882 300 0.15360632133450397 163775808
642182 300 0.15370114135206325 163890638
642482 300 0.1549527655838455 164284339
642782 300 0.1582714661984197 174668212
643082 300 0.16428305531167692 160101262
643382 300 0.1551329236172081 160101262
643682 300 0.1504488147497805 159970029
643982 300 0.15831887620719928 160101262
644282 300 0.1550665496049166 160232496
644582 300 0.154241615452151 160101262
644882 300 0.15640351185250223 159970029
645182 300 0.1519943810359965 159838795
645482 300 0.16767761194029848 171518601
645782 300 0.16177980684811238 171535005
646082 300 0.15618542581211592 159445093
646382 300 0.15409938542581214 159445093
646682 300 0.15593889376646183 159313860
646982 300 0.1555690956979807 159182626
647282 300 0.1556828797190518 159182626
647582 300 0.16200737489025463 159182626
647882 300 0.1588972783143108 161676068
648182 300 0.16848358208955225 167597992
648482 300 0.1582050921861282 159313860
648782 300 0.15768358208955227 158788925
649082 300 0.1589731343283582 158805329
649382 300 0.15566391571553995 158936563
649682 300 0.155142405618964 158936563
649982 300 0.15107462686567164 158936563
650282 300 0.15762669007901667 159445093
650582 300 0.16484249341527657 181246305
650882 300 0.16037647058823526 178473991
651182 300 0.15169095697980683 172601280
651482 300 0.15351150131694472 171928707
651782 300 0.15726637401229152 169320435
652082 300 0.15449762949956103 167351929
652382 300 0.1520323090430202 166170825
652682 300 0.15172888498683054 166039591
652982 300 0.1558630377524144 167220695
653282 300 0.16414082528533805 185970721
653582 300 0.16078419666374014 185445786
653882 300 0.15905847234416157 168122927
654182 300 0.1575318700614574 167876864
654482 300 0.16165654082528533 167614396
654782 300 0.15705776997366108 167597992
655082 300 0.15722844600526778 164317147
655382 300 0.15810079016681297 164218722
655682 300 0.1610402107111501 165383422
655982 300 0.16926110623353818 184806021
656282 300 0.16308832309043023 178900501
656582 300 0.1627943810359965 171157708
656882 300 0.16566742756804215 170239072
657182 300 0.16268059701492535 166958227
657482 300 0.16306935908691836 166433292
657782 300 0.24274661984196663 166564526
658082 300 0.44139455662862165 166958227
658382 300 0.4686647936786655 167499567
658682 300 0.48682282704126423 178391970
658982 300 0.5037766461808604 182197750
659282 300 0.5042791922739245 176554698
659582 300 0.5085840210711149 176817165
659882 300 0.49639964881474974 191121646
660182 300 0.49369727831431076 176554698
660482 300 0.5016052677787532 176685931
660782 300 0.5036344161545215 176554698
661082 300 0.49705390693590873 176817165
661382 300 0.5022690079016682 176685931
661682 300 0.5130690079016681 181393943
661982 300 0.5315020193151887 182328984
662282 300 0.517335908691835 173930022
662582 300 0.5105278314310798 173536320
662882 300 0.5354370500438982 174192489
663182 300 0.5196684811237928 172338812
663482 300 0.5238974539069359 171813877
663782 300 0.5338156277436347 171830281
664082 300 0.5241155399473222 171813877
664382 300 0.5310184372256365 171699048
664682 300 0.5368972783143108 175619656
664982 300 0.5524856892010535 186790932
665282 300 0.5245517120280948 183247620
665582 300 0.5262869183494293 178408374
665882 300 0.5205123792800702 177079632
666182 300 0.4420298507462686 174733828
666482 300 0.27858858647936785 174323723
666782 300 0.427702546093064 171830281
667082 300 0.2775834942932397 171190516
667382 300 0.3421843722563652 170157051
667682 300 0.3889306409130816 187201038
667982 300 0.22848568920105353 170796816
668282 300 0.19494784899034243 161216749
668582 300 0.23795820895522388 161200345
668882 300 0.18722001755926254 161200345
669182 300 0.18459350307287092 161331579
669482 300 0.1904628621597893 161347983
669782 300 0.18650886742756806 161347983
670082 300 0.1871062335381914 161610451
670382 300 0.18640456540825281 161479217
670682 300 0.18653731343283583 177735801
670982 300 0.18803546971027219 166859802
671282 300 0.18989394205443372 166728568
671582 300 0.18945776997366112 166597335
671882 300 0.20452467076382794 165547464
672182 300 0.20667708516242317 179064543
672482 300 0.20122493415276557 167778438
672782 300 0.1891733099209833 166859802
673082 300 0.18980860403863037 166728568
673382 300 0.19401861281826163 166203633
673682 300 0.1884906057945566 160970686
673982 300 0.18651834942932397 160429347
674282 300 0.19180930640913083 160429347
674582 300 0.18640456540825281 160298113
674882 300 0.19999227392449517 176439868
675182 300 0.18977067603160666 182345388
675482 300 0.1900077260755048 173044194
675782 300 0.18482107111501317 172634088
676082 300 0.1915532923617208 172765322
676382 300 0.18894574187884108 172765322
676682 300 0.18317120280948201 172650492
676982 300 0.1839961369622476 171321750
677282 300 0.18946725197541703 166318463
677582 300 0.199755223880597 180114414
677882 300 0.19495733099209836 182082920
678182 300 0.19319367866549605 167647204
678482 300 0.18910693590869185 166974631
678782 300 0.19005513608428445 166876206
679082 300 0.1896758560140474 164251531
679382 300 0.19163863037752418 163989063
679682 300 0.18892677787532922 163726596
679982 300 0.18843371378402107 161265962
680282 300 0.19694855136084286 179491053
680582 300 0.19553573309920982 184986468
680882 300 0.18820614574187886 173306661
681182 300 0.18669850746268657 173175427
681482 300 0.18464091308165057 173044194
681782 300 0.18935346795434596 173060598
682082 300 0.18517190517998242 170550752
682382 300 0.18758981562774363 166613739
682682 300 0.19215065847234417 166351271
682982 300 0.21511606672519756 166367676
683282 300 0.5269411764705881 170813220
683582 300 0.24781000877963122 182903131
683882 300 0.5486265144863915 173191832
684182 300 0.5063178226514485 172273195
684482 300 0.5504849868305531 172404429
684782 300 0.5529123792800702 170550752
685082 300 0.5567431079894645 170157051
685382 300 0.540851273046532 170304688
685682 300 0.5540597014925372 170288284
685982 300 0.41247445127304655 87611005
686282 41 0.39784372256365225 99946980
686323 8 0.3978911325724319 99946980
686331 9 0.39784372256365225 99963384
686340 173 0.39912379280070237 107558539
686513 1 0.39912379280070237 107558539
686514 1 0.39912379280070237 107558539
686515 67 0.41476909569798065 119435196
686582 300 0.4360846356453029 158165564
686882 300 0.32246180860403867 164349956
687182 300 0.5512151009657594 164481190
687482 300 0.5463982440737489 164481190
687782 300 0.5438665496049165 164743657
688082 300 0.5404909569798068 164760061
688382 300 0.5393531167690957 164628828
688682 300 0.5478869183494293 164628828
688982 300 0.5609246707638279 178277140
689282 300 0.4875813871817383 174865062
689582 300 0.2965095697980685 162004152
689882 300 0.18683125548726956 161380792
690182 300 0.18831992976294995 180196435
690482 300 0.23780649692712907 166548122
690782 300 0.25724460052677783 165498252
691082 300 0.2437801580333626 163250873
691382 300 0.2838985074626866 165219380
691682 300 0.19318419666374012 176882782
691982 300 0.18035504828797191 167286312
692282 300 0.1776716417910448 166105208
692582 300 0.1742770851624232 165859144
692882 300 0.17287374890254606 165711507
693182 300 0.17618296751536436 164645232
693482 300 0.18123687445127304 162611109
693782 300 0.185740825285338 164989721
694082 300 0.1768846356453029 169960200
694382 300 0.17633467954345916 163004810
694682 300 0.17564249341527655 163119639
694982 300 0.17412537313432833 163119639
695282 300 0.18007058823529412 162840768
695582 300 0.1762777875329236 162857172
695882 300 0.17785179982440738 162709534
696182 300 0.1841478489903424 164054680
696482 300 0.18429956101843725 189743692
696782 300 0.18492537313432836 180311264
697082 300 0.1720014047410009 170599965
697382 300 0.17293064091308163 170075029
697682 300 0.17580368744512734 168893926
697982 300 0.1748649692712906 167187886
698282 300 0.17301597892888498 167335524
698582 300 0.17301597892888498 167220695
698882 300 0.17212467076382792 167335524
699182 300 0.1874760316066725 182673472
699482 300 0.17693204565408255 172699705
699782 300 0.16912835820895525 167597992
700082 300 0.2544474100087796 167712822
700382 300 0.34548410886742753 167729226
700682 300 0.21449973661106236 165645889
700982 300 0.18541843722563653 163546149
701282 300 0.25124249341527655 163546149
701582 300 0.48110517998244073 163825021
701882 300 0.5308382791922739 171567814
702182 300 0.5440087796312554 184018618
702482 300 0.5291220368744513 173405086
702782 300 0.5243146619841966 173126215
703082 300 0.5296625109745391 173372278
703382 300 0.5334837576821774 173536320
703682 300 0.5475076382791922 173126215
703982 300 0.5391350307287094 173011386
704282 300 0.5447768217734855 170534348
704582 300 0.5483610184372255 173011386
704882 300 0.5568663740122914 180622944
705182 300 0.5436200175592625 171961515
705482 300 0.5623469710272168 166712164
705782 300 0.5519072870939421 166055995
706082 300 0.5134103599648815 165793528
706382 300 0.2610279192273925 164497594
706682 300 0.4783079894644425 162922789
706982 300 0.1924635645302897 162397854
707282 300 0.37177769973661107 168040906
707582 300 0.17547181738366988 166203633
707882 300 0.16884389815627743 159789582
708182 300 0.16422616330114134 159395881
708482 300 0.1724660228270413 159395881
708782 300 0.1760597014925373 159133413
709082 300 0.16598981562774365 159002179
709382 300 0.17272203687445126 159133413
709682 300 0.17639157155399474 159395881
709982 300 0.17905601404741 179080948
710282 300 0.17195399473222125 175012701
710582 300 0.1611065847234416 170813220
710882 300 0.1559009657594381 170796816
711182 300 0.16324951712028096 170025817
711482 300 0.16092642669007903 167269908
711782 300 0.16605618964003513 163857829
712082 300 0.16741211589113258 160970686
712382 300 0.17050324846356454 160839453
712682 300 0.17870517998244076 172912960
712982 300 0.17786128182616331 181049454
713282 300 0.17509253731343286 171600622
713582 300 0.1713945566286216 168975946
713882 300 0.17140403863037754 167926077
714182 300 0.1659044776119403 165563868
714482 300 0.16415978928884986 165432635
714782 300 0.16331589113257242 166613739
715082 300 0.1823367866549605 185773870
715382 300 0.16708972783143108 176981207
715682 300 0.1669569798068481 169238414
715982 300 0.17137559262510974 168844713
716282 300 0.16836979806848112 168729883
716582 300 0.16795258999122037 164776466
716882 300 0.17126180860403864 161758089
717182 300 0.169156804214223 160708219
717482 300 0.18497278314310797 179999584
717782 300 0.17458999122036872 177374908
718082 300 0.1699438103599649 171338155
718382 300 0.17519683933274802 169369648
718682 300 0.16567690956979805 169238414
718982 300 0.17134714661984196 166876206
719282 300 0.1692231782265145 160855857
719582 300 0.17881896400351185 163480532
719882 300 0.1869260755048288 175554040
720182 300 0.17980509218612817 171617026
720482 300 0.1806489903424056 171748260
720782 300 0.1831048287971905 166761377
721082 300 0.1784017559262511 164776466
721382 300 0.17613555750658472 163201660
721682 300 0.17613555750658472 159395881
721982 300 0.17765267778753294 160445751
722282 300 0.20008709394205446 179097352
722582 300 0.1911171202809482 176997612
722882 300 0.19020684811237928 171748260
723182 300 0.19298507462686568 171748260
723482 300 0.1887086918349429 171617026
723782 300 0.18015592625109747 169894583
724082 300 0.18639508340649694 168828309
724382 300 0.18740017559262512 166072399
724682 300 0.19051027216856894 173159023
724982 300 0.18503915715539948 170025817
725282 300 0.18514345917471467 160068454
725582 300 0.19253942054433712 159953625
725882 300 0.19544091308165057 159838795
726182 300 0.19423669885864794 159723966
726482 300 0.18631922739244952 159691157
726782 300 0.19100333625987706 164415573
727082 300 0.20760632133450396 181738432
727382 300 0.19579174714661987 171370963
727682 300 0.18798805970149254 171370963
727982 300 0.19127831431079895 171239730
728282 300 0.1883388937664618 169796158
728582 300 0.19045338015803337 167565184
728882 300 0.18868024582967516 167581588
729182 300 0.19546935908691837 167450354
729482 300 0.20091202809482 182935940
729782 300 0.19817172958735735 179655096
730082 300 0.19144899034240562 170616369
730382 300 0.18959051799824406 168385395
730682 300 0.194615978928885 180852604
730982 300 0.18765618964003514 168122927
731282 300 0.1874570676031607 165235784
731582 300 0.1880449517120281 164694445
731882 300 0.19022581211589112 164825679
732182 300 0.19017840210711148 175455615
732482 300 0.18943880597014925 164956912
732782 300 0.18808287971905183 164825679
733082 300 0.1849348551360843 164842083
733382 300 0.1824979806848112 164842083
733682 300 0.18375908691834944 164842083
733982 300 0.18369271290605796 164710849
734282 300 0.18989394205443372 166695760
734582 300 0.19912941176470592 180458902
734882 300 0.19190412642669005 174405744
735182 300 0.19479613696224757 169533690
735482 300 0.19516593503072868 166892610
735782 300 0.19199894644424934 166006782
736082 300 0.18365478489903422 160888665
736382 300 0.18550377524143988 158001522
736682 300 0.19074732221246707 158788925
736982 300 0.21199648814749783 172306004
737282 300 0.19727093942054433 173355874
737582 300 0.1937625987708516 170599965
737882 300 0.19348762071992978 190941200
738182 300 0.18913538191395965 170337497
738482 300 0.19334539069359086 166138016
738782 300 0.19030166812993854 161807302
739082 300 0.18928709394205445 161807302
739382 300 0.1990251097453907 180967433
739682 300 0.20359543459174714 168762692
739982 300 0.1951564530289728 168762692
740282 300 0.19286180860403865 167581588
740582 300 0.20087410008779633 165613081
740882 300 0.1929945566286216 165350614
741182 300 0.19037752414398593 165350614
741482 300 0.18953362598770854 165219380
741782 300 0.19832344161545215 165481848
742082 300 0.20806145741878843 174930679
742382 300 0.20088358208955223 164956912
742682 300 0.19878805970149255 159313860
742982 300 0.19961299385425813 159707561
743282 300 0.1949857769973661 159182626
743582 300 0.1972614574187884 159313860
743882 300 0.19500474100087797 159445093
744182 300 0.19763125548726954 162217407
744482 300 0.19911044776119405 175340785
744782 300 0.29835856014047407 171928707
745082 300 0.5614556628621598 172174770
745382 300 0.5980087796312554 171781069
745682 300 0.593694468832309 171387367
745982 300 0.5968424934152766 171256134
746282 300 0.5888112379280069 171124900
746582 300 0.5572172080772607 171518601
746882 300 0.5516986830553117 187529122
747182 300 0.5592842844600526 176505484
747482 300 0.5508547848990343 171288942
747782 300 0.5609436347673398 187561930
748082 300 0.5437527655838456 171157708
748382 300 0.5505039508340649 171157708
748682 300 0.5472705882352941 171157708
748982 300 0.5546191395961368 173126215
749282 300 0.5470525021949079 178375566
749582 300 0.5468059701492537 171272538
749882 300 0.5433829675153643 171256134
750182 300 0.5307150131694469 171272538
750482 300 0.5328294995610184 171141304
750782 300 0.5512056189640034 171157708
751082 300 0.5383195785776997 171157708
751382 300 0.5445397717295873 173930022
751682 300 0.5526374012291484 181279113
751982 300 0.5474791922739245 174176085
752282 300 0.5475171202809481 172584876
752582 300 0.543032133450395 171174112
752882 300 0.5323648814749781 171157708
753182 300 0.5282686567164179 171141304
753482 300 0.5383764705882352 171945111
753782 300 0.5509970149253731 192122304
754082 300 0.5466163301141352 190022564
754382 300 0.54625601404741 170485135
754682 300 0.5415908691834943 170632773
754982 300 0.5367171202809482 187053400
755282 300 0.5331803336259877 173257449
755582 300 0.5403202809482002 173011386
755882 300 0.5312649692712906 171436580
756182 300 0.5269222124670764 171010070
756482 300 0.53596804214223 178621629
756782 300 0.5649829675153644 169845370
757082 300 0.5552923617208076 169828966
757382 300 0.5576818261633012 167729226
757682 300 0.5405194029850746 166662951
757982 300 0.5522296751536435 164218722
758282 300 0.5320804214223003 163677383
758582 300 0.5440846356453028 165924762
758882 300 0.5498496927129061 171813877
759182 300 0.5447294117647059 163677383
759482 300 0.5323838454784898 163825021
759782 300 0.5360438981562774 163529745
760082 300 0.540471992976295 163398511
760382 300 0.5370110623353819 163529745
760682 300 0.5389548726953468 163398511
760982 300 0.5530261633011413 161036303
761282 300 0.5592179104477611 180852604
761582 300 0.5393625987708516 176800761
761882 300 0.5583834942932396 172338812
762182 300 0.5552923617208076 172076344
762482 300 0.5434967515364355 171945111
762782 300 0.5410883230904302 171945111
763082 300 0.5434967515364355 169304031
763382 300 0.5406331870061457 166023187
763682 300 0.553718349429324 185577019
763982 300 0.5405194029850746 178752863
764282 300 0.5394194907813872 171928707
764582 300 0.5457724319578577 169697733
764882 300 0.5433829675153643 168910330
765182 300 0.5300512730465321 165891953
765482 300 0.5308951712028095 164054680
765782 300 0.5205787532923617 163939851
766082 300 0.5244474100087796 163923446
766382 300 0.5300417910447761 171010070
766682 300 0.5225320456540825 166154421
766982 300 0.5186444249341527 163792212
767282 300 0.5193460930640913 163660979
767582 300 0.5199813871817384 163660979
767882 300 0.5123768217734854 163529745
768182 300 0.5184168568920104 162479875
768482 300 0.5193271290605794 160642602
768782 300 0.51180790166813 160511368
769082 300 0.5322226514486391 160527772
769382 300 0.5210244073748903 160429347
769682 300 0.5312744512730465 160429347
769982 300 0.5234707638279192 160429347
770282 300 0.5289798068481123 162102577
770582 300 0.5414770851624232 184264682
770882 300 0.5309330992098331 170222668
771182 300 0.5355982440737489 161954940
771482 300 0.5259171202809482 161823706
771782 300 0.5229682177348551 176259421
772082 300 0.5072186128182616 161561238
772382 300 0.5199719051799824 161692472
772682 300 0.51308797190518 161561238
772982 300 0.5164446005267779 161446409
773282 300 0.5339768217734855 172880152
773582 300 0.5283160667251975 161856514
773882 300 0.5161980684811238 161840110
774182 300 0.5227596136962247 178900501
774482 300 0.53571202809482 167466758
774782 300 0.5302314310798947 167335524
775082 300 0.5206071992976296 167335524
775382 300 0.5396660228270412 167335524
775682 300 0.5301555750658472 182296175
775982 300 0.535190517998244 173273853
776282 300 0.5321942054433714 173257449
776582 300 0.5298995610184372 185084893
776882 300 0.5112674275680421 173273853
777182 300 0.5302314310798947 173011386
777482 300 0.5104993854258121 173126215
777782 300 0.5103192273924495 175209551
778082 300 0.5208252853380158 180065201
778382 300 0.5351620719929763 173109811
778682 300 0.510622651448639 173109811
778982 300 0.5257559262510975 173159023
779282 300 0.5082995610184372 173159023
779582 300 0.509105531167691 173027790
779882 300 0.520929587357331 173126215
780182 300 0.5338630377524144 175652465
780482 300 0.5296909569798068 181279113
780782 300 0.5191754170324846 173405086
781082 300 0.5254525021949078 173405086
781382 300 0.5317580333625987 173388682
781682 300 0.5201425812115891 173241045
781982 300 0.526713608428446 173109811
782282 300 0.5312365232660229 173109811
782582 300 0.5179048287971906 173913618
782882 300 0.5348681299385425 191745007
783182 300 0.529397014925373 184806021
783482 300 0.523508691834943 172207578
783782 300 0.5314356453028972 172223983
784082 300 0.5312649692712906 172092749
784382 300 0.5265050043898155 170911645
784682 300 0.5364516242317823 168926734
784982 300 0.529406496927129 168926734
785282 300 0.5209390693590868 168926734
785582 300 0.5255757682177349 175357189
785882 300 0.535332748024583 189546841
786182 300 0.5188909569798068 172223983
786482 300 0.5099968393327481 172371621
786782 300 0.5364421422300264 172371621
787082 300 0.5091150131694469 172355217
787382 300 0.5213847234416155 172371621
787682 300 0.5108122914837576 172240387
787982 300 0.5319571553994732 172109153
788282 300 0.5429467954345918 178391970
788582 300 0.5215743634767339 178654438
788882 300 0.5033309920983319 172880152
789182 300 0.5350482879719051 170517943
789482 300 0.5410598770851623 169730541
789782 300 0.5244948200175592 169878179
790082 300 0.5229018437225637 169746945
790382 300 0.535958560140474 169993008
790682 300 0.5490057945566286 186790932
790982 300 0.5442173836698858 185248935
791282 300 0.5343940298507462 170813220
791582 300 0.527225636523266 169484478
791882 300 0.5130121158911325 167745630
792182 300 0.5232621597892888 167614396
792482 300 0.5218967515364356 167483163
792782 300 0.5338345917471466 170239072
793082 300 0.543297629499561 180737774
793382 300 0.5065548726953467 173142619
793682 300 0.5023827919227392 173142619
793982 300 0.5114570676031607 172486450
794282 300 0.30931975417032487 170403114
794582 300 0.266100790166813 169878179
794882 300 0.2106310798946444 167499567
795182 300 0.17477014925373133 182607855
795482 300 0.1612488147497805 181672815
795782 300 0.1551708516242318 172355217
796082 300 0.15826198419666374 170255476
796382 300 0.15665004389815632 169336840
796682 300 0.15177629499561018 168155736
796982 300 0.15385285338015806 166449696
797282 300 0.1522124670763828 167762034
797582 300 0.16037647058823526 189415608
797882 300 0.1604238805970149 175767295
798182 300 0.15354942932396837 168057310
798482 300 0.1568776119402985 167926077
798782 300 0.15173836698858648 167926077
799082 300 0.1538718173836699 167909672
799382 300 0.15127374890254608 167909672
799682 300 0.15742756804214222 168319778
799982 300 0.158356804214223 168057310
800282 300 0.15552168568920108 167926077
800582 300 0.15083757682177348 168057310
800882 300 0.14988937664618085 168040906
801182 300 0.15606215978928883 168057310
801482 300 0.15854644424934153 168172140
801782 300 0.16794310798946444 187742377
802082 300 0.16722247585601405 181164284
802382 300 0.15338823529411766 173306661
802682 300 0.1536537313432836 173159023
802982 300 0.15262967515364356 173175427
803282 300 0.1487894644424934 173290257
803582 300 0.14822054433713783 171075687
803882 300 0.15490535557506585 174487765
804182 300 0.17078770851624234 186561273
804482 300 0.15002212467076384 179737116
804782 300 0.1453190517998244 174094064
805082 300 0.1497187006145742 173962830
805382 300 0.1471964881474978 173831596
805682 300 0.14984196663740124 172256791
805982 300 0.15165302897278313 170960857
806282 300 0.15194697102721685 172634088
806582 300 0.16031957857769974 181689219
806882 300 0.1546683055311677 173290257
807182 300 0.15061949078138717 167762034
807482 300 0.15193748902546092 167893268
807782 300 0.14660860403863038 168024502
808082 300 0.1502307287093942 167876864
808382 300 0.1508470588235294 167893268
808682 300 0.1567353819139596 167811247
808982 300 0.17474170324846353 176341443
809282 300 0.16966883230904303 180245647
809582 300 0.1588972783143108 173700363
809882 300 0.16147638279192272 173159023
810182 300 0.15924811237928008 170157051
810482 300 0.1593713784021071 167794843
810782 300 0.15439332748024584 167663609
811082 300 0.15371062335381916 167663609
811382 300 0.17354697102721686 188661013
811682 300 0.16374258121158908 195731233
811982 300 0.15588200175592626 172912960
812282 300 0.15289517120280952 172650492
812582 300 0.15906795434591747 169763349
812882 300 0.15501913959613695 169369648
813182 300 0.1559768217734855 166876206
813482 300 0.1552467076382792 166482505
813782 300 0.15523722563652326 166088803
814082 300 0.16574328358208956 173044194
814382 300 0.16599929762949958 183542896
814682 300 0.1601299385425812 171469389
814982 300 0.1556165057067603 171354559
815282 300 0.15473467954345918 171338155
815582 300 0.15680175592625112 169746945
815882 300 0.15475364354697105 165957570
816182 300 0.15696294995610183 163316490
816482 300 0.15681123792800702 163447724
816782 300 0.16580017559262508 171075687
817082 300 0.16475715539947325 176325038
817382 300 0.16057559262510976 171699048
817682 300 0.155398419666374 170780411
817982 300 0.15512344161545216 168943138
818282 300 0.15123582089552237 168811905
818582 300 0.15631817383669885 164628828
818882 300 0.15454503950834067 163300086
819182 300 0.1627564530289728 171174112
819482 300 0.16408393327480247 185363764
819782 300 0.15663107989464445 171977919
820082 300 0.15284776119402987 171846685
820382 300 0.15741808604038632 171715452
820682 300 0.15957998244073748 171042879
820982 300 0.16292712906057943 169090776
821282 300 0.1634770851624232 168155736
821582 300 0.16446321334503952 166187229
821882 300 0.1668526777875329 184838830
822182 300 0.16000667251975417 177620972
822482 300 0.1588972783143108 172240387
822782 300 0.1654398595258999 172240387
823082 300 0.16551571553994734 168828309
823382 300 0.16208323090430202 166334867
823682 300 0.16046180860403864 164628828
823982 300 0.16227287093942053 163710192
824282 300 0.1756614574187884 174602595
824582 300 0.16866374012291485 173815192
824882 300 0.16616049165935032 171715452
825182 300 0.16331589113257242 171305346
825482 300 0.1609548726953468 171567814
825782 300 0.16232028094820017 171436580
826082 300 0.16137208077260756 169615711
826382 300 0.1687111501316945 166712164
826682 300 0.18068691834942935 188382142
826982 300 0.1713566286215979 179474649
827282 300 0.16415978928884986 168451012
827582 300 0.16346760316066727 168565841
827882 300 0.2120154521510097 168303373
828182 300 0.5131543459174714 167794843
828482 300 0.543032133450395 167384737
828782 300 0.5448526777875329 167253504
829082 300 0.5532063213345039 173421491
829382 300 0.5593980684811238 185380169
829682 300 0.5610669007901667 180130818
829982 300 0.5393057067603161 175406402
830282 300 0.5581748902546092 175521231
830582 300 0.5467111501316944 173552725
830882 300 0.5467585601404741 172256791
831182 300 0.5318338893766462 170304688
831482 300 0.5439329236172081 169894583
831782 300 0.5557854258121159 182361792
832082 300 0.5474697102721685 186183976
832382 300 0.5270075504828797 175685274
832682 300 0.5367076382791922 175554040
832982 300 0.5301271290605795 175685274
833282 300 0.5318528533801581 175931337
833582 300 0.5373334503950834 175554040
833882 300 0.5376084284460052 175554040
834182 300 0.5476688323090431 181197092
834482 300 0.5320235294117647 175291572
834782 300 0.5411452151009657 173323066
835082 300 0.5363757682177348 173060598
835382 300 0.5288565408252853 172666897
835682 300 0.5259929762949956 171600622
835982 300 0.5407280070237049 171075687
836282 300 0.5284677787532923 171206921
836582 300 0.5628305531167691 184724000
836882 300 0.5419322212467076 178703650
837182 300 0.5365464442493415 171354559
837482 300 0.5286669007901668 188283716
837782 300 0.5256231782265145 175947741
838082 300 0.524134503950834 175931337
838382 300 0.5188340649692712 175800103
838682 300 0.5413158911325724 175800103
838982 300 0.5570844600526778 187086208
839282 300 0.537902370500439 173175427
839582 300 0.5369731343283582 172912960
839882 300 0.5232337137840211 171092091
840182 300 0.5295202809482001 170698390
840482 300 0.5259740122914838 170698390
840782 300 0.539059174714662 170567156
841082 300 0.5320709394205443 170304688
841382 300 0.543563125548727 180934624
841682 300 0.5259740122914838 180934624
841982 300 0.518227216856892 169779754
842282 300 0.526713608428446 167532375
842582 300 0.52542405618964 167007440
842882 300 0.5302788410886743 166744972
843182 300 0.5271971905179982 166613739
843482 300 0.5418279192273925 166613739
843782 300 0.5386988586479368 172912960
844082 300 0.5331234416154522 188004844
844382 300 0.519640035118525 175275168
844682 300 0.5272351185250219 175029105
844982 300 0.5335785776997366 173060598
845282 300 0.533787181738367 172141962
845582 300 0.5397608428446006 172404429
845882 300 0.5310374012291484 172388025
846182 300 0.5323364354697102 172388025
846482 300 0.5544484635645303 187742377
846782 300 0.5371627743634767 176325038
847082 300 0.5373524143985953 170288284
847382 300 0.5358921861281826 176193804
847682 300 0.5385755926251098 169500882
847982 300 0.5293875329236173 169238414
848282 300 0.5318433713784021 168975946
848582 300 0.5350956979806848 165973974
848882 300 0.5297099209833187 169254819
849182 300 0.5464646180860403 163874233
849482 300 0.5395427568042142 163726596
849782 300 0.5429847234416154 163726596
850082 300 0.5294349429323969 163726596
850382 300 0.5269506584723441 163726596
850682 300 0.5307339771729587 163726596
850982 300 0.5300133450395083 164120297
851282 300 0.536100790166813 169500882
851582 300 0.5445113257243196 181180688
851882 300 0.5247318700614574 164792870
852182 300 0.5412589991220368 164661636
852482 300 0.5192702370500438 164530402
852782 300 0.5240586479367866 164530402
853082 300 0.529928007023705 164513998
853382 300 0.5289703248463564 164513998
853682 300 0.5163592625109745 164513998
853982 300 0.5362904302019315 170009413
854282 300 0.5440087796312554 183034365
854582 300 0.5334742756804214 178178715
854882 300 0.5208347673397717 175291572
855182 300 0.5155058823529411 186840145
855482 300 0.5196969271290606 175668870
855782 300 0.5265239683933275 175160338
856082 300 0.5011122036874451 172912960
856382 300 0.5184263388937664 173716767
856682 300 0.5326114135206321 176849973
856982 300 0.5244663740122915 170567156
857282 300 0.5228923617208078 168844713
857582 300 0.5148705882352941 168319778
857882 300 0.5082142230026339 168319778
858182 300 0.5136948200175593 167958885
858482 300 0.5247603160667251 167926077
858782 300 0.5214036874451273 168861117
859082 300 0.526969622475856 183182003
859382 300 0.5076073748902545 174372936
859682 300 0.5251870061457419 168861117
859982 300 0.5166342405618964 168598650
860282 300 0.515145566286216 168598650
860582 300 0.5145102721685689 167155078
860882 300 0.5072375768217735 166088803
861182 300 0.5198012291483758 165973974
861482 300 0.4908906057945567 165695102
861782 300 0.52363195785777 165727911
862082 300 0.5142068481123793 165842740
862382 300 0.5136568920105355 165842740
862682 300 0.5161885864793678 165711507
862982 300 0.5106510974539069 165711507
863282 300 0.5313977172958736 185002872
863582 300 0.5144818261633011 181984495
863882 300 0.520275329236172 176210209
864182 300 0.5150602282704126 176078975
864482 300 0.5174212467076382 176226613
864782 300 0.5071048287971905 176472676
865082 300 0.5196969271290606 176210209
865382 300 0.5211192273924494 177260079
865682 300 0.5223708516242318 191302093
865982 300 0.5098356453028973 182378196
866282 300 0.5144249341527656 177260079
866582 300 0.5270644424934153 176751548
866882 300 0.5298331870061457 174651808
867182 300 0.5150886742756804 174783042
867482 300 0.49522388059701494 174783042
867782 300 0.5004484635645303 174651808
868082 300 0.5111157155399473 179113756
868382 300 0.5172410886742757 189858522
868682 300 0.4998036874451273 179622287
868982 300 0.49636172080772606 176341443
869282 300 0.506147146619842 173323066
869582 300 0.5075315188762072 169910988
869882 300 0.5026862159789289 168352586
870182 300 0.4845566286215979 168204948
870482 300 0.5121113257243196 169681328
870782 300 0.5289703248463564 187791589
871082 300 0.5019466198419665 179113756
871382 300 0.5123578577699737 174914275
871682 300 0.5154774363476734 175307976
871982 300 0.5153446883230904 174520574
872282 300 0.519128007023705 172814535
872582 300 0.5153541703248463 172552067
872882 300 0.5284203687445127 171895898
873182 300 0.535190517998244 183444471
873482 300 0.5386230026338894 174520574
873782 300 0.5036344161545215 167171482
874082 300 0.5028853380158034 167040249
874382 300 0.4885580333625988 166777781
874682 300 0.4919525899912203 166909015
874982 300 0.4971961369622476 167171482
875282 300 0.5010458296751535 170058625
875582 300 0.5175919227392449 185150510
875882 300 0.5101485513608428 177030420
876182 300 0.5225604916593504 173224640
876482 300 0.5161316944688322 178195120
876782 300 0.5081383669885865 169648520
877082 300 0.5136663740122914 169533690
877382 300 0.5085271290605795 168877521
877682 300 0.5106131694468833 169025160
877982 300 0.5126517998244073 168729883
878282 300 0.5094563652326601 166121612
878582 300 0.5094374012291483 164136701
878882 300 0.5114949956101843 163234469
879182 300 0.5073039508340649 163218065
879482 300 0.5211287093942054 163086831
879782 300 0.519649517120281 162955597
880082 300 0.5220389815627744 168073714
880382 300 0.5286289727831431 168992351
880682 300 0.5219157155399473 164153106
880982 300 0.5268842844600526 164021872
881282 300 0.5135715539947322 164153106
881582 300 0.5079107989464443 164021872
881882 300 0.49711079894644417 164021872
882182 300 0.4909569798068481 164021872
882482 300 0.520550307287094 171633430
882782 300 0.5154110623353818 185281744
883082 300 0.238328007023705 175045509
883382 300 0.15153924495171203 174930679
883682 300 0.1487041264266901 174799446
883982 300 0.1468266900790167 174668212
884282 300 0.14794556628621597 174126873
884582 300 0.1491782265144864 172420833
884882 300 0.1547062335381914 176095379
885182 300 0.1650036874451273 188825056
885482 300 0.15026865671641793 180951029
885782 300 0.1479929762949956 176899186
886082 300 0.15360632133450397 176636718
886382 300 0.1480593503072871 175078317
886682 300 0.1489222124670764 169550094
886982 300 0.14647585601404742 167187886
887282 300 0.14463634767339772 167302716
887582 300 0.15691553994732219 182788302
887882 300 0.15536997366110625 182000899
888182 300 0.14734820017559264 175176742
888482 300 0.1482774363476734 187775185
888782 300 0.1442001755926251 172568472
889082 300 0.14482598770851624 169796158
889382 300 0.1415262510974539 168877521
889682 300 0.14371659350307286 164546807
889982 300 0.16348656716417911 178326354
890282 300 0.15763617208077263 169796158
890582 300 0.14617243195785776 169812562
890882 300 0.14391571553994734 178851288
891182 300 0.14743353819139596 172306004
891482 300 0.1468266900790167 170731198
891782 300 0.14237014925373134 166777781
892082 300 0.14456997366110622 166909015
892382 300 0.15114100087796312 174947083
892682 300 0.15207023705004388 170731198
892982 300 0.1408056189640035 170468731
893282 300 0.1441622475856014 170337497
893582 300 0.1421710272168569 169139989
893882 300 0.14273046532045655 165875549
894182 300 0.14331834942932395 165498252
894482 300 0.1458215978928885 165990378
894782 300 0.1571620719929763 180311264
895082 300 0.1489222124670764 170977262
895382 300 0.14740509218612818 165859144
895682 300 0.14879894644424935 165990378
895982 300 0.14949113257243196 165859144
896282 300 0.14653274802458296 166039591
896582 300 0.14699736611062336 166302058
896882 300 0.1490739244951712 166449696
897182 300 0.1548294995610184 172355217
897482 300 0.16169446883230904 184297490
897782 300 0.1545545215100966 180229243
898082 300 0.1468266900790167 174323723
898382 300 0.14908340649692714 169845370
898682 300 0.1495480245829675 169861774
898982 300 0.14651378402107113 169582903
899282 300 0.14908340649692714 169845370
899582 300 0.15694398595259 174471361
899882 300 0.1665587357330992 185626232
900182 300 0.15456400351185254 176308634
900482 300 0.14702581211589114 173159023
900782 300 0.15068586479367868 172765322
901082 300 0.1437260755048288 172109153
901382 300 0.1450345917471466 169057968
901682 300 0.14428551360842845 167909672
901982 300 0.14731027216856893 168713479
902282 300 0.1623297629499561 187069804
902582 300 0.1480972783143108 177752206
902882 300 0.14437085162423177 171436580
903182 300 0.14787919227392451 171452984
903482 300 0.14645689201053555 171436580
903782 300 0.1511315188762072 170517943
904082 300 0.15117892888498685 166728568
904382 300 0.15380544337137841 163825021
904682 300 0.16031957857769974 184822425
904982 300 0.15304688323090432 180918220
905282 300 0.1546019315188762 175143934
905582 300 0.15182370500438983 174865062
905882 300 0.15440280948200175 174471361
906182 300 0.14677928007023705 171584218
906482 300 0.15050570676031605 168565841
906782 300 0.15440280948200175 167384737
907082 300 0.15740860403863038 170534348
907382 300 0.16333485513608428 174865062
907682 300 0.1555690956979807 167909672
907982 300 0.15212712906057943 166466101
908282 300 0.15368217734855139 166334867
908582 300 0.1531227392449517 165941166
908882 300 0.15375803336259877 165678698
909182 300 0.15618542581211592 165809932
909482 300 0.1559009657594381 165957570
909782 300 0.16506057945566285 172502854
910082 300 0.16160913081650571 188136078
910382 300 0.1554647936786655 175800103
910682 300 0.15677330992098332 173848000
910982 300 0.16383740122914836 172109153
911282 300 0.1598739244951712 171584218
911582 300 0.15740860403863038 167007440
911882 300 0.15063845478489904 165284997
912182 300 0.15719051799824407 163595362
912482 300 0.17001018437225637 166220037
912782 300 0.16949815627743636 190514691
913082 300 0.17121439859525903 188956290
913382 300 0.4510756804214222 177145249
913682 300 0.5189099209833187 177145249
913982 300 0.5045162423178227 177128845
914282 300 0.5119975417032484 176882782
914582 300 0.4963143107989464 176866378
914882 300 0.5057963125548727 176866378
915182 300 0.49756593503072866 176751548
915482 300 0.5032361720807725 182919535
915782 300 0.5218872695346796 189612458
916082 300 0.5183978928884986 182132133
916382 300 0.5019086918349429 173618341
916682 300 0.5052179104477611 170353902
916982 300 0.4995476733977173 169943796
917282 300 0.5027146619841967 169943796
917582 300 0.49519543459174714 169287627
917882 300 0.49246461808604036 167302716
918182 300 0.4874770851624232 167450354
918482 300 0.49633327480245826 179917563
918782 300 0.48478419666374006 187397888
919082 300 0.47706584723441614 178752863
919382 300 0.47450570676031606 178621629
919682 300 0.4708741000877963 178490395
919982 253 0.48222405618964 178227928
920235 47 0.3566254609306409 178096694
920282 137 0.34468762071992975 176521889
920419 3 0.34337910447761194 101062467
920422 9 0.3415301141352063 101062467
920431 151 0.35273784021071114 116449627
920582 300 0.3816200175592625 163989063
920882 300 0.4426461808604038 171797473
921182 300 0.45062054433713783 171010070
921482 300 0.44859139596136965 179392628
921782 300 0.41914029850746265 168122927
922082 177 0.43428305531167694 167204290
922259 123 0.33742440737489027 167204290
922382 61 0.319977524143986 165645889
922443 4 0.3252021071115014 95993562
922447 1 0.3170665496049166 91367572
922448 8 0.3170665496049166 91367572
922456 1 0.3170665496049166 91367572
922457 1 0.3170665496049166 91367572
922458 224 0.34084741000877966 124963419
922682 300 0.4125977172958736 160134071
922982 184 0.4314669007901668 160412943
923166 116 0.29729657594381037 160281709
923282 68 0.30052045654082526 158575670
923350 2 0.314316769095698 85740924
923352 1 0.2962820017559263 85740924
923353 10 0.2962820017559263 85740924
923363 1 0.2962820017559263 85757328
923364 1 0.2962820017559263 85757328
923365 210 0.32093520632133454 119992939
923575 7 0.23188024582967517 119992939
923582 179 0.30047304653204565 153457552
923761 4 0.29952484635645305 81935144
923765 2 0.29764741000877964 81935144
923767 10 0.29764741000877964 81935144
923777 105 0.3135961369622476 94057864
923882 300 0.350955223880597 159166222
924182 300 0.40175978928884987 167630800
924482 300 0.379249517120281 155294826
924782 300 0.3821415276558384 153473957
925082 300 0.3796477611940299 153703616
925382 300 0.36658156277436343 153851254
925682 300 0.3664772607550483 153687211
925982 300 0.3620017559262511 153818445
926282 300 0.37616786654960493 159871603
926582 300 0.37345601404740997 173782384
926882 300 0.36083546971027214 173782384
927182 300 0.35008287971905183 166302058
927482 300 0.3449720807726076 161840110
927782 300 0.33695978928884984 157771863
928082 300 0.348641615452151 155015953
928382 300 0.3423266022827041 155672122
928682 300 0.3543213345039508 155540889
928982 300 0.35188446005267776 162627513
929282 300 0.3477313432835821 171551410
929582 300 0.34314205443371376 156590759
929882 300 0.3466503950834065 156590759
930182 300 0.34298086040386305 156754801
930482 300 0.3565496049165935 156607163
930782 300 0.33698823529411764 156607163
931082 300 0.3355564530289728 156738397
931382 300 0.34203266022827045 156344695
931682 300 0.3451996488147498 156475929
931982 300 0.34155856014047414 156344695
932282 300 0.338875153643547 156213462
932582 300 0.3449815627743635 156607163
932882 300 0.34922949956101845 156607163
933182 300 0.39467673397717296 156344695
933482 300 0.3525671641791045 156213462
933782 300 0.4140389815627744 174454957
934082 300 0.36533942054433716 184166256
934382 300 0.3503957857769974 173388682
934682 300 0.3274019315188762 170386710
934982 300 0.3345134328358209 170239072
935282 300 0.3264916593503073 168795500
935582 300 0.3246237050043898 164874891
935882 300 0.3231160667251976 162381450
936182 300 0.32193081650570676 162496279
936482 300 0.33066374012291483 179556670
936782 300 0.32353327480245825 177194462
937082 300 0.3184698858647937 169714137
937382 300 0.32854925373134325 169599307
937682 300 0.33403933274802455 174176085
937982 300 0.3228410886742757 165645889
938282 300 0.32436769095697976 159346668
938582 300 0.3300094820017559 158706904
938882 300 0.3357650570676032 159363072
939182 300 0.316753643546971 169205606
939482 300 0.32145671641791046 166974631
939782 300 0.31259104477611943 163825021
940082 300 0.22785039508340654 84051288
940382 69 0.2332456540825285 84051288
940451 231 0.2985197541703249 163152448
940682 107 0.21486005267778752 81820314
940789 193 0.3031469710272168 163152448
940982 300 0.30878876207199296 159740370
941282 300 0.3037253731343284 159330264
941582 300 0.32635891132572437 173388682
941882 300 0.31757857769973663 191876241
942182 300 0.30474942932396837 176685931
942482 300 0.30657945566286215 175357189
942782 300 0.3156063213345039 173405086
943082 300 0.3164312554872695 171567814
943382 300 0.32071712028094823 170124242
943682 300 0.33095768217734856 165006125
943982 300 0.321390342405619 163710192
944282 300 0.3200154521510096 164103893
944582 300 0.32161791044776117 185888700
944882 300 0.35598068481123796 177210866
945182 131 0.19075680421422303 88464024
945313 169 0.23621352063213344 171059283
945482 300 0.1702377524143986 180754178
945782 300 0.15955153643546974 174454957
946082 300 0.15368217734855139 171436580
946382 300 0.15384337137840212 165793528
946682 300 0.14951957857769974 159740370
946982 300 0.15787322212467078 163546149
947282 282 0.10933485513608428 88939747
947564 18 0.16174187884108868 168926734
947582 300 0.15097980684811238 166302058
947882 300 0.14145039508340648 166433292
948182 300 0.14569833187006145 162250216
948482 300 0.14243652326602282 159740370
948782 300 0.1419244951712028 159609136
949082 300 0.13954451273046534 159494306
949382 300 0.1338647936786655 159510711
949682 300 0.13930746268656716 159888007
949982 300 0.14176330114135205 177719397
950282 300 0.13840667251975416 166695760
950582 300 0.13662405618964005 166712164
950882 300 0.13560948200175593 166318463
951182 300 0.1325942054433714 161741685
951482 300 0.14634310798946443 166991036
951782 300 0.14435188762071993 172634088
952082 300 0.13425355575065848 167237099
952382 300 0.12832730465320455 165006125
952682 300 0.13824547848990343 164218722
952982 300 0.13176927129060578 163054023
953282 300 0.12973064091308165 160954282
953582 300 0.13175030728709394 160970686
953882 300 0.13037541703248465 160429347
954182 300 0.13587497805092186 160839453
954482 300 0.13688955223880597 163332894
954782 300 0.14821106233538192 168975946
955082 300 0.1426451273046532 160954282
955382 300 0.13918419666374013 160823048
955682 300 0.14009446883230903 173552725
955982 300 0.1429675153643547 160560581
956282 300 0.14050219490781388 160183284
956582 300 0.13534398595259 159920816
956882 300 0.1315511852502195 159625540
957182 300 0.13414925373134326 159494306
957482 300 0.13344758560140474 159477902
957782 300 0.14391571553994734 170386710
958082 300 0.14609657594381037 160937878
958382 300 0.13655768217734854 160134071
958682 300 0.13523020193151888 159740370
958982 300 0.14010395083406496 159477902
959282 300 0.13416821773485513 159346668
959582 300 0.1385963125548727 159477902
959882 300 0.13439578577699737 159494306
960182 300 0.13348551360842845 159346668
960482 300 0.13777137840210713 159740370
960782 300 0.13932642669007902 160281709
961082 300 0.15123582089552237 175767295
961382 300 0.14630517998244075 165153763
961682 300 0.1381980684811238 160150475
961982 300 0.1379799824407375 159888007
962282 300 0.137657594381036 160150475
962582 300 0.13375100965759437 159871603
962882 300 0.13083055311676908 159756774
963182 300 0.134699209833187 159625540
963482 300 0.130716769095698 159494306
963782 300 0.13352344161545215 159363072
964082 300 0.1392126426690079 176160996
964382 300 0.12976856892010535 165924762
964682 300 0.1275782265144864 159494306
964982 300 0.12788165057067605 159756774
965282 300 0.12363371378402108 159888007
965582 300 0.12238208955223881 159773178
965882 300 0.12172783143107989 159740370
966182 300 0.12180368744512732 159740370
966482 300 0.1169963125548727 159494306
966782 300 0.12323546971027217 160412943
967082 300 0.12825144863915716 168057310
967382 300 0.11510939420544337 162643917
967682 300 0.11399051799824408 159494306
967982 300 0.11553608428446005 159477902
968282 300 0.11413274802458297 159330264
968582 300 0.11528955223880596 159740370
968882 300 0.11643687445127304 159461498
969182 300 0.1133457418788411 159346668
969482 300 0.1132414398595259 159510711
969782 300 0.11070026338893765 159510711
970082 300 0.11251132572431959 159379477
970382 300 0.11913924495171203 174340128
970682 300 0.11443617208077261 170534348
970982 300 0.11033994732221247 159773178
971282 300 0.11187603160667252 159641944
971582 300 0.10997963125548728 159494306
971882 300 0.11080456540825286 159264647
972182 300 0.11047269534679545 159395881
972482 300 0.1072393327480246 159264647
972782 300 0.10880386303775243 159264647
973082 300 0.1102451273046532 161118324
973382 300 0.12079859525899912 181984495
973682 300 0.11133555750658472 169910988
973982 300 0.10726777875329237 160330921
974282 300 0.11084249341527656 160183284
974582 300 0.10706865671641791 160183284
974882 300 0.10753327480245829 160068454
975182 300 0.10800737489025461 159937220
975482 300 0.10515329236172082 159674753
975782 300 0.1086521510096576 160052050
976082 300 0.10625320456540825 160281709
976382 300 0.10752379280070237 160035646
976682 300 0.11838068481123792 173323066
976982 300 0.11654117647058823 175422806
977282 300 0.10719192273924495 160183284
977582 300 0.10830131694468832 160330921
977882 300 0.11016927129060579 160314517
978182 300 0.10403441615452151 159674753
978482 300 0.10359824407374892 159674753
978782 300 0.10960035118525023 159543519
979082 300 0.10687901668129939 159395881
979382 300 0.1129569798068481 163726596
979682 300 0.12116839332748025 169878179
979982 300 0.10783669885864794 160839453
980282 300 0.10420509218612818 160823048
980582 300 0.10993222124670765 160314517
980882 300 0.1333622475856014 160052050
981182 300 0.10169236172080773 160314517
981482 300 0.11289060579455663 160183284
981782 300 0.11429394205443372 160199688
982082 300 0.1110036874451273 160298113
982382 300 0.11608604038630377 160462155
982682 300 0.12079859525899912 178572417
982982 300 0.11917717295873574 181033050
983282 300 0.11336470588235292 173421491
983582 300 0.11508094820017559 173323066
983882 300 0.11441720807726075 166498909
984182 300 0.11221738366988587 161905727
984482 300 0.11565935030728708 160199688
984782 300 0.11398103599648815 160593389
985082 300 0.1145784021071115 160593389
985382 300 0.1145784021071115 160593389
985682 300 0.110529587357331 160593389
985982 300 0.1241172958735733 173060598
986282 300 0.12152870939420544 188267312
986582 300 0.12076066725197543 181705623
986882 300 0.11737559262510974 173700363
987182 300 0.11866514486391572 171748260
987482 300 0.11614293239683934 168336182
987782 300 0.1176410886742757 163332894
988082 300 0.11390517998244072 160330921
988382 300 0.12209762949956103 160330921
988682 300 0.11672133450395084 160330921
988982 300 0.11915820895522387 160462155
989282 300 0.1257387181738367 176062570
989582 300 0.11882633889376645 166367676
989882 300 0.11541281826163301 160708219
990182 300 0.1196702370500439 160970686
990482 300 0.11978402107111501 160970686
990782 300 0.11648428446005268 160839453
991082 300 0.11688252853380159 160855857
991382 300 0.11904442493415276 160839453
991682 300 0.11708165057067603 160855857
991982 300 0.1203244951712028 162693130
992282 300 0.13212010535557506 174635403
992582 300 0.118115188762072 166351271
992882 300 0.11626619841966639 161233154
993182 300 0.11746093064091308 160987090
993482 300 0.11778331870061456 160970686
993782 300 0.11709113257243196 161364388
994082 300 0.11726180860403863 161101920
994382 300 0.11575417032484636 161118324
994682 300 0.12048568920105356 161364388
994982 300 0.11697734855136085 160987090
995282 300 0.13078314310798947 177538951
995582 300 0.12009692712906059 173569129
995882 300 0.11563090430201932 173601937
996182 300 0.11755575065847235 171469389
996482 300 0.11496716417910448 163743000
996782 300 0.11803933274802458 160724623
997082 300 0.11971764705882354 160741027
997382 300 0.11835223880597016 161265962
997682 300 0.12019174714661983 161397196
997982 300 0.12073222124670764 161134728
998282 300 0.13835926251097455 172158366
998582 300 0.1253025460930641 172158366
998882 300 0.12694293239683932 161134728
999182 300 0.12827989464442494 161249558
999482 300 0.12553959613696225 161265962
999782 300 0.12496119402985074 161265962
1000082 300 0.12329236172080772 161659663
1000382 300 0.12229675153643547 161397196
1000682 300 0.11842809482001757 161265962
1000982 300 0.12191747146619841 162168195
1001282 300 0.13399754170324846 175947741
1001582 300 0.12092186128182617 164792870
1001882 300 0.11759367866549605 161512026
1002182 300 0.11697734855136085 161512026
1002482 300 0.117214398595259 161512026
1002782 300 0.12138647936786656 161905727
1003082 300 0.12214503950834066 161922131
1003382 300 0.11586795434591746 161790897
1003682 300 0.11704372256365232 161922131
1003982 300 0.11507146619841965 161922131
1004282 300 0.12831782265144862 176095379
1004582 300 0.1254921861281826 167302716
1004882 300 0.11941422300263388 162315832
1005182 300 0.1233492537313433 162184599
1005482 300 0.12182265144863914 162447066
1005782 300 0.12042879719051801 162463470
1006082 300 0.11803933274802458 162447066
1006382 300 0.11999262510974538 161922131
1006682 300 0.12094082528533802 161922131
1006982 300 0.12480948200175593 161922131
1007282 300 0.1389281826163301 175045509
1007582 300 0.13016681299385427 173077002
1007882 300 0.12362423178226514 163234469
1008182 300 0.12901000877963126 163513341
1008482 300 0.13118138718173836 162725938
1008782 300 0.13016681299385427 162201003
1009082 300 0.12833678665496048 162857172
1009382 300 0.12998665496049167 163250873
1009682 300 0.1304797190517998 162840768
1009982 300 0.12528358208955223 162463470
1010282 300 0.1279859525899912 165104550
1010582 300 0.13901352063213346 175882124
1010882 300 0.12897208077260755 165891953
1011182 300 0.12470517998244074 163136044
1011482 300 0.12505601404741 162988405
1011782 300 0.12708516242317822 162988405
1012082 300 0.1334286215978929 163103235
1012382 300 0.1327459174714662 163250873
1012682 300 0.12448709394205444 162972001
1012982 300 0.12507497805092185 162578300
1013282 300 0.1251603160667252 162184599
1013582 300 0.14145987708516242 179769925
1013882 300 0.12975908691834945 179507457
1014182 300 0.1254542581211589 163365703
1014482 300 0.12070377524143985 163103235
1014782 300 0.11955645302897279 163103235
1015082 300 0.1229604916593503 162972001
1015382 300 0.12503705004389815 163234469
1015682 300 0.12257172958735733 163103235
1015982 300 0.12116839332748025 162709534
1016282 300 0.12771097453906935 162972001
1016582 300 0.12889622475856014 164431977
1016882 300 0.1765148375768218 182279771
1017182 300 0.17885689201053556 180836199
1017482 300 0.14721545215100967 175865720
1017782 300 0.13429148375768218 175718082
1018082 300 0.22354556628621597 173487108
1018382 300 0.27471992976294995 165219380
1018682 300 0.2554809482001756 163119639
1018982 300 0.26995048287971907 163644574
1019282 300 0.2592453028972783 163759404
1019582 300 0.23798665496049165 163365703
1019882 300 0.27376224758560147 169927392
1020182 300 0.28631641791044776 186479252
1020482 300 0.2748052677787533 179507457
1020782 300 0.27630342405618963 177555355
1021082 300 0.18423318700614574 177424121
1021382 300 0.1698774363476734 172945768
1021682 300 0.1980674275680421 169271223
1021982 300 0.23183283582089553 164825679
1022282 300 0.2570265144863916 164678040
1022582 300 0.26818683055311676 165219380
1022882 300 0.28258050921861283 165727911
1023182 300 0.2742837576821774 165465443
1023482 300 0.27761194029850744 170714794
1023782 300 0.2746345917471466 184904446
1024082 300 0.27715680421422295 175586848
1024382 300 0.25604986830553117 174536978
1024682 300 0.16589499561018436 172322408
1024982 300 0.1937057067603161 170862432
1025282 300 0.20424021071115014 168516628
1025582 300 0.2505692712906058 166941823
1025882 300 0.26387251975417036 164563211
1026182 300 0.2629906935908692 164956912
1026482 300 0.2622605794556629 164842083
1026782 300 0.27809552238805973 181098667
1027082 300 0.2768818261633011 186758124
1027382 300 0.26098999122036876 177949056
1027682 300 0.27063318700614575 177686589
1027982 300 0.25881861281826163 177817822
1028282 300 0.2600702370500439 177834226
1028582 300 0.26391044776119404 176374251
1028882 300 0.2672860403863038 169943796
1029182 300 0.26059174714661987 168795500
1029482 300 0.269049692712906 168664266
1029782 300 0.27848428446005263 174799446
1030082 300 0.2828744512730465 183838172
1030382 300 0.27540263388937664 169681328
1030682 300 0.26766532045654085 169664924
1030982 300 0.2604684811237928 177949056
1031282 300 0.26243125548726953 172568472
1031582 300 0.2049134328358209 178736459
1031882 300 0.14269253731343284 179917563
1032182 300 0.13871009657594383 171108496
1032482 300 0.13414925373134326 169139989
1032782 300 0.13165548726953466 165596677
1033082 300 0.1299297629499561 164809274
1033382 300 0.12665847234416153 164940508
1033682 300 0.1315227392449517 164940508
1033982 300 0.1341208077260755 169008755
1034282 300 0.1307926251097454 172453642
1034582 300 0.1268670763827919 170616369
1034882 300 0.12189850746268655 170353902
1035182 300 0.12463880597014926 168401799
1035482 300 0.11748937664618085 164579615
1035782 300 0.12085548726953468 164317147
1036082 300 0.12327339771729585 164448381
1036382 300 0.11675926251097454 164448381
1036682 300 0.11855136084284461 163907042
1036982 300 0.12590939420544336 164579615
1037282 300 0.1281661106233538 184133448
1037582 300 0.12600421422300265 189497629
1037882 300 0.1209028972783143 177588163
1038182 300 0.12381387181738367 175472019
1038482 300 0.11784021071115014 170337497
1038782 28 0.1239655838454785 165891953
1038810 1 0.12486637401229148 163300086
1038811 4 0.09450500438981563 161725281
1038815 3 0.09582300263388938 156311887
1038818 1 0.0928361720807726 156311887
1038819 8 0.0928361720807726 156311887
1038827 1 0.0928361720807726 156311887
1038828 168 0.09419209833187006 163972659
1038996 5 0.09216294995610184 91269146
1039001 8 0.09091132572431958 91269146
1039009 73 0.10553257243195786 104261290
1039082 300 0.0984305531167691 143204914
1039382 300 0.1261369622475856 159674753
1039682 300 0.12127269534679544 160347326
1039982 300 0.1271894644424934 163759404
1040282 300 0.13481299385425813 174110468
1040582 300 0.12462932396839332 168746287
1040882 9 0.1226286215978929 168500224
1040891 6 0.09389815627743635 164481190
1040897 3 0.09442914837576823 159067797
1040900 2 0.09240948200175593 159067797
1040902 10 0.09240948200175593 159067797
1040912 165 0.09370851624231781 166810590
1041077 6 0.09161299385425813 93188440
1041083 9 0.09098718173836699 93188440
1041092 90 0.10714451273046534 105114310
1041182 300 0.10539034240561897 174717424
1041482 300 0.11581106233538192 159707561
1041782 297 0.11644635645302896 156443121
1042079 3 0.0966953467954346 156443121
1042082 3 0.08980193151887621 148323031
1042085 2 0.08947006145741879 147125523
1042087 1 0.08732712906057946 147125523
1042088 7 0.08732712906057946 147125523
1042095 1 0.08732712906057946 147125523
1042096 168 0.08861668129938542 154983145
1042264 3 0.086871992976295 86479113
1042267 1 0.08568674275680423 86479113
1042268 8 0.08568674275680423 86479113
1042276 1 0.08568674275680423 86495518
1042277 105 0.0984305531167691 101193700
1042382 300 0.10298191395961372 151341408
1042682 300 0.11451202809482003 156426717
1042982 300 0.11984091308165057 158378819
1043282 300 0.1289910447761194 176374251
1043582 300 0.1253025460930641 161151133
1043882 300 0.12031501316944689 161052708
1044182 300 0.11784021071115014 160265305
1044482 253 0.11937629499561019 157657033
1044735 5 0.08991571553994732 154737082
1044740 4 0.0896881474978051 149405710
1044744 9 0.08841755926251096 149405710
1044753 29 0.09386971027216857 155868973
1044782 139 0.08773485513608428 154540231
1044921 4 0.08624618086040386 86823602
1044925 14 0.08533590869183494 86823602
1044939 143 0.11256821773485513 100832808
1045082 300 0.10172080772607552 151669492
1045382 300 0.11736611062335381 156131441
1045682 300 0.11817208077260755 155606506
1045982 300 0.1140758560140474 156000207
1046282 300 0.11269148375768218 155868973
1046582 300 0.11810570676031606 155885377
1046882 254 0.1319494293239684 172945768
1047136 6 0.09896154521510096 182558643
1047142 3 0.10050711150131694 177817822
1047145 12 0.0970935908691835 177817822
1047157 25 0.10274486391571554 184297490
1047182 137 0.0883511852502195 168811905
1047319 1 0.16366672519754172 92565080
1047320 4 0.08599016681299386 92565080
1047324 3 0.08599016681299386 92565080
1047327 155 0.09801334503950834 117499497
1047482 22 0.11365864793678665 153736424
1047504 6 0.08598068481123794 148634711
1047510 4 0.08555399473222125 144238380
1047514 1 0.08394205443371379 144238380
1047515 11 0.08394205443371379 144238380
1047526 164 0.08505144863915716 151751514
1047690 8 0.0823206321334504 78391832
1047698 7 0.0823206321334504 78391832
1047705 1 0.0823206321334504 78391832
1047706 76 0.09832625109745391 90006021
1047782 300 0.09751079894644425 138021180
1048082 300 0.1153369622475856 147453607
1048382 300 0.1157352063213345 147502820
1048682 300 0.11830482879719052 148158989
1048982 300 0.11415171202809482 148437861
1049282 300 0.11413274802458297 148585498
1049582 300 0.1129474978050922 148716732
1049882 300 0.11973661106233537 156065824
1050182 300 0.12510342405618965 175882124
1050482 300 0.11485338015803336 166187229
1050782 300 0.11301387181738368 164760061
1051082 300 0.11344056189640037 158362415
1051382 300 0.11564986830553117 154277764
1051682 300 0.11360175592625109 150504793
1051982 300 0.10927796312554873 150389963
1052282 300 0.11501457418788412 150914898
1052582 300 0.11652221246707639 150652431
1052882 300 0.1197081650570676 150652431
1053182 300 0.12394661984196664 153802041
1053482 300 0.12644986830553115 168106523
1053782 300 0.11753678665496048 168221352
1054082 300 0.11676874451273048 165334209
1054382 300 0.11830482879719052 154310572
1054682 300 0.1151188762071993 151062536
1054982 300 0.11729973661106234 151571067
1055282 300 0.10920210711150131 151718705
1055582 300 0.11309920983318701 151472641
1055882 300 0.11103213345039507 151357812
1056182 300 0.11816259877085161 153063851
1056482 300 0.12585250219490782 166580930
1056782 300 0.1196702370500439 166433292
1057082 300 0.11267251975417032 152784979
1057382 300 0.11665496049165934 152391278
1057682 300 0.11110798946444249 151603875
1057982 300 0.11776435469710272 151357812
1058282 300 0.11536540825285338 151374216
1058582 300 0.1153369622475856 152178023
1058882 300 0.11521369622475856 152571724
1059182 300 0.11568779631255487 153211489
1059482 300 0.12529306409130817 175652465
1059782 300 0.12557752414398596 174865062
1060082 300 0.11507146619841965 162791555
1060382 300 0.11814363476733979 159773178
1060682 300 0.12022967515364355 157542204
1060982 300 0.11946163301141352 155573697
1061282 300 0.11697734855136085 152949022
1061582 300 0.11565935030728708 152834192
1061882 300 0.11455943810359966 152719363
1062182 300 0.11795399473222123 153113064
1062482 300 0.11588691834942932 153506765
1062782 300 0.12687655838454784 167696418
1063082 300 0.11965127304653204 161659663
1063382 300 0.11386725197541704 153900466
1063682 300 0.11566883230904301 153621595
1063982 300 0.11615241439859526 153752829
1064282 300 0.11287164179104477 153490361
1064582 300 0.1097710272168569 153359127
1064882 300 0.1185892888498683 153621595
1065182 300 0.13191150131694468 154556635
1065482 300 0.12237260755048288 154573039
1065782 300 0.12847901668129938 167171482
1066082 300 0.11558349429323968 162463470
1066382 300 0.11454047410008779 160347326
1066682 300 0.11689201053555752 160363730
1066982 300 0.11452151009657593 158247585
1067282 300 0.11611448639157154 156279079
1067582 300 0.11590588235294118 154966741
1067882 300 0.11829534679543459 154294168
1068182 300 0.12015381913959614 154294168
1068482 300 0.11943318700614573 154162934
1068782 300 0.12941773485513608 162184599
1069082 300 0.12643090430201934 167958885
1069382 300 0.12112098331870061 155229208
1069682 300 0.11996417910447761 154851912
1069982 300 0.1198124670763828 173864405
1070282 300 0.11351641791044777 154704273
1070582 300 0.11512835820895523 154458210
1070882 300 0.11245443371378401 154474614
1071182 300 0.12035294117647058 154589444
1071482 300 0.11648428446005268 154687869
1071782 300 0.1185134328358209 154425402
1072082 300 0.12943669885864795 167171482
1072382 300 0.12947462686567163 160084858
1072682 300 0.12527410008779633 155360442
1072982 300 0.11888323090430203 155508080
1073282 300 0.11952800702370499 166941823
1073582 300 0.11782124670763827 154737082
1073882 300 0.11563090430201932 154737082
1074182 300 0.11386725197541704 154737082
1074482 300 0.11706268656716418 154589444
1074782 300 0.11768849868305531 154474614
1075082 300 0.11371553994732221 154326976
1075382 300 0.1263550482879719 164415573
1075682 300 0.12466725197541703 154441806
1075982 300 0.11469218612818262 154310572
1076282 300 0.11400948200175592 154048105
1076582 300 0.11509991220368745 154310572
1076882 300 0.11702475856014047 154441806
1077182 300 0.11304231782265145 154195743
1077482 300 0.1153369622475856 154212147
1077782 300 0.11979350307287094 154080913
1078082 300 0.11973661106233537 153949679
1078382 300 0.13320105355575065 166433292
1078682 300 0.1254163301141352 163267278
1078982 300 0.1171764705882353 154737082
1079282 300 0.11836172080772606 154737082
1079582 300 0.11575417032484636 154737082
1079882 300 0.11716698858647936 154638657
1080182 300 0.11705320456540826 154901124
1080482 300 0.11692045654082528 154901124
1080782 300 0.11611448639157154 154753486
1081082 300 0.11827638279192274 155262017
1081382 300 0.12614644424934152 175472019
1081682 300 0.1201443371378402 175340785
1081982 300 0.11373450395083406 170501539
1082282 300 0.11692045654082528 169845370
1082582 300 0.12137699736611063 163398511
1082882 300 0.1173945566286216 159477902
1083182 300 0.1167118525021949 156459525
1083482 300 0.1225243195785777 154507423
1083782 300 0.11943318700614573 154769890
1084082 300 0.11977453906935909 154753486
1084382 300 0.11894012291483759 154769890
1084682 300 0.1279859525899912 163316490
1084982 300 0.12815662862159788 180114414
1085282 300 0.1250275680421422 170403114
1085582 300 0.12119683933274802 167614396
1085882 300 0.1223441615452151 160937878
1086182 300 0.11871255487269534 158559265
1086482 300 0.12078911325724319 156328291
1086782 300 0.11798244073748902 155163592
1087082 300 0.1197460930640913 155179996
1087382 300 0.12137699736611063 155048762
1087682 300 0.1187694468832309 155048762
1087982 300 0.13182616330114136 174733828
1088282 300 0.13150377524143986 178933309
1088582 300 0.12392765583845479 164497594
1088882 300 0.1229604916593503 164366360
1089182 300 0.12681018437225638 163431319
1089482 300 0.12254328358208955 161725281
1089782 300 0.12163301141352063 160544176
1090082 300 0.12052361720807726 160806644
1090382 300 0.11640842844600525 160659006
1090682 300 0.12004951712028095 159100605
1090982 300 0.1255870061457419 158050735
1091282 300 0.14045478489903424 163693787
1091582 300 0.12589991220368743 158854542
1091882 300 0.12105460930640914 157017269
1092182 300 0.12416470588235294 157148503
1092482 300 0.12211659350307286 157000864
1092782 300 0.12395610184372256 157132098
1093082 300 0.12771097453906935 156853227
1093382 300 0.12318805970149253 156721993
1093682 300 0.12405092186128183 157246928
1093982 300 0.12491378402107112 157263332
1094282 300 0.13491729587357332 165416230
1094582 300 0.14020825285338015 176571102
1094882 300 0.1278721685689201 165547464
1095182 300 0.12820403863037752 164366360
1095482 300 0.12637401229148376 163185256
1095782 300 0.12831782265144862 158460840
1096082 300 0.12731273046532046 157148503
1096382 300 0.12456294995610184 157279736
1096682 300 0.13010043898156276 157263332
1096982 300 0.128526426690079 157132098
1097282 300 0.12726532045654085 157788267
1097582 300 0.12892467076382794 163168852
1097882 300 0.1373636523266023 181033050
1098182 300 0.1250275680421422 172486450
1098482 300 0.12221141352063214 172240387
1098782 300 0.12196488147497805 171452984
1099082 300 0.12594732221246707 164760061
1099382 300 0.12500860403863037 160954282
1099682 300 0.12268551360842846 160954282
1099982 300 0.12445864793678665 160150475
1100282 300 0.12095978928884987 158198373
1100582 300 0.12196488147497805 157935905
1100882 300 0.1323476733977173 159658348
1101182 300 0.13932642669007902 179491053
1101482 300 0.1299582089552239 176997612
1101782 300 0.12442071992976295 173191832
1102082 300 0.12400351185250219 171223325
1102382 300 0.12503705004389815 165071742
1102682 300 0.12500860403863037 159018584
1102982 300 0.12602317822651446 158756116
1103282 300 0.1271515364354697 158493649
1103582 300 0.12505601404741 158887350
1103882 300 0.12371905179982441 159149818
1104182 300 0.12961685689201052 166892610
1104482 300 0.13618788410886742 185002872
1104782 300 0.1284126426690079 179376223
1105082 300 0.12381387181738367 174258106
1105382 300 0.12789113257243195 172552067
1105682 300 0.12354837576821774 166925419
1105982 300 0.12351044776119403 159970029
1106282 300 0.12115891132572432 159691157
1106582 300 0.12112098331870061 159543519
1106882 300 0.1228087796312555 159412285
1107182 300 0.12307427568042141 159674753
1107482 300 0.1307262510974539 171354559
1107782 300 0.12838419666374012 181311922
1108082 300 0.12773942054433712 173585533
1108382 300 0.1225622475856014 173454300
1108682 300 0.12514135206321333 182000899
1108982 300 0.12569130816505705 165990378
1109282 300 0.12354837576821774 159805986
1109582 300 0.12188902546093065 159281052
1109882 300 0.1266774363476734 159953625
1110182 300 0.12536892010535558 160068454
1110482 300 0.1271799824407375 159691157
1110782 300 0.13022370500438982 165695102
1111082 300 0.1348414398595259 164924104
1111382 300 0.12789113257243195 160314517
1111682 300 0.12351044776119403 160052050
1111982 300 0.1263834942932397 160068454
1112282 300 0.1198503950834065 159822391
1112582 300 0.12366215978928885 160084858
1112882 300 0.12307427568042141 159970029
1113182 300 0.12150026338893766 159707561
1113482 300 0.1262507462686567 160101262
1113782 300 0.1261369622475856 160232496
1114082 300 0.13799894644424934 175718082
1114382 300 0.13768604038630378 180819795
1114682 300 0.12994872695346796 173995639
1114982 300 0.12505601404741 173716767
1115282 300 0.12387076382791923 193270600
1115582 300 0.11751782265144865 166498909
1115882 300 0.15984547848990344 163907042
1116182 300 0.18863283582089552 161938536
1116482 300 0.12195539947322212 161676068
1116782 300 0.1233208077260755 161528430
1117082 300 0.11868410886742758 161659663
1117382 300 0.13020474100087795 180573732
1117682 300 0.1330683055311677 168237757
1117982 300 0.12616540825285338 166269250
1118282 300 0.12409833187006145 164710849
1118582 300 0.12067532923617208 164448381
1118882 300 0.11965127304653204 162217407
1119182 300 0.11724284460052677 161052708
1119482 300 0.11915820895522387 160773835
1119782 300 0.11666444249341527 161413600
1120082 300 0.11802036874451274 161561238
1120382 300 0.1190918349429324 161298771
1120682 300 0.1294935908691835 168254161
1120982 300 0.13536294995610185 184395916
1121282 300 0.12455346795434592 174815850
1121582 300 0.1208270412642669 172059940
1121882 300 0.12248639157155398 170747602
1122182 300 0.11610500438981562 162725938
1122482 300 0.11337418788410886 161019899
1122782 300 0.1152990342405619 160642602
1123082 300 0.11677822651448638 160511368
1123382 300 0.11891167690956979 161430004
1123682 300 0.11768849868305531 161151133
1123982 300 0.11756523266022828 160773835
1124282 300 0.13178823529411765 178884097
1124582 300 0.12771097453906935 180491710
1124882 300 0.12187006145741879 174848658
1125182 300 0.12207866549604916 172223983
1125482 300 0.12531202809482 163956255
1125782 300 0.11727129060579455 161216749
1126082 300 0.11707216856892011 161331579
1126382 300 0.11387673397717296 160937878
1126682 300 0.11938577699736612 161052708
1126982 300 0.11700579455662863 161577642
1127282 300 0.10978999122036874 161708876
1127582 300 0.12041931518876207 166712164
1127882 300 0.12199332748024583 174602595
1128182 300 0.1098089552238806 167237099
1128482 300 0.10913573309920983 161200345
1128782 300 0.10744793678665497 179048139
1129082 300 0.10725829675153643 167893268
1129382 300 0.10707813871817383 167762034
1129682 300 0.10755223880597016 164743657
1129982 300 0.10868059701492538 161347983
1130282 300 0.10632906057945567 161069112
1130582 300 0.11035891132572434 167253504
1130882 300 0.11711957857769972 173044194
1131182 300 0.11124073748902547 168024502
1131482 300 0.108471992976295 167893268
1131782 300 0.10695487269534679 166203633
1132082 300 0.10660403863037753 163431319
1132382 300 0.1102071992976295 161594047
1132682 300 0.10579806848112379 161479217
1132982 300 0.10465074626865674 161446409
1133282 300 0.10720140474100087 161708876
1133582 300 0.1116579455662862 161987748
1133882 300 0.1265731343283582 176160996
1134182 300 0.11319402985074627 166712164
1134482 300 0.10935381913959613 162906384
1134782 300 0.10953397717295875 162381450
1135082 300 0.11111747146619842 162758746
1135382 300 0.10582651448639156 162906384
1135682 300 0.11101316944688323 162627513
1135982 300 0.10524811237928007 162102577
1136282 300 0.10741949078138718 161971344
1136582 300 0.1052196663740123 161856514
1136882 300 0.10848147497805093 162233811
1137182 300 0.11791606672519754 168155736
1137482 300 0.1225622475856014 181016646
1137782 300 0.11211308165057068 181820452
1138082 300 0.11008393327480245 175521231
1138382 300 0.11229323968393327 174094064
1138682 300 0.11239754170324848 167926077
1138982 300 0.11127866549604916 162266620
1139282 300 0.10911676909569797 162151790
1139582 300 0.1100270412642669 162529087
1139882 300 0.11308972783143108 162151790
1140182 300 0.11070974539069359 162135386
1140482 300 0.12467673397717297 172355217
1140782 300 0.11703424056189639 178523204
1141082 300 0.1153369622475856 175373593
1141382 300 0.11476804214223003 174996296
1141682 300 0.11121229148375768 165547464
1141982 300 0.11215100965759438 161889323
1142282 300 0.11101316944688323 162135386
1142582 300 0.11061492537313432 162004152
1142882 300 0.11231220368744514 161610451
1143182 300 0.11386725197541704 162397854
1143482 300 0.1274644424934153 182739089
1143782 300 0.12181316944688322 177112441
1144082 300 0.11268200175592626 163726596
1144382 300 0.11498612818261633 163595362
1144682 300 0.11477752414398595 163480532
1144982 300 0.11417067603160667 163989063
1145282 300 0.11368709394205445 164136701
1145582 300 0.11225531167690957 164136701
1145882 300 0.11463529411764706 164153106
1146182 300 0.11839964881474978 165727911
1146482 300 0.12728428446005266 178720054
1146782 300 0.11718595258999123 169254819
1147082 300 0.11445513608428445 163743000
1147382 300 0.11395258999122036 163611766
1147682 300 0.11169587357330993 163464128
1147982 300 0.11180017559262512 163332894
1148282 300 0.11405689201053557 163480532
1148582 300 0.11266303775241439 163349298
1148882 300 0.11235961369622476 162955597
1149182 300 0.1141043020193152 162824364
1149482 300 0.12507497805092185 175701678
1149782 300 0.12036242317822651 172666897
1150082 300 0.11091834942932396 163496937
1150382 300 0.11314661984196664 163726596
1150682 300 0.11196136962247585 163857829
1150982 300 0.1124449517120281 163726596
1151282 300 0.1096667251975417 163726596
1151582 300 0.10719192273924495 163332894
1151882 300 0.11057699736611061 163365703
1152182 300 0.11192344161545216 163743000
1152482 300 0.11117436347673398 163628170
1152782 300 0.11116488147497805 163611766
1153082 300 0.12289411764705882 177407717
1153382 300 0.11681615452151009 177407717
1153682 300 0.1132793678665496 162972001
1153982 300 0.10875645302897279 169517286
1154282 300 0.11424653204565408 163365703
1154582 300 0.11378191395961368 162840768
1154882 300 0.11209411764705883 162840768
1155182 300 0.1149766461808604 162840768
1155482 300 0.1160955223880597 162972001
1155782 300 0.11817208077260755 164415573
1156082 300 0.12370008779631254 166777781
1156382 300 0.11621878841088674 163103235
1156682 300 0.11418015803336261 163103235
1156982 300 0.11587743634767339 163103235
1157282 300 0.11026409130816507 163103235
1157582 300 0.1097046532045654 163234469
1157882 300 0.1110036874451273 163103235
1158182 300 0.10835820895522388 163103235
1158482 300 0.1124828797190518 163234469
1158782 300 0.11277682177348551 165071742
1159082 300 0.12373801580333625 185937912
1159382 300 0.12156663740122914 175832911
1159682 300 0.11784969271290607 163496937
1159982 300 0.11250184372256365 163628170
1160282 300 0.11268200175592626 177292887
1160582 300 0.11235013169446885 163496937
1160882 300 0.11317506584723441 163103235
1161182 300 0.11538437225636523 162955597
1161482 300 0.11393362598770851 162315832
1161782 300 0.1098089552238806 162315832
1162082 300 0.11866514486391572 163234469
1162382 300 0.11942370500438981 174126873
1162682 300 0.12163301141352063 162594704
1162982 300 0.11395258999122036 162578300
1163282 300 0.1142180860403863 162201003
1163582 300 0.11426549604916594 162086173
1163882 300 0.11102265144863917 161938536
1164182 300 0.11037787532923617 161676068
1164482 300 0.11085197541703248 161676068
1164782 300 0.11486286215978929 162184599
1165082 300 0.12134855136084285 164284339
1165382 300 0.1250844600526778 178195120
1165682 300 0.11613345039508341 168483820
1165982 300 0.1151473222124671 162332237
1166282 300 0.11339315188762072 162201003
1166582 300 0.11496716417910448 162168195
1166882 300 0.11401896400351186 162315832
1167182 300 0.11278630377524143 162069769
1167482 300 0.11370605794556628 162332237
1167782 300 0.11611448639157154 162069769
1168082 300 0.11136400351185251 161676068
1168382 300 0.12665847234416153 173995639
1168682 300 0.1233492537313433 174126873
1168982 300 0.11662651448639157 162184599
1169282 300 0.11911079894644425 162332237
1169582 300 0.11791606672519754 162332237
1169882 300 0.11466374012291483 162201003
1170182 300 0.11675926251097454 162184599
1170482 300 0.11818156277436348 161938536
1170782 300 0.11508094820017559 161676068
1171082 300 0.11632309043020192 161692472
1171382 300 0.12744547848990342 172584876
1171682 300 0.12278033362598771 172568472
1171982 300 0.11612396839332748 162069769
1172282 300 0.11432238805970149 162069769
1172582 300 0.11866514486391572 176767952
1172882 300 0.11621878841088674 163398511
1173182 300 0.11572572431957859 163529745
1173482 300 0.11666444249341527 163546149
1173782 300 0.11828586479367866 163398511
1174082 300 0.11651273046532046 163414915
1174382 300 0.11917717295873574 164858487
1174682 300 0.12668691834942933 174290914
1174982 300 0.12338718173836699 164481190
1175282 300 0.11844705882352942 164218722
1175582 300 0.12164249341527657 164218722
1175882 300 0.11586795434591746 164349956
1176182 300 0.11794451273046533 164054680
1176482 300 0.11963230904302019 163939851
1176782 300 0.11884530289727832 164087488
1177082 300 0.12095030728709394 164202318
1177382 300 0.12453450395083406 164071084
1177682 300 0.13421562774363477 180065201
1177982 300 0.13165548726953466 186265997
1178282 300 0.12553959613696225 177342100
1178582 300 0.12353889376646181 176292230
1178882 300 0.13063143107989464 172617684
1179182 300 0.12871606672519756 167614396
1179482 300 0.12633608428446005 164596020
1179782 300 0.12553011413520632 164464786
1180082 300 0.12737910447761194 164858487
1180382 300 0.1341966637401229 165006125
1180682 300 0.1381980684811238 164989721
1180982 300 0.1481446883230904 176013358
1181282 300 0.1453190517998244 176013358
1181582 300 0.13616892010535558 165301401
1181882 300 0.1338647936786655 164891295
1182182 300 0.13785671641791045 164464786
1182482 300 0.13743002633889376 164497594
1182782 300 0.13962985074626866 165038934
1183082 300 0.14299596136962248 165449039
1183382 300 0.14078665496049167 165284997
1183682 300 0.14694047410008781 165432635
1183982 300 0.14806883230904302 165284997
1184282 300 0.1572758560140474 179195777
1184582 300 0.15204179104477614 174618999
1184882 300 0.14746198419666376 165268593
1185182 300 0.15142546093064094 165170167
1185482 300 0.15253485513608428 165170167
1185782 300 0.14557506584723442 165038934
1186082 300 0.14273994732221246 165022529
1186382 300 0.14622932396839333 165038934
1186682 300 0.14852396839332746 165038934
1186982 300 0.15047726075504828 165038934
1187282 300 0.15431747146619845 166761377
1187582 300 0.16141000877963127 192073092
1187882 300 0.16160913081650571 195878871
1188182 300 0.15306584723441616 185363764
1188482 300 0.15303740122914838 179753521
1188782 300 0.15252537313432837 177260079
1189082 300 0.1536916593503073 173454300
1189382 300 0.15125478489903424 171617026
1189682 300 0.15538893766461806 169254819
1189982 300 0.1557113257243196 169107180
1190282 300 0.15471571553994734 166203633
1190582 300 0.1560811237928007 165809932
1190882 300 0.15353994732221246 166072399
1191182 300 0.15916277436347673 183017961
1191482 300 0.1562043898156277 188923481
1191782 300 0.149870412642669 178309949
1192082 300 0.1474430201931519 175537636
1192382 300 0.14999367866549604 174356532
1192682 300 0.14933942054433716 170271880
1192982 300 0.15073327480245832 165170167
1193282 300 0.14995575065847236 164661636
1193582 300 0.1495764705882353 165038934
1193882 300 0.14818261633011415 165022529
1194182 300 0.1485998244073749 165432635
1194482 300 0.16305987708516245 172519258
1194782 300 0.16430201931518876 179080948
1195082 300 0.16056611062335382 172535663
1195382 300 0.15612853380158034 165563868
1195682 300 0.16071782265144866 165842740
1195982 300 0.16000667251975417 166088803
1196282 300 0.1662363476733977 167269908
1196582 300 0.16551571553994734 169107180
1196882 300 0.1587360842844601 168188544
1197182 300 0.15607164179104477 168188544
1197482 300 0.1560147497805092 168057310
1197782 300 0.16052818261633015 167778438
1198082 300 0.1683982440737489 182345388
1198382 300 0.162728007023705 179080948
1198682 300 0.16299350307287094 168073714
1198982 300 0.16602774363476738 167926077
1199282 300 0.17074978050921863 167942481
1199582 300 0.16175136084284458 167171482
1199882 300 0.16444424934152765 166515313
1200182 300 0.15788270412642672 166515313
1200482 300 0.1571241439859526 166400484
1200782 300 0.15646040386303775 166400484
1201082 300 0.16049973661106234 166269250
1201382 300 0.1693274802458297 186069146
1201682 300 0.1683603160667252 188037653
1201982 300 0.15801545215100965 184888042
1202282 300 0.1619978928884987 180442498
1202582 300 0.16123933274802463 205114448
1202882 300 0.15772151009657592 176505484
1203182 300 0.1586412642669008 171272538
1203482 300 0.1590489903424056 170222668
1203782 300 0.15791115013169446 167483163
1204082 300 0.15970324846356454 167351929
1204382 300 0.16611308165057068 168237757
1204682 300 0.16580017559262508 190563903
1204982 300 0.1644916593503073 168467416
1205282 300 0.16419771729587357 168352586
1205582 300 0.16567690956979805 168336182
1205882 300 0.17956804214223002 168090118
1206182 300 0.1793878841088674 168090118
1206482 300 0.17835434591747149 167958885
1206782 300 0.17389780509218614 167958885
1207082 300 0.17458050921861282 167958885
1207382 300 0.1719065847234416 168106523
1207682 300 0.17725443371378405 168090118
1207982 300 0.19203687445127307 182000899
1208282 300 0.18700193151887623 183050769
1208582 300 0.18081966637401228 168615054
1208882 300 0.17347111501316947 168762692
1209182 300 0.17536751536435471 169041564
1209482 300 0.176742405618964 168516628
1209782 300 0.18167304653204566 168943138
1210082 300 0.17363230904302018 168286969
1210382 300 0.17597436347673398 168270565
1210682 300 0.1728358208955224 168270565
1210982 300 0.17848709394205445 168401799
1211282 300 0.18202388059701494 182443813
1211582 300 0.18048779631255488 180344073
1211882 300 0.17979561018437223 168926734
1212182 300 0.17353748902546093 169025160
1212482 300 0.1770268656716418 168779096
1212782 300 0.175329587357331 168516628
1213082 300 0.17696049165935032 168385395
1213382 300 0.1718686567164179 168500224
1213682 300 0.169156804214223 168647862
1213982 300 0.16891975417032487 168516628
1214282 300 0.16975417032484633 168254161
1214582 300 0.18216611062335383 182821110
1214882 300 0.18144547848990342 184658383
1215182 300 0.1725229148375768 168779096
1215482 300 0.17192554872695348 168910330
1215782 300 0.1690145741878841 168795500
1216082 300 0.17053169446883232 168647862
1216382 300 0.17195399473222125 168533032
1216682 300 0.16552519754170325 168516628
1216982 300 0.16662510974539071 168237757
1217282 300 0.16741211589113258 169681328
1217582 300 0.17351852502194912 182837514
1217882 300 0.17161264266900791 170862432
1218182 300 0.16974468832309045 162725938
1218482 300 0.16483301141352064 162332237
1218782 300 0.16580017559262508 162069769
1219082 300 0.16127726075504828 161807302
1219382 300 0.16527866549604917 161676068
1219682 300 0.16645443371378402 161807302
1219982 300 0.16866374012291485 161692472
1220282 300 0.16476663740122913 161544834
1220582 300 0.1738503950834065 163004810
1220882 300 0.17527269534679543 177817822
1221182 300 0.16619841966637403 173749575
