1844484 300 0.2883929762949956 176325038
1844784 300 0.1910791922739245 169369648
1845084 300 0.15536997366110625 165957570
1845384 300 0.15579666374012294 180524519
1845684 300 0.15422265144863917 169123585
1845984 300 0.1562707638279192 168467416
1846284 300 0.1612014047410009 162168195
1846584 300 0.15994978050921863 161118324
1846884 300 0.16516488147497801 174241702
1847184 300 0.16461492537313432 164530402
1847484 300 0.16227287093942053 164546807
1847784 300 0.16163757682177352 161790897
1848084 300 0.15899209833187006 160626198
1848384 300 0.15323652326602286 160593389
1848684 300 0.1562707638279192 160609794
1848984 300 0.15198489903424056 160593389
1849284 300 0.1543648814749781 163136044
1849584 300 0.16520280948200175 183854576
1849884 300 0.15628972783143108 178752863
1850184 300 0.15305636523266022 173880809
1850484 300 0.1555406496927129 172962172
1850784 300 0.15848007023705005 182919535
1851084 300 0.15461141352063215 170321093
1851384 300 0.15646988586479366 170321093
1851684 300 0.1543364354697103 170321093
1851984 300 0.155654433713784 170321093
1852284 300 0.16866374012291485 187512718
1852584 300 0.16692853380158032 169779754
1852884 300 0.15968428446005267 169927392
1853184 300 0.15401404741000876 168615054
1853484 300 0.1594093064091308 166777781
1853784 300 0.1544502194907814 167171482
1854084 300 0.15446918349429326 166777781
1854384 300 0.15454503950834067 166515313
1854684 300 0.16039543459174713 165071742
1854984 300 0.16647339771729588 178588821
1855284 300 0.1630978050921861 165613081
1855584 300 0.1588972783143108 159297456
1855884 300 0.14774644424934152 159034988
1856184 300 0.14768007023705007 159166222
1856484 300 0.15081861281826162 159067797
1856784 300 0.15246848112379283 159051392
1857084 300 0.15048674275680424 159182626
1857384 300 0.15016435469710274 159182626
1857684 300 0.15537945566286218 165219380
1857984 300 0.16162809482001758 178736459
1858284 300 0.15416575943810357 177834226
1858584 300 0.14669394205443373 172962172
1858884 300 0.14306233538191396 172552067
1859184 300 0.15306584723441616 185429382
1859484 300 0.15384337137840212 166941823
1859784 300 0.1534546093064091 166662951
1860084 300 0.1496428446005268 166548122
1860384 300 0.15117892888498685 166400484
1860684 300 0.15593889376646183 172962172
1860984 300 0.15967480245829677 176259421
1861284 300 0.15445970149253732 170206263
1861584 300 0.14445618964003512 167040249
1861884 300 0.14394416154521508 166006782
1862184 300 0.14709218612818262 165990378
1862484 300 0.1503350307287094 166121612
1862784 300 0.15356839332748023 164940508
1863084 300 0.15516136962247587 162184599
1863384 300 0.15215557506584723 160347326
1863684 300 0.16177032484635645 179409032
1863984 300 0.16185566286215983 180048796
1864284 300 0.15668797190517997 173618341
1864584 300 0.15670693590869184 186725315
1864884 300 0.15115996488147498 167712822
1865184 300 0.15360632133450397 163775808
1865484 300 0.15370114135206325 163890638
1865784 300 0.1549527655838455 164284339
1866084 300 0.1582714661984197 174668212
1866384 300 0.16428305531167692 160101262
1866684 300 0.1551329236172081 160101262
1866984 300 0.1504488147497805 159970029
1867284 300 0.15831887620719928 160101262
1867584 300 0.1550665496049166 160232496
1867884 300 0.154241615452151 160101262
1868184 300 0.15640351185250223 159970029
1868484 300 0.1519943810359965 159838795
1868784 300 0.16767761194029848 171518601
1869084 300 0.16177980684811238 171535005
1869384 300 0.15618542581211592 159445093
1869684 300 0.15409938542581214 159445093
1869984 300 0.15593889376646183 159313860
1870284 300 0.1555690956979807 159182626
1870584 300 0.1556828797190518 159182626
1870884 300 0.16200737489025463 159182626
1871184 300 0.1588972783143108 161676068
1871484 300 0.16848358208955225 167597992
1871784 300 0.1582050921861282 159313860
1872084 300 0.15768358208955227 158788925
1872384 300 0.1589731343283582 158805329
1872684 300 0.15566391571553995 158936563
1872984 300 0.155142405618964 158936563
1873284 300 0.15107462686567164 158936563
1873584 300 0.15762669007901667 159445093
1873884 300 0.16484249341527657 181246305
1874184 300 0.16037647058823526 178473991
1874484 300 0.15169095697980683 172601280
1874784 300 0.15351150131694472 171928707
1875084 300 0.15726637401229152 169320435
1875384 300 0.15449762949956103 167351929
1875684 300 0.1520323090430202 166170825
1875984 300 0.15172888498683054 166039591
1876284 300 0.1558630377524144 167220695
1876584 300 0.16414082528533805 185970721
1876884 300 0.16078419666374014 185445786
1877184 300 0.15905847234416157 168122927
1877484 300 0.1575318700614574 167876864
1877784 300 0.16165654082528533 167614396
1878084 300 0.15705776997366108 167597992
1878384 300 0.15722844600526778 164317147
1878684 300 0.15810079016681297 164218722
1878984 300 0.1610402107111501 165383422
1879284 300 0.16926110623353818 184806021
1879584 300 0.16308832309043023 178900501
1879884 300 0.1627943810359965 171157708
1880184 300 0.16566742756804215 170239072
1880484 300 0.16268059701492535 166958227
1880784 300 0.16306935908691836 166433292
1881084 300 0.24274661984196663 166564526
1881384 300 0.44139455662862165 166958227
1881684 300 0.4686647936786655 167499567
1881984 300 0.48682282704126423 178391970
1882284 300 0.5037766461808604 182197750
1882584 300 0.5042791922739245 176554698
1882884 300 0.5085840210711149 176817165
1883184 300 0.49639964881474974 191121646
1883484 300 0.49369727831431076 176554698
1883784 300 0.5016052677787532 176685931
1884084 300 0.5036344161545215 176554698
1884384 300 0.49705390693590873 176817165
1884684 300 0.5022690079016682 176685931
1884984 300 0.5130690079016681 181393943
1885284 300 0.5315020193151887 182328984
1885584 300 0.517335908691835 173930022
1885884 300 0.5105278314310798 173536320
1886184 300 0.5354370500438982 174192489
1886484 300 0.5196684811237928 172338812
1886784 300 0.5238974539069359 171813877
1887084 300 0.5338156277436347 171830281
1887384 300 0.5241155399473222 171813877
1887684 300 0.5310184372256365 171699048
1887984 300 0.5368972783143108 175619656
1888284 300 0.5524856892010535 186790932
1888584 300 0.5245517120280948 183247620
1888884 300 0.5262869183494293 178408374
1889184 300 0.5205123792800702 177079632
1889484 300 0.4420298507462686 174733828
1889784 300 0.27858858647936785 174323723
1890084 300 0.427702546093064 171830281
1890384 300 0.2775834942932397 171190516
1890684 300 0.3421843722563652 170157051
1890984 300 0.3889306409130816 187201038
1891284 300 0.22848568920105353 170796816
1891584 300 0.19494784899034243 161216749
1891884 300 0.23795820895522388 161200345
1892184 300 0.18722001755926254 161200345
1892484 300 0.18459350307287092 161331579
1892784 300 0.1904628621597893 161347983
1893084 300 0.18650886742756806 161347983
1893384 300 0.1871062335381914 161610451
1893684 300 0.18640456540825281 161479217
1893984 300 0.18653731343283583 177735801
1894284 300 0.18803546971027219 166859802
1894584 300 0.18989394205443372 166728568
1894884 300 0.18945776997366112 166597335
1895184 300 0.20452467076382794 165547464
1895484 300 0.20667708516242317 179064543
1895784 300 0.20122493415276557 167778438
1896084 300 0.1891733099209833 166859802
1896384 300 0.18980860403863037 166728568
1896684 300 0.19401861281826163 166203633
1896984 300 0.1884906057945566 160970686
1897284 300 0.18651834942932397 160429347
1897584 300 0.19180930640913083 160429347
1897884 300 0.18640456540825281 160298113
1898184 300 0.19999227392449517 176439868
1898484 300 0.18977067603160666 182345388
1898784 300 0.1900077260755048 173044194
1899084 300 0.18482107111501317 172634088
1899384 300 0.1915532923617208 172765322
1899684 300 0.18894574187884108 172765322
1899984 300 0.18317120280948201 172650492
1900284 300 0.1839961369622476 171321750
1900584 300 0.18946725197541703 166318463
1900884 300 0.199755223880597 180114414
1901184 300 0.19495733099209836 182082920
1901484 300 0.19319367866549605 167647204
1901784 300 0.18910693590869185 166974631
1902084 300 0.19005513608428445 166876206
1902384 300 0.1896758560140474 164251531
1902684 300 0.19163863037752418 163989063
1902984 300 0.18892677787532922 163726596
1903284 300 0.18843371378402107 161265962
1903584 300 0.19694855136084286 179491053
1903884 300 0.19553573309920982 184986468
1904184 300 0.18820614574187886 173306661
1904484 300 0.18669850746268657 173175427
1904784 300 0.18464091308165057 173044194
1905084 300 0.18935346795434596 173060598
1905384 300 0.18517190517998242 170550752
1905684 300 0.18758981562774363 166613739
1905984 300 0.19215065847234417 166351271
1906284 300 0.21511606672519756 166367676
1906584 300 0.5269411764705881 170813220
1906884 300 0.24781000877963122 182903131
1907184 300 0.5486265144863915 173191832
1907484 300 0.5063178226514485 172273195
1907784 300 0.5504849868305531 172404429
1908084 300 0.5529123792800702 170550752
1908384 300 0.5567431079894645 170157051
1908684 300 0.540851273046532 170304688
1908984 300 0.5540597014925372 170288284
1909284 300 0.41247445127304655 87611005
1909584 41 0.39784372256365225 99946980
1909625 8 0.3978911325724319 99946980
1909633 9 0.39784372256365225 99963384
1909642 173 0.39912379280070237 107558539
1909815 1 0.39912379280070237 107558539
1909816 1 0.39912379280070237 107558539
1909817 67 0.41476909569798065 119435196
1909884 300 0.4360846356453029 158165564
1910184 300 0.32246180860403867 164349956
1910484 300 0.5512151009657594 164481190
1910784 300 0.5463982440737489 164481190
1911084 300 0.5438665496049165 164743657
1911384 300 0.5404909569798068 164760061
1911684 300 0.5393531167690957 164628828
1911984 300 0.5478869183494293 164628828
1912284 300 0.5609246707638279 178277140
1912584 300 0.4875813871817383 174865062
1912884 300 0.2965095697980685 162004152
1913184 300 0.18683125548726956 161380792
1913484 300 0.18831992976294995 180196435
1913784 300 0.23780649692712907 166548122
1914084 300 0.25724460052677783 165498252
1914384 300 0.2437801580333626 163250873
1914684 300 0.2838985074626866 165219380
1914984 300 0.19318419666374012 176882782
1915284 300 0.18035504828797191 167286312
1915584 300 0.1776716417910448 166105208
1915884 300 0.1742770851624232 165859144
1916184 300 0.17287374890254606 165711507
1916484 300 0.17618296751536436 164645232
1916784 300 0.18123687445127304 162611109
1917084 300 0.185740825285338 164989721
1917384 300 0.1768846356453029 169960200
1917684 300 0.17633467954345916 163004810
1917984 300 0.17564249341527655 163119639
1918284 300 0.17412537313432833 163119639
1918584 300 0.18007058823529412 162840768
1918884 300 0.1762777875329236 162857172
1919184 300 0.17785179982440738 162709534
1919484 300 0.1841478489903424 164054680
1919784 300 0.18429956101843725 189743692
1920084 300 0.18492537313432836 180311264
1920384 300 0.1720014047410009 170599965
1920684 300 0.17293064091308163 170075029
1920984 300 0.17580368744512734 168893926
1921284 300 0.1748649692712906 167187886
1921584 300 0.17301597892888498 167335524
1921884 300 0.17301597892888498 167220695
1922184 300 0.17212467076382792 167335524
1922484 300 0.1874760316066725 182673472
1922784 300 0.17693204565408255 172699705
1923084 300 0.16912835820895525 167597992
1923384 300 0.2544474100087796 167712822
1923684 300 0.34548410886742753 167729226
1923984 300 0.21449973661106236 165645889
1924284 300 0.18541843722563653 163546149
1924584 300 0.25124249341527655 163546149
1924884 300 0.48110517998244073 163825021
1925184 300 0.5308382791922739 171567814
1925484 300 0.5440087796312554 184018618
1925784 300 0.5291220368744513 173405086
1926084 300 0.5243146619841966 173126215
1926384 300 0.5296625109745391 173372278
1926684 300 0.5334837576821774 173536320
1926984 300 0.5475076382791922 173126215
1927284 300 0.5391350307287094 173011386
1927584 300 0.5447768217734855 170534348
1927884 300 0.5483610184372255 173011386
1928184 300 0.5568663740122914 180622944
1928484 300 0.5436200175592625 171961515
1928784 300 0.5623469710272168 166712164
1929084 300 0.5519072870939421 166055995
1929384 300 0.5134103599648815 165793528
1929684 300 0.2610279192273925 164497594
1929984 300 0.4783079894644425 162922789
1930284 300 0.1924635645302897 162397854
1930584 300 0.37177769973661107 168040906
1930884 300 0.17547181738366988 166203633
1931184 300 0.16884389815627743 159789582
1931484 300 0.16422616330114134 159395881
1931784 300 0.1724660228270413 159395881
1932084 300 0.1760597014925373 159133413
1932384 300 0.16598981562774365 159002179
1932684 300 0.17272203687445126 159133413
1932984 300 0.17639157155399474 159395881
1933284 300 0.17905601404741 179080948
1933584 300 0.17195399473222125 175012701
1933884 300 0.1611065847234416 170813220
1934184 300 0.1559009657594381 170796816
1934484 300 0.16324951712028096 170025817
1934784 300 0.16092642669007903 167269908
1935084 300 0.16605618964003513 163857829
1935384 300 0.16741211589113258 160970686
1935684 300 0.17050324846356454 160839453
1935984 300 0.17870517998244076 172912960
1936284 300 0.17786128182616331 181049454
1936584 300 0.17509253731343286 171600622
1936884 300 0.1713945566286216 168975946
1937184 300 0.17140403863037754 167926077
1937484 300 0.1659044776119403 165563868
1937784 300 0.16415978928884986 165432635
1938084 300 0.16331589113257242 166613739
1938384 300 0.1823367866549605 185773870
1938684 300 0.16708972783143108 176981207
1938984 300 0.1669569798068481 169238414
1939284 300 0.17137559262510974 168844713
1939584 300 0.16836979806848112 168729883
1939884 300 0.16795258999122037 164776466
1940184 300 0.17126180860403864 161758089
1940484 300 0.169156804214223 160708219
1940784 300 0.18497278314310797 179999584
1941084 300 0.17458999122036872 177374908
1941384 300 0.1699438103599649 171338155
1941684 300 0.17519683933274802 169369648
1941984 300 0.16567690956979805 169238414
1942284 300 0.17134714661984196 166876206
1942584 300 0.1692231782265145 160855857
1942884 300 0.17881896400351185 163480532
1943184 300 0.1869260755048288 175554040
1943484 300 0.17980509218612817 171617026
1943784 300 0.1806489903424056 171748260
1944084 300 0.1831048287971905 166761377
1944384 300 0.1784017559262511 164776466
1944684 300 0.17613555750658472 163201660
1944984 300 0.17613555750658472 159395881
1945284 300 0.17765267778753294 160445751
1945584 300 0.20008709394205446 179097352
1945884 300 0.1911171202809482 176997612
1946184 300 0.19020684811237928 171748260
1946484 300 0.19298507462686568 171748260
1946784 300 0.1887086918349429 171617026
1947084 300 0.18015592625109747 169894583
1947384 300 0.18639508340649694 168828309
1947684 300 0.18740017559262512 166072399
1947984 300 0.19051027216856894 173159023
1948284 300 0.18503915715539948 170025817
1948584 300 0.18514345917471467 160068454
1948884 300 0.19253942054433712 159953625
1949184 300 0.19544091308165057 159838795
1949484 300 0.19423669885864794 159723966
1949784 300 0.18631922739244952 159691157
1950084 300 0.19100333625987706 164415573
1950384 300 0.20760632133450396 181738432
1950684 300 0.19579174714661987 171370963
1950984 300 0.18798805970149254 171370963
1951284 300 0.19127831431079895 171239730
1951584 300 0.1883388937664618 169796158
1951884 300 0.19045338015803337 167565184
1952184 300 0.18868024582967516 167581588
1952484 300 0.19546935908691837 167450354
1952784 300 0.20091202809482 182935940
1953084 300 0.19817172958735735 179655096
1953384 300 0.19144899034240562 170616369
1953684 300 0.18959051799824406 168385395
1953984 300 0.194615978928885 180852604
1954284 300 0.18765618964003514 168122927
1954584 300 0.1874570676031607 165235784
1954884 300 0.1880449517120281 164694445
1955184 300 0.19022581211589112 164825679
1955484 300 0.19017840210711148 175455615
1955784 300 0.18943880597014925 164956912
1956084 300 0.18808287971905183 164825679
1956384 300 0.1849348551360843 164842083
1956684 300 0.1824979806848112 164842083
1956984 300 0.18375908691834944 164842083
1957284 300 0.18369271290605796 164710849
1957584 300 0.18989394205443372 166695760
1957884 300 0.19912941176470592 180458902
1958184 300 0.19190412642669005 174405744
1958484 300 0.19479613696224757 169533690
1958784 300 0.19516593503072868 166892610
1959084 300 0.19199894644424934 166006782
1959384 300 0.18365478489903422 160888665
1959684 300 0.18550377524143988 158001522
1959984 300 0.19074732221246707 158788925
1960284 300 0.21199648814749783 172306004
1960584 300 0.19727093942054433 173355874
1960884 300 0.1937625987708516 170599965
1961184 300 0.19348762071992978 190941200
1961484 300 0.18913538191395965 170337497
1961784 300 0.19334539069359086 166138016
1962084 300 0.19030166812993854 161807302
1962384 300 0.18928709394205445 161807302
1962684 300 0.1990251097453907 180967433
1962984 300 0.20359543459174714 168762692
1963284 300 0.1951564530289728 168762692
1963584 300 0.19286180860403865 167581588
1963884 300 0.20087410008779633 165613081
1964184 300 0.1929945566286216 165350614
1964484 300 0.19037752414398593 165350614
1964784 300 0.18953362598770854 165219380
1965084 300 0.19832344161545215 165481848
1965384 300 0.20806145741878843 174930679
1965684 300 0.20088358208955223 164956912
1965984 300 0.19878805970149255 159313860
1966284 300 0.19961299385425813 159707561
1966584 300 0.1949857769973661 159182626
1966884 300 0.1972614574187884 159313860
1967184 300 0.19500474100087797 159445093
1967484 300 0.19763125548726954 162217407
1967784 300 0.19911044776119405 175340785
1968084 300 0.29835856014047407 171928707
1968384 300 0.5614556628621598 172174770
1968684 300 0.5980087796312554 171781069
1968984 300 0.593694468832309 171387367
1969284 300 0.5968424934152766 171256134
1969584 300 0.5888112379280069 171124900
1969884 300 0.5572172080772607 171518601
1970184 300 0.5516986830553117 187529122
1970484 300 0.5592842844600526 176505484
1970784 300 0.5508547848990343 171288942
1971084 300 0.5609436347673398 187561930
1971384 300 0.5437527655838456 171157708
1971684 300 0.5505039508340649 171157708
1971984 300 0.5472705882352941 171157708
1972284 300 0.5546191395961368 173126215
1972584 300 0.5470525021949079 178375566
1972884 300 0.5468059701492537 171272538
1973184 300 0.5433829675153643 171256134
1973484 300 0.5307150131694469 171272538
1973784 300 0.5328294995610184 171141304
1974084 300 0.5512056189640034 171157708
1974384 300 0.5383195785776997 171157708
1974684 300 0.5445397717295873 173930022
1974984 300 0.5526374012291484 181279113
1975284 300 0.5474791922739245 174176085
1975584 300 0.5475171202809481 172584876
1975884 300 0.543032133450395 171174112
1976184 300 0.5323648814749781 171157708
1976484 300 0.5282686567164179 171141304
1976784 300 0.5383764705882352 171945111
1977084 300 0.5509970149253731 192122304
1977384 300 0.5466163301141352 190022564
1977684 300 0.54625601404741 170485135
1977984 300 0.5415908691834943 170632773
1978284 300 0.5367171202809482 187053400
1978584 300 0.5331803336259877 173257449
1978884 300 0.5403202809482002 173011386
1979184 300 0.5312649692712906 171436580
1979484 300 0.5269222124670764 171010070
1979784 300 0.53596804214223 178621629
1980084 300 0.5649829675153644 169845370
1980384 300 0.5552923617208076 169828966
1980684 300 0.5576818261633012 167729226
1980984 300 0.5405194029850746 166662951
1981284 300 0.5522296751536435 164218722
1981584 300 0.5320804214223003 163677383
1981884 300 0.5440846356453028 165924762
1982184 300 0.5498496927129061 171813877
1982484 300 0.5447294117647059 163677383
1982784 300 0.5323838454784898 163825021
1983084 300 0.5360438981562774 163529745
1983384 300 0.540471992976295 163398511
1983684 300 0.5370110623353819 163529745
1983984 300 0.5389548726953468 163398511
1984284 300 0.5530261633011413 161036303
1984584 300 0.5592179104477611 180852604
1984884 300 0.5393625987708516 176800761
1985184 300 0.5583834942932396 172338812
1985484 300 0.5552923617208076 172076344
1985784 300 0.5434967515364355 171945111
1986084 300 0.5410883230904302 171945111
1986384 300 0.5434967515364355 169304031
1986684 300 0.5406331870061457 166023187
1986984 300 0.553718349429324 185577019
1987284 300 0.5405194029850746 178752863
1987584 300 0.5394194907813872 171928707
1987884 300 0.5457724319578577 169697733
1988184 300 0.5433829675153643 168910330
1988484 300 0.5300512730465321 165891953
1988784 300 0.5308951712028095 164054680
1989084 300 0.5205787532923617 163939851
1989384 300 0.5244474100087796 163923446
1989684 300 0.5300417910447761 171010070
1989984 300 0.5225320456540825 166154421
1990284 300 0.5186444249341527 163792212
1990584 300 0.5193460930640913 163660979
1990884 300 0.5199813871817384 163660979
1991184 300 0.5123768217734854 163529745
1991484 300 0.5184168568920104 162479875
1991784 300 0.5193271290605794 160642602
1992084 300 0.51180790166813 160511368
1992384 300 0.5322226514486391 160527772
1992684 300 0.5210244073748903 160429347
1992984 300 0.5312744512730465 160429347
1993284 300 0.5234707638279192 160429347
1993584 300 0.5289798068481123 162102577
1993884 300 0.5414770851624232 184264682
1994184 300 0.5309330992098331 170222668
1994484 300 0.5355982440737489 161954940
1994784 300 0.5259171202809482 161823706
1995084 300 0.5229682177348551 176259421
1995384 300 0.5072186128182616 161561238
1995684 300 0.5199719051799824 161692472
1995984 300 0.51308797190518 161561238
1996284 300 0.5164446005267779 161446409
1996584 300 0.5339768217734855 172880152
1996884 300 0.5283160667251975 161856514
1997184 300 0.5161980684811238 161840110
1997484 300 0.5227596136962247 178900501
1997784 300 0.53571202809482 167466758
1998084 300 0.5302314310798947 167335524
1998384 300 0.5206071992976296 167335524
1998684 300 0.5396660228270412 167335524
1998984 300 0.5301555750658472 182296175
1999284 300 0.535190517998244 173273853
1999584 300 0.5321942054433714 173257449
1999884 300 0.5298995610184372 185084893
2000184 300 0.5112674275680421 173273853
2000484 300 0.5302314310798947 173011386
2000784 300 0.5104993854258121 173126215
2001084 300 0.5103192273924495 175209551
2001384 300 0.5208252853380158 180065201
2001684 300 0.5351620719929763 173109811
2001984 300 0.510622651448639 173109811
2002284 300 0.5257559262510975 173159023
2002584 300 0.5082995610184372 173159023
2002884 300 0.509105531167691 173027790
2003184 300 0.520929587357331 173126215
2003484 300 0.5338630377524144 175652465
2003784 300 0.5296909569798068 181279113
2004084 300 0.5191754170324846 173405086
2004384 300 0.5254525021949078 173405086
2004684 300 0.5317580333625987 173388682
2004984 300 0.5201425812115891 173241045
2005284 300 0.526713608428446 173109811
2005584 300 0.5312365232660229 173109811
2005884 300 0.5179048287971906 173913618
2006184 300 0.5348681299385425 191745007
2006484 300 0.529397014925373 184806021
2006784 300 0.523508691834943 172207578
2007084 300 0.5314356453028972 172223983
2007384 300 0.5312649692712906 172092749
2007684 300 0.5265050043898155 170911645
2007984 300 0.5364516242317823 168926734
2008284 300 0.529406496927129 168926734
2008584 300 0.5209390693590868 168926734
2008884 300 0.5255757682177349 175357189
2009184 300 0.535332748024583 189546841
2009484 300 0.5188909569798068 172223983
2009784 300 0.5099968393327481 172371621
2010084 300 0.5364421422300264 172371621
2010384 300 0.5091150131694469 172355217
2010684 300 0.5213847234416155 172371621
2010984 300 0.5108122914837576 172240387
2011284 300 0.5319571553994732 172109153
2011584 300 0.5429467954345918 178391970
2011884 300 0.5215743634767339 178654438
2012184 300 0.5033309920983319 172880152
2012484 300 0.5350482879719051 170517943
2012784 300 0.5410598770851623 169730541
2013084 300 0.5244948200175592 169878179
2013384 300 0.5229018437225637 169746945
2013684 300 0.535958560140474 169993008
2013984 300 0.5490057945566286 186790932
2014284 300 0.5442173836698858 185248935
2014584 300 0.5343940298507462 170813220
2014884 300 0.527225636523266 169484478
2015184 300 0.5130121158911325 167745630
2015484 300 0.5232621597892888 167614396
2015784 300 0.5218967515364356 167483163
2016084 300 0.5338345917471466 170239072
2016384 300 0.543297629499561 180737774
2016684 300 0.5065548726953467 173142619
2016984 300 0.5023827919227392 173142619
2017284 300 0.5114570676031607 172486450
2017584 300 0.30931975417032487 170403114
2017884 300 0.266100790166813 169878179
2018184 300 0.2106310798946444 167499567
2018484 300 0.17477014925373133 182607855
2018784 300 0.1612488147497805 181672815
2019084 300 0.1551708516242318 172355217
2019384 300 0.15826198419666374 170255476
2019684 300 0.15665004389815632 169336840
2019984 300 0.15177629499561018 168155736
2020284 300 0.15385285338015806 166449696
2020584 300 0.1522124670763828 167762034
2020884 300 0.16037647058823526 189415608
2021184 300 0.1604238805970149 175767295
2021484 300 0.15354942932396837 168057310
2021784 300 0.1568776119402985 167926077
2022084 300 0.15173836698858648 167926077
2022384 300 0.1538718173836699 167909672
2022684 300 0.15127374890254608 167909672
2022984 300 0.15742756804214222 168319778
2023284 300 0.158356804214223 168057310
2023584 300 0.15552168568920108 167926077
2023884 300 0.15083757682177348 168057310
2024184 300 0.14988937664618085 168040906
2024484 300 0.15606215978928883 168057310
2024784 300 0.15854644424934153 168172140
2025084 300 0.16794310798946444 187742377
2025384 300 0.16722247585601405 181164284
2025684 300 0.15338823529411766 173306661
2025984 300 0.1536537313432836 173159023
2026284 300 0.15262967515364356 173175427
2026584 300 0.1487894644424934 173290257
2026884 300 0.14822054433713783 171075687
2027184 300 0.15490535557506585 174487765
2027484 300 0.17078770851624234 186561273
2027784 300 0.15002212467076384 179737116
2028084 300 0.1453190517998244 174094064
2028384 300 0.1497187006145742 173962830
2028684 300 0.1471964881474978 173831596
2028984 300 0.14984196663740124 172256791
2029284 300 0.15165302897278313 170960857
2029584 300 0.15194697102721685 172634088
2029884 300 0.16031957857769974 181689219
2030184 300 0.1546683055311677 173290257
2030484 300 0.15061949078138717 167762034
2030784 300 0.15193748902546092 167893268
2031084 300 0.14660860403863038 168024502
2031384 300 0.1502307287093942 167876864
2031684 300 0.1508470588235294 167893268
2031984 300 0.1567353819139596 167811247
2032284 300 0.17474170324846353 176341443
2032584 300 0.16966883230904303 180245647
2032884 300 0.1588972783143108 173700363
2033184 300 0.16147638279192272 173159023
2033484 300 0.15924811237928008 170157051
2033784 300 0.1593713784021071 167794843
2034084 300 0.15439332748024584 167663609
2034384 300 0.15371062335381916 167663609
2034684 300 0.17354697102721686 188661013
2034984 300 0.16374258121158908 195731233
2035284 300 0.15588200175592626 172912960
2035584 300 0.15289517120280952 172650492
2035884 300 0.15906795434591747 169763349
2036184 300 0.15501913959613695 169369648
2036484 300 0.1559768217734855 166876206
2036784 300 0.1552467076382792 166482505
2037084 300 0.15523722563652326 166088803
2037384 300 0.16574328358208956 173044194
2037684 300 0.16599929762949958 183542896
2037984 300 0.1601299385425812 171469389
2038284 300 0.1556165057067603 171354559
2038584 300 0.15473467954345918 171338155
2038884 300 0.15680175592625112 169746945
2039184 300 0.15475364354697105 165957570
2039484 300 0.15696294995610183 163316490
2039784 300 0.15681123792800702 163447724
2040084 300 0.16580017559262508 171075687
2040384 300 0.16475715539947325 176325038
2040684 300 0.16057559262510976 171699048
2040984 300 0.155398419666374 170780411
2041284 300 0.15512344161545216 168943138
2041584 300 0.15123582089552237 168811905
2041884 300 0.15631817383669885 164628828
2042184 300 0.15454503950834067 163300086
2042484 300 0.1627564530289728 171174112
2042784 300 0.16408393327480247 185363764
2043084 300 0.15663107989464445 171977919
2043384 300 0.15284776119402987 171846685
2043684 300 0.15741808604038632 171715452
2043984 300 0.15957998244073748 171042879
2044284 300 0.16292712906057943 169090776
2044584 300 0.1634770851624232 168155736
2044884 300 0.16446321334503952 166187229
2045184 300 0.1668526777875329 184838830
2045484 300 0.16000667251975417 177620972
2045784 300 0.1588972783143108 172240387
2046084 300 0.1654398595258999 172240387
2046384 300 0.16551571553994734 168828309
2046684 300 0.16208323090430202 166334867
2046984 300 0.16046180860403864 164628828
2047284 300 0.16227287093942053 163710192
2047584 300 0.1756614574187884 174602595
2047884 300 0.16866374012291485 173815192
2048184 300 0.16616049165935032 171715452
2048484 300 0.16331589113257242 171305346
2048784 300 0.1609548726953468 171567814
2049084 300 0.16232028094820017 171436580
2049384 300 0.16137208077260756 169615711
2049684 300 0.1687111501316945 166712164
2049984 300 0.18068691834942935 188382142
2050284 300 0.1713566286215979 179474649
2050584 300 0.16415978928884986 168451012
2050884 300 0.16346760316066727 168565841
2051184 300 0.2120154521510097 168303373
2051484 300 0.5131543459174714 167794843
2051784 300 0.543032133450395 167384737
2052084 300 0.5448526777875329 167253504
2052384 300 0.5532063213345039 173421491
2052684 300 0.5593980684811238 185380169
2052984 300 0.5610669007901667 180130818
2053284 300 0.5393057067603161 175406402
2053584 300 0.5581748902546092 175521231
2053884 300 0.5467111501316944 173552725
2054184 300 0.5467585601404741 172256791
2054484 300 0.5318338893766462 170304688
2054784 300 0.5439329236172081 169894583
2055084 300 0.5557854258121159 182361792
2055384 300 0.5474697102721685 186183976
2055684 300 0.5270075504828797 175685274
2055984 300 0.5367076382791922 175554040
2056284 300 0.5301271290605795 175685274
2056584 300 0.5318528533801581 175931337
2056884 300 0.5373334503950834 175554040
2057184 300 0.5376084284460052 175554040
2057484 300 0.5476688323090431 181197092
2057784 300 0.5320235294117647 175291572
2058084 300 0.5411452151009657 173323066
2058384 300 0.5363757682177348 173060598
2058684 300 0.5288565408252853 172666897
2058984 300 0.5259929762949956 171600622
2059284 300 0.5407280070237049 171075687
2059584 300 0.5284677787532923 171206921
2059884 300 0.5628305531167691 184724000
2060184 300 0.5419322212467076 178703650
2060484 300 0.5365464442493415 171354559
2060784 300 0.5286669007901668 188283716
2061084 300 0.5256231782265145 175947741
2061384 300 0.524134503950834 175931337
2061684 300 0.5188340649692712 175800103
2061984 300 0.5413158911325724 175800103
2062284 300 0.5570844600526778 187086208
2062584 300 0.537902370500439 173175427
2062884 300 0.5369731343283582 172912960
2063184 300 0.5232337137840211 171092091
2063484 300 0.5295202809482001 170698390
2063784 300 0.5259740122914838 170698390
2064084 300 0.539059174714662 170567156
2064384 300 0.5320709394205443 170304688
2064684 300 0.543563125548727 180934624
2064984 300 0.5259740122914838 180934624
2065284 300 0.518227216856892 169779754
2065584 300 0.526713608428446 167532375
2065884 300 0.52542405618964 167007440
2066184 300 0.5302788410886743 166744972
2066484 300 0.5271971905179982 166613739
2066784 300 0.5418279192273925 166613739
2067084 300 0.5386988586479368 172912960
2067384 300 0.5331234416154522 188004844
2067684 300 0.519640035118525 175275168
2067984 300 0.5272351185250219 175029105
2068284 300 0.5335785776997366 173060598
2068584 300 0.533787181738367 172141962
2068884 300 0.5397608428446006 172404429
2069184 300 0.5310374012291484 172388025
2069484 300 0.5323364354697102 172388025
2069784 300 0.5544484635645303 187742377
2070084 300 0.5371627743634767 176325038
2070384 300 0.5373524143985953 170288284
2070684 300 0.5358921861281826 176193804
2070984 300 0.5385755926251098 169500882
2071284 300 0.5293875329236173 169238414
2071584 300 0.5318433713784021 168975946
2071884 300 0.5350956979806848 165973974
2072184 300 0.5297099209833187 169254819
2072484 300 0.5464646180860403 163874233
2072784 300 0.5395427568042142 163726596
2073084 300 0.5429847234416154 163726596
2073384 300 0.5294349429323969 163726596
2073684 300 0.5269506584723441 163726596
2073984 300 0.5307339771729587 163726596
2074284 300 0.5300133450395083 164120297
2074584 300 0.536100790166813 169500882
2074884 300 0.5445113257243196 181180688
2075184 300 0.5247318700614574 164792870
2075484 300 0.5412589991220368 164661636
2075784 300 0.5192702370500438 164530402
2076084 300 0.5240586479367866 164530402
2076384 300 0.529928007023705 164513998
2076684 300 0.5289703248463564 164513998
2076984 300 0.5163592625109745 164513998
2077284 300 0.5362904302019315 170009413
2077584 300 0.5440087796312554 183034365
2077884 300 0.5334742756804214 178178715
2078184 300 0.5208347673397717 175291572
2078484 300 0.5155058823529411 186840145
2078784 300 0.5196969271290606 175668870
2079084 300 0.5265239683933275 175160338
2079384 300 0.5011122036874451 172912960
2079684 300 0.5184263388937664 173716767
2079984 300 0.5326114135206321 176849973
2080284 300 0.5244663740122915 170567156
2080584 300 0.5228923617208078 168844713
2080884 300 0.5148705882352941 168319778
2081184 300 0.5082142230026339 168319778
2081484 300 0.5136948200175593 167958885
2081784 300 0.5247603160667251 167926077
2082084 300 0.5214036874451273 168861117
2082384 300 0.526969622475856 183182003
2082684 300 0.5076073748902545 174372936
2082984 300 0.5251870061457419 168861117
2083284 300 0.5166342405618964 168598650
2083584 300 0.515145566286216 168598650
2083884 300 0.5145102721685689 167155078
2084184 300 0.5072375768217735 166088803
2084484 300 0.5198012291483758 165973974
2084784 300 0.4908906057945567 165695102
2085084 300 0.52363195785777 165727911
2085384 300 0.5142068481123793 165842740
2085684 300 0.5136568920105355 165842740
2085984 300 0.5161885864793678 165711507
2086284 300 0.5106510974539069 165711507
2086584 300 0.5313977172958736 185002872
2086884 300 0.5144818261633011 181984495
2087184 300 0.520275329236172 176210209
2087484 300 0.5150602282704126 176078975
2087784 300 0.5174212467076382 176226613
2088084 300 0.5071048287971905 176472676
2088384 300 0.5196969271290606 176210209
2088684 300 0.5211192273924494 177260079
2088984 300 0.5223708516242318 191302093
2089284 300 0.5098356453028973 182378196
2089584 300 0.5144249341527656 177260079
2089884 300 0.5270644424934153 176751548
2090184 300 0.5298331870061457 174651808
2090484 300 0.5150886742756804 174783042
2090784 300 0.49522388059701494 174783042
2091084 300 0.5004484635645303 174651808
2091384 300 0.5111157155399473 179113756
2091684 300 0.5172410886742757 189858522
2091984 300 0.4998036874451273 179622287
2092284 300 0.49636172080772606 176341443
2092584 300 0.506147146619842 173323066
2092884 300 0.5075315188762072 169910988
2093184 300 0.5026862159789289 168352586
2093484 300 0.4845566286215979 168204948
2093784 300 0.5121113257243196 169681328
2094084 300 0.5289703248463564 187791589
2094384 300 0.5019466198419665 179113756
2094684 300 0.5123578577699737 174914275
2094984 300 0.5154774363476734 175307976
2095284 300 0.5153446883230904 174520574
2095584 300 0.519128007023705 172814535
2095884 300 0.5153541703248463 172552067
2096184 300 0.5284203687445127 171895898
2096484 300 0.535190517998244 183444471
2096784 300 0.5386230026338894 174520574
2097084 300 0.5036344161545215 167171482
2097384 300 0.5028853380158034 167040249
2097684 300 0.4885580333625988 166777781
2097984 300 0.4919525899912203 166909015
2098284 300 0.4971961369622476 167171482
2098584 300 0.5010458296751535 170058625
2098884 300 0.5175919227392449 185150510
2099184 300 0.5101485513608428 177030420
2099484 300 0.5225604916593504 173224640
2099784 300 0.5161316944688322 178195120
2100084 300 0.5081383669885865 169648520
2100384 300 0.5136663740122914 169533690
2100684 300 0.5085271290605795 168877521
2100984 300 0.5106131694468833 169025160
2101284 300 0.5126517998244073 168729883
2101584 300 0.5094563652326601 166121612
2101884 300 0.5094374012291483 164136701
2102184 300 0.5114949956101843 163234469
2102484 300 0.5073039508340649 163218065
2102784 300 0.5211287093942054 163086831
2103084 300 0.519649517120281 162955597
2103384 300 0.5220389815627744 168073714
2103684 300 0.5286289727831431 168992351
2103984 300 0.5219157155399473 164153106
2104284 300 0.5268842844600526 164021872
2104584 300 0.5135715539947322 164153106
2104884 300 0.5079107989464443 164021872
2105184 300 0.49711079894644417 164021872
2105484 300 0.4909569798068481 164021872
2105784 300 0.520550307287094 171633430
2106084 300 0.5154110623353818 185281744
2106384 300 0.238328007023705 175045509
2106684 300 0.15153924495171203 174930679
2106984 300 0.1487041264266901 174799446
2107284 300 0.1468266900790167 174668212
2107584 300 0.14794556628621597 174126873
2107884 300 0.1491782265144864 172420833
2108184 300 0.1547062335381914 176095379
2108484 300 0.1650036874451273 188825056
2108784 300 0.15026865671641793 180951029
2109084 300 0.1479929762949956 176899186
2109384 300 0.15360632133450397 176636718
2109684 300 0.1480593503072871 175078317
2109984 300 0.1489222124670764 169550094
2110284 300 0.14647585601404742 167187886
2110584 300 0.14463634767339772 167302716
2110884 300 0.15691553994732219 182788302
2111184 300 0.15536997366110625 182000899
2111484 300 0.14734820017559264 175176742
2111784 300 0.1482774363476734 187775185
2112084 300 0.1442001755926251 172568472
2112384 300 0.14482598770851624 169796158
2112684 300 0.1415262510974539 168877521
2112984 300 0.14371659350307286 164546807
2113284 300 0.16348656716417911 178326354
2113584 300 0.15763617208077263 169796158
2113884 300 0.14617243195785776 169812562
2114184 300 0.14391571553994734 178851288
2114484 300 0.14743353819139596 172306004
2114784 300 0.1468266900790167 170731198
2115084 300 0.14237014925373134 166777781
2115384 300 0.14456997366110622 166909015
2115684 300 0.15114100087796312 174947083
2115984 300 0.15207023705004388 170731198
2116284 300 0.1408056189640035 170468731
2116584 300 0.1441622475856014 170337497
2116884 300 0.1421710272168569 169139989
2117184 300 0.14273046532045655 165875549
2117484 300 0.14331834942932395 165498252
2117784 300 0.1458215978928885 165990378
2118084 300 0.1571620719929763 180311264
2118384 300 0.1489222124670764 170977262
2118684 300 0.14740509218612818 165859144
2118984 300 0.14879894644424935 165990378
2119284 300 0.14949113257243196 165859144
2119584 300 0.14653274802458296 166039591
2119884 300 0.14699736611062336 166302058
2120184 300 0.1490739244951712 166449696
2120484 300 0.1548294995610184 172355217
2120784 300 0.16169446883230904 184297490
2121084 300 0.1545545215100966 180229243
2121384 300 0.1468266900790167 174323723
2121684 300 0.14908340649692714 169845370
2121984 300 0.1495480245829675 169861774
2122284 300 0.14651378402107113 169582903
2122584 300 0.14908340649692714 169845370
2122884 300 0.15694398595259 174471361
2123184 300 0.1665587357330992 185626232
2123484 300 0.15456400351185254 176308634
2123784 300 0.14702581211589114 173159023
2124084 300 0.15068586479367868 172765322
2124384 300 0.1437260755048288 172109153
2124684 300 0.1450345917471466 169057968
2124984 300 0.14428551360842845 167909672
2125284 300 0.14731027216856893 168713479
2125584 300 0.1623297629499561 187069804
2125884 300 0.1480972783143108 177752206
2126184 300 0.14437085162423177 171436580
2126484 300 0.14787919227392451 171452984
2126784 300 0.14645689201053555 171436580
2127084 300 0.1511315188762072 170517943
2127384 300 0.15117892888498685 166728568
2127684 300 0.15380544337137841 163825021
2127984 300 0.16031957857769974 184822425
2128284 300 0.15304688323090432 180918220
2128584 300 0.1546019315188762 175143934
2128884 300 0.15182370500438983 174865062
2129184 300 0.15440280948200175 174471361
2129484 300 0.14677928007023705 171584218
2129784 300 0.15050570676031605 168565841
2130084 300 0.15440280948200175 167384737
2130384 300 0.15740860403863038 170534348
2130684 300 0.16333485513608428 174865062
2130984 300 0.1555690956979807 167909672
2131284 300 0.15212712906057943 166466101
2131584 300 0.15368217734855139 166334867
2131884 300 0.1531227392449517 165941166
2132184 300 0.15375803336259877 165678698
2132484 300 0.15618542581211592 165809932
2132784 300 0.1559009657594381 165957570
2133084 300 0.16506057945566285 172502854
2133384 300 0.16160913081650571 188136078
2133684 300 0.1554647936786655 175800103
2133984 300 0.15677330992098332 173848000
2134284 300 0.16383740122914836 172109153
2134584 300 0.1598739244951712 171584218
2134884 300 0.15740860403863038 167007440
2135184 300 0.15063845478489904 165284997
2135484 300 0.15719051799824407 163595362
2135784 300 0.17001018437225637 166220037
2136084 300 0.16949815627743636 190514691
2136384 300 0.17121439859525903 188956290
2136684 300 0.4510756804214222 177145249
2136984 300 0.5189099209833187 177145249
2137284 300 0.5045162423178227 177128845
2137584 300 0.5119975417032484 176882782
2137884 300 0.4963143107989464 176866378
2138184 300 0.5057963125548727 176866378
2138484 300 0.49756593503072866 176751548
2138784 300 0.5032361720807725 182919535
2139084 300 0.5218872695346796 189612458
2139384 300 0.5183978928884986 182132133
2139684 300 0.5019086918349429 173618341
2139984 300 0.5052179104477611 170353902
2140284 300 0.4995476733977173 169943796
2140584 300 0.5027146619841967 169943796
2140884 300 0.49519543459174714 169287627
2141184 300 0.49246461808604036 167302716
2141484 300 0.4874770851624232 167450354
2141784 300 0.49633327480245826 179917563
2142084 300 0.48478419666374006 187397888
2142384 300 0.47706584723441614 178752863
2142684 300 0.47450570676031606 178621629
2142984 300 0.4708741000877963 178490395
2143284 253 0.48222405618964 178227928
2143537 47 0.3566254609306409 178096694
2143584 137 0.34468762071992975 176521889
2143721 3 0.34337910447761194 101062467
2143724 9 0.3415301141352063 101062467
2143733 151 0.35273784021071114 116449627
2143884 300 0.3816200175592625 163989063
2144184 300 0.4426461808604038 171797473
2144484 300 0.45062054433713783 171010070
2144784 300 0.44859139596136965 179392628
2145084 300 0.41914029850746265 168122927
2145384 177 0.43428305531167694 167204290
2145561 123 0.33742440737489027 167204290
2145684 61 0.319977524143986 165645889
2145745 4 0.3252021071115014 95993562
2145749 1 0.3170665496049166 91367572
2145750 8 0.3170665496049166 91367572
2145758 1 0.3170665496049166 91367572
2145759 1 0.3170665496049166 91367572
2145760 224 0.34084741000877966 124963419
2145984 300 0.4125977172958736 160134071
2146284 184 0.4314669007901668 160412943
2146468 116 0.29729657594381037 160281709
2146584 68 0.30052045654082526 158575670
2146652 2 0.314316769095698 85740924
2146654 1 0.2962820017559263 85740924
2146655 10 0.2962820017559263 85740924
2146665 1 0.2962820017559263 85757328
2146666 1 0.2962820017559263 85757328
2146667 210 0.32093520632133454 119992939
2146877 7 0.23188024582967517 119992939
2146884 179 0.30047304653204565 153457552
2147063 4 0.29952484635645305 81935144
2147067 2 0.29764741000877964 81935144
2147069 10 0.29764741000877964 81935144
2147079 105 0.3135961369622476 94057864
2147184 300 0.350955223880597 159166222
2147484 300 0.40175978928884987 167630800
2147784 300 0.379249517120281 155294826
2148084 300 0.3821415276558384 153473957
2148384 300 0.3796477611940299 153703616
2148684 300 0.36658156277436343 153851254
2148984 300 0.3664772607550483 153687211
2149284 300 0.3620017559262511 153818445
2149584 300 0.37616786654960493 159871603
2149884 300 0.37345601404740997 173782384
2150184 300 0.36083546971027214 173782384
2150484 300 0.35008287971905183 166302058
2150784 300 0.3449720807726076 161840110
2151084 300 0.33695978928884984 157771863
2151384 300 0.348641615452151 155015953
2151684 300 0.3423266022827041 155672122
2151984 300 0.3543213345039508 155540889
2152284 300 0.35188446005267776 162627513
2152584 300 0.3477313432835821 171551410
2152884 300 0.34314205443371376 156590759
2153184 300 0.3466503950834065 156590759
2153484 300 0.34298086040386305 156754801
2153784 300 0.3565496049165935 156607163
2154084 300 0.33698823529411764 156607163
2154384 300 0.3355564530289728 156738397
2154684 300 0.34203266022827045 156344695
2154984 300 0.3451996488147498 156475929
2155284 300 0.34155856014047414 156344695
2155584 300 0.338875153643547 156213462
2155884 300 0.3449815627743635 156607163
2156184 300 0.34922949956101845 156607163
2156484 300 0.39467673397717296 156344695
2156784 300 0.3525671641791045 156213462
2157084 300 0.4140389815627744 174454957
2157384 300 0.36533942054433716 184166256
2157684 300 0.3503957857769974 173388682
2157984 300 0.3274019315188762 170386710
2158284 300 0.3345134328358209 170239072
2158584 300 0.3264916593503073 168795500
2158884 300 0.3246237050043898 164874891
2159184 300 0.3231160667251976 162381450
2159484 300 0.32193081650570676 162496279
2159784 300 0.33066374012291483 179556670
2160084 300 0.32353327480245825 177194462
2160384 300 0.3184698858647937 169714137
2160684 300 0.32854925373134325 169599307
2160984 300 0.33403933274802455 174176085
2161284 300 0.3228410886742757 165645889
2161584 300 0.32436769095697976 159346668
2161884 300 0.3300094820017559 158706904
2162184 300 0.3357650570676032 159363072
2162484 300 0.316753643546971 169205606
2162784 300 0.32145671641791046 166974631
2163084 300 0.31259104477611943 163825021
2163384 300 0.22785039508340654 84051288
2163684 69 0.2332456540825285 84051288
2163753 231 0.2985197541703249 163152448
2163984 107 0.21486005267778752 81820314
2164091 193 0.3031469710272168 163152448
2164284 300 0.30878876207199296 159740370
2164584 300 0.3037253731343284 159330264
2164884 300 0.32635891132572437 173388682
2165184 300 0.31757857769973663 191876241
2165484 300 0.30474942932396837 176685931
2165784 300 0.30657945566286215 175357189
2166084 300 0.3156063213345039 173405086
2166384 300 0.3164312554872695 171567814
2166684 300 0.32071712028094823 170124242
2166984 300 0.33095768217734856 165006125
2167284 300 0.321390342405619 163710192
2167584 300 0.3200154521510096 164103893
2167884 300 0.32161791044776117 185888700
2168184 300 0.35598068481123796 177210866
2168484 131 0.19075680421422303 88464024
2168615 169 0.23621352063213344 171059283
2168784 300 0.1702377524143986 180754178
2169084 300 0.15955153643546974 174454957
2169384 300 0.15368217734855139 171436580
2169684 300 0.15384337137840212 165793528
2169984 300 0.14951957857769974 159740370
2170284 300 0.15787322212467078 163546149
2170584 282 0.10933485513608428 88939747
2170866 18 0.16174187884108868 168926734
2170884 300 0.15097980684811238 166302058
2171184 300 0.14145039508340648 166433292
2171484 300 0.14569833187006145 162250216
2171784 300 0.14243652326602282 159740370
2172084 300 0.1419244951712028 159609136
2172384 300 0.13954451273046534 159494306
2172684 300 0.1338647936786655 159510711
2172984 300 0.13930746268656716 159888007
2173284 300 0.14176330114135205 177719397
2173584 300 0.13840667251975416 166695760
2173884 300 0.13662405618964005 166712164
2174184 300 0.13560948200175593 166318463
2174484 300 0.1325942054433714 161741685
2174784 300 0.14634310798946443 166991036
2175084 300 0.14435188762071993 172634088
2175384 300 0.13425355575065848 167237099
2175684 300 0.12832730465320455 165006125
2175984 300 0.13824547848990343 164218722
2176284 300 0.13176927129060578 163054023
2176584 300 0.12973064091308165 160954282
2176884 300 0.13175030728709394 160970686
2177184 300 0.13037541703248465 160429347
2177484 300 0.13587497805092186 160839453
2177784 300 0.13688955223880597 163332894
2178084 300 0.14821106233538192 168975946
2178384 300 0.1426451273046532 160954282
2178684 300 0.13918419666374013 160823048
2178984 300 0.14009446883230903 173552725
2179284 300 0.1429675153643547 160560581
2179584 300 0.14050219490781388 160183284
2179884 300 0.13534398595259 159920816
2180184 300 0.1315511852502195 159625540
2180484 300 0.13414925373134326 159494306
2180784 300 0.13344758560140474 159477902
2181084 300 0.14391571553994734 170386710
2181384 300 0.14609657594381037 160937878
2181684 300 0.13655768217734854 160134071
2181984 300 0.13523020193151888 159740370
2182284 300 0.14010395083406496 159477902
2182584 300 0.13416821773485513 159346668
2182884 300 0.1385963125548727 159477902
2183184 300 0.13439578577699737 159494306
2183484 300 0.13348551360842845 159346668
2183784 300 0.13777137840210713 159740370
2184084 300 0.13932642669007902 160281709
2184384 300 0.15123582089552237 175767295
2184684 300 0.14630517998244075 165153763
2184984 300 0.1381980684811238 160150475
2185284 300 0.1379799824407375 159888007
2185584 300 0.137657594381036 160150475
2185884 300 0.13375100965759437 159871603
2186184 300 0.13083055311676908 159756774
2186484 300 0.134699209833187 159625540
2186784 300 0.130716769095698 159494306
2187084 300 0.13352344161545215 159363072
2187384 300 0.1392126426690079 176160996
2187684 300 0.12976856892010535 165924762
2187984 300 0.1275782265144864 159494306
2188284 300 0.12788165057067605 159756774
2188584 300 0.12363371378402108 159888007
2188884 300 0.12238208955223881 159773178
2189184 300 0.12172783143107989 159740370
2189484 300 0.12180368744512732 159740370
2189784 300 0.1169963125548727 159494306
2190084 300 0.12323546971027217 160412943
2190384 300 0.12825144863915716 168057310
2190684 300 0.11510939420544337 162643917
2190984 300 0.11399051799824408 159494306
2191284 300 0.11553608428446005 159477902
2191584 300 0.11413274802458297 159330264
2191884 300 0.11528955223880596 159740370
2192184 300 0.11643687445127304 159461498
2192484 300 0.1133457418788411 159346668
2192784 300 0.1132414398595259 159510711
2193084 300 0.11070026338893765 159510711
2193384 300 0.11251132572431959 159379477
2193684 300 0.11913924495171203 174340128
2193984 300 0.11443617208077261 170534348
2194284 300 0.11033994732221247 159773178
2194584 300 0.11187603160667252 159641944
2194884 300 0.10997963125548728 159494306
2195184 300 0.11080456540825286 159264647
2195484 300 0.11047269534679545 159395881
2195784 300 0.1072393327480246 159264647
2196084 300 0.10880386303775243 159264647
2196384 300 0.1102451273046532 161118324
2196684 300 0.12079859525899912 181984495
2196984 300 0.11133555750658472 169910988
2197284 300 0.10726777875329237 160330921
2197584 300 0.11084249341527656 160183284
2197884 300 0.10706865671641791 160183284
2198184 300 0.10753327480245829 160068454
2198484 300 0.10800737489025461 159937220
2198784 300 0.10515329236172082 159674753
2199084 300 0.1086521510096576 160052050
2199384 300 0.10625320456540825 160281709
2199684 300 0.10752379280070237 160035646
2199984 300 0.11838068481123792 173323066
2200284 300 0.11654117647058823 175422806
2200584 300 0.10719192273924495 160183284
2200884 300 0.10830131694468832 160330921
2201184 300 0.11016927129060579 160314517
2201484 300 0.10403441615452151 159674753
2201784 300 0.10359824407374892 159674753
2202084 300 0.10960035118525023 159543519
2202384 300 0.10687901668129939 159395881
2202684 300 0.1129569798068481 163726596
2202984 300 0.12116839332748025 169878179
2203284 300 0.10783669885864794 160839453
2203584 300 0.10420509218612818 160823048
2203884 300 0.10993222124670765 160314517
2204184 300 0.1333622475856014 160052050
2204484 300 0.10169236172080773 160314517
2204784 300 0.11289060579455663 160183284
2205084 300 0.11429394205443372 160199688
2205384 300 0.1110036874451273 160298113
2205684 300 0.11608604038630377 160462155
2205984 300 0.12079859525899912 178572417
2206284 300 0.11917717295873574 181033050
2206584 300 0.11336470588235292 173421491
2206884 300 0.11508094820017559 173323066
2207184 300 0.11441720807726075 166498909
2207484 300 0.11221738366988587 161905727
2207784 300 0.11565935030728708 160199688
2208084 300 0.11398103599648815 160593389
2208384 300 0.1145784021071115 160593389
2208684 300 0.1145784021071115 160593389
2208984 300 0.110529587357331 160593389
2209284 300 0.1241172958735733 173060598
2209584 300 0.12152870939420544 188267312
2209884 300 0.12076066725197543 181705623
2210184 300 0.11737559262510974 173700363
2210484 300 0.11866514486391572 171748260
2210784 300 0.11614293239683934 168336182
2211084 300 0.1176410886742757 163332894
2211384 300 0.11390517998244072 160330921
2211684 300 0.12209762949956103 160330921
2211984 300 0.11672133450395084 160330921
2212284 300 0.11915820895522387 160462155
2212584 300 0.1257387181738367 176062570
2212884 300 0.11882633889376645 166367676
2213184 300 0.11541281826163301 160708219
2213484 300 0.1196702370500439 160970686
2213784 300 0.11978402107111501 160970686
2214084 300 0.11648428446005268 160839453
2214384 300 0.11688252853380159 160855857
2214684 300 0.11904442493415276 160839453
2214984 300 0.11708165057067603 160855857
2215284 300 0.1203244951712028 162693130
2215584 300 0.13212010535557506 174635403
2215884 300 0.118115188762072 166351271
2216184 300 0.11626619841966639 161233154
2216484 300 0.11746093064091308 160987090
2216784 300 0.11778331870061456 160970686
2217084 300 0.11709113257243196 161364388
2217384 300 0.11726180860403863 161101920
2217684 300 0.11575417032484636 161118324
2217984 300 0.12048568920105356 161364388
2218284 300 0.11697734855136085 160987090
2218584 300 0.13078314310798947 177538951
2218884 300 0.12009692712906059 173569129
2219184 300 0.11563090430201932 173601937
2219484 300 0.11755575065847235 171469389
2219784 300 0.11496716417910448 163743000
2220084 300 0.11803933274802458 160724623
2220384 300 0.11971764705882354 160741027
2220684 300 0.11835223880597016 161265962
2220984 300 0.12019174714661983 161397196
2221284 300 0.12073222124670764 161134728
2221584 300 0.13835926251097455 172158366
2221884 300 0.1253025460930641 172158366
2222184 300 0.12694293239683932 161134728
2222484 300 0.12827989464442494 161249558
2222784 300 0.12553959613696225 161265962
2223084 300 0.12496119402985074 161265962
2223384 300 0.12329236172080772 161659663
2223684 300 0.12229675153643547 161397196
2223984 300 0.11842809482001757 161265962
2224284 300 0.12191747146619841 162168195
2224584 300 0.13399754170324846 175947741
2224884 300 0.12092186128182617 164792870
2225184 300 0.11759367866549605 161512026
2225484 300 0.11697734855136085 161512026
2225784 300 0.117214398595259 161512026
2226084 300 0.12138647936786656 161905727
2226384 300 0.12214503950834066 161922131
2226684 300 0.11586795434591746 161790897
2226984 300 0.11704372256365232 161922131
2227284 300 0.11507146619841965 161922131
2227584 300 0.12831782265144862 176095379
2227884 300 0.1254921861281826 167302716
2228184 300 0.11941422300263388 162315832
2228484 300 0.1233492537313433 162184599
2228784 300 0.12182265144863914 162447066
2229084 300 0.12042879719051801 162463470
2229384 300 0.11803933274802458 162447066
2229684 300 0.11999262510974538 161922131
2229984 300 0.12094082528533802 161922131
2230284 300 0.12480948200175593 161922131
2230584 300 0.1389281826163301 175045509
2230884 300 0.13016681299385427 173077002
2231184 300 0.12362423178226514 163234469
2231484 300 0.12901000877963126 163513341
2231784 300 0.13118138718173836 162725938
2232084 300 0.13016681299385427 162201003
2232384 300 0.12833678665496048 162857172
2232684 300 0.12998665496049167 163250873
2232984 300 0.1304797190517998 162840768
2233284 300 0.12528358208955223 162463470
2233584 300 0.1279859525899912 165104550
2233884 300 0.13901352063213346 175882124
2234184 300 0.12897208077260755 165891953
2234484 300 0.12470517998244074 163136044
2234784 300 0.12505601404741 162988405
2235084 300 0.12708516242317822 162988405
2235384 300 0.1334286215978929 163103235
2235684 300 0.1327459174714662 163250873
2235984 300 0.12448709394205444 162972001
2236284 300 0.12507497805092185 162578300
2236584 300 0.1251603160667252 162184599
2236884 300 0.14145987708516242 179769925
2237184 300 0.12975908691834945 179507457
2237484 300 0.1254542581211589 163365703
2237784 300 0.12070377524143985 163103235
2238084 300 0.11955645302897279 163103235
2238384 300 0.1229604916593503 162972001
2238684 300 0.12503705004389815 163234469
2238984 300 0.12257172958735733 163103235
2239284 300 0.12116839332748025 162709534
2239584 300 0.12771097453906935 162972001
2239884 300 0.12889622475856014 164431977
2240184 300 0.1765148375768218 182279771
2240484 300 0.17885689201053556 180836199
2240784 300 0.14721545215100967 175865720
2241084 300 0.13429148375768218 175718082
2241384 300 0.22354556628621597 173487108
2241684 300 0.27471992976294995 165219380
2241984 300 0.2554809482001756 163119639
2242284 300 0.26995048287971907 163644574
2242584 300 0.2592453028972783 163759404
2242884 300 0.23798665496049165 163365703
2243184 300 0.27376224758560147 169927392
2243484 300 0.28631641791044776 186479252
2243784 300 0.2748052677787533 179507457
2244084 300 0.27630342405618963 177555355
2244384 300 0.18423318700614574 177424121
2244684 300 0.1698774363476734 172945768
2244984 300 0.1980674275680421 169271223
2245284 300 0.23183283582089553 164825679
2245584 300 0.2570265144863916 164678040
2245884 300 0.26818683055311676 165219380
2246184 300 0.28258050921861283 165727911
2246484 300 0.2742837576821774 165465443
2246784 300 0.27761194029850744 170714794
2247084 300 0.2746345917471466 184904446
2247384 300 0.27715680421422295 175586848
2247684 300 0.25604986830553117 174536978
2247984 300 0.16589499561018436 172322408
2248284 300 0.1937057067603161 170862432
2248584 300 0.20424021071115014 168516628
2248884 300 0.2505692712906058 166941823
2249184 300 0.26387251975417036 164563211
2249484 300 0.2629906935908692 164956912
2249784 300 0.2622605794556629 164842083
2250084 300 0.27809552238805973 181098667
2250384 300 0.2768818261633011 186758124
2250684 300 0.26098999122036876 177949056
2250984 300 0.27063318700614575 177686589
2251284 300 0.25881861281826163 177817822
2251584 300 0.2600702370500439 177834226
2251884 300 0.26391044776119404 176374251
2252184 300 0.2672860403863038 169943796
2252484 300 0.26059174714661987 168795500
2252784 300 0.269049692712906 168664266
2253084 300 0.27848428446005263 174799446
2253384 300 0.2828744512730465 183838172
2253684 300 0.27540263388937664 169681328
2253984 300 0.26766532045654085 169664924
2254284 300 0.2604684811237928 177949056
2254584 300 0.26243125548726953 172568472
2254884 300 0.2049134328358209 178736459
2255184 300 0.14269253731343284 179917563
2255484 300 0.13871009657594383 171108496
2255784 300 0.13414925373134326 169139989
2256084 300 0.13165548726953466 165596677
2256384 300 0.1299297629499561 164809274
2256684 300 0.12665847234416153 164940508
2256984 300 0.1315227392449517 164940508
2257284 300 0.1341208077260755 169008755
2257584 300 0.1307926251097454 172453642
2257884 300 0.1268670763827919 170616369
2258184 300 0.12189850746268655 170353902
2258484 300 0.12463880597014926 168401799
2258784 300 0.11748937664618085 164579615
2259084 300 0.12085548726953468 164317147
2259384 300 0.12327339771729585 164448381
2259684 300 0.11675926251097454 164448381
2259984 300 0.11855136084284461 163907042
2260284 300 0.12590939420544336 164579615
2260584 300 0.1281661106233538 184133448
2260884 300 0.12600421422300265 189497629
2261184 300 0.1209028972783143 177588163
2261484 300 0.12381387181738367 175472019
2261784 300 0.11784021071115014 170337497
2262084 28 0.1239655838454785 165891953
2262112 1 0.12486637401229148 163300086
2262113 4 0.09450500438981563 161725281
2262117 3 0.09582300263388938 156311887
2262120 1 0.0928361720807726 156311887
2262121 8 0.0928361720807726 156311887
2262129 1 0.0928361720807726 156311887
2262130 168 0.09419209833187006 163972659
2262298 5 0.09216294995610184 91269146
2262303 8 0.09091132572431958 91269146
2262311 73 0.10553257243195786 104261290
2262384 300 0.0984305531167691 143204914
2262684 300 0.1261369622475856 159674753
2262984 300 0.12127269534679544 160347326
2263284 300 0.1271894644424934 163759404
2263584 300 0.13481299385425813 174110468
2263884 300 0.12462932396839332 168746287
2264184 9 0.1226286215978929 168500224
2264193 6 0.09389815627743635 164481190
2264199 3 0.09442914837576823 159067797
2264202 2 0.09240948200175593 159067797
2264204 10 0.09240948200175593 159067797
2264214 165 0.09370851624231781 166810590
2264379 6 0.09161299385425813 93188440
2264385 9 0.09098718173836699 93188440
2264394 90 0.10714451273046534 105114310
2264484 300 0.10539034240561897 174717424
2264784 300 0.11581106233538192 159707561
2265084 297 0.11644635645302896 156443121
2265381 3 0.0966953467954346 156443121
2265384 3 0.08980193151887621 148323031
2265387 2 0.08947006145741879 147125523
2265389 1 0.08732712906057946 147125523
2265390 7 0.08732712906057946 147125523
2265397 1 0.08732712906057946 147125523
2265398 168 0.08861668129938542 154983145
2265566 3 0.086871992976295 86479113
2265569 1 0.08568674275680423 86479113
2265570 8 0.08568674275680423 86479113
2265578 1 0.08568674275680423 86495518
2265579 105 0.0984305531167691 101193700
2265684 300 0.10298191395961372 151341408
2265984 300 0.11451202809482003 156426717
2266284 300 0.11984091308165057 158378819
2266584 300 0.1289910447761194 176374251
2266884 300 0.1253025460930641 161151133
2267184 300 0.12031501316944689 161052708
2267484 300 0.11784021071115014 160265305
2267784 253 0.11937629499561019 157657033
2268037 5 0.08991571553994732 154737082
2268042 4 0.0896881474978051 149405710
2268046 9 0.08841755926251096 149405710
2268055 29 0.09386971027216857 155868973
2268084 139 0.08773485513608428 154540231
2268223 4 0.08624618086040386 86823602
2268227 14 0.08533590869183494 86823602
2268241 143 0.11256821773485513 100832808
2268384 300 0.10172080772607552 151669492
2268684 300 0.11736611062335381 156131441
2268984 300 0.11817208077260755 155606506
2269284 300 0.1140758560140474 156000207
2269584 300 0.11269148375768218 155868973
2269884 300 0.11810570676031606 155885377
2270184 254 0.1319494293239684 172945768
2270438 6 0.09896154521510096 182558643
2270444 3 0.10050711150131694 177817822
2270447 12 0.0970935908691835 177817822
2270459 25 0.10274486391571554 184297490
2270484 137 0.0883511852502195 168811905
2270621 1 0.16366672519754172 92565080
2270622 4 0.08599016681299386 92565080
2270626 3 0.08599016681299386 92565080
2270629 155 0.09801334503950834 117499497
2270784 22 0.11365864793678665 153736424
2270806 6 0.08598068481123794 148634711
2270812 4 0.08555399473222125 144238380
2270816 1 0.08394205443371379 144238380
2270817 11 0.08394205443371379 144238380
2270828 164 0.08505144863915716 151751514
2270992 8 0.0823206321334504 78391832
2271000 7 0.0823206321334504 78391832
2271007 1 0.0823206321334504 78391832
2271008 76 0.09832625109745391 90006021
2271084 300 0.09751079894644425 138021180
2271384 300 0.1153369622475856 147453607
2271684 300 0.1157352063213345 147502820
2271984 300 0.11830482879719052 148158989
2272284 300 0.11415171202809482 148437861
2272584 300 0.11413274802458297 148585498
2272884 300 0.1129474978050922 148716732
2273184 300 0.11973661106233537 156065824
2273484 300 0.12510342405618965 175882124
2273784 300 0.11485338015803336 166187229
2274084 300 0.11301387181738368 164760061
2274384 300 0.11344056189640037 158362415
2274684 300 0.11564986830553117 154277764
2274984 300 0.11360175592625109 150504793
2275284 300 0.10927796312554873 150389963
2275584 300 0.11501457418788412 150914898
2275884 300 0.11652221246707639 150652431
2276184 300 0.1197081650570676 150652431
2276484 300 0.12394661984196664 153802041
2276784 300 0.12644986830553115 168106523
2277084 300 0.11753678665496048 168221352
2277384 300 0.11676874451273048 165334209
2277684 300 0.11830482879719052 154310572
2277984 300 0.1151188762071993 151062536
2278284 300 0.11729973661106234 151571067
2278584 300 0.10920210711150131 151718705
2278884 300 0.11309920983318701 151472641
2279184 300 0.11103213345039507 151357812
2279484 300 0.11816259877085161 153063851
2279784 300 0.12585250219490782 166580930
2280084 300 0.1196702370500439 166433292
2280384 300 0.11267251975417032 152784979
2280684 300 0.11665496049165934 152391278
2280984 300 0.11110798946444249 151603875
2281284 300 0.11776435469710272 151357812
2281584 300 0.11536540825285338 151374216
2281884 300 0.1153369622475856 152178023
2282184 300 0.11521369622475856 152571724
2282484 300 0.11568779631255487 153211489
2282784 300 0.12529306409130817 175652465
2283084 300 0.12557752414398596 174865062
2283384 300 0.11507146619841965 162791555
2283684 300 0.11814363476733979 159773178
2283984 300 0.12022967515364355 157542204
2284284 300 0.11946163301141352 155573697
2284584 300 0.11697734855136085 152949022
2284884 300 0.11565935030728708 152834192
2285184 300 0.11455943810359966 152719363
2285484 300 0.11795399473222123 153113064
2285784 300 0.11588691834942932 153506765
2286084 300 0.12687655838454784 167696418
2286384 300 0.11965127304653204 161659663
2286684 300 0.11386725197541704 153900466
2286984 300 0.11566883230904301 153621595
2287284 300 0.11615241439859526 153752829
2287584 300 0.11287164179104477 153490361
2287884 300 0.1097710272168569 153359127
2288184 300 0.1185892888498683 153621595
2288484 300 0.13191150131694468 154556635
2288784 300 0.12237260755048288 154573039
2289084 300 0.12847901668129938 167171482
2289384 300 0.11558349429323968 162463470
2289684 300 0.11454047410008779 160347326
2289984 300 0.11689201053555752 160363730
2290284 300 0.11452151009657593 158247585
2290584 300 0.11611448639157154 156279079
2290884 300 0.11590588235294118 154966741
