1359086 300 0.1702377524143986 180754178
1359386 300 0.15955153643546974 174454957
1359686 300 0.15368217734855139 171436580
1359986 300 0.15384337137840212 165793528
1360286 300 0.14951957857769974 159740370
1360586 300 0.15787322212467078 163546149
1360886 282 0.10933485513608428 88939747
1361168 18 0.16174187884108868 168926734
1361186 300 0.15097980684811238 166302058
1361486 300 0.14145039508340648 166433292
1361786 300 0.14569833187006145 162250216
1362086 300 0.14243652326602282 159740370
1362386 300 0.1419244951712028 159609136
1362686 300 0.13954451273046534 159494306
1362986 300 0.1338647936786655 159510711
1363286 300 0.13930746268656716 159888007
1363586 300 0.14176330114135205 177719397
1363886 300 0.13840667251975416 166695760
1364186 300 0.13662405618964005 166712164
1364486 300 0.13560948200175593 166318463
1364786 300 0.1325942054433714 161741685
1365086 300 0.14634310798946443 166991036
1365386 300 0.14435188762071993 172634088
1365686 300 0.13425355575065848 167237099
1365986 300 0.12832730465320455 165006125
1366286 300 0.13824547848990343 164218722
1366586 300 0.13176927129060578 163054023
1366886 300 0.12973064091308165 160954282
1367186 300 0.13175030728709394 160970686
1367486 300 0.13037541703248465 160429347
1367786 300 0.13587497805092186 160839453
1368086 300 0.13688955223880597 163332894
1368386 300 0.14821106233538192 168975946
1368686 300 0.1426451273046532 160954282
1368986 300 0.13918419666374013 160823048
1369286 300 0.14009446883230903 173552725
1369586 300 0.1429675153643547 160560581
1369886 300 0.14050219490781388 160183284
1370186 300 0.13534398595259 159920816
1370486 300 0.1315511852502195 159625540
1370786 300 0.13414925373134326 159494306
1371086 300 0.13344758560140474 159477902
1371386 300 0.14391571553994734 170386710
1371686 300 0.14609657594381037 160937878
1371986 300 0.13655768217734854 160134071
1372286 300 0.13523020193151888 159740370
1372586 300 0.14010395083406496 159477902
1372886 300 0.13416821773485513 159346668
1373186 300 0.1385963125548727 159477902
1373486 300 0.13439578577699737 159494306
1373786 300 0.13348551360842845 159346668
1374086 300 0.13777137840210713 159740370
1374386 300 0.13932642669007902 160281709
1374686 300 0.15123582089552237 175767295
1374986 300 0.14630517998244075 165153763
1375286 300 0.1381980684811238 160150475
1375586 300 0.1379799824407375 159888007
1375886 300 0.137657594381036 160150475
1376186 300 0.13375100965759437 159871603
1376486 300 0.13083055311676908 159756774
1376786 300 0.134699209833187 159625540
1377086 300 0.130716769095698 159494306
1377386 300 0.13352344161545215 159363072
1377686 300 0.1392126426690079 176160996
1377986 300 0.12976856892010535 165924762
1378286 300 0.1275782265144864 159494306
1378586 300 0.12788165057067605 159756774
1378886 300 0.12363371378402108 159888007
1379186 300 0.12238208955223881 159773178
1379486 300 0.12172783143107989 159740370
1379786 300 0.12180368744512732 159740370
1380086 300 0.1169963125548727 159494306
1380386 300 0.12323546971027217 160412943
1380686 300 0.12825144863915716 168057310
1380986 300 0.11510939420544337 162643917
1381286 300 0.11399051799824408 159494306
1381586 300 0.11553608428446005 159477902
1381886 300 0.11413274802458297 159330264
1382186 300 0.11528955223880596 159740370
1382486 300 0.11643687445127304 159461498
1382786 300 0.1133457418788411 159346668
1383086 300 0.1132414398595259 159510711
1383386 300 0.11070026338893765 159510711
1383686 300 0.11251132572431959 159379477
1383986 300 0.11913924495171203 174340128
1384286 300 0.11443617208077261 170534348
1384586 300 0.11033994732221247 159773178
1384886 300 0.11187603160667252 159641944
1385186 300 0.10997963125548728 159494306
1385486 300 0.11080456540825286 159264647
1385786 300 0.11047269534679545 159395881
1386086 300 0.1072393327480246 159264647
1386386 300 0.10880386303775243 159264647
1386686 300 0.1102451273046532 161118324
1386986 300 0.12079859525899912 181984495
1387286 300 0.11133555750658472 169910988
1387586 300 0.10726777875329237 160330921
1387886 300 0.11084249341527656 160183284
1388186 300 0.10706865671641791 160183284
1388486 300 0.10753327480245829 160068454
1388786 300 0.10800737489025461 159937220
1389086 300 0.10515329236172082 159674753
1389386 300 0.1086521510096576 160052050
1389686 300 0.10625320456540825 160281709
1389986 300 0.10752379280070237 160035646
1390286 300 0.11838068481123792 173323066
1390586 300 0.11654117647058823 175422806
1390886 300 0.10719192273924495 160183284
1391186 300 0.10830131694468832 160330921
1391486 300 0.11016927129060579 160314517
1391786 300 0.10403441615452151 159674753
1392086 300 0.10359824407374892 159674753
1392386 300 0.10960035118525023 159543519
1392686 300 0.10687901668129939 159395881
1392986 300 0.1129569798068481 163726596
1393286 300 0.12116839332748025 169878179
1393586 300 0.10783669885864794 160839453
1393886 300 0.10420509218612818 160823048
1394186 300 0.10993222124670765 160314517
1394486 300 0.1333622475856014 160052050
1394786 300 0.10169236172080773 160314517
1395086 300 0.11289060579455663 160183284
1395386 300 0.11429394205443372 160199688
1395686 300 0.1110036874451273 160298113
1395986 300 0.11608604038630377 160462155
1396286 300 0.12079859525899912 178572417
1396586 300 0.11917717295873574 181033050
1396886 300 0.11336470588235292 173421491
1397186 300 0.11508094820017559 173323066
1397486 300 0.11441720807726075 166498909
1397786 300 0.11221738366988587 161905727
1398086 300 0.11565935030728708 160199688
1398386 300 0.11398103599648815 160593389
1398686 300 0.1145784021071115 160593389
1398986 300 0.1145784021071115 160593389
1399286 300 0.110529587357331 160593389
1399586 300 0.1241172958735733 173060598
1399886 300 0.12152870939420544 188267312
1400186 300 0.12076066725197543 181705623
1400486 300 0.11737559262510974 173700363
1400786 300 0.11866514486391572 171748260
1401086 300 0.11614293239683934 168336182
1401386 300 0.1176410886742757 163332894
1401686 300 0.11390517998244072 160330921
1401986 300 0.12209762949956103 160330921
1402286 300 0.11672133450395084 160330921
1402586 300 0.11915820895522387 160462155
1402886 300 0.1257387181738367 176062570
1403186 300 0.11882633889376645 166367676
1403486 300 0.11541281826163301 160708219
1403786 300 0.1196702370500439 160970686
1404086 300 0.11978402107111501 160970686
1404386 300 0.11648428446005268 160839453
1404686 300 0.11688252853380159 160855857
1404986 300 0.11904442493415276 160839453
1405286 300 0.11708165057067603 160855857
1405586 300 0.1203244951712028 162693130
1405886 300 0.13212010535557506 174635403
1406186 300 0.118115188762072 166351271
1406486 300 0.11626619841966639 161233154
1406786 300 0.11746093064091308 160987090
1407086 300 0.11778331870061456 160970686
1407386 300 0.11709113257243196 161364388
1407686 300 0.11726180860403863 161101920
1407986 300 0.11575417032484636 161118324
1408286 300 0.12048568920105356 161364388
1408586 300 0.11697734855136085 160987090
1408886 300 0.13078314310798947 177538951
1409186 300 0.12009692712906059 173569129
1409486 300 0.11563090430201932 173601937
1409786 300 0.11755575065847235 171469389
1410086 300 0.11496716417910448 163743000
1410386 300 0.11803933274802458 160724623
1410686 300 0.11971764705882354 160741027
1410986 300 0.11835223880597016 161265962
1411286 300 0.12019174714661983 161397196
1411586 300 0.12073222124670764 161134728
1411886 300 0.13835926251097455 172158366
1412186 300 0.1253025460930641 172158366
1412486 300 0.12694293239683932 161134728
1412786 300 0.12827989464442494 161249558
1413086 300 0.12553959613696225 161265962
1413386 300 0.12496119402985074 161265962
1413686 300 0.12329236172080772 161659663
1413986 300 0.12229675153643547 161397196
1414286 300 0.11842809482001757 161265962
1414586 300 0.12191747146619841 162168195
1414886 300 0.13399754170324846 175947741
1415186 300 0.12092186128182617 164792870
1415486 300 0.11759367866549605 161512026
1415786 300 0.11697734855136085 161512026
1416086 300 0.117214398595259 161512026
1416386 300 0.12138647936786656 161905727
1416686 300 0.12214503950834066 161922131
1416986 300 0.11586795434591746 161790897
1417286 300 0.11704372256365232 161922131
1417586 300 0.11507146619841965 161922131
1417886 300 0.12831782265144862 176095379
1418186 300 0.1254921861281826 167302716
1418486 300 0.11941422300263388 162315832
1418786 300 0.1233492537313433 162184599
1419086 300 0.12182265144863914 162447066
1419386 300 0.12042879719051801 162463470
1419686 300 0.11803933274802458 162447066
1419986 300 0.11999262510974538 161922131
1420286 300 0.12094082528533802 161922131
1420586 300 0.12480948200175593 161922131
1420886 300 0.1389281826163301 175045509
1421186 300 0.13016681299385427 173077002
1421486 300 0.12362423178226514 163234469
1421786 300 0.12901000877963126 163513341
1422086 300 0.13118138718173836 162725938
1422386 300 0.13016681299385427 162201003
1422686 300 0.12833678665496048 162857172
1422986 300 0.12998665496049167 163250873
1423286 300 0.1304797190517998 162840768
1423586 300 0.12528358208955223 162463470
1423886 300 0.1279859525899912 165104550
1424186 300 0.13901352063213346 175882124
1424486 300 0.12897208077260755 165891953
1424786 300 0.12470517998244074 163136044
1425086 300 0.12505601404741 162988405
1425386 300 0.12708516242317822 162988405
1425686 300 0.1334286215978929 163103235
1425986 300 0.1327459174714662 163250873
1426286 300 0.12448709394205444 162972001
1426586 300 0.12507497805092185 162578300
1426886 300 0.1251603160667252 162184599
1427186 300 0.14145987708516242 179769925
1427486 300 0.12975908691834945 179507457
