762057 300 0.19868375768217736 276522027
762357 300 0.18802598770851625 252768714
762657 300 0.1800611062335382 250947845
762957 300 0.17978612818261633 263923585
763257 300 0.1797766461808604 250537740
763557 300 0.17707427568042142 250554144
763857 300 0.1806489903424056 250275272
764157 300 0.18254539069359085 248191936
764457 300 0.18863283582089552 259231977
764757 300 0.18644249341527655 247420937
765057 300 0.1792361720807726 247158469
765357 300 0.1804972783143108 247289703
765657 300 0.18134117647058823 247289703
765957 300 0.17615452151009658 247174874
766257 300 0.17502616330114135 247158469
766557 300 0.17834486391571552 247273299
766857 300 0.17880948200175592 247289703
767157 300 0.17344266900790167 247322512
767457 300 0.18112309043020192 247322512
767757 300 0.17954907813871815 247453746
768057 300 0.18243160667251979 247322512
768357 300 0.18453661106233535 247716213
768657 300 0.19923371378402108 263316628
768957 300 0.18893625987708515 253195224
769257 300 0.177899209833187 247420937
769557 300 0.17418226514486393 247289703
769857 300 0.1765148375768218 247289703
770157 300 0.17615452151009658 247273299
770457 300 0.17781387181738367 247273299
770757 300 0.1861959613696225 250193251
771057 300 0.18976119402985073 258460979
771357 300 0.18106619841966637 250865824
771657 300 0.1805636523266023 250849420
771957 300 0.17148937664618086 250718186
772257 300 0.17731132572431957 250570548
772557 300 0.17636312554872696 250439314
772857 300 0.17805092186128182 248733275
773157 300 0.1779750658472344 247437342
773457 300 0.18906900790166814 259379615
773757 300 0.18859490781387184 256869769
774057 300 0.17943529411764705 244812666
774357 300 0.17762423178226516 244812666
774657 300 0.17885689201053556 244812666
774957 300 0.1807817383669886 244960304
775257 300 0.1768941176470588 243500328
775557 300 0.17880000000000001 242187990
775857 300 0.17367023705004392 242598096
776157 300 0.18523827919227392 273175566
776457 300 0.1868122914837577 272650631
776757 300 0.18457453906935908 251128291
777057 300 0.18446075504828796 250980654
777357 300 0.18466935908691837 250997058
777657 300 0.18811132572431957 251128291
777957 300 0.1797482001755926 251111887
778257 300 0.17984302019315188 251128291
778557 300 0.17863880597014925 251128291
778857 300 0.18397717295873572 252440629
779157 300 0.18762774363476734 266220176
779457 300 0.17902756804214223 257148641
779757 300 0.17929306409130819 248880913
780057 300 0.17662862159789286 244960304
780357 300 0.1772828797190518 245485239
780657 300 0.17815522388059699 245075133
780957 300 0.17354697102721686 245075133
781257 300 0.17664758560140473 245075133
781557 300 0.18008007023705006 248880913
781857 300 0.19456856892010535 258329745
782157 300 0.18029815627743637 251505589
782457 300 0.18174890254609308 243795604
782757 300 0.1797292361720808 243008202
783057 300 0.1768561896400351 248782488
783357 300 0.1768372256365233 242876968
783657 300 0.17539596136962246 242745734
783957 300 0.17686567164179104 242745734
784257 300 0.1844323090430202 244960304
784557 300 0.18914486391571553 242975393
784857 300 0.18593046532045654 240104654
785157 300 0.17717857769973663 240104654
785457 300 0.17772853380158032 240104654
785757 300 0.1792646180860404 239842186
786057 300 0.1796723441615452 239727357
786357 300 0.18423318700614574 239727357
786657 300 0.1798145741878841 239842186
786957 300 0.17911290605794558 239858591
787257 300 0.18410992098331871 280541062
787557 300 0.18149288849868306 240645993
787857 300 0.18180579455662862 240498355
788157 300 0.1776052677787533 240498355
788457 300 0.18243160667251979 241023291
788757 300 0.18994135206321336 273700501
789057 300 0.18993187006145743 261758227
789357 300 0.19081369622475855 240777227
789657 300 0.19160070237050045 240514759
789957 300 0.1820428446005268 240514759
790257 300 0.18782686567164178 240514759
790557 300 0.1803171202809482 240514759
790857 300 0.18272554872695349 240514759
791157 300 0.18387287093942054 240514759
791457 300 0.18798805970149254 241433396
791757 300 0.19243511852502196 256115175
792057 300 0.18612010535557508 246272641
792357 300 0.17555715539947325 240514759
792657 300 0.18099982440737486 240268696
792957 300 0.17634416154521512 240252292
793257 300 0.18161615452151006 240252292
793557 300 0.17999473222124668 240252292
793857 300 0.18578823529411762 242876968
794157 300 0.19300403863037752 255212943
794457 300 0.18638560140474103 250750994
794757 300 0.17639157155399474 250718186
795057 300 0.17903705004389817 248241148
795357 300 0.17633467954345916 246535109
795657 300 0.17947322212467076 244451773
795957 300 0.17828797190518 244435369
796257 300 0.17777594381035997 244451773
796557 300 0.17845864793678667 244583007
796857 300 0.17982405618964004 244189305
797157 300 0.17804143985952592 244189305
797457 300 0.17842071992976294 244189305
797757 300 0.17573731343283583 244189305
798057 300 0.18121791044776117 246305450
798357 300 0.18627181738366988 263874372
798657 300 0.1784396839332748 257312683
798957 300 0.1748649692712906 251128291
799257 300 0.17428656716417912 250997058
799557 300 0.17438138718173837 257296279
799857 300 0.17578472344161547 251407163
800157 300 0.1855985952589991 251407163
800457 300 0.19082317822651448 250488527
800757 300 0.19556417910447763 250488527
801057 300 0.2032446005267779 250849420
801357 300 0.1968916593503073 248241148
801657 300 0.18882247585601405 248126319
801957 300 0.18966637401229147 248257552
802257 300 0.18616751536435472 247338916
802557 300 0.18257383669885865 245239176
802857 300 0.18152133450395083 245239176
803157 300 0.18355996488147497 249159785
803457 300 0.19336435469710272 276866516
803757 300 0.18765618964003514 274766776
804057 300 0.18541843722563653 253113202
804357 300 0.1821945566286216 253096798
804657 300 0.1859589113257243 266236580
804957 300 0.1819100965759438 257706384
805257 300 0.18073432835820896 249832358
805557 300 0.1856270412642669 248257552
805857 300 0.17860087796312557 247338916
806157 300 0.17887585601404743 249422252
806457 300 0.18392976294995608 252325800
806757 300 0.1879027216856892 249701124
807057 300 0.18154978050921863 249717528
807357 300 0.1832755048287972 249701124
807657 300 0.17899912203687446 249701124
807957 300 0.17975768217734858 247601383
808257 300 0.17577524143985954 247076449
808557 300 0.18746654960491663 249438657
808857 300 0.19427462686567165 254934071
809157 300 0.18802598770851625 247716213
809457 300 0.18183424056189637 247716213
809757 300 0.1897801580333626 247453746
810057 300 0.18697348551360843 245632877
810357 300 0.18632870939420546 244058071
810657 300 0.18758981562774363 244058071
810957 300 0.19452115891132574 247470150
811257 300 0.19948024582967516 259166360
811557 300 0.18863283582089552 253260840
811857 300 0.18766567164179107 251800864
812157 300 0.1905671641791045 249553486
812457 300 0.19090851624231783 249553486
812757 300 0.1921980684811238 249701124
813057 300 0.18879402985074628 249586294
813357 300 0.1923213345039508 250488527
813657 300 0.198598419666374 269254957
813957 300 0.19916733977172957 262053504
814257 300 0.19290921861281826 254048243
814557 300 0.1940091308165057 253917009
814857 300 0.18592098331870063 251423568
815157 300 0.18451764705882356 249717528
815457 300 0.18470728709394207 247355320
815757 300 0.1918472344161545 247863851
816057 300 0.19773555750658472 257460321
816357 300 0.1954883230904302 253277244
816657 300 0.18835785776997366 253260840
816957 300 0.18817769973661108 250898632
817257 300 0.18301949078138718 250111230
817557 300 0.18376856892010535 249979996
817857 300 0.18896470588235292 247224087
818157 300 0.19053871817383672 245386813
818457 300 0.199755223880597 273995777
818757 300 0.19895873573309922 280426232
819057 300 0.19371518876207197 259560061
819357 300 0.1897043020193152 245255580
819657 300 0.1880923617208077 245255580
819957 300 0.19234029850746268 245124346
820257 300 0.193459174714662 244599411
820557 300 0.19449271290605796 244468177
820857 300 0.19627532923617208 242105969
821157 300 0.19487199297629498 241581034
821457 300 0.19924319578577698 245403218
821757 300 0.20134820017559263 255114517
822057 300 0.19875961369622477 247634192
822357 300 0.19051027216856894 242516075
822657 300 0.19013099209833187 242105969
822957 300 0.19537453906935912 242253607
823257 300 0.19240667251975418 242237203
823557 300 0.19388586479367867 241859906
823857 300 0.19909148375768218 241859906
824157 300 0.20613661106233538 247371724
824457 300 0.20868726953467956 258132894
824757 300 0.20375662862159788 242384841
825057 300 0.1996698858647937 242384841
825357 300 0.20048533801580334 249077764
825657 300 0.20204038630377522 241859906
825957 300 0.20349113257243198 241991140
826257 300 0.20589956101843723 242237203
826557 300 0.2110956979806848 244730645
826857 300 0.20926567164179108 244878283
827157 300 0.2027799824407375 241991140
827457 300 0.1975174714661984 241859906
827757 300 0.19802949956101845 241843501
828057 300 0.1945116769095698 259182765
828357 300 0.19336435469710272 248290361
828657 300 0.1931747146619842 248159127
828957 300 0.1993569798068481 248306765
829257 300 0.19730886742756804 251718843
829557 300 0.2022774363476734 259592870
829857 300 0.19885443371378403 253556116
830157 300 0.20131027216856892 253162415
830457 300 0.20008709394205446 253031181
830757 300 0.20439192273924495 249881571
831057 300 0.19928112379280072 249340231
831357 300 0.20165162423178226 246978023
831657 300 0.2008361720807726 246846789
831957 300 0.21245162423178224 277424260
832257 300 0.21392133450395082 278605363
832557 300 0.19936646180860404 248159127
832857 300 0.19814328358208955 248027893
833157 300 0.1974795434591747 247896660
833457 300 0.19788726953467953 247896660
833757 143 0.13887129060579456 149340093
833900 157 0.19319367866549605 247896660
834057 300 0.19298507462686568 248027893
834357 300 0.20016294995610187 248437999
834657 300 0.21082071992976295 263644713
834957 300 0.20197401229148376 252752310
835257 300 0.19603827919227393 246994428
835557 300 0.19590553116769097 246978023
835857 300 0.19557366110623356 246978023
836157 300 0.19482458296751534 246846789
836457 300 0.19983107989464444 246731960
836757 300 0.2047427568042142 248946530
837057 300 0.21083020193151886 252227374
837357 300 0.20753994732221245 244615815
837657 300 0.20435399473222124 244615815
837957 300 0.2039841966637401 244353348
838257 300 0.20097840210711151 244353348
838557 300 0.20233432835820894 243812008
838857 300 0.20807093942054436 242909776
839157 300 0.2119490781387182 256836961
839457 300 0.20706584723441615 246994428
839757 300 0.19905355575065847 242270011
840057 300 0.19856997366110624 242138778
840357 300 0.1952986830553117 242007544
840657 300 0.19604776119402983 241876310
840957 300 0.19561158911325724 241859906
841257 300 0.1946254609306409 242253607
841557 300 0.20076979806848114 258526596
841857 300 0.1980958735733099 248552829
842157 300 0.19542194907813873 243041010
842457 300 0.1940091308165057 242926180
842757 300 0.19097489025460934 243073818
843057 300 0.19855100965759437 242942584
843357 300 0.19615206321334505 242794947
843657 300 0.20103529411764703 245042325
843957 300 0.2087441615452151 249897975
844257 300 0.19510904302019316 242680117
844557 300 0.19496681299385424 242532479
844857 300 0.19382897278314312 242532479
845157 300 0.18875610184372255 242532479
845457 300 0.19060509218612817 242516075
845757 300 0.1860916593503073 242532479
846057 300 0.20131027216856892 279015469
846357 300 0.19710026338893766 284658522
846657 300 0.18680280948200179 254474753
846957 300 0.18494433713784023 254491157
847257 300 0.19062405618964 254359923
847557 300 0.1921980684811238 253310053
847857 300 0.18923020193151888 251341546
848157 300 0.19199894644424934 249110572
848457 300 0.19504266900790165 250537740
848757 300 0.20264723441615454 264710988
849057 300 0.19923371378402108 258411766
849357 300 0.1931747146619842 252358608
849657 300 0.18968533801580334 250652569
849957 300 0.18827251975417034 249487869
850257 300 0.18492537313432836 247913064
850557 300 0.18250746268656717 244911091
850857 300 0.18123687445127304 242401245
851157 300 0.19536505706760313 248044297
851457 300 0.19494784899034243 247256895
851757 300 0.19429359086918352 242794947
852057 300 0.19312730465320455 242663713
852357 300 0.18844319578577698 242663713
852657 300 0.18743810359964883 242532479
852957 300 0.187798419666374 242663713
853257 300 0.18523827919227392 243188648
853557 300 0.19999227392449517 257903235
853857 300 0.19881650570676032 254097456
854157 300 0.18488744512730465 243073818
854457 300 0.1910886742756804 243073818
854757 300 0.18593046532045654 243073818
855057 300 0.183427216856892 242942584
855357 300 0.1785819139596137 242942584
855657 300 0.18726742756804218 245960961
855957 300 0.19987848990342405 257132237
856257 300 0.1875803336259877 246748364
856557 300 0.1816635645302897 244648624
856857 300 0.18390131694468834 244386156
857157 300 0.1785913959613696 244238518
857457 300 0.19251097453906935 244386156
857757 300 0.1895715539947322 244386156
858057 300 0.18722001755926254 247010832
858357 300 0.19526075504828797 258690638
858657 300 0.18205232660228268 254359923
858957 300 0.1819385425812116 254376327
859257 300 0.1824979806848112 254359923
859557 300 0.1848021071115013 254474753
859857 300 0.18753292361720805 254359923
860157 300 0.18081018437225635 255787090
860457 300 0.19543143107989464 290039106
860757 300 0.18838630377524143 286643433
861057 300 0.18503915715539948 256869769
861357 300 0.18292467076382793 256836961
861657 300 0.18243160667251979 256574493
861957 300 0.1821945566286216 256869769
862257 300 0.18099982440737486 256738536
862557 300 0.17856294995610184 256738536
862857 300 0.18297208077260757 257788405
863157 300 0.18905004389815627 266203771
863457 300 0.18312379280070237 256623706
863757 300 0.18118946444249343 249914379
864057 300 0.18133169446883232 255934728
864357 300 0.1769794556628622 250029208
864657 300 0.17703634767339774 250045613
864957 300 0.17601229148375766 250176847
865257 300 0.1834651448639157 253063990
865557 300 0.18246953467954344 257903235
865857 300 0.17625882352941175 256065962
866157 300 0.17192554872695348 255409794
866457 300 0.17475118525021952 250685377
866757 300 0.1757942054433714 251243121
867057 300 0.17660965759438105 250718186
867357 300 0.18098086040386305 250586952
867657 300 0.19741316944688325 264891434
867957 300 0.18365478489903422 261479356
868257 300 0.1810377524143986 253178819
868557 300 0.1853425812115891 253080394
868857 300 0.17532010535557507 251079079
869157 300 0.18004214223002632 247683405
869457 300 0.17880000000000001 247404533
869757 300 0.18473573309920985 250144038
870057 300 0.19189464442493415 255130921
870357 300 0.18081966637401228 248306765
870657 300 0.18199543459174716 248306765
870957 300 0.17881896400351185 248306765
871257 300 0.17351852502194912 248306765
871557 300 0.17596488147497805 248044297
871857 300 0.17931202809482005 250931441
872157 300 0.1875708516242318 254770029
872457 300 0.17747251975417036 250062017
872757 300 0.17925513608428448 247552171
873057 300 0.1807532923617208 247552171
873357 300 0.18066795434591748 247552171
873657 300 0.18684073748902544 247552171
873957 300 0.1806774363476734 247437342
874257 300 0.17905601404741 247437342
874557 300 0.2066865671641791 266302197
874857 300 0.19350658472344165 265383561
875157 300 0.17816470588235295 256344834
875457 300 0.18229885864793677 256361238
875757 300 0.17761474978050923 255705069
876057 300 0.17980509218612817 252522650
876357 300 0.17846812993854258 250816611
876657 300 0.17971027216856894 250800207
876957 300 0.18337980684811236 255787090
877257 300 0.1871726075504829 292516144
877557 300 0.18888884986830556 286495794
877857 300 0.1813980684811238 271928845
878157 300 0.1757562774363477 257493130
878457 300 0.17592695346795434 257493130
878757 300 0.1798809482001756 256049558
879057 300 0.17768112379280068 251735248
879357 300 0.1827445127304653 250800207
879657 300 0.18338928884986833 251456376
879957 300 0.1855796312554873 262365184
880257 300 0.17879051799824408 255951133
880557 300 0.17715013169446883 256065962
880857 300 0.1727694468832309 255016092
881157 300 0.1746468832309043 252768714
881457 300 0.17768112379280068 251193908
881757 300 0.18377805092186128 252899947
882057 300 0.18909745390693591 266548260
882357 300 0.18697348551360843 262233950
882657 300 0.17975768217734858 256607302
882957 300 0.17326251097453907 254130264
883257 300 0.17278841088674277 250324485
883557 300 0.17593643546971027 248487211
883857 300 0.1749787532923617 246764768
884157 300 0.1806395083406497 245042325
884457 300 0.18032660228270414 265629624
884757 300 0.18272554872695349 261052846
885057 300 0.18046883230904304 255918324
885357 300 0.1766381035996488 261561377
885657 300 0.17458999122036872 254770029
885957 300 0.17800351185250218 252145353
886257 300 0.17253239683933275 250045613
886557 300 0.18374960491659348 250439314
886857 300 0.19356347673397717 255426198
887157 300 0.19103178226514486 250570548
887457 300 0.1862433713784021 250554144
887757 300 0.19137313432835823 249487869
888057 300 0.18553222124670765 245813323
888357 300 0.18876558384547848 245173559
888657 300 0.18421422300263388 245173559
888957 300 0.19191360842844601 245419622
889257 300 0.19328849868305534 279802872
889557 300 0.19474872695346793 279950510
889857 300 0.18734328358208954 258969510
890157 300 0.1857977172958736 246912406
890457 300 0.13146584723441615 146731821
890757 205 0.12862124670763828 146715417
890962 95 0.1903301141352063 246879598
891057 300 0.18447023705004392 246781173
891357 300 0.18176786654960495 246633535
891657 300 0.18810184372256364 247158469
891957 300 0.2004758560140474 262791693
892257 300 0.19052923617208076 252817926
892557 300 0.19192309043020192 247174874
892857 300 0.19220755048287974 246781173
893157 300 0.19380052677787532 246781173
893457 300 0.19005513608428445 246764768
893757 300 0.19096540825285338 246649939
894057 300 0.19307041264266903 248602041
894357 300 0.20070342405618966 253588925
894657 300 0.19321264266900792 246371067
894957 300 0.18859490781387184 246239833
895257 300 0.19627532923617208 246239833
895557 300 0.18914486391571553 246108600
895857 300 0.19316523266022828 246125004
896157 300 0.2046669007901668 246125004
896457 300 0.19711922739244953 246125004
896757 300 0.20101633011413525 263579096
897057 300 0.19639859525899914 269222148
897357 300 0.19088007023705006 257936044
897657 300 0.18910693590869185 257558746
897957 300 0.19247304653204564 257427513
898257 300 0.1941892888498683 256623706
898557 300 0.19075680421422303 255048900
898857 300 0.18982756804214224 254917667
899157 300 0.2062598770851624 270944592
899457 300 0.19744161545215103 261741823
899757 300 0.19554521510096579 252817926
900057 300 0.19315575065847235 252555459
900357 300 0.19401861281826163 249815953
900657 300 0.1918282704126427 247962277
900957 300 0.19109815627743634 248503616
901257 300 0.19134468832309046 248372382
901557 300 0.198598419666374 256640110
901857 300 0.20041896400351183 253999030
902157 300 0.19121194029850744 247831043
902457 300 0.1933928007023705 247831043
902757 300 0.19973625987708518 247962277
903057 300 0.20065601404741001 247699809
903357 300 0.1967494293239684 247568575
903657 300 0.19362036874451274 249012147
903957 300 0.20844073748902547 268057449
904257 300 0.20041896400351183 264120435
904557 300 0.19687269534679544 255852708
904857 300 0.19166707638279193 255705069
905157 300 0.19553573309920982 255459006
905457 300 0.19307041264266903 252965564
905757 300 0.1988354697102722 249947187
906057 300 0.19979315188762073 247847447
906357 300 0.19384793678665496 248241148
906657 300 0.20507462686567166 278031216
906957 300 0.2065443371378402 290104723
907257 300 0.19893028972783147 272634226
907557 300 0.19460649692712903 256115175
907857 300 0.1956021071115013 254802837
908157 300 0.195772783143108 254917667
908457 300 0.18935346795434596 253342861
908757 300 0.19068094820017562 249668316
909057 300 0.19007410008779632 248880913
909357 300 0.18867076382791925 248880913
909657 300 0.20374714661984197 262004290
909957 300 0.20511255487269534 265301539
910257 300 0.20348165057067605 255196539
910557 300 0.19911044776119405 254934071
910857 300 0.19581071115013168 254802837
911157 300 0.20055171202809485 254786433
911457 300 0.19666409130816503 254671603
911757 300 0.19307041264266903 252834330
912057 300 0.19524179104477613 254261498
912357 300 0.20544442493415277 261873057
912657 300 0.19589604916593503 258198511
912957 300 0.19544091308165057 254277902
913257 300 0.20203090430201934 253884201
913557 300 0.19417032484635646 254015434
913857 300 0.19872168568920104 252161757
914157 300 0.18551325724319578 250455718
914457 300 0.19918630377524144 251915694
914757 300 0.20607023705004388 265826475
915057 300 0.20541597892888497 255196539
915357 300 0.19494784899034243 248766084
915657 300 0.1937910447761194 248618445
915957 300 0.19319367866549605 248634850
916257 300 0.19189464442493415 248766084
916557 300 0.19004565408252855 248766084
916857 300 0.19517541703248462 249553486
917157 300 0.20598489903424058 269369787
917457 300 0.20069394205443372 263333032
917757 300 0.19041545215100966 257821214
918057 300 0.1919515364354697 257689980
918357 300 0.1923213345039508 257689980
918657 300 0.1886897278314311 255983941
918957 300 0.18376856892010535 251521993
919257 300 0.18808287971905183 250357293
919557 300 0.2082321334503951 279999723
919857 300 0.20479016681299383 280130956
920157 300 0.19951817383669887 250865824
920457 300 0.1863097453906936 250865824
920757 300 0.1869924495171203 251259525
921057 300 0.17965338015803337 250997058
921357 300 0.17475118525021952 248372382
921657 300 0.17317717295873572 247453746
921957 300 0.17403055311676907 247191278
922257 300 0.19044389815627744 252703097
922557 300 0.19347813871817388 264924242
922857 300 0.18005162423178225 263349437
923157 300 0.17604073748902546 257443917
923457 300 0.1808955223880597 257706384
923757 300 0.17738718173836698 255983941
924057 300 0.17403055311676907 254556774
924357 300 0.17111957857769974 253506904
924657 300 0.1688249341527656 252571863
924957 300 0.18247901668129943 263710330
925257 300 0.17712168568920106 268959681
925557 300 0.18023178226514486 259133552
925857 300 0.17454258121158908 259133552
926157 300 0.17240913081650572 257968852
926457 300 0.16850254609306412 253900605
926757 300 0.16813274802458295 253375670
927057 300 0.16931799824407376 251915694
927357 300 0.1716884986830553 249832358
927657 300 0.17393573309920982 247601383
927957 300 0.17709323968393326 260724762
928257 300 0.17260825285338016 260052188
928557 300 0.17387884108867427 247847447
928857 300 0.16980158033362597 247716213
929157 300 0.17198244073748903 247453746
929457 300 0.17063599648814748 247322512
929757 300 0.17012396839332747 247060044
930057 300 0.1698489903424056 247060044
930357 300 0.16869218612818263 247060044
930657 300 0.16899561018437223 247338916
930957 300 0.18294363476733974 260445889
931257 300 0.17202985074626867 262414396
931557 300 0.16776294995610183 260052188
931857 300 0.17119543459174716 258871084
932157 300 0.17342370500438983 255327772
932457 300 0.172371202809482 254277902
932757 300 0.17551922739244952 253359265
933057 300 0.17310131694468836 253375670
933357 300 0.16574328358208956 253113202
933657 300 0.17746303775241437 278835022
933957 300 0.18145496049165935 286446582
934257 300 0.17755785776997365 297601453
934557 300 0.1700007023705004 260855995
934857 300 0.1771690956979807 260577123
935157 300 0.17417278314310797 260314656
935457 300 0.1731297629499561 257427513
935757 300 0.17266514486391574 256902577
936057 300 0.17047480245829674 253884201
936357 300 0.17052221246707638 251407163
936657 300 0.17784231782265147 267811386
936957 300 0.1725798068481124 272929503
937257 300 0.16466233538191397 258346149
937557 300 0.16445373134328356 257837618
937857 300 0.16177980684811238 257165045
938157 300 0.16200737489025463 253752967
938457 300 0.1609169446883231 252309396
938757 300 0.16311676909569797 251784460
939057 300 0.16675785776997365 251653227
939357 300 0.15791115013169446 269238553
939657 300 0.15699139596136963 256771344
939957 300 0.15609060579455664 256246409
940257 300 0.15726637401229152 256115175
940557 300 0.1594756804214223 257837618
940857 300 0.16780087796312557 268992489
941157 300 0.1630124670763828 255065305
941457 300 0.15653625987708517 255212943
941757 300 0.15884038630377526 255065305
942057 300 0.1615332748024583 252178162
942357 300 0.16197892888498683 252457033
942657 300 0.15880245829675152 249569890
942957 300 0.1595420544337138 248913721
943257 300 0.15737067603160668 249291019
943557 300 0.15913432835820898 249028551
943857 300 0.15913432835820898 249159785
944157 300 0.1548294995610184 249438657
944457 300 0.15696294995610183 249044955
944757 300 0.15445970149253732 249044955
945057 300 0.1589731343283582 249044955
945357 300 0.1602626865671642 248766084
945657 300 0.16332537313432835 248651254
945957 300 0.15570184372256365 249028551
946257 300 0.15691553994732219 249044955
946557 300 0.15928604038630378 248897317
946857 300 0.1556449517120281 249028551
947157 300 0.1664923617208077 279064682
947457 300 0.16508902546093063 293943311
947757 300 0.1643115013169447 289989894
948057 300 0.16304091308165058 260855995
948357 300 0.15887831431079896 260855995
948657 300 0.1575982440737489 272535801
948957 300 0.15376751536435468 257033811
949257 300 0.15846110623353818 256918982
949557 300 0.15953257243195787 255869112
949857 300 0.1599877085162423 252194566
950157 300 0.16823705004389816 264645370
950457 300 0.16920421422300264 253900605
950757 300 0.15832835820895522 253621733
951057 300 0.15618542581211592 251407163
951357 300 0.15640351185250223 249307423
951657 300 0.15126426690079015 247601383
951957 300 0.15073327480245832 247617788
952257 300 0.15031606672519754 248011489
952557 300 0.15990237050043898 267827790
952857 300 0.15962739244951712 266105346
953157 300 0.14750939420544337 260724762
953457 300 0.15158665496049167 260724762
953757 300 0.15483898156277437 259166360
954057 300 0.14804038630377525 258100086
954357 300 0.14888428446005267 256541685
954657 300 0.15218402107111503 253392074
954957 300 0.14866619841966636 253785775
955257 300 0.15457348551360842 263234607
955557 300 0.15079964881474975 261003633
955857 300 0.14661808604038631 258772659
956157 300 0.14589745390693593 258641425
956457 300 0.14887480245829676 258510192
956757 300 0.15234521510096574 254704412
957057 300 0.14920667251975417 249455061
957357 300 0.14722493415276558 247749022
957657 300 0.1619694468832309 256672918
957957 300 0.1641787532923617 264136840
958257 300 0.15702932396839334 260593528
958557 300 0.1552941176470588 260593528
958857 300 0.1557492537313433 260462294
959157 300 0.16379947322212468 256000345
959457 300 0.15302791922739245 252719501
959757 300 0.16066093064091308 254556774
960057 300 0.164529587357331 260593528
960357 300 0.1582050921861282 255852708
960657 300 0.1559768217734855 251521993
960957 300 0.15296154521510097 300390171
961257 300 0.14812572431957857 257066620
961557 300 0.1468741000877963 257066620
961857 300 0.15202282704126427 256918982
962157 300 0.1506289727831431 257181450
962457 300 0.15930500438981565 291695933
962757 300 0.15920070237050044 278441322
963057 300 0.1625857769973661 260199826
963357 300 0.15793011413520633 260084997
963657 300 0.15786374012291485 259674891
963957 300 0.15567339771729588 255229347
964257 300 0.15176681299385428 253917009
964557 300 0.15142546093064094 251817269
964857 300 0.15235469710272168 252178162
965157 300 0.14901703248463566 251538397
965457 300 0.15157717295873574 251259525
965757 300 0.15356839332748023 251538397
966057 300 0.160803160667252 263611905
966357 300 0.15764565408252854 263497075
966657 300 0.15280983318700614 250373697
966957 300 0.1479171202809482 250373697
967257 300 0.15202282704126427 250242463
967557 300 0.15493380158033365 250111230
967857 300 0.15021176470588235 249586294
968157 300 0.14824899034240563 249569890
968457 300 0.1483153643546971 250898632
968757 300 0.16094539069359087 269533828
969057 300 0.1551044776119403 272027271
969357 300 0.14854293239683933 262693268
969657 300 0.14789815627743633 262562034
969957 300 0.15042036874451273 260987229
970257 300 0.14806883230904302 259937359
970557 300 0.14790763827919226 259920954
970857 300 0.14659912203687445 257443917
971157 300 0.15511395961369623 268877660
971457 300 0.15216505706760317 268746426
971757 300 0.14970921861281825 255229347
972057 300 0.14644741000877964 255639453
972357 300 0.1516056189640035 255475410
972657 300 0.14544231782265146 254966880
972957 300 0.1541373134328358 255114517
973257 300 0.15438384547848988 254720816
973557 300 0.15960842844600526 257870427
973857 300 0.16129622475856015 268090257
974157 300 0.15676382791922738 261791036
974457 300 0.1491402985074627 261659802
974757 300 0.15599578577699738 261528568
975057 300 0.14598279192273925 258772659
975357 223 0.1530753292361721 255606644
975580 77 0.11115539947322212 255606644
975657 107 0.10945812115891132 251259525
975764 2 0.1057601404741001 166859802
975766 1 0.1057601404741001 160183284
975767 14 0.1057601404741001 160183284
975781 2 0.1057601404741001 160183284
975783 1 0.1057601404741001 160183284
975784 173 0.11784021071115014 192237134
975957 300 0.13660509218612818 245632877
976257 300 0.16122036874451276 266384218
976557 300 0.15813871817383668 269123723
976857 300 0.15719051799824407 257050216
977157 300 0.1622918349429324 255737878
977457 186 0.1659329236172081 256000345
977643 114 0.12244846356453029 255737878
977757 71 0.12617489025460932 251538397
977828 4 0.12374749780509219 158099947
977832 9 0.12175627743634768 158099947
977841 216 0.13182616330114136 197666931
978057 300 0.15708621597892888 245239176
978357 44 0.1589731343283582 246042982
978401 184 0.11888323090430203 244599411
978585 2 0.11550763827919228 151571067
978587 1 0.11550763827919228 150258729
978588 8 0.11550763827919228 150242325
978596 61 0.12482844600526777 167401141
978657 211 0.13880491659350308 251161100
978868 89 0.09772888498683056 251029866
978957 95 0.12326391571553996 268090257
979052 5 0.12022967515364355 175783699
979057 1 0.11912028094820017 174783042
979058 8 0.11912028094820017 174783042
979066 1 0.11912028094820017 174783042
979067 190 0.13046075504828797 211134798
979257 300 0.14500614574187884 233444540
979557 300 0.16020579455662862 234117113
979857 300 0.16365724319578578 234002283
980157 300 0.1553604916593503 234379581
980457 300 0.15742756804214222 234248347
980757 300 0.16696646180860406 234625644
981057 300 0.1658665496049166 237512787
981357 300 0.16553467954345918 241991140
981657 300 0.15612853380158034 239514102
981957 300 0.1501169446883231 235429451
982257 300 0.14944372256365235 235150579
982557 300 0.15021176470588235 235166983
982857 300 0.15661211589113258 235544280
983157 300 0.15063845478489904 235265409
983457 300 0.159646356453029 236971447
983757 300 0.16397963125548726 252342204
984057 300 0.15916277436347673 247224087
984357 300 0.15259174714661983 236200449
984657 300 0.1575318700614574 235806748
984957 300 0.15407093942054434 235823152
985257 300 0.15423213345039508 235954386
985557 300 0.15224091308165058 237397957
985857 300 0.1522883230904302 236479321
986157 300 0.1538338893766462 236741788
986457 300 0.165686391571554 255901920
986757 300 0.16136259877085163 263251012
987057 300 0.16468129938542583 248946530
987357 300 0.15583459174714662 241203737
987657 300 0.16453906935908694 237529191
987957 300 0.1654019315188762 237529191
988257 300 0.17025671641791046 238185360
988557 300 0.17776646180860403 237922893
988857 300 0.18569341527655836 237906489
989157 300 0.19802001755926252 254310711
989457 300 0.19038700614574186 259428828
989757 300 0.185873573309921 259428828
990057 300 0.17724495171202806 253014777
990357 300 0.17567093942054432 251308738
990657 300 0.1775009657594381 242532479
990957 300 0.17739666374012292 238989167
991257 300 0.17747251975417036 238857933
991557 300 0.17915083406496926 239251635
991857 300 0.1881208077260755 271781207
992157 300 0.18648042142230026 280048935
992457 300 0.18639508340649694 271666378
992757 300 0.18630026338893765 254999688
993057 300 0.1843469710272169 254852050
993357 300 0.18307638279192276 253277244
993657 300 0.18666057945566286 245009517
993957 300 0.1784017559262511 240022633
994257 300 0.17815522388059699 239760165
994557 300 0.18593046532045654 256312026
994857 300 0.18612010535557508 264464924
995157 300 0.17968182616330117 256197196
995457 300 0.17864828797190518 256049558
995757 300 0.1787336259877085 268910468
996057 300 0.18024126426690076 245157154
996357 300 0.17942581211589112 241088907
996657 300 0.18657524143985954 240563973
996957 300 0.18127480245829675 240826440
997257 300 0.18947673397717296 258936701
997557 300 0.18623388937664617 248700466
997857 300 0.1876467076382792 248569233
998157 300 0.18058261633011416 248552829
998457 300 0.17705531167690955 248437999
998757 300 0.17534855136084285 244369752
999057 300 0.17734925373134328 240826440
999357 300 0.1762777875329236 240826440
999657 300 0.18025074626865673 240957673
999957 300 0.182915188762072 240957673
1000257 300 0.1761260755048288 240957673
1000557 300 0.17296856892010534 240826440
1000857 300 0.17521580333625988 240826440
1001157 300 0.17604073748902546 240957673
1001457 300 0.18099034240561898 242270011
1001757 300 0.1867079894644425 261823844
1002057 300 0.1722669007901668 265104688
1002357 300 0.17466584723441617 257099428
1002657 300 0.17364179104477612 254868454
1002957 300 0.1693843722563652 250668973
1003257 300 0.17330992098331868 247010832
1003557 300 0.17632519754170325 241482609
1003857 300 0.17249446883230904 244369752
1004157 300 0.1792646180860404 257755597
1004457 300 0.1755097453906936 248946530
1004757 300 0.16678630377524145 242516075
1005057 300 0.17681826163301143 242253607
1005357 300 0.1800990342405619 242007544
1005657 300 0.1819100965759438 241876310
1005957 300 0.18154978050921863 242007544
1006257 300 0.18549429323968392 242122374
1006557 300 0.19649341527655836 274668350
1006857 300 0.19511852502194907 273618480
1007157 300 0.192558384547849 251046270
1007457 300 0.18712519754170326 243844817
1007757 300 0.18601580333625986 243319882
1008057 300 0.18191957857769975 243319882
1008357 300 0.1796723441615452 243319882
1008657 300 0.1795111501316945 243303477
1008957 300 0.17597436347673398 243319882
1009257 300 0.17928358208955222 243319882
1009557 300 0.18737172958735734 259986571
1009857 300 0.18516242317822654 267204429
1010157 300 0.1765906935908692 258280532
1010457 300 0.17332888498683055 257493130
1010757 300 0.1816635645302897 254343519
1011057 300 0.18538999122036873 254343519
1011357 300 0.2759431079894644 252128949
1011657 300 0.23590061457418787 251308738
1011957 300 0.18820614574187886 246584322
1012257 300 0.18554170324846356 261282505
1012557 300 0.18582616330114135 252621076
1012857 300 0.17372712906057944 245157154
1013157 300 0.18008007023705006 245140750
1013457 300 0.1835694468832309 262217545
1013757 300 0.1807532923617208 251981311
1014057 300 0.1802886742756804 251981311
1014357 300 0.17925513608428448 248815296
1014657 300 0.17197295873573312 246584322
1014957 300 0.18083863037752415 258510192
1015257 300 0.17703634767339774 252358608
1015557 300 0.17471325724319578 252358608
1015857 300 0.17684670763827917 250258867
1016157 300 0.17897067603160668 244878283
1016457 300 0.17127129060579455 245009517
1016757 300 0.17204881474978054 245419622
1017057 300 0.17004811237928005 244878283
1017357 300 0.1685404741000878 245025921
1017657 300 0.17764319578577703 262348779
1017957 300 0.1756519754170325 266006921
1018257 300 0.16980158033362597 259445232
1018557 300 0.19687269534679544 259182765
1018857 300 0.1710626865671642 252489842
1019157 300 0.16783880597014925 249602699
1019457 300 0.173271992976295 248831700
1019757 300 0.16225390693590871 245928153
1020057 300 0.16193151887620721 246338259
1020357 300 0.16527866549604917 246338259
1020657 300 0.15944723441615452 298159197
1020957 300 0.1544502194907814 254868454
1021257 300 0.2651810359964882 296075860
1021557 300 0.16170395083406494 344632358
1021857 300 0.1634770851624232 284248416
1022157 300 0.15976014047410006 272568610
1022457 300 0.1592291483757682 265088284
1022757 300 0.15581562774363475 265235922
1023057 300 0.1640270412642669 265219518
1023357 300 0.15644143985952588 264825817
1023657 300 0.16342967515364357 294894756
1023957 300 0.16483301141352064 308936770
1024257 300 0.163628797190518 294501055
1024557 300 0.15893520632133454 273897352
1024857 300 0.2231283582089552 274159819
1025157 300 0.1658760316066725 286495794
1025457 300 0.16020579455662862 273241183
1025757 300 0.16006356453028975 272978715
1026057 300 0.15724741000877965 272322546
1026357 300 0.16055662862159792 269566637
1026657 300 0.1654019315188762 276915729
1026957 300 0.16620790166812996 269550233
1027257 300 0.15942827041264268 269435403
1027557 300 0.15777840210711153 269041702
1027857 300 0.15838525021949076 266285793
1028157 300 0.15852748024582966 266417026
1028457 300 0.1637236172080773 266417026
1028757 300 0.16076523266022827 264842221
1029057 300 0.16137208077260756 263529883
1029357 300 0.16902405618964006 281098806
1029657 300 0.1648519754170325 283461013
1029957 300 0.1603385425812116 275078456
1030257 300 0.15985496049165934 274815988
1030557 300 0.16098331870061458 272437376
1030857 300 0.15913432835820898 271272676
1031157 300 0.16070834064969272 267204429
1031457 300 0.15846110623353818 262873714
1031757 300 0.16492783143107992 263004948
1032057 300 0.17041791044776117 280721508
1032357 300 0.16595188762071994 286495794
1032657 300 0.16107813871817384 275603391
1032957 300 0.17495978928884984 275865858
1033257 300 0.1803171202809482 275603391
1033557 300 0.17671395961369624 271010209
1033857 300 0.18109464442493414 269172936
1034157 300 0.1746468832309043 267729364
1034457 300 0.18429956101843725 295419691
1034757 300 0.1880923617208077 298306834
1035057 300 0.18155926251097454 287676898
1035357 300 0.17995680421422303 263923585
1035657 300 0.17921720807726077 263792351
1035957 300 0.17495030728709396 263661117
1036257 300 0.18022230026338895 264054819
1036557 300 0.1762777875329236 264300882
1036857 300 0.18091448639157157 264432115
1037157 300 0.17725443371378405 280196573
1037457 300 0.18084811237928006 272191312
1037757 300 0.17078770851624234 264710988
1038057 300 0.1660182616330114 264317286
1038357 300 0.171081650570676 264054819
1038657 300 0.16126777875329235 263792351
1038957 300 0.1598075504828797 264186052
1039257 300 0.1616470588235294 264710988
1039557 300 0.1663690956979807 266006921
1039857 300 0.16950763827919227 281640145
1040157 300 0.16802844600526778 270485274
1040457 300 0.16221597892888498 264842221
1040757 300 0.16066093064091308 264448520
1041057 300 0.16177032484635645 264186052
1041357 300 0.16100228270412645 264186052
1041657 300 0.15921966637401228 264054819
1041957 300 0.15449762949956103 264317286
1042257 300 0.15486742756804214 265760857
1042557 300 0.1643589113257243 272847481
1042857 300 0.15895417032484632 264054819
1043157 300 0.15311325724319577 263923585
1043457 300 0.15812923617208077 263792351
1043757 300 0.15756031606672521 263382246
1044057 300 0.1562328358208955 263251012
1044357 300 0.16094539069359087 263119778
1044657 300 0.1621875329236172 266269389
1044957 300 0.1654398595258999 276899325
1045257 300 0.1540235294117647 275340924
1045557 300 0.1564793678665496 274684755
1045857 300 0.1559294117647059 274553521
1046157 300 0.15225039508340651 273372417
1046457 300 0.1549717295873573 270878975
1046757 300 0.1560526777875329 268385533
1047057 300 0.15634661984196663 266941962
1047357 300 0.16105917471466197 278359300
1047657 300 0.16176084284460054 271010209
1047957 300 0.15486742756804214 262463609
1048257 300 0.15659315188762074 262463609
1048557 300 0.15161510096575948 262496418
1048857 300 0.15065741878841088 262496418
1049157 300 0.15225039508340651 262890118
1049457 300 0.15305636523266022 265646028
1049757 300 0.16489938542581214 295042394
1050057 300 0.16690956979806848 297798304
1050357 300 0.16000667251975417 264858625
1050657 300 0.16190307287093944 264579754
1050957 300 0.15701035996488147 264448520
1051257 300 0.15355891132572433 264317286
1051557 300 0.1495006145741879 264186052
1051857 300 0.15057208077260756 263923585
1052157 300 0.15769306409130815 266433430
1052457 300 0.16656821773485514 271026613
1052757 300 0.15793959613696223 266564664
1053057 300 0.1506953467954346 279540404
1053357 300 0.14667497805092186 264054819
1053657 300 0.15001264266900788 264317286
1053957 300 0.14829640035118527 263923585
1054257 300 0.15132115891132572 264054819
1054557 300 0.1606324846356453 277325834
1054857 300 0.15576821773485516 264448520
1055157 300 0.14761369622475856 264317286
1055457 300 0.1535873573309921 264317286
1055757 300 0.1450345917471466 264300882
1056057 300 0.14585004389815628 264054819
1056357 300 0.14646637401229148 263513479
1056657 300 0.15178577699736612 266269389
1056957 300 0.16035750658472345 272568610
1057257 300 0.152060755048288 265088284
1057557 300 0.14521474978050922 265088284
1057857 300 0.15097032484635645 278080428
1058157 300 0.16487093942054432 265613220
1058457 300 0.16111606672519754 265219518
1058757 300 0.16209271290605795 264710988
1059057 300 0.16487093942054432 266810728
1059357 300 0.17221000877963125 273372417
1059657 300 0.17632519754170325 264973455
1059957 300 0.16182721685689203 265104688
1060257 300 0.1607273046532046 264710988
1060557 300 0.1577404741000878 264710988
1060857 300 0.15771202809482002 264842221
1061157 300 0.16107813871817384 264710988
1061457 300 0.16805689201053556 264432115
1061757 300 0.17872414398595257 279277936
1062057 300 0.16944126426690082 275455753
1062357 300 0.16469078138718174 263923585
1062657 300 0.16365724319578578 263792351
1062957 300 0.1639132572431958 263661117
1063257 300 0.16126777875329235 263923585
1063557 300 0.15934293239683936 264186052
1063857 300 0.15737067603160668 263923585
1064157 300 0.14896962247585602 263677521
1064457 300 0.16631220368744512 293319951
1064757 300 0.17170746268656717 301325211
1065057 300 0.16512695346795436 309855407
1065357 300 0.16379947322212468 267598131
1065657 300 0.16031009657594383 266548260
1065957 300 0.16057559262510976 266417026
1066257 300 0.15778788410886743 266154559
1066557 300 0.16200737489025463 266285793
1066857 300 0.1638089552238806 266023325
1067157 300 0.1701524143985953 268779234
1067457 300 0.16891027216856894 274044990
1067757 300 0.16676733977172958 265646028
1068057 300 0.16470026338893767 265481986
1068357 300 0.16902405618964006 265613220
1068657 300 0.1703041264266901 265350752
1068957 300 0.16526918349429326 265219518
1069257 300 0.1627943810359965 265104688
1069557 300 0.1627564530289728 265760857
1069857 300 0.1694791922739245 285724796
1070157 300 0.16772502194907812 284166395
1070457 300 0.16314521510096575 277473472
1070757 300 0.1663690956979807 277473472
1071057 300 0.16443476733977175 277473472
1071357 300 0.16415978928884986 275882263
1071657 300 0.16653977172958734 271814016
1071957 300 0.16261422300263392 271551548
1072257 300 0.16342967515364357 271272676
1072557 300 0.17243757682177352 285577158
1072857 300 0.16762071992976293 274684755
1073157 300 0.163628797190518 268385533
1073457 300 0.16152379280070236 275078456
1073757 300 0.1597980684811238 268385533
1074057 300 0.16016786654960494 268385533
1074357 300 0.1591912203687445 268648000
1074657 300 0.16493731343283582 270354040
1074957 300 0.16764916593503076 272585014
1075257 300 0.16737418788410888 268779234
1075557 300 0.16453906935908694 268516767
1075857 300 0.16262370500438983 268516767
1076157 300 0.16414082528533805 268779234
1076457 300 0.1608884986830553 268648000
1076757 300 0.2374556628621598 284264820
1077057 300 0.16657769973661107 295025990
1077357 300 0.17761474978050923 300275341
1077657 300 0.1664923617208077 291367848
1077957 300 0.1657527655838455 273897352
1078257 300 0.16530711150131694 273766118
1078557 300 0.163628797190518 273634884
1078857 300 0.1700007023705004 273503650
1079157 300 0.1731676909569798 273520054
1079457 300 0.1678198419666374 273257587
1079757 300 0.17310131694468836 273388821
1080057 300 0.17751992976294995 305541096
1080357 300 0.17889482001755927 315252396
1080657 300 0.1784017559262511 298192005
1080957 300 0.16214960491659353 273257587
1081257 300 0.15325548726953467 273109949
1081557 300 0.15325548726953467 273109949
1081857 300 0.16177032484635645 272995120
1082157 300 0.16174187884108868 272913099
1082457 300 0.15930500438981565 272781865
1082757 300 0.16093590869183494 273667693
1083057 300 0.1686163301141352 290203149
1083357 300 0.16198841088674276 279064682
