1014200 300 0.12973064091308165 160954282
1014500 300 0.13175030728709394 160970686
1014800 300 0.13037541703248465 160429347
1015100 300 0.13587497805092186 160839453
1015400 300 0.13688955223880597 163332894
1015700 300 0.14821106233538192 168975946
1016000 300 0.1426451273046532 160954282
1016300 300 0.13918419666374013 160823048
1016600 300 0.14009446883230903 173552725
1016900 300 0.1429675153643547 160560581
1017200 300 0.14050219490781388 160183284
1017500 300 0.13534398595259 159920816
1017800 300 0.1315511852502195 159625540
1018100 300 0.13414925373134326 159494306
1018400 300 0.13344758560140474 159477902
1018700 300 0.14391571553994734 170386710
1019000 300 0.14609657594381037 160937878
1019300 300 0.13655768217734854 160134071
1019600 300 0.13523020193151888 159740370
1019900 300 0.14010395083406496 159477902
1020200 300 0.13416821773485513 159346668
1020500 300 0.1385963125548727 159477902
1020800 300 0.13439578577699737 159494306
1021100 300 0.13348551360842845 159346668
1021400 300 0.13777137840210713 159740370
1021700 300 0.13932642669007902 160281709
1022000 300 0.15123582089552237 175767295
1022300 300 0.14630517998244075 165153763
1022600 300 0.1381980684811238 160150475
1022900 300 0.1379799824407375 159888007
1023200 300 0.137657594381036 160150475
1023500 300 0.13375100965759437 159871603
1023800 300 0.13083055311676908 159756774
1024100 300 0.134699209833187 159625540
1024400 300 0.130716769095698 159494306
1024700 300 0.13352344161545215 159363072
1025000 300 0.1392126426690079 176160996
1025300 300 0.12976856892010535 165924762
1025600 300 0.1275782265144864 159494306
1025900 300 0.12788165057067605 159756774
1026200 300 0.12363371378402108 159888007
1026500 300 0.12238208955223881 159773178
1026800 300 0.12172783143107989 159740370
1027100 300 0.12180368744512732 159740370
1027400 300 0.1169963125548727 159494306
1027700 300 0.12323546971027217 160412943
1028000 300 0.12825144863915716 168057310
1028300 300 0.11510939420544337 162643917
1028600 300 0.11399051799824408 159494306
1028900 300 0.11553608428446005 159477902
1029200 300 0.11413274802458297 159330264
1029500 300 0.11528955223880596 159740370
1029800 300 0.11643687445127304 159461498
1030100 300 0.1133457418788411 159346668
1030400 300 0.1132414398595259 159510711
1030700 300 0.11070026338893765 159510711
1031000 300 0.11251132572431959 159379477
1031300 300 0.11913924495171203 174340128
1031600 300 0.11443617208077261 170534348
1031900 300 0.11033994732221247 159773178
1032200 300 0.11187603160667252 159641944
1032500 300 0.10997963125548728 159494306
1032800 300 0.11080456540825286 159264647
1033100 300 0.11047269534679545 159395881
1033400 300 0.1072393327480246 159264647
1033700 300 0.10880386303775243 159264647
1034000 300 0.1102451273046532 161118324
1034300 300 0.12079859525899912 181984495
1034600 300 0.11133555750658472 169910988
1034900 300 0.10726777875329237 160330921
1035200 300 0.11084249341527656 160183284
1035500 300 0.10706865671641791 160183284
1035800 300 0.10753327480245829 160068454
1036100 300 0.10800737489025461 159937220
1036400 300 0.10515329236172082 159674753
1036700 300 0.1086521510096576 160052050
1037000 300 0.10625320456540825 160281709
1037300 300 0.10752379280070237 160035646
1037600 300 0.11838068481123792 173323066
1037900 300 0.11654117647058823 175422806
1038200 300 0.10719192273924495 160183284
1038500 300 0.10830131694468832 160330921
1038800 300 0.11016927129060579 160314517
1039100 300 0.10403441615452151 159674753
1039400 300 0.10359824407374892 159674753
1039700 300 0.10960035118525023 159543519
1040000 300 0.10687901668129939 159395881
1040300 300 0.1129569798068481 163726596
1040600 300 0.12116839332748025 169878179
1040900 300 0.10783669885864794 160839453
1041200 300 0.10420509218612818 160823048
1041500 300 0.10993222124670765 160314517
1041800 300 0.1333622475856014 160052050
1042100 300 0.10169236172080773 160314517
1042400 300 0.11289060579455663 160183284
1042700 300 0.11429394205443372 160199688
1043000 300 0.1110036874451273 160298113
1043300 300 0.11608604038630377 160462155
1043600 300 0.12079859525899912 178572417
1043900 300 0.11917717295873574 181033050
1044200 300 0.11336470588235292 173421491
1044500 300 0.11508094820017559 173323066
1044800 300 0.11441720807726075 166498909
1045100 300 0.11221738366988587 161905727
1045400 300 0.11565935030728708 160199688
1045700 300 0.11398103599648815 160593389
1046000 300 0.1145784021071115 160593389
1046300 300 0.1145784021071115 160593389
1046600 300 0.110529587357331 160593389
1046900 300 0.1241172958735733 173060598
1047200 300 0.12152870939420544 188267312
1047500 300 0.12076066725197543 181705623
1047800 300 0.11737559262510974 173700363
1048100 300 0.11866514486391572 171748260
1048400 300 0.11614293239683934 168336182
1048700 300 0.1176410886742757 163332894
1049000 300 0.11390517998244072 160330921
1049300 300 0.12209762949956103 160330921
1049600 300 0.11672133450395084 160330921
1049900 300 0.11915820895522387 160462155
1050200 300 0.1257387181738367 176062570
1050500 300 0.11882633889376645 166367676
1050800 300 0.11541281826163301 160708219
1051100 300 0.1196702370500439 160970686
1051400 300 0.11978402107111501 160970686
1051700 300 0.11648428446005268 160839453
1052000 300 0.11688252853380159 160855857
1052300 300 0.11904442493415276 160839453
1052600 300 0.11708165057067603 160855857
1052900 300 0.1203244951712028 162693130
1053200 300 0.13212010535557506 174635403
1053500 300 0.118115188762072 166351271
1053800 300 0.11626619841966639 161233154
1054100 300 0.11746093064091308 160987090
1054400 300 0.11778331870061456 160970686
1054700 300 0.11709113257243196 161364388
1055000 300 0.11726180860403863 161101920
1055300 300 0.11575417032484636 161118324
1055600 300 0.12048568920105356 161364388
1055900 300 0.11697734855136085 160987090
1056200 300 0.13078314310798947 177538951
1056500 300 0.12009692712906059 173569129
1056800 300 0.11563090430201932 173601937
1057100 300 0.11755575065847235 171469389
1057400 300 0.11496716417910448 163743000
1057700 300 0.11803933274802458 160724623
1058000 300 0.11971764705882354 160741027
1058300 300 0.11835223880597016 161265962
1058600 300 0.12019174714661983 161397196
1058900 300 0.12073222124670764 161134728
1059200 300 0.13835926251097455 172158366
1059500 300 0.1253025460930641 172158366
1059800 300 0.12694293239683932 161134728
1060100 300 0.12827989464442494 161249558
1060400 300 0.12553959613696225 161265962
1060700 300 0.12496119402985074 161265962
1061000 300 0.12329236172080772 161659663
1061300 300 0.12229675153643547 161397196
1061600 300 0.11842809482001757 161265962
1061900 300 0.12191747146619841 162168195
1062200 300 0.13399754170324846 175947741
1062500 300 0.12092186128182617 164792870
1062800 300 0.11759367866549605 161512026
1063100 300 0.11697734855136085 161512026
1063400 300 0.117214398595259 161512026
1063700 300 0.12138647936786656 161905727
1064000 300 0.12214503950834066 161922131
1064300 300 0.11586795434591746 161790897
1064600 300 0.11704372256365232 161922131
1064900 300 0.11507146619841965 161922131
1065200 300 0.12831782265144862 176095379
1065500 300 0.1254921861281826 167302716
1065800 300 0.11941422300263388 162315832
1066100 300 0.1233492537313433 162184599
1066400 300 0.12182265144863914 162447066
1066700 300 0.12042879719051801 162463470
1067000 300 0.11803933274802458 162447066
1067300 300 0.11999262510974538 161922131
1067600 300 0.12094082528533802 161922131
1067900 300 0.12480948200175593 161922131
1068200 300 0.1389281826163301 175045509
1068500 300 0.13016681299385427 173077002
1068800 300 0.12362423178226514 163234469
1069100 300 0.12901000877963126 163513341
1069400 300 0.13118138718173836 162725938
1069700 300 0.13016681299385427 162201003
1070000 300 0.12833678665496048 162857172
1070300 300 0.12998665496049167 163250873
1070600 300 0.1304797190517998 162840768
1070900 300 0.12528358208955223 162463470
1071200 300 0.1279859525899912 165104550
1071500 300 0.13901352063213346 175882124
1071800 300 0.12897208077260755 165891953
1072100 300 0.12470517998244074 163136044
1072400 300 0.12505601404741 162988405
1072700 300 0.12708516242317822 162988405
1073000 300 0.1334286215978929 163103235
1073300 300 0.1327459174714662 163250873
1073600 300 0.12448709394205444 162972001
1073900 300 0.12507497805092185 162578300
1074200 300 0.1251603160667252 162184599
1074500 300 0.14145987708516242 179769925
1074800 300 0.12975908691834945 179507457
1075100 300 0.1254542581211589 163365703
1075400 300 0.12070377524143985 163103235
1075700 300 0.11955645302897279 163103235
1076000 300 0.1229604916593503 162972001
1076300 300 0.12503705004389815 163234469
1076600 300 0.12257172958735733 163103235
1076900 300 0.12116839332748025 162709534
1077200 300 0.12771097453906935 162972001
1077500 300 0.12889622475856014 164431977
1077800 300 0.1765148375768218 182279771
1078100 300 0.17885689201053556 180836199
1078400 300 0.14721545215100967 175865720
1078700 300 0.13429148375768218 175718082
1079000 300 0.22354556628621597 173487108
1079300 300 0.27471992976294995 165219380
1079600 300 0.2554809482001756 163119639
1079900 300 0.26995048287971907 163644574
1080200 300 0.2592453028972783 163759404
1080500 300 0.23798665496049165 163365703
1080800 300 0.27376224758560147 169927392
1081100 300 0.28631641791044776 186479252
1081400 300 0.2748052677787533 179507457
1081700 300 0.27630342405618963 177555355
1082000 300 0.18423318700614574 177424121
1082300 300 0.1698774363476734 172945768
1082600 300 0.1980674275680421 169271223
1082900 300 0.23183283582089553 164825679
1083200 300 0.2570265144863916 164678040
1083500 300 0.26818683055311676 165219380
1083800 300 0.28258050921861283 165727911
1084100 300 0.2742837576821774 165465443
1084400 300 0.27761194029850744 170714794
1084700 300 0.2746345917471466 184904446
1085000 300 0.27715680421422295 175586848
1085300 300 0.25604986830553117 174536978
1085600 300 0.16589499561018436 172322408
1085900 300 0.1937057067603161 170862432
1086200 300 0.20424021071115014 168516628
1086500 300 0.2505692712906058 166941823
1086800 300 0.26387251975417036 164563211
1087100 300 0.2629906935908692 164956912
1087400 300 0.2622605794556629 164842083
1087700 300 0.27809552238805973 181098667
1088000 300 0.2768818261633011 186758124
1088300 300 0.26098999122036876 177949056
1088600 300 0.27063318700614575 177686589
1088900 300 0.25881861281826163 177817822
1089200 300 0.2600702370500439 177834226
1089500 300 0.26391044776119404 176374251
1089800 300 0.2672860403863038 169943796
1090100 300 0.26059174714661987 168795500
1090400 300 0.269049692712906 168664266
1090700 300 0.27848428446005263 174799446
1091000 300 0.2828744512730465 183838172
1091300 300 0.27540263388937664 169681328
1091600 300 0.26766532045654085 169664924
1091900 300 0.2604684811237928 177949056
1092200 300 0.26243125548726953 172568472
1092500 300 0.2049134328358209 178736459
1092800 300 0.14269253731343284 179917563
1093100 300 0.13871009657594383 171108496
1093400 300 0.13414925373134326 169139989
1093700 300 0.13165548726953466 165596677
1094000 300 0.1299297629499561 164809274
1094300 300 0.12665847234416153 164940508
1094600 300 0.1315227392449517 164940508
1094900 300 0.1341208077260755 169008755
1095200 300 0.1307926251097454 172453642
1095500 300 0.1268670763827919 170616369
1095800 300 0.12189850746268655 170353902
1096100 300 0.12463880597014926 168401799
1096400 300 0.11748937664618085 164579615
1096700 300 0.12085548726953468 164317147
1097000 300 0.12327339771729585 164448381
1097300 300 0.11675926251097454 164448381
1097600 300 0.11855136084284461 163907042
1097900 300 0.12590939420544336 164579615
1098200 300 0.1281661106233538 184133448
1098500 300 0.12600421422300265 189497629
1098800 300 0.1209028972783143 177588163
1099100 300 0.12381387181738367 175472019
1099400 300 0.11784021071115014 170337497
1099700 28 0.1239655838454785 165891953
1099728 1 0.12486637401229148 163300086
1099729 4 0.09450500438981563 161725281
1099733 3 0.09582300263388938 156311887
1099736 1 0.0928361720807726 156311887
1099737 8 0.0928361720807726 156311887
1099745 1 0.0928361720807726 156311887
1099746 168 0.09419209833187006 163972659
1099914 5 0.09216294995610184 91269146
1099919 8 0.09091132572431958 91269146
1099927 73 0.10553257243195786 104261290
1100000 300 0.0984305531167691 143204914
1100300 300 0.1261369622475856 159674753
1100600 300 0.12127269534679544 160347326
1100900 300 0.1271894644424934 163759404
1101200 300 0.13481299385425813 174110468
1101500 300 0.12462932396839332 168746287
1101800 9 0.1226286215978929 168500224
1101809 6 0.09389815627743635 164481190
1101815 3 0.09442914837576823 159067797
1101818 2 0.09240948200175593 159067797
1101820 10 0.09240948200175593 159067797
1101830 165 0.09370851624231781 166810590
1101995 6 0.09161299385425813 93188440
1102001 9 0.09098718173836699 93188440
1102010 90 0.10714451273046534 105114310
1102100 300 0.10539034240561897 174717424
1102400 300 0.11581106233538192 159707561
1102700 297 0.11644635645302896 156443121
1102997 3 0.0966953467954346 156443121
1103000 3 0.08980193151887621 148323031
1103003 2 0.08947006145741879 147125523
1103005 1 0.08732712906057946 147125523
1103006 7 0.08732712906057946 147125523
1103013 1 0.08732712906057946 147125523
1103014 168 0.08861668129938542 154983145
1103182 3 0.086871992976295 86479113
1103185 1 0.08568674275680423 86479113
1103186 8 0.08568674275680423 86479113
1103194 1 0.08568674275680423 86495518
1103195 105 0.0984305531167691 101193700
1103300 300 0.10298191395961372 151341408
1103600 300 0.11451202809482003 156426717
1103900 300 0.11984091308165057 158378819
1104200 300 0.1289910447761194 176374251
1104500 300 0.1253025460930641 161151133
1104800 300 0.12031501316944689 161052708
1105100 300 0.11784021071115014 160265305
1105400 253 0.11937629499561019 157657033
1105653 5 0.08991571553994732 154737082
1105658 4 0.0896881474978051 149405710
1105662 9 0.08841755926251096 149405710
1105671 29 0.09386971027216857 155868973
1105700 139 0.08773485513608428 154540231
1105839 4 0.08624618086040386 86823602
1105843 14 0.08533590869183494 86823602
1105857 143 0.11256821773485513 100832808
1106000 300 0.10172080772607552 151669492
1106300 300 0.11736611062335381 156131441
1106600 300 0.11817208077260755 155606506
1106900 300 0.1140758560140474 156000207
1107200 300 0.11269148375768218 155868973
1107500 300 0.11810570676031606 155885377
1107800 254 0.1319494293239684 172945768
1108054 6 0.09896154521510096 182558643
1108060 3 0.10050711150131694 177817822
1108063 12 0.0970935908691835 177817822
1108075 25 0.10274486391571554 184297490
1108100 137 0.0883511852502195 168811905
1108237 1 0.16366672519754172 92565080
1108238 4 0.08599016681299386 92565080
1108242 3 0.08599016681299386 92565080
1108245 155 0.09801334503950834 117499497
1108400 22 0.11365864793678665 153736424
1108422 6 0.08598068481123794 148634711
1108428 4 0.08555399473222125 144238380
1108432 1 0.08394205443371379 144238380
1108433 11 0.08394205443371379 144238380
1108444 164 0.08505144863915716 151751514
1108608 8 0.0823206321334504 78391832
1108616 7 0.0823206321334504 78391832
1108623 1 0.0823206321334504 78391832
1108624 76 0.09832625109745391 90006021
1108700 300 0.09751079894644425 138021180
1109000 300 0.1153369622475856 147453607
1109300 300 0.1157352063213345 147502820
1109600 300 0.11830482879719052 148158989
1109900 300 0.11415171202809482 148437861
1110200 300 0.11413274802458297 148585498
1110500 300 0.1129474978050922 148716732
1110800 300 0.11973661106233537 156065824
1111100 300 0.12510342405618965 175882124
1111400 300 0.11485338015803336 166187229
1111700 300 0.11301387181738368 164760061
1112000 300 0.11344056189640037 158362415
1112300 300 0.11564986830553117 154277764
1112600 300 0.11360175592625109 150504793
1112900 300 0.10927796312554873 150389963
1113200 300 0.11501457418788412 150914898
1113500 300 0.11652221246707639 150652431
1113800 300 0.1197081650570676 150652431
1114100 300 0.12394661984196664 153802041
1114400 300 0.12644986830553115 168106523
1114700 300 0.11753678665496048 168221352
1115000 300 0.11676874451273048 165334209
1115300 300 0.11830482879719052 154310572
1115600 300 0.1151188762071993 151062536
1115900 300 0.11729973661106234 151571067
1116200 300 0.10920210711150131 151718705
1116500 300 0.11309920983318701 151472641
1116800 300 0.11103213345039507 151357812
1117100 300 0.11816259877085161 153063851
1117400 300 0.12585250219490782 166580930
1117700 300 0.1196702370500439 166433292
1118000 300 0.11267251975417032 152784979
1118300 300 0.11665496049165934 152391278
1118600 300 0.11110798946444249 151603875
1118900 300 0.11776435469710272 151357812
1119200 300 0.11536540825285338 151374216
1119500 300 0.1153369622475856 152178023
1119800 300 0.11521369622475856 152571724
1120100 300 0.11568779631255487 153211489
1120400 300 0.12529306409130817 175652465
1120700 300 0.12557752414398596 174865062
1121000 300 0.11507146619841965 162791555
1121300 300 0.11814363476733979 159773178
1121600 300 0.12022967515364355 157542204
1121900 300 0.11946163301141352 155573697
1122200 300 0.11697734855136085 152949022
1122500 300 0.11565935030728708 152834192
1122800 300 0.11455943810359966 152719363
1123100 300 0.11795399473222123 153113064
1123400 300 0.11588691834942932 153506765
1123700 300 0.12687655838454784 167696418
1124000 300 0.11965127304653204 161659663
1124300 300 0.11386725197541704 153900466
1124600 300 0.11566883230904301 153621595
1124900 300 0.11615241439859526 153752829
1125200 300 0.11287164179104477 153490361
1125500 300 0.1097710272168569 153359127
1125800 300 0.1185892888498683 153621595
1126100 300 0.13191150131694468 154556635
1126400 300 0.12237260755048288 154573039
1126700 300 0.12847901668129938 167171482
1127000 300 0.11558349429323968 162463470
1127300 300 0.11454047410008779 160347326
1127600 300 0.11689201053555752 160363730
1127900 300 0.11452151009657593 158247585
1128200 300 0.11611448639157154 156279079
1128500 300 0.11590588235294118 154966741
1128800 300 0.11829534679543459 154294168
1129100 300 0.12015381913959614 154294168
1129400 300 0.11943318700614573 154162934
1129700 300 0.12941773485513608 162184599
1130000 300 0.12643090430201934 167958885
1130300 300 0.12112098331870061 155229208
1130600 300 0.11996417910447761 154851912
1130900 300 0.1198124670763828 173864405
1131200 300 0.11351641791044777 154704273
1131500 300 0.11512835820895523 154458210
1131800 300 0.11245443371378401 154474614
1132100 300 0.12035294117647058 154589444
1132400 300 0.11648428446005268 154687869
1132700 300 0.1185134328358209 154425402
1133000 300 0.12943669885864795 167171482
1133300 300 0.12947462686567163 160084858
1133600 300 0.12527410008779633 155360442
1133900 300 0.11888323090430203 155508080
1134200 300 0.11952800702370499 166941823
1134500 300 0.11782124670763827 154737082
1134800 300 0.11563090430201932 154737082
1135100 300 0.11386725197541704 154737082
1135400 300 0.11706268656716418 154589444
1135700 300 0.11768849868305531 154474614
1136000 300 0.11371553994732221 154326976
1136300 300 0.1263550482879719 164415573
1136600 300 0.12466725197541703 154441806
1136900 300 0.11469218612818262 154310572
1137200 300 0.11400948200175592 154048105
1137500 300 0.11509991220368745 154310572
1137800 300 0.11702475856014047 154441806
1138100 300 0.11304231782265145 154195743
1138400 300 0.1153369622475856 154212147
1138700 300 0.11979350307287094 154080913
1139000 300 0.11973661106233537 153949679
1139300 300 0.13320105355575065 166433292
1139600 300 0.1254163301141352 163267278
1139900 300 0.1171764705882353 154737082
1140200 300 0.11836172080772606 154737082
1140500 300 0.11575417032484636 154737082
1140800 300 0.11716698858647936 154638657
1141100 300 0.11705320456540826 154901124
1141400 300 0.11692045654082528 154901124
1141700 300 0.11611448639157154 154753486
1142000 300 0.11827638279192274 155262017
1142300 300 0.12614644424934152 175472019
1142600 300 0.1201443371378402 175340785
1142900 300 0.11373450395083406 170501539
1143200 300 0.11692045654082528 169845370
1143500 300 0.12137699736611063 163398511
1143800 300 0.1173945566286216 159477902
1144100 300 0.1167118525021949 156459525
1144400 300 0.1225243195785777 154507423
1144700 300 0.11943318700614573 154769890
1145000 300 0.11977453906935909 154753486
1145300 300 0.11894012291483759 154769890
1145600 300 0.1279859525899912 163316490
1145900 300 0.12815662862159788 180114414
1146200 300 0.1250275680421422 170403114
1146500 300 0.12119683933274802 167614396
1146800 300 0.1223441615452151 160937878
1147100 300 0.11871255487269534 158559265
1147400 300 0.12078911325724319 156328291
1147700 300 0.11798244073748902 155163592
1148000 300 0.1197460930640913 155179996
1148300 300 0.12137699736611063 155048762
1148600 300 0.1187694468832309 155048762
1148900 300 0.13182616330114136 174733828
1149200 300 0.13150377524143986 178933309
1149500 300 0.12392765583845479 164497594
1149800 300 0.1229604916593503 164366360
1150100 300 0.12681018437225638 163431319
1150400 300 0.12254328358208955 161725281
1150700 300 0.12163301141352063 160544176
1151000 300 0.12052361720807726 160806644
1151300 300 0.11640842844600525 160659006
1151600 300 0.12004951712028095 159100605
1151900 300 0.1255870061457419 158050735
1152200 300 0.14045478489903424 163693787
1152500 300 0.12589991220368743 158854542
1152800 300 0.12105460930640914 157017269
1153100 300 0.12416470588235294 157148503
1153400 300 0.12211659350307286 157000864
1153700 300 0.12395610184372256 157132098
1154000 300 0.12771097453906935 156853227
1154300 300 0.12318805970149253 156721993
1154600 300 0.12405092186128183 157246928
1154900 300 0.12491378402107112 157263332
1155200 300 0.13491729587357332 165416230
1155500 300 0.14020825285338015 176571102
1155800 300 0.1278721685689201 165547464
1156100 300 0.12820403863037752 164366360
1156400 300 0.12637401229148376 163185256
1156700 300 0.12831782265144862 158460840
1157000 300 0.12731273046532046 157148503
1157300 300 0.12456294995610184 157279736
1157600 300 0.13010043898156276 157263332
1157900 300 0.128526426690079 157132098
1158200 300 0.12726532045654085 157788267
1158500 300 0.12892467076382794 163168852
1158800 300 0.1373636523266023 181033050
1159100 300 0.1250275680421422 172486450
1159400 300 0.12221141352063214 172240387
1159700 300 0.12196488147497805 171452984
1160000 300 0.12594732221246707 164760061
1160300 300 0.12500860403863037 160954282
1160600 300 0.12268551360842846 160954282
1160900 300 0.12445864793678665 160150475
1161200 300 0.12095978928884987 158198373
1161500 300 0.12196488147497805 157935905
1161800 300 0.1323476733977173 159658348
1162100 300 0.13932642669007902 179491053
1162400 300 0.1299582089552239 176997612
1162700 300 0.12442071992976295 173191832
1163000 300 0.12400351185250219 171223325
1163300 300 0.12503705004389815 165071742
1163600 300 0.12500860403863037 159018584
1163900 300 0.12602317822651446 158756116
1164200 300 0.1271515364354697 158493649
1164500 300 0.12505601404741 158887350
1164800 300 0.12371905179982441 159149818
1165100 300 0.12961685689201052 166892610
1165400 300 0.13618788410886742 185002872
1165700 300 0.1284126426690079 179376223
1166000 300 0.12381387181738367 174258106
1166300 300 0.12789113257243195 172552067
1166600 300 0.12354837576821774 166925419
1166900 300 0.12351044776119403 159970029
1167200 300 0.12115891132572432 159691157
1167500 300 0.12112098331870061 159543519
1167800 300 0.1228087796312555 159412285
1168100 300 0.12307427568042141 159674753
1168400 300 0.1307262510974539 171354559
1168700 300 0.12838419666374012 181311922
1169000 300 0.12773942054433712 173585533
1169300 300 0.1225622475856014 173454300
1169600 300 0.12514135206321333 182000899
1169900 300 0.12569130816505705 165990378
1170200 300 0.12354837576821774 159805986
1170500 300 0.12188902546093065 159281052
1170800 300 0.1266774363476734 159953625
1171100 300 0.12536892010535558 160068454
1171400 300 0.1271799824407375 159691157
1171700 300 0.13022370500438982 165695102
1172000 300 0.1348414398595259 164924104
1172300 300 0.12789113257243195 160314517
1172600 300 0.12351044776119403 160052050
1172900 300 0.1263834942932397 160068454
1173200 300 0.1198503950834065 159822391
1173500 300 0.12366215978928885 160084858
1173800 300 0.12307427568042141 159970029
1174100 300 0.12150026338893766 159707561
1174400 300 0.1262507462686567 160101262
1174700 300 0.1261369622475856 160232496
1175000 300 0.13799894644424934 175718082
1175300 300 0.13768604038630378 180819795
1175600 300 0.12994872695346796 173995639
1175900 300 0.12505601404741 173716767
1176200 300 0.12387076382791923 193270600
1176500 300 0.11751782265144865 166498909
1176800 300 0.15984547848990344 163907042
1177100 300 0.18863283582089552 161938536
1177400 300 0.12195539947322212 161676068
1177700 300 0.1233208077260755 161528430
1178000 300 0.11868410886742758 161659663
1178300 300 0.13020474100087795 180573732
1178600 300 0.1330683055311677 168237757
1178900 300 0.12616540825285338 166269250
1179200 300 0.12409833187006145 164710849
1179500 300 0.12067532923617208 164448381
1179800 300 0.11965127304653204 162217407
1180100 300 0.11724284460052677 161052708
1180400 300 0.11915820895522387 160773835
1180700 300 0.11666444249341527 161413600
1181000 300 0.11802036874451274 161561238
1181300 300 0.1190918349429324 161298771
1181600 300 0.1294935908691835 168254161
1181900 300 0.13536294995610185 184395916
1182200 300 0.12455346795434592 174815850
1182500 300 0.1208270412642669 172059940
1182800 300 0.12248639157155398 170747602
1183100 300 0.11610500438981562 162725938
1183400 300 0.11337418788410886 161019899
1183700 300 0.1152990342405619 160642602
1184000 300 0.11677822651448638 160511368
1184300 300 0.11891167690956979 161430004
1184600 300 0.11768849868305531 161151133
1184900 300 0.11756523266022828 160773835
1185200 300 0.13178823529411765 178884097
1185500 300 0.12771097453906935 180491710
1185800 300 0.12187006145741879 174848658
1186100 300 0.12207866549604916 172223983
1186400 300 0.12531202809482 163956255
1186700 300 0.11727129060579455 161216749
1187000 300 0.11707216856892011 161331579
1187300 300 0.11387673397717296 160937878
1187600 300 0.11938577699736612 161052708
1187900 300 0.11700579455662863 161577642
1188200 300 0.10978999122036874 161708876
1188500 300 0.12041931518876207 166712164
1188800 300 0.12199332748024583 174602595
1189100 300 0.1098089552238806 167237099
1189400 300 0.10913573309920983 161200345
1189700 300 0.10744793678665497 179048139
1190000 300 0.10725829675153643 167893268
1190300 300 0.10707813871817383 167762034
1190600 300 0.10755223880597016 164743657
1190900 300 0.10868059701492538 161347983
1191200 300 0.10632906057945567 161069112
1191500 300 0.11035891132572434 167253504
1191800 300 0.11711957857769972 173044194
1192100 300 0.11124073748902547 168024502
1192400 300 0.108471992976295 167893268
1192700 300 0.10695487269534679 166203633
1193000 300 0.10660403863037753 163431319
1193300 300 0.1102071992976295 161594047
1193600 300 0.10579806848112379 161479217
1193900 300 0.10465074626865674 161446409
1194200 300 0.10720140474100087 161708876
1194500 300 0.1116579455662862 161987748
1194800 300 0.1265731343283582 176160996
1195100 300 0.11319402985074627 166712164
1195400 300 0.10935381913959613 162906384
1195700 300 0.10953397717295875 162381450
1196000 300 0.11111747146619842 162758746
1196300 300 0.10582651448639156 162906384
1196600 300 0.11101316944688323 162627513
1196900 300 0.10524811237928007 162102577
1197200 300 0.10741949078138718 161971344
1197500 300 0.1052196663740123 161856514
1197800 300 0.10848147497805093 162233811
1198100 300 0.11791606672519754 168155736
1198400 300 0.1225622475856014 181016646
1198700 300 0.11211308165057068 181820452
1199000 300 0.11008393327480245 175521231
1199300 300 0.11229323968393327 174094064
1199600 300 0.11239754170324848 167926077
1199900 300 0.11127866549604916 162266620
1200200 300 0.10911676909569797 162151790
1200500 300 0.1100270412642669 162529087
1200800 300 0.11308972783143108 162151790
1201100 300 0.11070974539069359 162135386
1201400 300 0.12467673397717297 172355217
1201700 300 0.11703424056189639 178523204
1202000 300 0.1153369622475856 175373593
1202300 300 0.11476804214223003 174996296
1202600 300 0.11121229148375768 165547464
1202900 300 0.11215100965759438 161889323
1203200 300 0.11101316944688323 162135386
1203500 300 0.11061492537313432 162004152
1203800 300 0.11231220368744514 161610451
1204100 300 0.11386725197541704 162397854
1204400 300 0.1274644424934153 182739089
1204700 300 0.12181316944688322 177112441
1205000 300 0.11268200175592626 163726596
1205300 300 0.11498612818261633 163595362
1205600 300 0.11477752414398595 163480532
1205900 300 0.11417067603160667 163989063
1206200 300 0.11368709394205445 164136701
1206500 300 0.11225531167690957 164136701
1206800 300 0.11463529411764706 164153106
1207100 300 0.11839964881474978 165727911
1207400 300 0.12728428446005266 178720054
1207700 300 0.11718595258999123 169254819
1208000 300 0.11445513608428445 163743000
1208300 300 0.11395258999122036 163611766
1208600 300 0.11169587357330993 163464128
1208900 300 0.11180017559262512 163332894
1209200 300 0.11405689201053557 163480532
1209500 300 0.11266303775241439 163349298
1209800 300 0.11235961369622476 162955597
1210100 300 0.1141043020193152 162824364
1210400 300 0.12507497805092185 175701678
1210700 300 0.12036242317822651 172666897
1211000 300 0.11091834942932396 163496937
1211300 300 0.11314661984196664 163726596
1211600 300 0.11196136962247585 163857829
1211900 300 0.1124449517120281 163726596
1212200 300 0.1096667251975417 163726596
1212500 300 0.10719192273924495 163332894
1212800 300 0.11057699736611061 163365703
1213100 300 0.11192344161545216 163743000
1213400 300 0.11117436347673398 163628170
1213700 300 0.11116488147497805 163611766
1214000 300 0.12289411764705882 177407717
1214300 300 0.11681615452151009 177407717
1214600 300 0.1132793678665496 162972001
1214900 300 0.10875645302897279 169517286
1215200 300 0.11424653204565408 163365703
1215500 300 0.11378191395961368 162840768
1215800 300 0.11209411764705883 162840768
1216100 300 0.1149766461808604 162840768
1216400 300 0.1160955223880597 162972001
1216700 300 0.11817208077260755 164415573
1217000 300 0.12370008779631254 166777781
1217300 300 0.11621878841088674 163103235
1217600 300 0.11418015803336261 163103235
1217900 300 0.11587743634767339 163103235
1218200 300 0.11026409130816507 163103235
1218500 300 0.1097046532045654 163234469
1218800 300 0.1110036874451273 163103235
1219100 300 0.10835820895522388 163103235
1219400 300 0.1124828797190518 163234469
1219700 300 0.11277682177348551 165071742
1220000 300 0.12373801580333625 185937912
1220300 300 0.12156663740122914 175832911
1220600 300 0.11784969271290607 163496937
1220900 300 0.11250184372256365 163628170
1221200 300 0.11268200175592626 177292887
1221500 300 0.11235013169446885 163496937
1221800 300 0.11317506584723441 163103235
1222100 300 0.11538437225636523 162955597
1222400 300 0.11393362598770851 162315832
1222700 300 0.1098089552238806 162315832
1223000 300 0.11866514486391572 163234469
1223300 300 0.11942370500438981 174126873
1223600 300 0.12163301141352063 162594704
1223900 300 0.11395258999122036 162578300
1224200 300 0.1142180860403863 162201003
1224500 300 0.11426549604916594 162086173
1224800 300 0.11102265144863917 161938536
1225100 300 0.11037787532923617 161676068
1225400 300 0.11085197541703248 161676068
1225700 300 0.11486286215978929 162184599
1226000 300 0.12134855136084285 164284339
1226300 300 0.1250844600526778 178195120
1226600 300 0.11613345039508341 168483820
1226900 300 0.1151473222124671 162332237
1227200 300 0.11339315188762072 162201003
1227500 300 0.11496716417910448 162168195
1227800 300 0.11401896400351186 162315832
1228100 300 0.11278630377524143 162069769
1228400 300 0.11370605794556628 162332237
1228700 300 0.11611448639157154 162069769
1229000 300 0.11136400351185251 161676068
1229300 300 0.12665847234416153 173995639
1229600 300 0.1233492537313433 174126873
1229900 300 0.11662651448639157 162184599
1230200 300 0.11911079894644425 162332237
1230500 300 0.11791606672519754 162332237
1230800 300 0.11466374012291483 162201003
1231100 300 0.11675926251097454 162184599
1231400 300 0.11818156277436348 161938536
1231700 300 0.11508094820017559 161676068
1232000 300 0.11632309043020192 161692472
1232300 300 0.12744547848990342 172584876
1232600 300 0.12278033362598771 172568472
1232900 300 0.11612396839332748 162069769
1233200 300 0.11432238805970149 162069769
1233500 300 0.11866514486391572 176767952
1233800 300 0.11621878841088674 163398511
1234100 300 0.11572572431957859 163529745
1234400 300 0.11666444249341527 163546149
1234700 300 0.11828586479367866 163398511
1235000 300 0.11651273046532046 163414915
1235300 300 0.11917717295873574 164858487
1235600 300 0.12668691834942933 174290914
1235900 300 0.12338718173836699 164481190
1236200 300 0.11844705882352942 164218722
1236500 300 0.12164249341527657 164218722
1236800 300 0.11586795434591746 164349956
1237100 300 0.11794451273046533 164054680
1237400 300 0.11963230904302019 163939851
1237700 300 0.11884530289727832 164087488
1238000 300 0.12095030728709394 164202318
1238300 300 0.12453450395083406 164071084
1238600 300 0.13421562774363477 180065201
1238900 300 0.13165548726953466 186265997
1239200 300 0.12553959613696225 177342100
1239500 300 0.12353889376646181 176292230
1239800 300 0.13063143107989464 172617684
1240100 300 0.12871606672519756 167614396
1240400 300 0.12633608428446005 164596020
1240700 300 0.12553011413520632 164464786
1241000 300 0.12737910447761194 164858487
1241300 300 0.1341966637401229 165006125
1241600 300 0.1381980684811238 164989721
1241900 300 0.1481446883230904 176013358
1242200 300 0.1453190517998244 176013358
1242500 300 0.13616892010535558 165301401
1242800 300 0.1338647936786655 164891295
1243100 300 0.13785671641791045 164464786
1243400 300 0.13743002633889376 164497594
1243700 300 0.13962985074626866 165038934
1244000 300 0.14299596136962248 165449039
1244300 300 0.14078665496049167 165284997
1244600 300 0.14694047410008781 165432635
1244900 300 0.14806883230904302 165284997
1245200 300 0.1572758560140474 179195777
1245500 300 0.15204179104477614 174618999
1245800 300 0.14746198419666376 165268593
1246100 300 0.15142546093064094 165170167
1246400 300 0.15253485513608428 165170167
1246700 300 0.14557506584723442 165038934
1247000 300 0.14273994732221246 165022529
1247300 300 0.14622932396839333 165038934
1247600 300 0.14852396839332746 165038934
1247900 300 0.15047726075504828 165038934
1248200 300 0.15431747146619845 166761377
1248500 300 0.16141000877963127 192073092
1248800 300 0.16160913081650571 195878871
1249100 300 0.15306584723441616 185363764
