831937 300 0.20065601404741001 247699809
832237 300 0.1967494293239684 247568575
832537 300 0.19362036874451274 249012147
832837 300 0.20844073748902547 268057449
833137 300 0.20041896400351183 264120435
833437 300 0.19687269534679544 255852708
833737 300 0.19166707638279193 255705069
834037 300 0.19553573309920982 255459006
834337 300 0.19307041264266903 252965564
834637 300 0.1988354697102722 249947187
834937 300 0.19979315188762073 247847447
835237 300 0.19384793678665496 248241148
835537 300 0.20507462686567166 278031216
835837 300 0.2065443371378402 290104723
836137 300 0.19893028972783147 272634226
836437 300 0.19460649692712903 256115175
836737 300 0.1956021071115013 254802837
837037 300 0.195772783143108 254917667
837337 300 0.18935346795434596 253342861
837637 300 0.19068094820017562 249668316
837937 300 0.19007410008779632 248880913
838237 300 0.18867076382791925 248880913
838537 300 0.20374714661984197 262004290
838837 300 0.20511255487269534 265301539
839137 300 0.20348165057067605 255196539
839437 300 0.19911044776119405 254934071
839737 300 0.19581071115013168 254802837
840037 300 0.20055171202809485 254786433
840337 300 0.19666409130816503 254671603
840637 300 0.19307041264266903 252834330
840937 300 0.19524179104477613 254261498
841237 300 0.20544442493415277 261873057
841537 300 0.19589604916593503 258198511
841837 300 0.19544091308165057 254277902
842137 300 0.20203090430201934 253884201
842437 300 0.19417032484635646 254015434
842737 300 0.19872168568920104 252161757
843037 300 0.18551325724319578 250455718
843337 300 0.19918630377524144 251915694
843637 300 0.20607023705004388 265826475
843937 300 0.20541597892888497 255196539
844237 300 0.19494784899034243 248766084
844537 300 0.1937910447761194 248618445
844837 300 0.19319367866549605 248634850
845137 300 0.19189464442493415 248766084
845437 300 0.19004565408252855 248766084
845737 300 0.19517541703248462 249553486
846037 300 0.20598489903424058 269369787
846337 300 0.20069394205443372 263333032
846637 300 0.19041545215100966 257821214
846937 300 0.1919515364354697 257689980
847237 300 0.1923213345039508 257689980
847537 300 0.1886897278314311 255983941
847837 300 0.18376856892010535 251521993
848137 300 0.18808287971905183 250357293
848437 300 0.2082321334503951 279999723
848737 300 0.20479016681299383 280130956
849037 300 0.19951817383669887 250865824
849337 300 0.1863097453906936 250865824
849637 300 0.1869924495171203 251259525
849937 300 0.17965338015803337 250997058
850237 300 0.17475118525021952 248372382
850537 300 0.17317717295873572 247453746
850837 300 0.17403055311676907 247191278
851137 300 0.19044389815627744 252703097
851437 300 0.19347813871817388 264924242
851737 300 0.18005162423178225 263349437
852037 300 0.17604073748902546 257443917
852337 300 0.1808955223880597 257706384
852637 300 0.17738718173836698 255983941
852937 300 0.17403055311676907 254556774
853237 300 0.17111957857769974 253506904
853537 300 0.1688249341527656 252571863
853837 300 0.18247901668129943 263710330
854137 300 0.17712168568920106 268959681
854437 300 0.18023178226514486 259133552
854737 300 0.17454258121158908 259133552
855037 300 0.17240913081650572 257968852
855337 300 0.16850254609306412 253900605
855637 300 0.16813274802458295 253375670
855937 300 0.16931799824407376 251915694
856237 300 0.1716884986830553 249832358
856537 300 0.17393573309920982 247601383
856837 300 0.17709323968393326 260724762
857137 300 0.17260825285338016 260052188
857437 300 0.17387884108867427 247847447
857737 300 0.16980158033362597 247716213
858037 300 0.17198244073748903 247453746
858337 300 0.17063599648814748 247322512
858637 300 0.17012396839332747 247060044
858937 300 0.1698489903424056 247060044
859237 300 0.16869218612818263 247060044
859537 300 0.16899561018437223 247338916
859837 300 0.18294363476733974 260445889
860137 300 0.17202985074626867 262414396
860437 300 0.16776294995610183 260052188
860737 300 0.17119543459174716 258871084
861037 300 0.17342370500438983 255327772
861337 300 0.172371202809482 254277902
861637 300 0.17551922739244952 253359265
861937 300 0.17310131694468836 253375670
862237 300 0.16574328358208956 253113202
862537 300 0.17746303775241437 278835022
862837 300 0.18145496049165935 286446582
863137 300 0.17755785776997365 297601453
863437 300 0.1700007023705004 260855995
863737 300 0.1771690956979807 260577123
864037 300 0.17417278314310797 260314656
864337 300 0.1731297629499561 257427513
864637 300 0.17266514486391574 256902577
864937 300 0.17047480245829674 253884201
865237 300 0.17052221246707638 251407163
865537 300 0.17784231782265147 267811386
865837 300 0.1725798068481124 272929503
866137 300 0.16466233538191397 258346149
866437 300 0.16445373134328356 257837618
866737 300 0.16177980684811238 257165045
867037 300 0.16200737489025463 253752967
867337 300 0.1609169446883231 252309396
867637 300 0.16311676909569797 251784460
867937 300 0.16675785776997365 251653227
868237 300 0.15791115013169446 269238553
868537 300 0.15699139596136963 256771344
868837 300 0.15609060579455664 256246409
869137 300 0.15726637401229152 256115175
869437 300 0.1594756804214223 257837618
869737 300 0.16780087796312557 268992489
870037 300 0.1630124670763828 255065305
870337 300 0.15653625987708517 255212943
870637 300 0.15884038630377526 255065305
870937 300 0.1615332748024583 252178162
871237 300 0.16197892888498683 252457033
871537 300 0.15880245829675152 249569890
871837 300 0.1595420544337138 248913721
872137 300 0.15737067603160668 249291019
872437 300 0.15913432835820898 249028551
872737 300 0.15913432835820898 249159785
873037 300 0.1548294995610184 249438657
873337 300 0.15696294995610183 249044955
873637 300 0.15445970149253732 249044955
873937 300 0.1589731343283582 249044955
874237 300 0.1602626865671642 248766084
874537 300 0.16332537313432835 248651254
874837 300 0.15570184372256365 249028551
875137 300 0.15691553994732219 249044955
875437 300 0.15928604038630378 248897317
875737 300 0.1556449517120281 249028551
876037 300 0.1664923617208077 279064682
876337 300 0.16508902546093063 293943311
876637 300 0.1643115013169447 289989894
876937 300 0.16304091308165058 260855995
877237 300 0.15887831431079896 260855995
877537 300 0.1575982440737489 272535801
877837 300 0.15376751536435468 257033811
878137 300 0.15846110623353818 256918982
878437 300 0.15953257243195787 255869112
878737 300 0.1599877085162423 252194566
879037 300 0.16823705004389816 264645370
879337 300 0.16920421422300264 253900605
879637 300 0.15832835820895522 253621733
879937 300 0.15618542581211592 251407163
880237 300 0.15640351185250223 249307423
880537 300 0.15126426690079015 247601383
880837 300 0.15073327480245832 247617788
881137 300 0.15031606672519754 248011489
881437 300 0.15990237050043898 267827790
881737 300 0.15962739244951712 266105346
882037 300 0.14750939420544337 260724762
882337 300 0.15158665496049167 260724762
882637 300 0.15483898156277437 259166360
882937 300 0.14804038630377525 258100086
883237 300 0.14888428446005267 256541685
883537 300 0.15218402107111503 253392074
883837 300 0.14866619841966636 253785775
884137 300 0.15457348551360842 263234607
884437 300 0.15079964881474975 261003633
884737 300 0.14661808604038631 258772659
885037 300 0.14589745390693593 258641425
885337 300 0.14887480245829676 258510192
885637 300 0.15234521510096574 254704412
885937 300 0.14920667251975417 249455061
886237 300 0.14722493415276558 247749022
886537 300 0.1619694468832309 256672918
886837 300 0.1641787532923617 264136840
887137 300 0.15702932396839334 260593528
887437 300 0.1552941176470588 260593528
887737 300 0.1557492537313433 260462294
888037 300 0.16379947322212468 256000345
888337 300 0.15302791922739245 252719501
888637 300 0.16066093064091308 254556774
888937 300 0.164529587357331 260593528
889237 300 0.1582050921861282 255852708
889537 300 0.1559768217734855 251521993
889837 300 0.15296154521510097 300390171
890137 300 0.14812572431957857 257066620
890437 300 0.1468741000877963 257066620
890737 300 0.15202282704126427 256918982
891037 300 0.1506289727831431 257181450
891337 300 0.15930500438981565 291695933
891637 300 0.15920070237050044 278441322
891937 300 0.1625857769973661 260199826
892237 300 0.15793011413520633 260084997
892537 300 0.15786374012291485 259674891
892837 300 0.15567339771729588 255229347
893137 300 0.15176681299385428 253917009
893437 300 0.15142546093064094 251817269
893737 300 0.15235469710272168 252178162
894037 300 0.14901703248463566 251538397
894337 300 0.15157717295873574 251259525
894637 300 0.15356839332748023 251538397
894937 300 0.160803160667252 263611905
895237 300 0.15764565408252854 263497075
895537 300 0.15280983318700614 250373697
895837 300 0.1479171202809482 250373697
896137 300 0.15202282704126427 250242463
896437 300 0.15493380158033365 250111230
896737 300 0.15021176470588235 249586294
897037 300 0.14824899034240563 249569890
897337 300 0.1483153643546971 250898632
897637 300 0.16094539069359087 269533828
897937 300 0.1551044776119403 272027271
898237 300 0.14854293239683933 262693268
898537 300 0.14789815627743633 262562034
898837 300 0.15042036874451273 260987229
899137 300 0.14806883230904302 259937359
899437 300 0.14790763827919226 259920954
899737 300 0.14659912203687445 257443917
900037 300 0.15511395961369623 268877660
900337 300 0.15216505706760317 268746426
900637 300 0.14970921861281825 255229347
900937 300 0.14644741000877964 255639453
901237 300 0.1516056189640035 255475410
901537 300 0.14544231782265146 254966880
901837 300 0.1541373134328358 255114517
902137 300 0.15438384547848988 254720816
902437 300 0.15960842844600526 257870427
902737 300 0.16129622475856015 268090257
903037 300 0.15676382791922738 261791036
903337 300 0.1491402985074627 261659802
903637 300 0.15599578577699738 261528568
903937 300 0.14598279192273925 258772659
904237 223 0.1530753292361721 255606644
904460 77 0.11115539947322212 255606644
904537 107 0.10945812115891132 251259525
904644 2 0.1057601404741001 166859802
904646 1 0.1057601404741001 160183284
904647 14 0.1057601404741001 160183284
904661 2 0.1057601404741001 160183284
904663 1 0.1057601404741001 160183284
904664 173 0.11784021071115014 192237134
904837 300 0.13660509218612818 245632877
905137 300 0.16122036874451276 266384218
905437 300 0.15813871817383668 269123723
905737 300 0.15719051799824407 257050216
906037 300 0.1622918349429324 255737878
906337 186 0.1659329236172081 256000345
906523 114 0.12244846356453029 255737878
906637 71 0.12617489025460932 251538397
906708 4 0.12374749780509219 158099947
906712 9 0.12175627743634768 158099947
906721 216 0.13182616330114136 197666931
906937 300 0.15708621597892888 245239176
907237 44 0.1589731343283582 246042982
907281 184 0.11888323090430203 244599411
907465 2 0.11550763827919228 151571067
907467 1 0.11550763827919228 150258729
907468 8 0.11550763827919228 150242325
907476 61 0.12482844600526777 167401141
907537 211 0.13880491659350308 251161100
907748 89 0.09772888498683056 251029866
907837 95 0.12326391571553996 268090257
907932 5 0.12022967515364355 175783699
907937 1 0.11912028094820017 174783042
907938 8 0.11912028094820017 174783042
907946 1 0.11912028094820017 174783042
907947 190 0.13046075504828797 211134798
908137 300 0.14500614574187884 233444540
908437 300 0.16020579455662862 234117113
908737 300 0.16365724319578578 234002283
909037 300 0.1553604916593503 234379581
909337 300 0.15742756804214222 234248347
909637 300 0.16696646180860406 234625644
909937 300 0.1658665496049166 237512787
910237 300 0.16553467954345918 241991140
910537 300 0.15612853380158034 239514102
910837 300 0.1501169446883231 235429451
911137 300 0.14944372256365235 235150579
911437 300 0.15021176470588235 235166983
911737 300 0.15661211589113258 235544280
912037 300 0.15063845478489904 235265409
912337 300 0.159646356453029 236971447
912637 300 0.16397963125548726 252342204
912937 300 0.15916277436347673 247224087
913237 300 0.15259174714661983 236200449
913537 300 0.1575318700614574 235806748
913837 300 0.15407093942054434 235823152
914137 300 0.15423213345039508 235954386
914437 300 0.15224091308165058 237397957
914737 300 0.1522883230904302 236479321
915037 300 0.1538338893766462 236741788
915337 300 0.165686391571554 255901920
915637 300 0.16136259877085163 263251012
915937 300 0.16468129938542583 248946530
916237 300 0.15583459174714662 241203737
916537 300 0.16453906935908694 237529191
916837 300 0.1654019315188762 237529191
917137 300 0.17025671641791046 238185360
917437 300 0.17776646180860403 237922893
917737 300 0.18569341527655836 237906489
918037 300 0.19802001755926252 254310711
918337 300 0.19038700614574186 259428828
918637 300 0.185873573309921 259428828
918937 300 0.17724495171202806 253014777
919237 300 0.17567093942054432 251308738
919537 300 0.1775009657594381 242532479
919837 300 0.17739666374012292 238989167
920137 300 0.17747251975417036 238857933
920437 300 0.17915083406496926 239251635
920737 300 0.1881208077260755 271781207
921037 300 0.18648042142230026 280048935
921337 300 0.18639508340649694 271666378
921637 300 0.18630026338893765 254999688
921937 300 0.1843469710272169 254852050
922237 300 0.18307638279192276 253277244
922537 300 0.18666057945566286 245009517
922837 300 0.1784017559262511 240022633
923137 300 0.17815522388059699 239760165
923437 300 0.18593046532045654 256312026
923737 300 0.18612010535557508 264464924
924037 300 0.17968182616330117 256197196
924337 300 0.17864828797190518 256049558
924637 300 0.1787336259877085 268910468
924937 300 0.18024126426690076 245157154
925237 300 0.17942581211589112 241088907
925537 300 0.18657524143985954 240563973
925837 300 0.18127480245829675 240826440
926137 300 0.18947673397717296 258936701
926437 300 0.18623388937664617 248700466
926737 300 0.1876467076382792 248569233
927037 300 0.18058261633011416 248552829
927337 300 0.17705531167690955 248437999
927637 300 0.17534855136084285 244369752
927937 300 0.17734925373134328 240826440
928237 300 0.1762777875329236 240826440
928537 300 0.18025074626865673 240957673
928837 300 0.182915188762072 240957673
929137 300 0.1761260755048288 240957673
929437 300 0.17296856892010534 240826440
929737 300 0.17521580333625988 240826440
930037 300 0.17604073748902546 240957673
930337 300 0.18099034240561898 242270011
930637 300 0.1867079894644425 261823844
930937 300 0.1722669007901668 265104688
931237 300 0.17466584723441617 257099428
931537 300 0.17364179104477612 254868454
931837 300 0.1693843722563652 250668973
932137 300 0.17330992098331868 247010832
932437 300 0.17632519754170325 241482609
932737 300 0.17249446883230904 244369752
933037 300 0.1792646180860404 257755597
933337 300 0.1755097453906936 248946530
933637 300 0.16678630377524145 242516075
933937 300 0.17681826163301143 242253607
934237 300 0.1800990342405619 242007544
934537 300 0.1819100965759438 241876310
934837 300 0.18154978050921863 242007544
935137 300 0.18549429323968392 242122374
935437 300 0.19649341527655836 274668350
935737 300 0.19511852502194907 273618480
936037 300 0.192558384547849 251046270
936337 300 0.18712519754170326 243844817
936637 300 0.18601580333625986 243319882
936937 300 0.18191957857769975 243319882
937237 300 0.1796723441615452 243319882
937537 300 0.1795111501316945 243303477
937837 300 0.17597436347673398 243319882
938137 300 0.17928358208955222 243319882
938437 300 0.18737172958735734 259986571
938737 300 0.18516242317822654 267204429
939037 300 0.1765906935908692 258280532
939337 300 0.17332888498683055 257493130
939637 300 0.1816635645302897 254343519
939937 300 0.18538999122036873 254343519
940237 300 0.2759431079894644 252128949
940537 300 0.23590061457418787 251308738
940837 300 0.18820614574187886 246584322
941137 300 0.18554170324846356 261282505
941437 300 0.18582616330114135 252621076
941737 300 0.17372712906057944 245157154
942037 300 0.18008007023705006 245140750
942337 300 0.1835694468832309 262217545
942637 300 0.1807532923617208 251981311
942937 300 0.1802886742756804 251981311
943237 300 0.17925513608428448 248815296
943537 300 0.17197295873573312 246584322
943837 300 0.18083863037752415 258510192
944137 300 0.17703634767339774 252358608
944437 300 0.17471325724319578 252358608
944737 300 0.17684670763827917 250258867
945037 300 0.17897067603160668 244878283
945337 300 0.17127129060579455 245009517
945637 300 0.17204881474978054 245419622
945937 300 0.17004811237928005 244878283
946237 300 0.1685404741000878 245025921
946537 300 0.17764319578577703 262348779
946837 300 0.1756519754170325 266006921
947137 300 0.16980158033362597 259445232
947437 300 0.19687269534679544 259182765
947737 300 0.1710626865671642 252489842
948037 300 0.16783880597014925 249602699
948337 300 0.173271992976295 248831700
948637 300 0.16225390693590871 245928153
948937 300 0.16193151887620721 246338259
949237 300 0.16527866549604917 246338259
949537 300 0.15944723441615452 298159197
949837 300 0.1544502194907814 254868454
950137 300 0.2651810359964882 296075860
950437 300 0.16170395083406494 344632358
950737 300 0.1634770851624232 284248416
951037 300 0.15976014047410006 272568610
951337 300 0.1592291483757682 265088284
951637 300 0.15581562774363475 265235922
951937 300 0.1640270412642669 265219518
952237 300 0.15644143985952588 264825817
952537 300 0.16342967515364357 294894756
952837 300 0.16483301141352064 308936770
953137 300 0.163628797190518 294501055
953437 300 0.15893520632133454 273897352
953737 300 0.2231283582089552 274159819
954037 300 0.1658760316066725 286495794
954337 300 0.16020579455662862 273241183
954637 300 0.16006356453028975 272978715
954937 300 0.15724741000877965 272322546
955237 300 0.16055662862159792 269566637
955537 300 0.1654019315188762 276915729
955837 300 0.16620790166812996 269550233
956137 300 0.15942827041264268 269435403
956437 300 0.15777840210711153 269041702
956737 300 0.15838525021949076 266285793
957037 300 0.15852748024582966 266417026
957337 300 0.1637236172080773 266417026
957637 300 0.16076523266022827 264842221
957937 300 0.16137208077260756 263529883
958237 300 0.16902405618964006 281098806
958537 300 0.1648519754170325 283461013
958837 300 0.1603385425812116 275078456
959137 300 0.15985496049165934 274815988
959437 300 0.16098331870061458 272437376
959737 300 0.15913432835820898 271272676
960037 300 0.16070834064969272 267204429
960337 300 0.15846110623353818 262873714
960637 300 0.16492783143107992 263004948
960937 300 0.17041791044776117 280721508
961237 300 0.16595188762071994 286495794
961537 300 0.16107813871817384 275603391
961837 300 0.17495978928884984 275865858
962137 300 0.1803171202809482 275603391
962437 300 0.17671395961369624 271010209
962737 300 0.18109464442493414 269172936
963037 300 0.1746468832309043 267729364
963337 300 0.18429956101843725 295419691
963637 300 0.1880923617208077 298306834
963937 300 0.18155926251097454 287676898
964237 300 0.17995680421422303 263923585
964537 300 0.17921720807726077 263792351
964837 300 0.17495030728709396 263661117
965137 300 0.18022230026338895 264054819
965437 300 0.1762777875329236 264300882
965737 300 0.18091448639157157 264432115
966037 300 0.17725443371378405 280196573
966337 300 0.18084811237928006 272191312
966637 300 0.17078770851624234 264710988
966937 300 0.1660182616330114 264317286
967237 300 0.171081650570676 264054819
967537 300 0.16126777875329235 263792351
967837 300 0.1598075504828797 264186052
968137 300 0.1616470588235294 264710988
968437 300 0.1663690956979807 266006921
968737 300 0.16950763827919227 281640145
969037 300 0.16802844600526778 270485274
969337 300 0.16221597892888498 264842221
969637 300 0.16066093064091308 264448520
969937 300 0.16177032484635645 264186052
970237 300 0.16100228270412645 264186052
970537 300 0.15921966637401228 264054819
970837 300 0.15449762949956103 264317286
971137 300 0.15486742756804214 265760857
971437 300 0.1643589113257243 272847481
971737 300 0.15895417032484632 264054819
972037 300 0.15311325724319577 263923585
972337 300 0.15812923617208077 263792351
972637 300 0.15756031606672521 263382246
972937 300 0.1562328358208955 263251012
973237 300 0.16094539069359087 263119778
973537 300 0.1621875329236172 266269389
973837 300 0.1654398595258999 276899325
974137 300 0.1540235294117647 275340924
974437 300 0.1564793678665496 274684755
974737 300 0.1559294117647059 274553521
975037 300 0.15225039508340651 273372417
975337 300 0.1549717295873573 270878975
975637 300 0.1560526777875329 268385533
975937 300 0.15634661984196663 266941962
976237 300 0.16105917471466197 278359300
976537 300 0.16176084284460054 271010209
976837 300 0.15486742756804214 262463609
977137 300 0.15659315188762074 262463609
977437 300 0.15161510096575948 262496418
977737 300 0.15065741878841088 262496418
978037 300 0.15225039508340651 262890118
978337 300 0.15305636523266022 265646028
978637 300 0.16489938542581214 295042394
978937 300 0.16690956979806848 297798304
979237 300 0.16000667251975417 264858625
979537 300 0.16190307287093944 264579754
979837 300 0.15701035996488147 264448520
980137 300 0.15355891132572433 264317286
980437 300 0.1495006145741879 264186052
980737 300 0.15057208077260756 263923585
981037 300 0.15769306409130815 266433430
981337 300 0.16656821773485514 271026613
981637 300 0.15793959613696223 266564664
981937 300 0.1506953467954346 279540404
982237 300 0.14667497805092186 264054819
982537 300 0.15001264266900788 264317286
982837 300 0.14829640035118527 263923585
983137 300 0.15132115891132572 264054819
983437 300 0.1606324846356453 277325834
983737 300 0.15576821773485516 264448520
984037 300 0.14761369622475856 264317286
984337 300 0.1535873573309921 264317286
984637 300 0.1450345917471466 264300882
984937 300 0.14585004389815628 264054819
985237 300 0.14646637401229148 263513479
985537 300 0.15178577699736612 266269389
985837 300 0.16035750658472345 272568610
986137 300 0.152060755048288 265088284
986437 300 0.14521474978050922 265088284
986737 300 0.15097032484635645 278080428
987037 300 0.16487093942054432 265613220
987337 300 0.16111606672519754 265219518
987637 300 0.16209271290605795 264710988
987937 300 0.16487093942054432 266810728
988237 300 0.17221000877963125 273372417
988537 300 0.17632519754170325 264973455
988837 300 0.16182721685689203 265104688
989137 300 0.1607273046532046 264710988
989437 300 0.1577404741000878 264710988
989737 300 0.15771202809482002 264842221
990037 300 0.16107813871817384 264710988
990337 300 0.16805689201053556 264432115
990637 300 0.17872414398595257 279277936
990937 300 0.16944126426690082 275455753
991237 300 0.16469078138718174 263923585
991537 300 0.16365724319578578 263792351
991837 300 0.1639132572431958 263661117
992137 300 0.16126777875329235 263923585
992437 300 0.15934293239683936 264186052
992737 300 0.15737067603160668 263923585
993037 300 0.14896962247585602 263677521
993337 300 0.16631220368744512 293319951
993637 300 0.17170746268656717 301325211
993937 300 0.16512695346795436 309855407
994237 300 0.16379947322212468 267598131
994537 300 0.16031009657594383 266548260
994837 300 0.16057559262510976 266417026
995137 300 0.15778788410886743 266154559
995437 300 0.16200737489025463 266285793
995737 300 0.1638089552238806 266023325
996037 300 0.1701524143985953 268779234
996337 300 0.16891027216856894 274044990
996637 300 0.16676733977172958 265646028
996937 300 0.16470026338893767 265481986
997237 300 0.16902405618964006 265613220
997537 300 0.1703041264266901 265350752
997837 300 0.16526918349429326 265219518
998137 300 0.1627943810359965 265104688
998437 300 0.1627564530289728 265760857
998737 300 0.1694791922739245 285724796
999037 300 0.16772502194907812 284166395
999337 300 0.16314521510096575 277473472
999637 300 0.1663690956979807 277473472
999937 300 0.16443476733977175 277473472
1000237 300 0.16415978928884986 275882263
1000537 300 0.16653977172958734 271814016
1000837 300 0.16261422300263392 271551548
1001137 300 0.16342967515364357 271272676
1001437 300 0.17243757682177352 285577158
1001737 300 0.16762071992976293 274684755
1002037 300 0.163628797190518 268385533
1002337 300 0.16152379280070236 275078456
1002637 300 0.1597980684811238 268385533
1002937 300 0.16016786654960494 268385533
1003237 300 0.1591912203687445 268648000
1003537 300 0.16493731343283582 270354040
1003837 300 0.16764916593503076 272585014
1004137 300 0.16737418788410888 268779234
1004437 300 0.16453906935908694 268516767
1004737 300 0.16262370500438983 268516767
1005037 300 0.16414082528533805 268779234
1005337 300 0.1608884986830553 268648000
1005637 300 0.2374556628621598 284264820
1005937 300 0.16657769973661107 295025990
1006237 300 0.17761474978050923 300275341
1006537 300 0.1664923617208077 291367848
1006837 300 0.1657527655838455 273897352
1007137 300 0.16530711150131694 273766118
1007437 300 0.163628797190518 273634884
1007737 300 0.1700007023705004 273503650
1008037 300 0.1731676909569798 273520054
1008337 300 0.1678198419666374 273257587
1008637 300 0.17310131694468836 273388821
1008937 300 0.17751992976294995 305541096
1009237 300 0.17889482001755927 315252396
1009537 300 0.1784017559262511 298192005
1009837 300 0.16214960491659353 273257587
1010137 300 0.15325548726953467 273109949
1010437 300 0.15325548726953467 273109949
1010737 300 0.16177032484635645 272995120
1011037 300 0.16174187884108868 272913099
1011337 300 0.15930500438981565 272781865
1011637 300 0.16093590869183494 273667693
1011937 300 0.1686163301141352 290203149
1012237 300 0.16198841088674276 279064682
1012537 300 0.1614194907813872 272634226
1012837 300 0.15607164179104477 272502993
1013137 300 0.15952309043020194 272371759
1013437 300 0.16031009657594383 272371759
1013737 300 0.1587360842844601 272388163
1014037 300 0.16000667251975417 272388163
1014337 300 0.15900158033362596 272388163
1014637 300 0.15844214223002637 272256930
1014937 300 0.16147638279192272 272125696
1015237 300 0.15628972783143108 272109292
1015537 300 0.1577404741000878 271978058
1015837 300 0.1639132572431958 271321889
1016137 300 0.17054117647058825 286938708
1016437 300 0.17048428446005268 278146045
1016737 300 0.166331167690957 271715590
1017037 300 0.16780087796312557 271584357
1017337 300 0.16006356453028975 271567952
1017637 300 0.1604807726075505 271551548
1017937 300 0.16370465320456543 271551548
1018237 300 0.16351501316944686 271682782
1018537 300 0.17172642669007904 279950510
1018837 300 0.1690050921861282 274291053
1019137 300 0.166710447761194 271535144
1019437 300 0.1709204565408253 332821318
1019737 300 0.15796804214223004 272322546
1020037 300 0.15762669007901667 272470185
1020337 300 0.16151431079894643 272338951
1020637 300 0.16068937664618085 272224121
1020937 300 0.1656294995610184 303326526
1021237 300 0.16475715539947325 288234642
1021537 300 0.1682844600526778 272880290
1021837 300 0.16349604916593505 272880290
1022137 300 0.16441580333625988 272732652
1022437 300 0.16155223880597014 289530576
1022737 300 0.1651079894644425 277457068
1023037 300 0.1684361720807726 278096833
1023337 300 0.16215908691834943 278129641
1023637 300 0.1584326602282704 278014812
1023937 300 0.1726841088674276 293483993
1024237 300 0.17262721685689203 283264162
1024537 300 0.18336084284460052 283247758
1024837 300 0.21214820017559263 283001695
1025137 300 0.25539561018437223 283395396
1025437 300 0.16737418788410888 282722823
1025737 300 0.17177383669885865 282591589
1026037 300 0.17396417910447762 282575185
1026337 300 0.17910342405618965 282575185
1026637 300 0.19002669007901668 294779926
1026937 300 0.18697348551360843 294911160
1027237 300 0.17585109745390695 280590274
1027537 300 0.1684741000877963 279802872
1027837 300 0.16755434591747148 276932133
1028137 300 0.16507954345917472 274717563
1028437 300 0.16821808604038632 274865201
1028737 300 0.16522177348551362 274717563
1029037 300 0.16513643546971027 275111264
1029337 300 0.16617945566286219 275357328
1029637 300 0.1655062335381914 275094860
1029937 300 0.17221000877963125 288874407
1030237 300 0.16827497805092187 290186745
1030537 300 0.16032906057945565 275357328
1030837 300 0.15865074626865672 275242498
1031137 300 0.16286075504828798 275111264
1031437 300 0.16308832309043023 274455096
1031737 300 0.16302194907813872 274192628
1032037 300 0.1595041264266901 274192628
1032337 300 0.1625762949956102 274061394
1032637 300 0.16930851624231782 291909188
1032937 300 0.16713713784021073 289809447
1033237 300 0.16111606672519754 284428863
1033537 300 0.1597316944688323 283887523
1033837 300 0.16452010535557507 280606678
1034137 300 0.16386584723441616 278900640
1034437 300 0.1608790166812994 276292368
1034737 300 0.16436839332748024 276423602
1035037 300 0.1614953467954346 276833707
1035337 300 0.16559157155399476 311085723
1035637 300 0.17502616330114135 312529295
1035937 300 0.17285478489903428 293369164
1036237 300 0.16340122914837577 286413774
1036537 300 0.16419771729587357 286545007
1036837 300 0.16108762071992974 286397369
1037137 300 0.16281334503950837 286266135
1037437 300 0.2005043020193152 282722823
1037737 300 0.20476172080772606 278785810
1038037 300 0.15682071992976296 277211005
1038337 300 0.16880597014925375 291663124
1038637 300 0.16767761194029848 296518774
1038937 300 0.16004460052677788 286282540
1039237 300 0.16296505706760317 286413774
1039537 300 0.1632589991220369 286282540
1039837 300 0.16526918349429326 281689357
1040137 300 0.170702370500439 276702474
1040437 300 0.16603722563652326 275127669
1040737 300 0.16459596136962246 275258902
1041037 300 0.16637857769973663 275390136
1041337 300 0.16950763827919227 275127669
1041637 300 0.16514591747146623 275390136
1041937 300 0.15537945566286218 275521370
1042237 300 0.15913432835820898 275258902
1042537 300 0.16185566286215983 274996435
1042837 300 0.15906795434591747 275652604
1043137 300 0.16733625987708517 292056826
1043437 300 0.17052221246707638 281426890
1043737 300 0.16503213345039508 275636199
1044037 300 0.15992133450395085 275521370
1044337 300 0.16240561896400352 275390136
1044637 300 0.16187462686567164 275521370
1044937 300 0.16467181738366987 275258902
1045237 300 0.16142897278314308 274996435
1045537 300 0.1676396839332748 287069942
1045837 300 0.1635529411764706 287069942
1046137 300 0.168 274733967
1046437 300 0.16182721685689203 274848796
1046737 300 0.16232028094820017 274569925
1047037 300 0.16816119402985075 274586329
1047337 300 0.16378999122036872 274848796
1047637 300 0.15765513608428447 274832392
1047937 300 0.1579964881474978 274832392
1048237 300 0.16079367866549601 275242498
1048537 300 0.1664923617208077 289530576
1048837 300 0.15967480245829677 288497110
1049137 300 0.1550286215978929 275111264
1049437 300 0.15884038630377526 274996435
1049737 300 0.15729482001755926 275111264
1050037 300 0.1604523266022827 275111264
1050337 300 0.1637710272168569 275111264
1050637 300 0.16113503072870938 275111264
1050937 300 0.16277541703248463 275258902
1051237 300 0.16480456540825286 303326526
1051537 300 0.16428305531167692 313185464
1051837 300 0.15939034240561895 293894098
1052137 300 0.1592291483757682 274865201
1052437 300 0.16113503072870938 274996435
1052737 300 0.16165654082528533 274996435
1053037 300 0.16246251097453904 274980030
1053337 300 0.16541141352063213 274996435
1053637 300 0.16514591747146623 274865201
1053937 300 0.15883090430201932 274602733
1054237 300 0.1658760316066725 280639487
1054537 300 0.16758279192273925 292056826
1054837 300 0.15570184372256365 290728084
1055137 300 0.15456400351185254 284691330
1055437 300 0.15915329236172085 282345526
1055737 300 0.15921018437225637 282345526
1056037 300 0.15354942932396837 282197888
1056337 300 0.155398419666374 281672953
1056637 300 0.15821457418788412 279704446
1056937 300 0.1639132572431958 288251046
1057237 75 0.16375206321334504 282476760
1057312 5 0.12219244951712029 278621768
1057317 7 0.12137699736611063 273520054
1057324 1 0.11993573309920985 273077140
1057325 11 0.11993573309920985 273077140
1057336 160 0.12151922739244951 280770721
1057496 4 0.1336182616330114 179917563
1057500 1 0.11766953467954346 177227271
1057501 8 0.11766953467954346 177227271
1057509 28 0.1266110623353819 186741720
1057537 300 0.12199332748024583 237283128
1057837 300 0.15653625987708517 266170963
1058137 300 0.1572758560140474 263283820
1058437 300 0.15079016681299387 263037757
1058737 300 0.15378647936786655 263415054
1059037 296 0.16165654082528533 266581069
1059333 4 0.14426654960491658 264907838
1059337 2 0.14728182616330113 272667035
1059339 3 0.14588797190518 271338293
1059342 9 0.1426451273046532 271338293
1059351 165 0.14391571553994734 279294341
1059516 3 0.14837225636523266 175619656
1059519 1 0.12974960491659351 175619656
1059520 9 0.12974960491659351 175619656
1059529 108 0.14279683933274803 200061948
1059637 300 0.13204424934152767 254195881
1059937 207 0.1565457418788411 266154559
1060144 5 0.11478700614574187 261955078
1060149 4 0.11538437225636523 257525938
1060153 8 0.11293801580333626 257525938
1060161 1 0.11293801580333626 257525938
1060162 1 0.11310869183494295 257525938
1060163 74 0.11530851624231782 265055476
1060237 92 0.11621878841088674 261758227
1060329 4 0.11170535557506585 161708876
1060333 9 0.11170535557506585 157821076
1060342 1 0.11170535557506585 157821076
1060343 194 0.12217348551360843 194894618
1060537 70 0.10819701492537312 148536286
1060607 5 0.06424793678665495 145091399
1060612 4 0.0648358208955224 139218688
1060616 9 0.06215241439859526 139218688
1060625 3 0.06222827041264267 139218688
1060628 162 0.06359367866549605 147305969
1060790 2 0.09432484635645304 55655580
1060792 1 0.06 47830766
1060793 8 0.06 47830766
1060801 1 0.06439016681299385 54080775
1060802 35 0.07533239683933275 65088007
1060837 140 0.06443757682177349 123060529
1060977 160 0.07678314310798946 152391278
1061137 300 0.13544828797190517 231065928
1061437 300 0.1559294117647059 240285100
1061737 300 0.15739912203687445 240563973
1062037 300 0.15319859525899912 240760823
1062337 300 0.15141597892888495 240777227
1062637 300 0.15187111501316944 241302162
1062937 300 0.14916874451273046 241302162
1063237 300 0.1531606672519754 241679460
1063537 300 0.162984021071115 262266758
1063837 300 0.1609548726953468 263595500
1064137 300 0.15796804214223004 249192593
1064437 300 0.1585369622475856 244254922
1064737 300 0.15619490781387182 243467520
1065037 300 0.15258226514486392 244107284
1065337 300 0.1544217734855136 244894687
1065637 300 0.14763266022827043 244369752
1065937 300 0.16021527655838455 281902612
1066237 300 0.16159964881474978 292270081
1066537 300 0.16142897278314308 275340924
1066837 300 0.15991185250219492 258264128
1067137 300 0.15544582967515364 257870427
1067437 300 0.16208323090430202 254753625
1067737 300 0.15672589991220368 253851392
1068037 300 0.15677330992098332 247322512
1068337 300 0.16031009657594383 246403875
1068637 300 0.15818612818261632 246912406
1068937 300 0.16807585601404743 268828447
1069237 300 0.16398911325724322 266859940
1069537 300 0.15389078138718174 261216888
1069837 300 0.15449762949956103 262397992
1070137 300 0.15967480245829677 251128291
1070437 300 0.15659315188762074 247338916
1070737 300 0.15739912203687445 247207682
1071037 300 0.16207374890254608 250094826
1071337 300 0.1638753292361721 257197854
1071637 300 0.15809130816505704 255508219
1071937 300 0.15374855136084284 255081709
1072237 300 0.15784477611940298 249553486
1072537 300 0.15846110623353818 247732617
1072837 300 0.1539097453906936 247601383
1073137 300 0.14357436347673397 247601383
1073437 300 0.15169095697980683 248520020
1073737 300 0.16008252853380156 270042360
1074037 300 0.1526107111501317 268976085
1074337 300 0.14763266022827043 264268074
1074637 300 0.15111255487269534 272142100
1074937 300 0.15536997366110625 261266101
1075237 300 0.15386233538191396 250406506
1075537 300 0.15080913081650574 248306765
1075837 300 0.155275153643547 252096141
1076137 300 0.16523125548726952 261134867
1076437 300 0.16183669885864796 258378958
1076737 300 0.15418472344161543 253260840
1077037 300 0.15209868305531166 249323827
1077337 300 0.1479550482879719 248798892
1077637 300 0.15493380158033365 248798892
1077937 300 0.15808182616330116 248913721
1078237 300 0.1622633889376646 249208998
1078537 300 0.1687964881474978 286102093
1078837 300 0.1717928007023705 296732029
1079137 300 0.1629460930640913 304081120
1079437 300 0.1582430201931519 278884236
1079737 300 0.15086602282704126 265892091
1080037 300 0.15841369622475857 265760857
1080337 300 0.15211764705882352 265728049
1080637 300 0.1525064091308165 262315971
1080937 300 0.15299947322212468 261528568
1081237 300 0.15765513608428447 256033154
1081537 300 0.1661889376646181 269812701
1081837 300 0.1644252853380158 268910468
1082137 300 0.15310377524143984 266417026
1082437 300 0.1516056189640035 261298909
1082737 300 0.15499069359086917 258018065
1083037 300 0.15348305531167694 249750337
1083337 300 0.15427954345917472 249619103
1083637 300 0.1555406496927129 249487869
1083937 300 0.15591992976294997 249750337
1084237 300 0.16998173836698857 270091572
1084537 300 0.16051870061457418 269681467
1084837 300 0.15591044776119403 264448520
1085137 300 0.15926707638279192 267335663
1085437 300 0.1588877963125549 259724104
1085737 300 0.15584407374890255 254753625
1086037 300 0.1565836698858648 252424225
1086337 300 0.16031957857769974 252292991
1086637 300 0.16834135206321335 259756912
1086937 300 0.16262370500438983 257788405
1087237 300 0.15694398595259 257624364
1087537 300 0.15618542581211592 256443259
1087837 300 0.15777840210711153 253670946
1088137 300 0.1614953467954346 250668973
1088437 300 0.1593998244073749 250258867
1088737 300 0.1635624231782265 250537740
1089037 300 0.1720867427568042 268779234
1089337 300 0.16293661106233537 272338951
1089637 300 0.16140052677787534 265301539
1089937 300 0.1586412642669008 264251669
1090237 300 0.15681123792800702 258592212
1090537 300 0.15614749780509218 256607302
1090837 300 0.163628797190518 254245093
1091137 300 0.16521229148375766 252407821
1091437 300 0.1674690079016681 251620418
1091737 300 0.17353748902546093 272617822
1092037 300 0.1715367866549605 270518082
1092337 300 0.16868270412642672 265678836
1092637 300 0.17003863037752415 265416369
1092937 300 0.16782932396839334 262922927
1093237 300 0.1596653204565408 258641425
1093537 300 0.16462440737489026 253670946
1093837 300 0.16310728709394204 251817269
1094137 300 0.1673172958735733 252210970
1094437 300 0.17133766461808606 259806125
1094737 300 0.173271992976295 285003010
1095037 300 0.17536751536435471 279228724
1095337 300 0.16889130816505707 252178162
1095637 300 0.1638753292361721 252161757
1095937 300 0.16595188762071994 252030523
1096237 300 0.16607515364354697 251784460
1096537 300 0.16651132572431956 251800864
1096837 300 0.1723048287971905 251833673
1097137 300 0.1733857769973661 252096141
1097437 300 0.17513046532045656 273339608
1097737 300 0.17558560140474103 270977400
1098037 300 0.17162212467076385 266367814
1098337 300 0.1729116769095698 264793008
1098637 300 0.17315820895522388 256640110
1098937 300 0.1757278314310799 252834330
1099237 300 0.17738718173836698 252834330
1099537 300 0.18478314310798943 253884201
1099837 300 0.1909464442493415 262020695
1100137 300 0.18784582967515365 259412424
1100437 300 0.17947322212467076 254064647
1100737 300 0.18216611062335383 254048243
1101037 300 0.1772828797190518 254048243
1101337 300 0.1773587357330992 253654542
1101637 300 0.17686567164179104 253506904
1101937 300 0.1734616330114135 253506904
1102237 300 0.18189113257243195 264104031
1102537 300 0.1835315188762072 264235265
1102837 300 0.17768112379280068 253080394
1103137 300 0.17259877085162423 253096798
1103437 300 0.17471325724319578 252834330
1103737 300 0.1752632133450395 253113202
1104037 300 0.16852151009657593 252752310
1104337 300 0.17466584723441617 252621076
1104637 300 0.1756045654082529 252735905
1104937 300 0.18958103599648815 266515452
1105237 300 0.18682177348551357 262053504
1105537 300 0.17686567164179104 253654542
1105837 300 0.1702377524143986 253523308
1106137 300 0.17184969271290604 253375670
1106437 300 0.16374258121158908 253900605
1106737 300 0.16945074626865672 253769371
1107037 300 0.17343318700614574 253769371
1107337 300 0.16896716417910446 253802179
1107637 300 0.17668551360842844 264858625
1107937 300 0.18302897278314312 287545665
1108237 300 0.17964389815627743 286134901
1108537 300 0.1755097453906936 256344834
1108837 300 0.1697067603160667 256065962
1109137 300 0.18297208077260757 256082367
1109437 300 0.1742201931518876 256082367
1109737 300 0.19048182616330114 255951133
1110037 300 0.18292467076382793 256328430
1110337 300 0.17128077260755045 256328430
1110637 300 0.17754837576821775 261709015
1110937 300 0.17509253731343286 273126354
1111237 300 0.16773450395083406 256984599
1111537 300 0.1669854258121159 256722131
1111837 300 0.1669190517998244 272749056
1112137 300 0.16940333625987708 263283820
1112437 300 0.17136611062335383 263152586
1112737 300 0.169412818261633 263021352
1113037 300 0.17610711150131694 264071223
1113337 300 0.1869545215100966 272732652
1113637 300 0.17850605794556632 262873714
1113937 300 0.17128077260755045 257640768
1114237 300 0.17083511852502192 265514794
1114537 300 0.16515539947322214 255672261
1114837 300 0.16390377524143987 256065962
1115137 300 0.16615100965759438 256065962
1115437 300 0.16359086918349428 255819899
1115737 300 0.17592695346795434 261200484
1116037 300 0.17189710272168568 255951133
1116337 300 0.16825601404741003 256213600
1116637 300 0.1763726075504829 269058106
1116937 300 0.1711764705882353 256476068
1117237 300 0.17301597892888498 256344834
1117537 300 0.17364179104477612 255934728
1117837 300 0.16853099209833186 255918324
1118137 300 0.17354697102721686 257132237
1118437 300 0.17646742756804215 266449835
1118737 300 0.18176786654960495 256082367
1119037 300 0.1712902546093064 256082367
1119337 300 0.1769889376646181 255819899
1119637 300 0.16817067603160668 255819899
1119937 300 0.16119192273924499 255819899
1120237 300 0.16397963125548726 255951133
1120537 300 0.16468129938542583 256344834
1120837 300 0.17647690956979806 276686070
1121137 300 0.17315820895522388 275898667
1121437 300 0.16862581211589112 269993147
1121737 300 0.16877752414398597 306476137
1122037 300 0.16825601404741003 269484616
1122337 300 0.16479508340649693 265678836
1122637 300 0.16889130816505707 261085654
1122937 300 0.171470412642669 260429485
1123237 300 0.17534855136084285 290350786
1123537 300 0.17512098331870063 262791693
1123837 300 0.17825952589991223 263054161
1124137 300 0.17593643546971027 263054161
1124437 300 0.17225741878841086 262922927
1124737 300 0.18063002633889375 262922927
1125037 300 0.17437190517998244 260954421
1125337 300 0.1697731343283582 257673576
1125637 300 0.16379947322212468 256754940
1125937 300 0.18115153643546972 271453123
1126237 300 0.18347462686567165 267516109
1126537 300 0.18160667251975418 256361238
1126837 300 0.17456154521510095 256492472
1127137 300 0.17242809482001756 256098771
1127437 300 0.1819669885864794 255836303
1127737 300 0.17852502194907813 255442602
1128037 300 0.17804143985952592 255048900
1128337 300 0.1951564530289728 266072538
1128637 300 0.18848112379280071 267122408
1128937 300 0.17703634767339774 256230004
1129237 300 0.18238419666374014 256230004
1129537 300 0.18000421422300264 255967537
1129837 300 0.18024126426690076 255967537
1130137 300 0.17891378402107108 255967537
1130437 300 0.17370816505706763 255442602
1130737 300 0.1779750658472344 255442602
1131037 300 0.17807936786654963 267647343
1131337 300 0.16710869183494292 278277279
1131637 300 0.16762071992976293 269747083
1131937 300 0.16104969271290606 269730679
1132237 300 0.1678198419666374 266449835
1132537 300 0.16598981562774365 262775289
1132837 300 0.16308832309043023 260281848
1133137 300 0.15846110623353818 258838276
1133437 300 0.15685864793678664 257525938
1133737 300 0.16955504828797188 270009551
1134037 300 0.16204530289727834 272502993
1134337 300 0.15829991220368747 270009551
1134637 300 0.1720014047410009 265137497
1134937 300 0.1670233538191396 259888146
1135237 300 0.160670412642669 257394704
1135537 300 0.161571202809482 256213600
1135837 300 0.16870166812993856 256082367
1136137 300 0.17614503950834065 267893406
1136437 300 0.16567690956979805 268155874
1136737 300 0.16686215978928884 257394704
1137037 300 0.16215908691834943 256869769
1137337 300 0.1683318700614574 257001003
1137637 300 0.16834135206321335 256886173
1137937 300 0.16456751536435468 256738536
1138237 300 0.1587360842844601 256607302
1138537 300 0.1612014047410009 256476068
1138837 300 0.16460544337137842 256476068
1139137 300 0.16929903424056192 256623706
1139437 300 0.17192554872695348 283789098
1139737 300 0.17340474100087797 302686762
1140037 300 0.16075575065847236 305311437
1140337 300 0.1594756804214223 285363903
1140637 300 0.1680853380158033 270665720
1140937 300 0.1715747146619842 269090914
1141237 300 0.16151431079894643 265153902
1141537 300 0.16484249341527657 260691953
1141837 300 0.16729833187006143 258067278
1142137 300 0.17086356453028972 257673576
1142437 300 0.1743150131694469 269353382
1142737 300 0.17781387181738367 269747083
1143037 300 0.18138858647936787 264760200
1143337 300 0.1789801580333626 256377642
1143637 300 0.1778233538191396 256787748
1143937 300 0.1645580333625988 256525281
1144237 300 0.16235820895522388 256525281
1144537 300 0.17091097453906937 259149956
1144837 300 0.17706479367866548 263480671
1145137 300 0.17147989464442495 260331060
1145437 300 0.16415030728709393 256771344
1145737 300 0.1674690079016681 256640110
1146037 300 0.16099280070237046 256361238
1146337 300 0.16232028094820017 255967537
1146637 300 0.16415030728709393 256098771
1146937 300 0.16154275680421423 256098771
1147237 300 0.17126180860403864 262299567
1147537 300 0.17051273046532045 263185395
1147837 300 0.16375206321334504 255967537
1148137 300 0.16184618086040384 262397992
1148437 300 0.1668337137840211 256361238
1148737 300 0.16651132572431956 256525281
1149037 300 0.1600161545215101 256541685
1149337 300 0.16037647058823526 259018722
1149637 300 0.17196347673397716 259412424
1149937 300 0.17344266900790167 256394047
1150237 300 0.16614152765583845 256508876
1150537 300 0.1702377524143986 256525281
1150837 300 0.16726988586479366 256558089
1151137 300 0.16107813871817384 256394047
1151437 300 0.16037647058823526 256672918
1151737 300 0.16212115891132572 257066620
1152037 300 0.17115750658472345 290662467
1152337 300 0.16942230026338895 295255649
1152637 300 0.16903353819139597 268221491
1152937 300 0.16336330114135206 257312683
1153237 300 0.16122036874451276 257181450
1153537 300 0.1654398595258999 257050216
1153837 300 0.1657527655838455 256804152
1154137 300 0.12392765583845479 151144557
1154437 131 0.13113397717295874 151275791
1154568 6 0.13114345917471465 151292195
1154574 13 0.13113397717295874 151292195
1154587 1 0.13113397717295874 151292195
1154588 149 0.1326036874451273 158706904
1154737 21 0.11846602282704127 160445751
1154758 279 0.1331820895522388 213595431
1155037 300 0.17800351185250218 258756255
1155337 300 0.16787673397717298 252719501
1155637 300 0.1685404741000878 250668973
1155937 300 0.16250992098331868 250915036
1156237 300 0.16052818261633015 250783803
1156537 300 0.16752589991220368 250931441
1156837 300 0.16692853380158032 250947845
1157137 300 0.17415381913959613 263021352
1157437 300 0.17024723441615452 263939989
1157737 300 0.16238665496049165 251472780
1158037 300 0.16891027216856894 251341546
1158337 300 0.1629460930640913 251210313
1158637 300 0.168 251866482
1158937 300 0.164529587357331 252522650
1159237 300 0.16851202809482005 252128949
1159537 300 0.1697067603160667 252260183
1159837 300 0.16473819139596138 251604014
1160137 300 0.16263318700614574 251439972
1160437 300 0.16505109745390695 251702439
1160737 300 0.15685864793678664 251702439
1161037 300 0.160025636523266 251439972
1161337 300 0.16707076382791922 251308738
1161637 300 0.16748797190517997 251193908
1161937 300 0.1666630377524144 251193908
1162237 300 0.1612014047410009 251587609
1162537 300 0.16306935908691836 251587609
1162837 300 0.1619694468832309 251423568
1163137 300 0.16893871817383668 267040387
1163437 300 0.1650700614574188 274405882
1163737 300 0.1578068481123793 264563349
1164037 300 0.15724741000877965 264022010
1164337 300 0.15274345917471466 259166360
1164637 300 0.1559009657594381 255229347
1164937 300 0.15830939420544335 252079736
1165237 300 0.16074626865671643 251571205
1165537 300 0.1608790166812994 284264820
1165837 300 0.16451062335381916 284543692
1166137 300 0.15416575943810357 253802179
1166437 300 0.14772748024582968 253408478
1166737 300 0.15020228270412642 253146011
1167037 300 0.15012642669007903 252752310
1167337 300 0.1518426690079017 252883543
1167637 300 0.15215557506584723 252735905
1167937 300 0.15294258121158913 252752310
1168237 300 0.16583810359964882 264563349
1168537 300 0.16141000877963127 264563349
1168837 300 0.15974117647058825 252752310
1169137 300 0.1485618964003512 252883543
1169437 300 0.1468741000877963 252621076
1169737 300 0.14702581211589114 252096141
1170037 300 0.15026865671641793 251964907
1170337 300 0.15075223880597013 251948503
1170637 300 0.15372010535557504 252342204
1170937 300 0.15983599648814747 268500363
1171237 300 0.1679241439859526 259576466
1171537 300 0.1397246707638279 254310711
1171837 300 0.15242107111501318 267188025
1172137 300 0.15545531167690957 254704412
1172437 300 0.15098928884986831 254737220
1172737 300 0.15417524143985953 254605986
1173037 300 0.1540899034240562 254605986
1173337 300 0.1595041264266901 260117805
1173637 300 0.16140052677787534 259855338
1173937 300 0.16044284460052677 255130921
1174237 300 0.15284776119402987 255524623
1174537 300 0.1557113257243196 255393389
1174837 300 0.15235469710272168 255393389
1175137 300 0.1560526777875329 255393389
1175437 300 0.1557113257243196 255409794
1175737 300 0.15794907813871817 257493130
1176037 300 0.16671992976294997 268385533
1176337 300 0.16175136084284458 268139470
1176637 300 0.15642247585601401 264202456
1176937 300 0.1623297629499561 261446547
1177237 300 0.15868867427568045 256443259
1177537 300 0.15975065847234418 254474753
1177837 300 0.16269007901668128 253556116
1178137 300 0.16745952589991223 253818584
1178437 300 0.17231431079894644 269435403
1178737 300 0.1696593503072871 261298909
1179037 300 0.16926110623353818 253310053
1179337 300 0.16223494293239685 253703754
1179637 300 0.16599929762949958 308018134
1179937 300 0.16523125548726952 260002975
1180237 266 0.12005899912203688 152440491
1180503 4 0.12005899912203688 152440491
1180507 11 0.12005899912203688 152473299
1180518 1 0.12005899912203688 152473299
1180519 18 0.12872554872695346 158411628
1180537 154 0.12195539947322212 159838795
1180691 146 0.13612151009657594 189136736
1180837 300 0.15042036874451273 243057414
1181137 300 0.16832238805970148 304097525
1181437 300 0.16188410886742757 255278560
1181737 300 0.16635961369622476 254228689
1182037 300 0.16592344161545214 252391417
1182337 300 0.17700790166812996 252260183
1182637 300 0.17438138718173837 252260183
1182937 300 0.17465636523266023 252522650
1183237 300 0.18058261633011416 283132929
1183537 300 0.17907497805092187 294681501
1183837 300 0.1766665496049166 279589617
1184137 300 0.18106619841966637 258477383
1184437 300 0.17935943810359964 258329745
1184737 300 0.18026971027216857 258460979
1185037 300 0.18254539069359085 258067278
1185337 300 0.1871062335381914 253999030
1185637 300 0.17910342405618965 251636822
1185937 300 0.18597787532923618 251636822
1186237 300 0.19362036874451274 264120435
1186537 300 0.1917050043898156 263857968
1186837 300 0.18688814749780508 251521993
1187137 300 0.17726391571553993 251390759
1187437 300 0.17776646180860403 251784460
1187737 300 0.1793878841088674 252079736
1188037 300 0.17758630377524143 251521993
1188337 300 0.17984302019315188 251521993
1188637 300 0.18601580333625986 251653227
1188937 300 0.19487199297629498 268057449
1189237 300 0.18491589113257245 274619137
1189537 300 0.18586409130816506 266482644
1189837 300 0.1847926251097454 263611905
1190137 300 0.18500122914837575 262562034
1190437 300 0.18737172958735734 262709672
1190737 300 0.18821562774363476 259937359
1191037 300 0.1835315188762072 258887488
1191337 300 0.18885092186128183 259166360
1191637 300 0.19423669885864794 275422944
1191937 300 0.18798805970149254 265055476
1192237 300 0.18561755926251097 258756255
1192537 300 0.18213766461808603 258772659
1192837 300 0.17768112379280068 258625021
1193137 300 0.1725798068481124 258083682
1193437 300 0.1865562774363477 254950475
1193737 300 0.18454609306409134 254671603
1194037 300 0.17961545215100966 254704412
1194337 300 0.18556066725197543 259822529
1194637 300 0.1831048287971905 265203114
1194937 300 0.17389780509218614 256295622
1195237 300 0.17570886742756806 256164388
1195537 300 0.17177383669885865 256164388
1195837 300 0.17199192273924493 256164388
1196137 300 0.16918525021949077 256164388
1196437 300 0.16729833187006143 255623048
1196737 300 0.17454258121158908 270846166
1197037 300 0.1781172958735733 274815988
1197337 300 0.1712902546093064 270337636
1197637 300 0.17001018437225637 266417026
1197937 300 0.16930851624231782 262988544
1198237 300 0.1726841088674276 259576466
1198537 300 0.1716790166812994 256574493
1198837 300 0.171470412642669 256049558
1199137 300 0.17318665496049165 256197196
1199437 300 0.17819315188762072 272863886
1199737 300 0.1740684811237928 277982003
1200037 300 0.17048428446005268 267991832
1200337 300 0.17075926251097454 264317286
1200637 300 0.1672509218612818 263775946
1200937 300 0.16563898156277435 258510192
1201237 300 0.16776294995610183 254310711
1201537 300 0.16893871817383668 253260840
1201837 300 0.16794310798946444 253277244
1202137 300 0.1785913959613696 262578438
1202437 300 0.17804143985952592 264546945
1202737 300 0.17704582967515362 259166360
1203037 300 0.17657172958735734 258116490
1203337 300 0.17396417910447762 257739193
1203637 300 0.17608814749780508 256558089
1203937 300 0.1748649692712906 253670946
1204237 300 0.1759079894644425 252621076
1204537 300 0.17655276558384547 252752310
1204837 300 0.1824979806848112 266810728
1205137 300 0.17097734855136085 264579754
1205437 300 0.17128077260755045 253277244
1205737 300 0.16989640035118525 253310053
1206037 300 0.16677682177348552 253178819
1206337 300 0.16769657594381035 253047585
1206637 300 0.12453450395083406 150882090
1206937 32 0.11990728709394205 150865686
1206969 268 0.16686215978928884 253014777
1207237 300 0.16563898156277435 253014777
1207537 300 0.17220052677787534 253031181
1207837 300 0.17632519754170325 269845509
1208137 300 0.17365127304653205 269189340
1208437 300 0.1679336259877085 260413081
1208737 300 0.16631220368744512 259215573
1209037 300 0.1644916593503073 258428170
1209337 300 0.1686163301141352 257378300
1209637 300 0.1715273046532046 256459663
1209937 300 0.16835083406496926 256590897
1210237 300 0.1781267778753292 269320574
1210537 300 0.1763820895522388 270632911
1210837 300 0.17039894644424938 260019380
1211137 300 0.168900790166813 257788405
1211437 300 0.1650700614574188 277850769
1211737 300 0.16690956979806848 259609274
1212037 133 0.06366953467954346 49602422
1212170 57 0.10289657594381035 152276449
1212227 110 0.1641692712906058 258838276
1212337 300 0.16400807726075503 258707042
1212637 300 0.16236769095697978 256738536
1212937 300 0.16949815627743636 271567952
1213237 300 0.16668200175592623 261462951
1213537 300 0.1637141352063213 261052846
1213837 300 0.16183669885864796 261069250
1214137 300 0.15801545215100965 258313341
1214437 300 0.16235820895522388 254376327
1214737 300 0.11986935908691834 151407025
1215037 44 0.12040983318700614 151407025
1215081 256 0.15921966637401228 254245093
1215337 300 0.15944723441615452 254622391
1215637 300 0.17546233538191397 280885551
1215937 300 0.17402107111501317 301489254
1216237 300 0.168 289284512
1216537 300 0.16658718173836698 267893406
1216837 300 0.16270904302019315 266318601
1217137 300 0.16122985074626864 266302197
1217437 300 0.16050921861281828 266417026
1217737 300 0.15551220368744512 266285793
1218037 300 0.15840421422300263 264464924
1218337 300 0.16803792800702372 258559404
1218637 300 0.1734616330114135 272502993
1218937 300 0.16381843722563652 280344211
1219237 300 0.1602721685689201 269730679
1219537 300 0.15870763827919224 269730679
1219837 300 0.1631641791044776 267237238
1220137 300 0.1590489903424056 264497733
1220437 300 0.15784477611940298 257132237
1220737 300 0.1575318700614574 256607302
1221037 300 0.1637805092186128 256607302
1221337 300 0.16891027216856894 262529226
1221637 300 0.17239016681299388 270501678
1221937 300 0.165041615452151 263710330
1222237 300 0.16830342405618962 257263470
1222537 300 0.17366075504828798 298864578
1222837 300 0.1657148375768218 257525938
1223137 300 0.1666345917471466 257657172
1223437 300 0.1637805092186128 257525938
1223737 300 0.1648614574187884 257279875
1224037 300 0.16953608428446007 267237238
1224337 300 0.17415381913959613 282739228
1224637 300 0.17749148375768214 257673576
1224937 300 0.17170746268656717 257542342
1225237 300 0.16405548726953467 257542342
1225537 300 0.16944126426690082 257542342
1225837 300 0.1647192273924495 257427513
1226137 300 0.1665492537313433 257263470
1226437 300 0.16647339771729588 257263470
1226737 300 0.1645011413520632 257279875
1227037 300 0.17333836698858646 268943277
1227337 300 0.17210570676031606 270386848
1227637 300 0.17320561896400352 258313341
1227937 148 0.169545566286216 258067278
1228085 152 0.1666630377524144 258067278
1228237 300 0.163372783143108 257657172
1228537 300 0.16747848990342404 257657172
1228837 300 0.16662510974539071 257657172
1229137 300 0.16558208955223877 257542342
1229437 300 0.16774398595259 257001003
1229737 204 0.175841615452151 277211005
1229941 96 0.17007655838454785 271567952
1230037 284 0.1657243195785777 276833707
1230321 16 0.16708972783143108 274865201
1230337 53 0.16934644424934156 270124381
1230390 247 0.16760175592625112 270124381
1230637 300 0.1643399473222125 270124381
1230937 300 0.16933696224758557 270009551
1231237 300 0.16563898156277435 267384876
1231537 300 0.16741211589113258 263972797
1231837 300 0.1712238805970149 263316628
1232137 300 0.16980158033362597 263447862
1232437 300 0.1739926251097454 271059421
1232737 300 0.16924214223002632 261610590
1233037 300 0.16773450395083406 259248381
1233337 300 0.1610971027216857 259248381
1233637 300 0.16262370500438983 259527253
1233937 300 0.16395118525021948 259527253
1234237 300 0.16573380158033363 259527253
1234537 300 0.16629323968393325 259543657
1234837 300 0.17350904302019313 270829762
1235137 300 0.172371202809482 263086969
1235437 300 0.15944723441615452 259773316
1235737 300 0.16052818261633015 259396020
1236037 300 0.15815768217734855 256787748
1236337 300 0.1581102721685689 256525281
1236637 300 0.158489552238806 256525281
1236937 300 0.16212115891132572 256508876
1237237 300 0.1634770851624232 256804152
1237537 300 0.17041791044776117 294468246
1237837 300 0.16887234416154523 295518117
1238137 300 0.17014293239683934 280442637
1238437 300 0.16491834942932396 257870427
1238737 300 0.16991536435469712 257870427
1239037 300 0.16429253731343285 257722789
1239337 300 0.16056611062335382 257722789
1239637 300 0.15929552238805972 257575151
1239937 300 0.16210219490781388 257460321
1240237 300 0.1625857769973661 257443917
1240537 300 0.17104372256365233 263086969
1240837 300 0.17169798068481124 270698529
1241137 300 0.16031009657594383 261774631
1241437 300 0.15701984196663743 257181450
1241737 300 0.15815768217734855 257066620
1242037 300 0.16147638279192272 256935386
1242337 300 0.160025636523266 256804152
1242637 300 0.1582714661984197 256672918
1242937 300 0.16411237928007025 256935386
1243237 300 0.16925162423178228 272814673
1243537 300 0.1684741000877963 264284478
1243837 300 0.15726637401229152 257197854
1244137 300 0.15723792800702371 257197854
1244437 300 0.15731378402107113 257181450
1244737 300 0.15702932396839334 257197854
1245037 300 0.15977910447761193 257197854
1245337 300 0.15809130816505704 257066620
1245637 300 0.16873959613696224 268221491
1245937 300 0.16628375768217735 267959023
1246237 300 0.1633443371378402 256541685
1246537 300 0.16224442493415278 256541685
1246837 300 0.16061352063213344 256279217
1247137 300 0.1597316944688323 256147983
1247437 300 0.1631926251097454 256147983
1247737 300 0.1656200175592625 256147983
1248037 300 0.15924811237928008 256049558
1248337 300 0.16625531167690957 255901920
1248637 300 0.16115399473222125 255754282
1248937 300 0.16161861281826165 255639453
1249237 300 0.15902054433713783 255639453
1249537 300 0.16302194907813872 255508219
1249837 300 0.16223494293239685 255508219
1250137 300 0.16180825285338019 255508219
1250437 300 0.1610307287093942 255508219
1250737 300 0.16207374890254608 255508219
1251037 300 0.16311676909569797 255508219
1251337 300 0.15756979806848112 255754282
1251637 300 0.16496575943810357 255524623
1251937 300 0.163628797190518 255508219
1252237 300 0.1605850746268657 255491814
1252537 300 0.1611065847234416 255491814
1252837 300 0.15921018437225637 255508219
1253137 300 0.15566391571553995 255508219
1253437 300 0.16130570676031605 255508219
1253737 300 0.15953257243195787 255508219
1254037 300 0.1548294995610184 255508219
1254337 300 0.15995926251097456 255491814
1254637 300 0.15667848990342406 255491814
1254937 300 0.16065144863915715 255491814
1255237 300 0.15701984196663743 255376985
1255537 300 0.1576646180860404 255393389
1255837 300 0.16261422300263392 276357985
1256137 300 0.16061352063213344 287906557
1256437 300 0.16458647936786655 257066620
1256737 300 0.16302194907813872 257066620
1257037 300 0.16615100965759438 257066620
1257337 300 0.17538647936786658 279770064
1257637 300 0.18011799824407376 281476102
1257937 300 0.1822798946444249 258903893
1258237 300 0.17232379280070237 258641425
1258537 300 0.16764916593503076 258657829
1258837 300 0.17458999122036872 258674233
1259137 300 0.16790517998244073 258395362
1259437 300 0.1693274802458297 258526596
1259737 300 0.16953608428446007 258411766
1260037 300 0.18167304653204566 264300882
1260337 300 0.18373064091308164 271912441
1260637 300 0.17158419666374014 262594843
1260937 300 0.17589850746268657 258001660
1261237 300 0.1753011413520632 257870427
1261537 300 0.17371764705882356 257870427
1261837 300 0.17826900790166814 258001660
1262137 300 0.1795964881474978 258001660
1262437 300 0.18596839332748025 260888803
1262737 300 0.1931083406496927 266663090
1263037 300 0.18287726075504832 258789063
1263337 300 0.17898964003511852 259313998
1263637 300 0.18359789288849868 259166360
1263937 300 0.18485899912203688 259035126
1264237 300 0.183427216856892 259166360
1264537 300 0.18354100087796313 259182765
1264837 300 0.18289622475856013 259560061
1265137 300 0.19611413520632134 275833050
1265437 300 0.18882247585601405 264678179
1265737 300 0.17802247585601405 258657829
1266037 300 0.18428059701492538 258657829
1266337 300 0.19098437225636525 258657829
1266637 300 0.18383494293239686 258657829
1266937 300 0.1875708516242318 258789063
1267237 300 0.19129727831431081 258789063
1267537 300 0.18823459174714663 258657829
1267837 300 0.21089657594381037 292663782
1268137 300 0.2074261633011414 298044367
1268437 300 0.20039051799824406 278490534
1268737 300 0.1919799824407375 259313998
1269037 300 0.19134468832309046 259182765
1269337 300 0.19205583845478494 259182765
1269637 300 0.1938194907813872 259067935
1269937 300 0.19157225636523267 259051531
1270237 300 0.18682177348551357 259051531
1270537 300 0.18903107989464443 259182765
1270837 300 0.1965692712906058 275308115
1271137 300 0.1980769095697981 264809413
1271437 300 0.19827603160667254 259166360
1271737 300 0.19980263388937664 259166360
1272037 300 0.19732783143107988 259051531
1272337 300 0.20279894644424934 259067935
1272637 300 0.20309288849868304 259182765
1272937 300 0.20286532045654085 261676206
1273237 300 0.21239473222124672 267450492
1273537 300 0.20170851624231784 259313998
1273837 300 0.2041548726953468 259313998
1274137 300 0.21065004389815628 271256272
1274437 300 0.20833643546971028 259445232
1274737 300 0.20532115891132574 259576466
1275037 300 0.20299806848112378 259445232
1275337 300 0.2096828797190518 259576466
1275637 300 0.2129257243195786 270337636
1275937 300 0.21288779631255486 259445232
1276237 300 0.20367129060579459 259445232
1276537 300 0.20771062335381912 259445232
1276837 300 0.20316874451273045 272453780
1277137 300 0.20919929762949957 259592870
1277437 300 0.2035764705882353 259724104
1277737 300 0.20165162423178226 259576466
1278037 300 0.20876312554872695 259576466
1278337 300 0.21558068481123796 270862570
1278637 300 0.20850711150131698 259707700
1278937 300 0.20900017559262513 259838934
1279237 300 0.19904407374890254 303539781
1279537 300 0.2085260755048288 260101401
1279837 300 0.2058900790166813 260101401
1280137 300 0.2136558384547849 260101401
1280437 300 0.2163866549604917 261184080
1280737 300 0.21917436347673397 291499082
1281037 300 0.22281545215100965 260117805
1281337 300 0.21248955223880597 259855338
1281637 300 0.2066865671641791 259986571
1281937 300 0.21778999122036877 260101401
1282237 300 0.2110862159789289 259855338
1282537 300 0.2140825285338016 260117805
1282837 300 0.21120948200175596 259855338
1283137 300 0.21738226514486392 259986571
1283437 300 0.22360245829675152 271912441
1283737 300 0.2182356453028973 269812701
1284037 300 0.21209130816505709 260002975
1284337 300 0.21046040386303774 259724104
1284637 300 0.21637717295873574 259724104
1284937 300 0.21187322212467077 259592870
1285237 300 0.2193165935030729 259707700
1285537 300 0.2131912203687445 259707700
1285837 300 0.2187571553994732 260495102
1286137 300 0.2246644424934153 274668350
1286437 300 0.21986654960491658 270206402
1286737 300 0.22208533801580335 260249039
1287037 300 0.2194019315188762 260117805
1287337 300 0.21565654082528535 259871742
1287637 300 0.20452467076382794 260134209
1287937 300 0.2078054433713784 260002975
1288237 300 0.2106215978928885 260134209
1288537 300 0.21052677787532925 260790378
1288837 300 0.2197717295873573 275751029
1289137 300 0.21651940298507463 265514794
1289437 300 0.21323863037752414 260002975
1289737 300 0.22025531167690957 265760857
1290037 300 0.20760632133450396 259724104
1290337 300 0.21192063213345042 259724104
1290637 300 0.20517892888498682 259740508
1290937 300 0.21439543459174712 262365184
1291237 300 0.22115610184372259 262611247
1291537 300 0.2199329236172081 259855338
1291837 300 0.21248955223880597 259724104
1292137 300 0.21568498683055312 259740508
1292437 300 0.2152393327480246 259756912
1292737 300 0.2156470588235294 259740508
1293037 300 0.2131912203687445 259724104
1293337 300 0.2167943810359965 259855338
1293637 300 0.22970886742756802 297388198
1293937 300 0.22204741000877962 300537808
1294237 300 0.2200846356453029 278096833
1294537 300 0.20858296751536437 261462951
1294837 300 0.20982510974539068 261577781
1295137 300 0.21360842844600525 261446547
1295437 300 0.2144902546093064 261315313
1295737 300 0.2071132572431958 261036442
1296037 300 0.20307392449517117 261052846
1296337 300 0.21341878841088677 261167676
1296637 300 0.22348867427568045 276144730
1296937 300 0.2187571553994732 267877002
1297237 300 0.2077675153643547 260511507
1297537 300 0.20495136084284463 260495102
1297837 300 0.20732186128182617 260495102
1298137 300 0.2088200175592625 259970167
1298437 300 0.20509359086918352 259855338
1298737 300 0.20406005267778754 259855338
1299037 300 0.21177840210711152 260396677
1299337 300 0.21466093064091307 276259560
1299637 300 0.21390237050043895 266269389
1299937 300 0.21228094820017557 260626336
1300237 300 0.20264723441615454 268500363
1300537 300 0.20433503072870943 260495102
1300837 300 0.21391185250219494 260511507
1301137 300 0.20959754170324846 260511507
1301437 300 0.215703950834065 262742481
1301737 300 0.21644354697102722 264973455
1302037 300 0.2311880597014925 260331060
1302337 300 0.21781843722563654 260445889
1302637 300 0.2190700614574188 277785153
1302937 300 0.20608920105355574 261233292
1303237 300 0.20873467954345917 261102058
1303537 300 0.20710377524143986 261085654
1303837 300 0.2120154521510097 261085654
1304137 300 0.21565654082528535 267778577
1304437 300 0.2166900790166813 265564007
1304737 300 0.2242946444249342 261479356
1305037 300 0.21082071992976295 261348122
1305337 300 0.21347568042142231 276177538
1305637 300 0.19647445127304652 261495760
1305937 300 0.20861141352063214 261364526
1306237 300 0.20061808604038628 261216888
1306537 300 0.21342827041264267 261479356
1306837 300 0.2023438103599649 273536459
1307137 300 0.2152393327480246 261200484
1307437 300 0.20784337137840214 261200484
1307737 300 0.21578928884986828 261069250
1308037 300 0.21122844600526774 261085654
1308337 300 0.21174047410008778 261085654
1308637 300 0.22950026338893761 293106696
1308937 300 0.22746163301141348 302014189
1309237 300 0.21433854258121157 284970202
1309537 300 0.2126412642669008 261889461
1309837 300 0.21359894644424934 261758227
1310137 300 0.21426268656716418 261758227
1310437 300 0.20927515364354699 261626994
1310737 300 0.2112758560140474 261741823
1311037 300 0.19996382791922737 261758227
1311337 300 0.2071511852502195 262135524
1311637 300 0.2133998244073749 277358643
1311937 300 0.20168955223880597 266072538
1312237 300 0.20196453028972783 260839591
1312537 300 0.20061808604038628 260970825
1312837 300 0.20076979806848114 260839591
1313137 300 0.20299806848112378 260970825
1313437 300 0.20067497805092185 261364526
1313737 300 0.20651589113257246 262808098
1314037 300 0.20614609306409132 278031216
1314337 300 0.20489446883230902 267401280
1314637 300 0.19959402985074629 261889461
1314937 300 0.20778647936786654 261889461
1315237 300 0.20709429323968392 261741823
1315537 300 0.20086461808604036 261889461
1315837 300 0.20450570676031607 261741823
1316137 300 0.2107922739244952 264875029
1316437 300 0.2237352063213345 270173593
1316737 300 0.21334293239683935 261774631
1317037 300 0.21347568042142231 261364526
1317337 300 0.2148410886742757 261102058
1317637 300 0.20750201931518875 261102058
1317937 300 0.20970184372256365 261102058
1318237 300 0.21215768217734854 261102058
1318537 300 0.21157928007023707 261102058
1318837 300 0.21941141352063215 269238553
1319137 300 0.21374117647058824 263447862
1319437 300 0.20839332748024583 260954421
1319737 300 0.21046040386303774 260954421
1320037 300 0.20714170324846357 260691953
1320337 300 0.20287480245829673 260724762
1320637 300 0.20784337137840214 260708357
1320937 300 0.21239473222124672 261512164
1321237 300 0.22248358208955224 277243813
1321537 300 0.2190795434591747 267270046
1321837 300 0.21342827041264267 261495760
