1824879 300 0.10726777875329237 160330921
1825179 300 0.11084249341527656 160183284
1825479 300 0.10706865671641791 160183284
1825779 300 0.10753327480245829 160068454
1826079 300 0.10800737489025461 159937220
1826379 300 0.10515329236172082 159674753
1826679 300 0.1086521510096576 160052050
1826979 300 0.10625320456540825 160281709
1827279 300 0.10752379280070237 160035646
1827579 300 0.11838068481123792 173323066
1827879 300 0.11654117647058823 175422806
1828179 300 0.10719192273924495 160183284
1828479 300 0.10830131694468832 160330921
1828779 300 0.11016927129060579 160314517
1829079 300 0.10403441615452151 159674753
1829379 300 0.10359824407374892 159674753
1829679 300 0.10960035118525023 159543519
1829979 300 0.10687901668129939 159395881
1830279 300 0.1129569798068481 163726596
1830579 300 0.12116839332748025 169878179
1830879 300 0.10783669885864794 160839453
1831179 300 0.10420509218612818 160823048
1831479 300 0.10993222124670765 160314517
1831779 300 0.1333622475856014 160052050
1832079 300 0.10169236172080773 160314517
1832379 300 0.11289060579455663 160183284
1832679 300 0.11429394205443372 160199688
1832979 300 0.1110036874451273 160298113
1833279 300 0.11608604038630377 160462155
1833579 300 0.12079859525899912 178572417
1833879 300 0.11917717295873574 181033050
1834179 300 0.11336470588235292 173421491
1834479 300 0.11508094820017559 173323066
1834779 300 0.11441720807726075 166498909
1835079 300 0.11221738366988587 161905727
1835379 300 0.11565935030728708 160199688
1835679 300 0.11398103599648815 160593389
1835979 300 0.1145784021071115 160593389
1836279 300 0.1145784021071115 160593389
1836579 300 0.110529587357331 160593389
1836879 300 0.1241172958735733 173060598
1837179 300 0.12152870939420544 188267312
1837479 300 0.12076066725197543 181705623
1837779 300 0.11737559262510974 173700363
1838079 300 0.11866514486391572 171748260
1838379 300 0.11614293239683934 168336182
1838679 300 0.1176410886742757 163332894
1838979 300 0.11390517998244072 160330921
1839279 300 0.12209762949956103 160330921
1839579 300 0.11672133450395084 160330921
1839879 300 0.11915820895522387 160462155
1840179 300 0.1257387181738367 176062570
1840479 300 0.11882633889376645 166367676
1840779 300 0.11541281826163301 160708219
1841079 300 0.1196702370500439 160970686
1841379 300 0.11978402107111501 160970686
1841679 300 0.11648428446005268 160839453
1841979 300 0.11688252853380159 160855857
1842279 300 0.11904442493415276 160839453
1842579 300 0.11708165057067603 160855857
1842879 300 0.1203244951712028 162693130
1843179 300 0.13212010535557506 174635403
1843479 300 0.118115188762072 166351271
1843779 300 0.11626619841966639 161233154
1844079 300 0.11746093064091308 160987090
1844379 300 0.11778331870061456 160970686
1844679 300 0.11709113257243196 161364388
1844979 300 0.11726180860403863 161101920
1845279 300 0.11575417032484636 161118324
1845579 300 0.12048568920105356 161364388
1845879 300 0.11697734855136085 160987090
1846179 300 0.13078314310798947 177538951
1846479 300 0.12009692712906059 173569129
1846779 300 0.11563090430201932 173601937
1847079 300 0.11755575065847235 171469389
1847379 300 0.11496716417910448 163743000
1847679 300 0.11803933274802458 160724623
1847979 300 0.11971764705882354 160741027
1848279 300 0.11835223880597016 161265962
1848579 300 0.12019174714661983 161397196
1848879 300 0.12073222124670764 161134728
1849179 300 0.13835926251097455 172158366
1849479 300 0.1253025460930641 172158366
1849779 300 0.12694293239683932 161134728
1850079 300 0.12827989464442494 161249558
1850379 300 0.12553959613696225 161265962
1850679 300 0.12496119402985074 161265962
1850979 300 0.12329236172080772 161659663
1851279 300 0.12229675153643547 161397196
1851579 300 0.11842809482001757 161265962
1851879 300 0.12191747146619841 162168195
1852179 300 0.13399754170324846 175947741
1852479 300 0.12092186128182617 164792870
1852779 300 0.11759367866549605 161512026
1853079 300 0.11697734855136085 161512026
1853379 300 0.117214398595259 161512026
1853679 300 0.12138647936786656 161905727
1853979 300 0.12214503950834066 161922131
1854279 300 0.11586795434591746 161790897
1854579 300 0.11704372256365232 161922131
1854879 300 0.11507146619841965 161922131
1855179 300 0.12831782265144862 176095379
1855479 300 0.1254921861281826 167302716
1855779 300 0.11941422300263388 162315832
1856079 300 0.1233492537313433 162184599
1856379 300 0.12182265144863914 162447066
1856679 300 0.12042879719051801 162463470
1856979 300 0.11803933274802458 162447066
1857279 300 0.11999262510974538 161922131
1857579 300 0.12094082528533802 161922131
1857879 300 0.12480948200175593 161922131
1858179 300 0.1389281826163301 175045509
1858479 300 0.13016681299385427 173077002
1858779 300 0.12362423178226514 163234469
1859079 300 0.12901000877963126 163513341
1859379 300 0.13118138718173836 162725938
1859679 300 0.13016681299385427 162201003
1859979 300 0.12833678665496048 162857172
1860279 300 0.12998665496049167 163250873
1860579 300 0.1304797190517998 162840768
1860879 300 0.12528358208955223 162463470
1861179 300 0.1279859525899912 165104550
1861479 300 0.13901352063213346 175882124
1861779 300 0.12897208077260755 165891953
1862079 300 0.12470517998244074 163136044
1862379 300 0.12505601404741 162988405
1862679 300 0.12708516242317822 162988405
1862979 300 0.1334286215978929 163103235
1863279 300 0.1327459174714662 163250873
1863579 300 0.12448709394205444 162972001
1863879 300 0.12507497805092185 162578300
1864179 300 0.1251603160667252 162184599
1864479 300 0.14145987708516242 179769925
1864779 300 0.12975908691834945 179507457
1865079 300 0.1254542581211589 163365703
1865379 300 0.12070377524143985 163103235
1865679 300 0.11955645302897279 163103235
1865979 300 0.1229604916593503 162972001
1866279 300 0.12503705004389815 163234469
1866579 300 0.12257172958735733 163103235
1866879 300 0.12116839332748025 162709534
1867179 300 0.12771097453906935 162972001
1867479 300 0.12889622475856014 164431977
1867779 300 0.1765148375768218 182279771
1868079 300 0.17885689201053556 180836199
1868379 300 0.14721545215100967 175865720
1868679 300 0.13429148375768218 175718082
1868979 300 0.22354556628621597 173487108
1869279 300 0.27471992976294995 165219380
1869579 300 0.2554809482001756 163119639
1869879 300 0.26995048287971907 163644574
1870179 300 0.2592453028972783 163759404
1870479 300 0.23798665496049165 163365703
1870779 300 0.27376224758560147 169927392
1871079 300 0.28631641791044776 186479252
1871379 300 0.2748052677787533 179507457
1871679 300 0.27630342405618963 177555355
1871979 300 0.18423318700614574 177424121
1872279 300 0.1698774363476734 172945768
1872579 300 0.1980674275680421 169271223
1872879 300 0.23183283582089553 164825679
1873179 300 0.2570265144863916 164678040
1873479 300 0.26818683055311676 165219380
1873779 300 0.28258050921861283 165727911
1874079 300 0.2742837576821774 165465443
1874379 300 0.27761194029850744 170714794
