44018 300 0.10172080772607552 151669492
44318 300 0.11736611062335381 156131441
44618 300 0.11817208077260755 155606506
44918 300 0.1140758560140474 156000207
45218 300 0.11269148375768218 155868973
45518 300 0.11810570676031606 155885377
45818 254 0.1319494293239684 172945768
46072 6 0.09896154521510096 182558643
46078 3 0.10050711150131694 177817822
46081 12 0.0970935908691835 177817822
46093 25 0.10274486391571554 184297490
46118 137 0.0883511852502195 168811905
46255 1 0.16366672519754172 92565080
46256 4 0.08599016681299386 92565080
46260 3 0.08599016681299386 92565080
46263 155 0.09801334503950834 117499497
46418 22 0.11365864793678665 153736424
46440 6 0.08598068481123794 148634711
46446 4 0.08555399473222125 144238380
46450 1 0.08394205443371379 144238380
46451 11 0.08394205443371379 144238380
46462 164 0.08505144863915716 151751514
46626 8 0.0823206321334504 78391832
46634 7 0.0823206321334504 78391832
46641 1 0.0823206321334504 78391832
46642 76 0.09832625109745391 90006021
46718 300 0.09751079894644425 138021180
47018 300 0.1153369622475856 147453607
47318 300 0.1157352063213345 147502820
47618 300 0.11830482879719052 148158989
47918 300 0.11415171202809482 148437861
48218 300 0.11413274802458297 148585498
48518 300 0.1129474978050922 148716732
48818 300 0.11973661106233537 156065824
49118 300 0.12510342405618965 175882124
49418 300 0.11485338015803336 166187229
49718 300 0.11301387181738368 164760061
50018 300 0.11344056189640037 158362415
50318 300 0.11564986830553117 154277764
50618 300 0.11360175592625109 150504793
50918 300 0.10927796312554873 150389963
51218 300 0.11501457418788412 150914898
51518 300 0.11652221246707639 150652431
51818 300 0.1197081650570676 150652431
52118 300 0.12394661984196664 153802041
52418 300 0.12644986830553115 168106523
52718 300 0.11753678665496048 168221352
53018 300 0.11676874451273048 165334209
53318 300 0.11830482879719052 154310572
53618 300 0.1151188762071993 151062536
53918 300 0.11729973661106234 151571067
54218 300 0.10920210711150131 151718705
54518 300 0.11309920983318701 151472641
54818 300 0.11103213345039507 151357812
55118 300 0.11816259877085161 153063851
55418 300 0.12585250219490782 166580930
55718 300 0.1196702370500439 166433292
56018 300 0.11267251975417032 152784979
56318 300 0.11665496049165934 152391278
56618 300 0.11110798946444249 151603875
56918 300 0.11776435469710272 151357812
57218 300 0.11536540825285338 151374216
57518 300 0.1153369622475856 152178023
57818 300 0.11521369622475856 152571724
58118 300 0.11568779631255487 153211489
58418 300 0.12529306409130817 175652465
58718 300 0.12557752414398596 174865062
59018 300 0.11507146619841965 162791555
59318 300 0.11814363476733979 159773178
59618 300 0.12022967515364355 157542204
59918 300 0.11946163301141352 155573697
60218 300 0.11697734855136085 152949022
60518 300 0.11565935030728708 152834192
60818 300 0.11455943810359966 152719363
61118 300 0.11795399473222123 153113064
61418 300 0.11588691834942932 153506765
61718 300 0.12687655838454784 167696418
62018 300 0.11965127304653204 161659663
62318 300 0.11386725197541704 153900466
62618 300 0.11566883230904301 153621595
62918 300 0.11615241439859526 153752829
63218 300 0.11287164179104477 153490361
63518 300 0.1097710272168569 153359127
63818 300 0.1185892888498683 153621595
64118 300 0.13191150131694468 154556635
64418 300 0.12237260755048288 154573039
64718 300 0.12847901668129938 167171482
65018 300 0.11558349429323968 162463470
65318 300 0.11454047410008779 160347326
65618 300 0.11689201053555752 160363730
65918 300 0.11452151009657593 158247585
66218 300 0.11611448639157154 156279079
66518 300 0.11590588235294118 154966741
66818 300 0.11829534679543459 154294168
67118 300 0.12015381913959614 154294168
67418 300 0.11943318700614573 154162934
67718 300 0.12941773485513608 162184599
68018 300 0.12643090430201934 167958885
68318 300 0.12112098331870061 155229208
68618 300 0.11996417910447761 154851912
68918 300 0.1198124670763828 173864405
69218 300 0.11351641791044777 154704273
69518 300 0.11512835820895523 154458210
69818 300 0.11245443371378401 154474614
70118 300 0.12035294117647058 154589444
70418 300 0.11648428446005268 154687869
70718 300 0.1185134328358209 154425402
71018 300 0.12943669885864795 167171482
71318 300 0.12947462686567163 160084858
71618 300 0.12527410008779633 155360442
71918 300 0.11888323090430203 155508080
72218 300 0.11952800702370499 166941823
72518 300 0.11782124670763827 154737082
72818 300 0.11563090430201932 154737082
73118 300 0.11386725197541704 154737082
73418 300 0.11706268656716418 154589444
73718 300 0.11768849868305531 154474614
74018 300 0.11371553994732221 154326976
74318 300 0.1263550482879719 164415573
74618 300 0.12466725197541703 154441806
74918 300 0.11469218612818262 154310572
75218 300 0.11400948200175592 154048105
75518 300 0.11509991220368745 154310572
75818 300 0.11702475856014047 154441806
76118 300 0.11304231782265145 154195743
76418 300 0.1153369622475856 154212147
76718 300 0.11979350307287094 154080913
77018 300 0.11973661106233537 153949679
77318 300 0.13320105355575065 166433292
77618 300 0.1254163301141352 163267278
77918 300 0.1171764705882353 154737082
78218 300 0.11836172080772606 154737082
78518 300 0.11575417032484636 154737082
78818 300 0.11716698858647936 154638657
79118 300 0.11705320456540826 154901124
79418 300 0.11692045654082528 154901124
79718 300 0.11611448639157154 154753486
80018 300 0.11827638279192274 155262017
80318 300 0.12614644424934152 175472019
80618 300 0.1201443371378402 175340785
80918 300 0.11373450395083406 170501539
81218 300 0.11692045654082528 169845370
81518 300 0.12137699736611063 163398511
81818 300 0.1173945566286216 159477902
82118 300 0.1167118525021949 156459525
82418 300 0.1225243195785777 154507423
82718 300 0.11943318700614573 154769890
83018 300 0.11977453906935909 154753486
83318 300 0.11894012291483759 154769890
83618 300 0.1279859525899912 163316490
83918 300 0.12815662862159788 180114414
84218 300 0.1250275680421422 170403114
84518 300 0.12119683933274802 167614396
84818 300 0.1223441615452151 160937878
85118 300 0.11871255487269534 158559265
85418 300 0.12078911325724319 156328291
85718 300 0.11798244073748902 155163592
86018 300 0.1197460930640913 155179996
86318 300 0.12137699736611063 155048762
86618 300 0.1187694468832309 155048762
86918 300 0.13182616330114136 174733828
87218 300 0.13150377524143986 178933309
87518 300 0.12392765583845479 164497594
87818 300 0.1229604916593503 164366360
88118 300 0.12681018437225638 163431319
88418 300 0.12254328358208955 161725281
88718 300 0.12163301141352063 160544176
89018 300 0.12052361720807726 160806644
89318 300 0.11640842844600525 160659006
89618 300 0.12004951712028095 159100605
89918 300 0.1255870061457419 158050735
90218 300 0.14045478489903424 163693787
90518 300 0.12589991220368743 158854542
90818 300 0.12105460930640914 157017269
91118 300 0.12416470588235294 157148503
91418 300 0.12211659350307286 157000864
91718 300 0.12395610184372256 157132098
92018 300 0.12771097453906935 156853227
92318 300 0.12318805970149253 156721993
92618 300 0.12405092186128183 157246928
92918 300 0.12491378402107112 157263332
93218 300 0.13491729587357332 165416230
93518 300 0.14020825285338015 176571102
93818 300 0.1278721685689201 165547464
94118 300 0.12820403863037752 164366360
94418 300 0.12637401229148376 163185256
94718 300 0.12831782265144862 158460840
95018 300 0.12731273046532046 157148503
95318 300 0.12456294995610184 157279736
95618 300 0.13010043898156276 157263332
95918 300 0.128526426690079 157132098
96218 300 0.12726532045654085 157788267
96518 300 0.12892467076382794 163168852
96818 300 0.1373636523266023 181033050
97118 300 0.1250275680421422 172486450
97418 300 0.12221141352063214 172240387
97718 300 0.12196488147497805 171452984
98018 300 0.12594732221246707 164760061
98318 300 0.12500860403863037 160954282
98618 300 0.12268551360842846 160954282
98918 300 0.12445864793678665 160150475
99218 300 0.12095978928884987 158198373
99518 300 0.12196488147497805 157935905
99818 300 0.1323476733977173 159658348
100118 300 0.13932642669007902 179491053
100418 300 0.1299582089552239 176997612
100718 300 0.12442071992976295 173191832
101018 300 0.12400351185250219 171223325
101318 300 0.12503705004389815 165071742
101618 300 0.12500860403863037 159018584
101918 300 0.12602317822651446 158756116
102218 300 0.1271515364354697 158493649
102518 300 0.12505601404741 158887350
102818 300 0.12371905179982441 159149818
103118 300 0.12961685689201052 166892610
103418 300 0.13618788410886742 185002872
103718 300 0.1284126426690079 179376223
104018 300 0.12381387181738367 174258106
104318 300 0.12789113257243195 172552067
104618 300 0.12354837576821774 166925419
104918 300 0.12351044776119403 159970029
105218 300 0.12115891132572432 159691157
105518 300 0.12112098331870061 159543519
105818 300 0.1228087796312555 159412285
106118 300 0.12307427568042141 159674753
106418 300 0.1307262510974539 171354559
106718 300 0.12838419666374012 181311922
107018 300 0.12773942054433712 173585533
107318 300 0.1225622475856014 173454300
107618 300 0.12514135206321333 182000899
107918 300 0.12569130816505705 165990378
108218 300 0.12354837576821774 159805986
108518 300 0.12188902546093065 159281052
108818 300 0.1266774363476734 159953625
109118 300 0.12536892010535558 160068454
109418 300 0.1271799824407375 159691157
109718 300 0.13022370500438982 165695102
110018 300 0.1348414398595259 164924104
110318 300 0.12789113257243195 160314517
110618 300 0.12351044776119403 160052050
110918 300 0.1263834942932397 160068454
111218 300 0.1198503950834065 159822391
111518 300 0.12366215978928885 160084858
111818 300 0.12307427568042141 159970029
112118 300 0.12150026338893766 159707561
112418 300 0.1262507462686567 160101262
112718 300 0.1261369622475856 160232496
113018 300 0.13799894644424934 175718082
113318 300 0.13768604038630378 180819795
113618 300 0.12994872695346796 173995639
113918 300 0.12505601404741 173716767
114218 300 0.12387076382791923 193270600
114518 300 0.11751782265144865 166498909
114818 300 0.15984547848990344 163907042
115118 300 0.18863283582089552 161938536
115418 300 0.12195539947322212 161676068
115718 300 0.1233208077260755 161528430
116018 300 0.11868410886742758 161659663
116318 300 0.13020474100087795 180573732
116618 300 0.1330683055311677 168237757
116918 300 0.12616540825285338 166269250
117218 300 0.12409833187006145 164710849
117518 300 0.12067532923617208 164448381
117818 300 0.11965127304653204 162217407
118118 300 0.11724284460052677 161052708
118418 300 0.11915820895522387 160773835
118718 300 0.11666444249341527 161413600
119018 300 0.11802036874451274 161561238
119318 300 0.1190918349429324 161298771
119618 300 0.1294935908691835 168254161
119918 300 0.13536294995610185 184395916
120218 300 0.12455346795434592 174815850
120518 300 0.1208270412642669 172059940
120818 300 0.12248639157155398 170747602
121118 300 0.11610500438981562 162725938
121418 300 0.11337418788410886 161019899
121718 300 0.1152990342405619 160642602
122018 300 0.11677822651448638 160511368
122318 300 0.11891167690956979 161430004
122618 300 0.11768849868305531 161151133
122918 300 0.11756523266022828 160773835
123218 300 0.13178823529411765 178884097
123518 300 0.12771097453906935 180491710
123818 300 0.12187006145741879 174848658
124118 300 0.12207866549604916 172223983
124418 300 0.12531202809482 163956255
124718 300 0.11727129060579455 161216749
125018 300 0.11707216856892011 161331579
125318 300 0.11387673397717296 160937878
125618 300 0.11938577699736612 161052708
125918 300 0.11700579455662863 161577642
126218 300 0.10978999122036874 161708876
126518 300 0.12041931518876207 166712164
126818 300 0.12199332748024583 174602595
127118 300 0.1098089552238806 167237099
127418 300 0.10913573309920983 161200345
127718 300 0.10744793678665497 179048139
128018 300 0.10725829675153643 167893268
128318 300 0.10707813871817383 167762034
128618 300 0.10755223880597016 164743657
128918 300 0.10868059701492538 161347983
129218 300 0.10632906057945567 161069112
129518 300 0.11035891132572434 167253504
129818 300 0.11711957857769972 173044194
130118 300 0.11124073748902547 168024502
130418 300 0.108471992976295 167893268
130718 300 0.10695487269534679 166203633
131018 300 0.10660403863037753 163431319
131318 300 0.1102071992976295 161594047
131618 300 0.10579806848112379 161479217
131918 300 0.10465074626865674 161446409
132218 300 0.10720140474100087 161708876
132518 300 0.1116579455662862 161987748
132818 300 0.1265731343283582 176160996
133118 300 0.11319402985074627 166712164
133418 300 0.10935381913959613 162906384
133718 300 0.10953397717295875 162381450
134018 300 0.11111747146619842 162758746
134318 300 0.10582651448639156 162906384
134618 300 0.11101316944688323 162627513
134918 300 0.10524811237928007 162102577
135218 300 0.10741949078138718 161971344
135518 300 0.1052196663740123 161856514
135818 300 0.10848147497805093 162233811
136118 300 0.11791606672519754 168155736
136418 300 0.1225622475856014 181016646
136718 300 0.11211308165057068 181820452
137018 300 0.11008393327480245 175521231
137318 300 0.11229323968393327 174094064
137618 300 0.11239754170324848 167926077
137918 300 0.11127866549604916 162266620
138218 300 0.10911676909569797 162151790
138518 300 0.1100270412642669 162529087
138818 300 0.11308972783143108 162151790
139118 300 0.11070974539069359 162135386
139418 300 0.12467673397717297 172355217
139718 300 0.11703424056189639 178523204
140018 300 0.1153369622475856 175373593
140318 300 0.11476804214223003 174996296
140618 300 0.11121229148375768 165547464
140918 300 0.11215100965759438 161889323
141218 300 0.11101316944688323 162135386
141518 300 0.11061492537313432 162004152
141818 300 0.11231220368744514 161610451
142118 300 0.11386725197541704 162397854
142418 300 0.1274644424934153 182739089
142718 300 0.12181316944688322 177112441
143018 300 0.11268200175592626 163726596
143318 300 0.11498612818261633 163595362
143618 300 0.11477752414398595 163480532
143918 300 0.11417067603160667 163989063
144218 300 0.11368709394205445 164136701
144518 300 0.11225531167690957 164136701
144818 300 0.11463529411764706 164153106
145118 300 0.11839964881474978 165727911
145418 300 0.12728428446005266 178720054
145718 300 0.11718595258999123 169254819
146018 300 0.11445513608428445 163743000
146318 300 0.11395258999122036 163611766
146618 300 0.11169587357330993 163464128
146918 300 0.11180017559262512 163332894
147218 300 0.11405689201053557 163480532
147518 300 0.11266303775241439 163349298
147818 300 0.11235961369622476 162955597
148118 300 0.1141043020193152 162824364
148418 300 0.12507497805092185 175701678
148718 300 0.12036242317822651 172666897
149018 300 0.11091834942932396 163496937
149318 300 0.11314661984196664 163726596
149618 300 0.11196136962247585 163857829
149918 300 0.1124449517120281 163726596
150218 300 0.1096667251975417 163726596
150518 300 0.10719192273924495 163332894
150818 300 0.11057699736611061 163365703
151118 300 0.11192344161545216 163743000
151418 300 0.11117436347673398 163628170
151718 300 0.11116488147497805 163611766
