1450768 300 0.5071048287971905 176472676
1451068 300 0.5196969271290606 176210209
1451368 300 0.5211192273924494 177260079
1451668 300 0.5223708516242318 191302093
1451968 300 0.5098356453028973 182378196
1452268 300 0.5144249341527656 177260079
1452568 300 0.5270644424934153 176751548
1452868 300 0.5298331870061457 174651808
1453168 300 0.5150886742756804 174783042
1453468 300 0.49522388059701494 174783042
1453768 300 0.5004484635645303 174651808
1454068 300 0.5111157155399473 179113756
1454368 300 0.5172410886742757 189858522
1454668 300 0.4998036874451273 179622287
1454968 300 0.49636172080772606 176341443
1455268 300 0.506147146619842 173323066
1455568 300 0.5075315188762072 169910988
1455868 300 0.5026862159789289 168352586
1456168 300 0.4845566286215979 168204948
1456468 300 0.5121113257243196 169681328
1456768 300 0.5289703248463564 187791589
1457068 300 0.5019466198419665 179113756
1457368 300 0.5123578577699737 174914275
1457668 300 0.5154774363476734 175307976
1457968 300 0.5153446883230904 174520574
1458268 300 0.519128007023705 172814535
1458568 300 0.5153541703248463 172552067
1458868 300 0.5284203687445127 171895898
1459168 300 0.535190517998244 183444471
1459468 300 0.5386230026338894 174520574
1459768 300 0.5036344161545215 167171482
1460068 300 0.5028853380158034 167040249
1460368 300 0.4885580333625988 166777781
1460668 300 0.4919525899912203 166909015
1460968 300 0.4971961369622476 167171482
1461268 300 0.5010458296751535 170058625
1461568 300 0.5175919227392449 185150510
1461868 300 0.5101485513608428 177030420
1462168 300 0.5225604916593504 173224640
1462468 300 0.5161316944688322 178195120
1462768 300 0.5081383669885865 169648520
1463068 300 0.5136663740122914 169533690
1463368 300 0.5085271290605795 168877521
1463668 300 0.5106131694468833 169025160
1463968 300 0.5126517998244073 168729883
1464268 300 0.5094563652326601 166121612
1464568 300 0.5094374012291483 164136701
1464868 300 0.5114949956101843 163234469
1465168 300 0.5073039508340649 163218065
1465468 300 0.5211287093942054 163086831
1465768 300 0.519649517120281 162955597
1466068 300 0.5220389815627744 168073714
1466368 300 0.5286289727831431 168992351
1466668 300 0.5219157155399473 164153106
1466968 300 0.5268842844600526 164021872
1467268 300 0.5135715539947322 164153106
1467568 300 0.5079107989464443 164021872
1467868 300 0.49711079894644417 164021872
1468168 300 0.4909569798068481 164021872
1468468 300 0.520550307287094 171633430
1468768 300 0.5154110623353818 185281744
1469068 300 0.238328007023705 175045509
1469368 300 0.15153924495171203 174930679
1469668 300 0.1487041264266901 174799446
1469968 300 0.1468266900790167 174668212
1470268 300 0.14794556628621597 174126873
1470568 300 0.1491782265144864 172420833
1470868 300 0.1547062335381914 176095379
1471168 300 0.1650036874451273 188825056
1471468 300 0.15026865671641793 180951029
1471768 300 0.1479929762949956 176899186
1472068 300 0.15360632133450397 176636718
1472368 300 0.1480593503072871 175078317
1472668 300 0.1489222124670764 169550094
1472968 300 0.14647585601404742 167187886
1473268 300 0.14463634767339772 167302716
1473568 300 0.15691553994732219 182788302
1473868 300 0.15536997366110625 182000899
1474168 300 0.14734820017559264 175176742
1474468 300 0.1482774363476734 187775185
1474768 300 0.1442001755926251 172568472
1475068 300 0.14482598770851624 169796158
1475368 300 0.1415262510974539 168877521
1475668 300 0.14371659350307286 164546807
1475968 300 0.16348656716417911 178326354
1476268 300 0.15763617208077263 169796158
1476568 300 0.14617243195785776 169812562
1476868 300 0.14391571553994734 178851288
1477168 300 0.14743353819139596 172306004
1477468 300 0.1468266900790167 170731198
1477768 300 0.14237014925373134 166777781
1478068 300 0.14456997366110622 166909015
1478368 300 0.15114100087796312 174947083
1478668 300 0.15207023705004388 170731198
1478968 300 0.1408056189640035 170468731
1479268 300 0.1441622475856014 170337497
1479568 300 0.1421710272168569 169139989
1479868 300 0.14273046532045655 165875549
1480168 300 0.14331834942932395 165498252
1480468 300 0.1458215978928885 165990378
1480768 300 0.1571620719929763 180311264
1481068 300 0.1489222124670764 170977262
1481368 300 0.14740509218612818 165859144
1481668 300 0.14879894644424935 165990378
1481968 300 0.14949113257243196 165859144
1482268 300 0.14653274802458296 166039591
1482568 300 0.14699736611062336 166302058
1482868 300 0.1490739244951712 166449696
1483168 300 0.1548294995610184 172355217
1483468 300 0.16169446883230904 184297490
1483768 300 0.1545545215100966 180229243
1484068 300 0.1468266900790167 174323723
1484368 300 0.14908340649692714 169845370
1484668 300 0.1495480245829675 169861774
1484968 300 0.14651378402107113 169582903
1485268 300 0.14908340649692714 169845370
1485568 300 0.15694398595259 174471361
1485868 300 0.1665587357330992 185626232
1486168 300 0.15456400351185254 176308634
1486468 300 0.14702581211589114 173159023
1486768 300 0.15068586479367868 172765322
1487068 300 0.1437260755048288 172109153
1487368 300 0.1450345917471466 169057968
1487668 300 0.14428551360842845 167909672
1487968 300 0.14731027216856893 168713479
1488268 300 0.1623297629499561 187069804
1488568 300 0.1480972783143108 177752206
1488868 300 0.14437085162423177 171436580
1489168 300 0.14787919227392451 171452984
1489468 300 0.14645689201053555 171436580
1489768 300 0.1511315188762072 170517943
1490068 300 0.15117892888498685 166728568
1490368 300 0.15380544337137841 163825021
1490668 300 0.16031957857769974 184822425
1490968 300 0.15304688323090432 180918220
1491268 300 0.1546019315188762 175143934
1491568 300 0.15182370500438983 174865062
1491868 300 0.15440280948200175 174471361
1492168 300 0.14677928007023705 171584218
1492468 300 0.15050570676031605 168565841
1492768 300 0.15440280948200175 167384737
1493068 300 0.15740860403863038 170534348
1493368 300 0.16333485513608428 174865062
1493668 300 0.1555690956979807 167909672
1493968 300 0.15212712906057943 166466101
1494268 300 0.15368217734855139 166334867
1494568 300 0.1531227392449517 165941166
1494868 300 0.15375803336259877 165678698
1495168 300 0.15618542581211592 165809932
1495468 300 0.1559009657594381 165957570
1495768 300 0.16506057945566285 172502854
1496068 300 0.16160913081650571 188136078
1496368 300 0.1554647936786655 175800103
1496668 300 0.15677330992098332 173848000
1496968 300 0.16383740122914836 172109153
1497268 300 0.1598739244951712 171584218
1497568 300 0.15740860403863038 167007440
1497868 300 0.15063845478489904 165284997
1498168 300 0.15719051799824407 163595362
1498468 300 0.17001018437225637 166220037
1498768 300 0.16949815627743636 190514691
1499068 300 0.17121439859525903 188956290
1499368 300 0.4510756804214222 177145249
1499668 300 0.5189099209833187 177145249
1499968 300 0.5045162423178227 177128845
1500268 300 0.5119975417032484 176882782
1500568 300 0.4963143107989464 176866378
1500868 300 0.5057963125548727 176866378
1501168 300 0.49756593503072866 176751548
1501468 300 0.5032361720807725 182919535
1501768 300 0.5218872695346796 189612458
1502068 300 0.5183978928884986 182132133
1502368 300 0.5019086918349429 173618341
1502668 300 0.5052179104477611 170353902
1502968 300 0.4995476733977173 169943796
1503268 300 0.5027146619841967 169943796
1503568 300 0.49519543459174714 169287627
1503868 300 0.49246461808604036 167302716
1504168 300 0.4874770851624232 167450354
1504468 300 0.49633327480245826 179917563
1504768 300 0.48478419666374006 187397888
1505068 300 0.47706584723441614 178752863
1505368 300 0.47450570676031606 178621629
1505668 300 0.4708741000877963 178490395
1505968 253 0.48222405618964 178227928
1506221 47 0.3566254609306409 178096694
1506268 137 0.34468762071992975 176521889
1506405 3 0.34337910447761194 101062467
1506408 9 0.3415301141352063 101062467
1506417 151 0.35273784021071114 116449627
1506568 300 0.3816200175592625 163989063
1506868 300 0.4426461808604038 171797473
1507168 300 0.45062054433713783 171010070
1507468 300 0.44859139596136965 179392628
1507768 300 0.41914029850746265 168122927
1508068 177 0.43428305531167694 167204290
1508245 123 0.33742440737489027 167204290
1508368 61 0.319977524143986 165645889
1508429 4 0.3252021071115014 95993562
1508433 1 0.3170665496049166 91367572
1508434 8 0.3170665496049166 91367572
1508442 1 0.3170665496049166 91367572
1508443 1 0.3170665496049166 91367572
1508444 224 0.34084741000877966 124963419
1508668 300 0.4125977172958736 160134071
1508968 184 0.4314669007901668 160412943
1509152 116 0.29729657594381037 160281709
1509268 68 0.30052045654082526 158575670
1509336 2 0.314316769095698 85740924
1509338 1 0.2962820017559263 85740924
1509339 10 0.2962820017559263 85740924
1509349 1 0.2962820017559263 85757328
1509350 1 0.2962820017559263 85757328
1509351 210 0.32093520632133454 119992939
1509561 7 0.23188024582967517 119992939
1509568 179 0.30047304653204565 153457552
1509747 4 0.29952484635645305 81935144
1509751 2 0.29764741000877964 81935144
1509753 10 0.29764741000877964 81935144
1509763 105 0.3135961369622476 94057864
1509868 300 0.350955223880597 159166222
1510168 300 0.40175978928884987 167630800
1510468 300 0.379249517120281 155294826
1510768 300 0.3821415276558384 153473957
1511068 300 0.3796477611940299 153703616
1511368 300 0.36658156277436343 153851254
1511668 300 0.3664772607550483 153687211
1511968 300 0.3620017559262511 153818445
1512268 300 0.37616786654960493 159871603
1512568 300 0.37345601404740997 173782384
1512868 300 0.36083546971027214 173782384
1513168 300 0.35008287971905183 166302058
1513468 300 0.3449720807726076 161840110
1513768 300 0.33695978928884984 157771863
1514068 300 0.348641615452151 155015953
1514368 300 0.3423266022827041 155672122
1514668 300 0.3543213345039508 155540889
1514968 300 0.35188446005267776 162627513
1515268 300 0.3477313432835821 171551410
1515568 300 0.34314205443371376 156590759
1515868 300 0.3466503950834065 156590759
1516168 300 0.34298086040386305 156754801
1516468 300 0.3565496049165935 156607163
1516768 300 0.33698823529411764 156607163
1517068 300 0.3355564530289728 156738397
1517368 300 0.34203266022827045 156344695
1517668 300 0.3451996488147498 156475929
1517968 300 0.34155856014047414 156344695
1518268 300 0.338875153643547 156213462
1518568 300 0.3449815627743635 156607163
1518868 300 0.34922949956101845 156607163
1519168 300 0.39467673397717296 156344695
1519468 300 0.3525671641791045 156213462
1519768 300 0.4140389815627744 174454957
1520068 300 0.36533942054433716 184166256
1520368 300 0.3503957857769974 173388682
1520668 300 0.3274019315188762 170386710
1520968 300 0.3345134328358209 170239072
1521268 300 0.3264916593503073 168795500
1521568 300 0.3246237050043898 164874891
1521868 300 0.3231160667251976 162381450
1522168 300 0.32193081650570676 162496279
1522468 300 0.33066374012291483 179556670
1522768 300 0.32353327480245825 177194462
1523068 300 0.3184698858647937 169714137
1523368 300 0.32854925373134325 169599307
1523668 300 0.33403933274802455 174176085
1523968 300 0.3228410886742757 165645889
1524268 300 0.32436769095697976 159346668
1524568 300 0.3300094820017559 158706904
1524868 300 0.3357650570676032 159363072
1525168 300 0.316753643546971 169205606
1525468 300 0.32145671641791046 166974631
1525768 300 0.31259104477611943 163825021
1526068 300 0.22785039508340654 84051288
1526368 69 0.2332456540825285 84051288
1526437 231 0.2985197541703249 163152448
1526668 107 0.21486005267778752 81820314
1526775 193 0.3031469710272168 163152448
1526968 300 0.30878876207199296 159740370
1527268 300 0.3037253731343284 159330264
1527568 300 0.32635891132572437 173388682
1527868 300 0.31757857769973663 191876241
1528168 300 0.30474942932396837 176685931
1528468 300 0.30657945566286215 175357189
1528768 300 0.3156063213345039 173405086
1529068 300 0.3164312554872695 171567814
1529368 300 0.32071712028094823 170124242
1529668 300 0.33095768217734856 165006125
1529968 300 0.321390342405619 163710192
1530268 300 0.3200154521510096 164103893
1530568 300 0.32161791044776117 185888700
1530868 300 0.35598068481123796 177210866
1531168 131 0.19075680421422303 88464024
1531299 169 0.23621352063213344 171059283
1531468 300 0.1702377524143986 180754178
1531768 300 0.15955153643546974 174454957
1532068 300 0.15368217734855139 171436580
1532368 300 0.15384337137840212 165793528
1532668 300 0.14951957857769974 159740370
