1079392 300 0.15808182616330116 176144592
1079692 300 0.17387884108867427 188480567
1079992 300 0.16787673397717298 178375566
1080292 300 0.15645092186128182 178769268
1080592 300 0.15392870939420547 178638034
1080892 300 0.16573380158033363 178375566
1081192 300 0.15622335381913957 177063228
1081492 300 0.15763617208077263 176013358
1081792 300 0.15769306409130815 176013358
1082092 300 0.16775346795434593 176931994
1082392 300 0.16644495171202808 195173490
1082692 300 0.15736119402985077 190580307
1082992 300 0.1504393327480246 181262709
1083292 300 0.15292361720807726 181131475
1083592 300 0.15821457418788412 181131475
1083892 300 0.15509499561018436 180098010
1084192 300 0.15683968393327483 178113099
1084492 300 0.156043195785777 176931994
1084792 300 0.1519564530289728 177325696
1085092 300 0.16430201931518876 193729918
1085392 300 0.15349253731343285 195435957
1085692 300 0.1462198419666374 188628205
1085992 300 0.15108410886742757 188103270
1086292 300 0.1473387181738367 184428724
1086592 300 0.13810324846356453 180229243
1086892 300 0.14742405618964002 179179373
1087192 300 0.1442001755926251 176931994
1087492 300 0.16057559262510976 198191866
1087792 300 0.15588200175592626 205147257
1088092 300 0.15176681299385428 189267970
1088392 300 0.14640948200175594 201997646
1088692 300 0.15123582089552237 185724658
1088992 300 0.14215206321334506 181656411
1089292 300 0.1433942054433714 181147879
1089592 300 0.1384161545215101 180754178
1089892 300 0.1433942054433714 178244332
1090192 300 0.1555027216856892 191236476
1090492 300 0.15103669885864793 183756151
1090792 300 0.14569833187006145 183903789
1091092 300 0.147300790166813 183903789
1091392 300 0.14774644424934152 181787644
1091692 300 0.14715856014047413 179031735
1091992 300 0.14005654082528535 178638034
1092292 300 0.1443329236172081 178638034
1092592 300 0.1451009657594381 179556670
1092892 300 0.15610008779631254 197404464
1093192 300 0.15372010535557504 202538985
1093492 300 0.15085654082528535 191121646
1093792 300 0.15259174714661983 191252880
1094092 300 0.14299596136962248 186922166
1094392 300 0.14591641791044777 181918878
1094692 300 0.15154872695346797 182066516
1094992 300 0.15153924495171203 183247620
1095292 300 0.15505706760316068 189924138
1095592 300 0.14749991220368744 185199723
1095892 300 0.14749043020193153 182312580
1096192 300 0.15048674275680424 181393943
1096492 300 0.14324249341527656 179048139
1096792 300 0.1398289727831431 178506800
1097092 300 0.1377618964003512 178523204
1097392 300 0.13616892010535558 178391970
1097692 300 0.1505531167690957 185068489
1097992 300 0.13944969271290605 184806021
1098292 300 0.13578964003511854 178638034
1098592 300 0.13779034240561897 178769268
1098892 300 0.1390230026338894 178638034
1099192 300 0.13562844600526777 178900501
1099492 300 0.1359223880597015 178769268
1099792 300 0.13744899034240562 182837514
1100092 300 0.14841966637401227 204097386
1100392 300 0.1405496049165935 197666931
1100692 300 0.13633959613696225 192811282
1100992 300 0.14035996488147498 192680048
1101292 300 0.13842563652326603 191252880
1101592 300 0.1454612818261633 189005502
1101892 300 0.14512941176470587 187036995
1102192 300 0.15427954345917472 186512060
1102492 300 0.16018683055311675 200685308
1102792 300 0.153985601404741 191236476
1103092 300 0.14714907813871816 184806021
1103392 300 0.13842563652326603 184674787
1103692 300 0.1425028972783143 184297490
1103992 300 0.1433657594381036 182968748
1104292 300 0.14186760316066724 181131475
1104592 300 0.14425706760316068 181393943
1104892 300 0.15616646180860405 190465478
1105192 300 0.1447690956979807 182837514
1105492 300 0.14379244951712028 181262709
1105792 300 0.1424649692712906 181131475
1106092 300 0.14113748902546092 181410347
1106392 300 0.14356488147497803 181279113
1106692 300 0.14490184372256365 181393943
1106992 300 0.1445225636523266 181262709
1107292 300 0.15667848990342406 196485827
1107592 300 0.1556165057067603 187693164
1107892 300 0.1443329236172081 181525177
1108192 300 0.14469323968393327 181393943
1108492 300 0.14178226514486392 181262709
1108792 300 0.14008498683055312 181000242
1109092 300 0.14475013169446882 181000242
1109392 300 0.14834381035996488 183493683
1109692 300 0.15572080772607552 189005502
1109992 300 0.14504407374890255 181393943
1110292 300 0.13894714661984198 181393943
1110592 300 0.1407676909569798 194911022
1110892 300 0.1365482001755926 181672815
1111192 300 0.1403978928884987 181525177
1111492 300 0.13938331870061457 181541581
1111792 300 0.14468375768217734 181262709
1112092 300 0.15212712906057943 188218099
1112392 300 0.1585085162423178 186249592
1112692 300 0.1494721685689201 181525177
1112992 300 0.14247445127304653 181525177
1113292 300 0.14562247585601404 181410347
1113592 300 0.14692151009657595 181147879
1113892 300 0.14212361720807726 181262709
1114192 300 0.13886180860403863 181393943
1114492 300 0.13770500438981562 181410347
1114792 300 0.14843863037752414 187201038
1115092 300 0.15157717295873574 198470738
1115392 300 0.1429011413520632 181804048
1115692 300 0.14445618964003512 181672815
1115992 300 0.15244951712028096 206607232
1116292 300 0.1439062335381914 173913618
1116592 300 0.14050219490781388 173782384
1116892 300 0.14045478489903424 173782384
1117192 300 0.13934539069359086 174307319
1117492 300 0.143441615452151 174602595
1117792 300 0.1463241439859526 176029762
1118092 300 0.14896962247585602 187709568
1118392 300 0.14685513608428447 166597335
1118692 300 0.1416684811237928 166564526
1118992 300 0.14262616330114136 166564526
1119292 300 0.14397260755048288 178523204
1119592 300 0.14511044776119403 166039591
1119892 300 0.14620087796312556 166187229
1120192 300 0.1475283582089552 166039591
1120492 300 0.14916874451273046 167089461
1120792 300 0.16262370500438983 175357189
1121092 300 0.1506669007901668 165777123
1121392 300 0.14786022827041265 165908357
1121692 300 0.14819209833187005 165547464
1121992 300 0.14789815627743633 165399826
1122292 300 0.15054363476733978 165547464
1122592 300 0.14796453028972784 165531060
1122892 300 0.1506005267778753 165514656
1123192 300 0.16451062335381916 173930022
1123492 53 0.07025004389815628 6000000
1123545 237 0.10883230904302019 86511922
1123782 10 0.13760070237050043 168270565
1123792 300 0.14180122914837576 165645889
1124092 300 0.14769903424056188 165777123
1124392 300 0.14533801580333625 165941166
1124692 300 0.1393643546971027 165793528
1124992 300 0.14063494293239684 165924762
1125292 300 0.14117541703248465 165809932
1125592 300 0.14815417032484637 165924762
1125892 300 0.163628797190518 176571102
1126192 300 0.16165654082528533 187709568
1126492 300 0.15176681299385428 179458245
1126792 19 0.1555880597014925 178260736
1126811 1 0.11668340649692713 175767295
1126812 5 0.11958489903424056 173044194
1126817 4 0.11777383669885864 167975289
1126821 1 0.1159532923617208 167630800
1126822 8 0.1159532923617208 167630800
1126830 168 0.11727129060579455 175029105
1126998 2 0.11772642669007902 100882020
1127000 1 0.11453099209833187 100882020
1127001 8 0.11453099209833187 100882020
1127009 83 0.1304797190517998 113447655
1127092 300 0.12792906057945566 160494964
1127392 300 0.14637155399473223 169746945
1127692 300 0.15310377524143984 170288284
1127992 300 0.15508551360842845 170157051
1128292 244 0.1072393327480246 87364941
1128536 56 0.15117892888498685 170452327
1128592 275 0.17010500438981566 181492368
1128867 5 0.12105460930640914 173241045
1128872 3 0.12150026338893766 168024502
1128875 1 0.11986935908691834 168024502
1128876 9 0.11986935908691834 168024502
1128885 7 0.13157014925373134 172125558
1128892 161 0.11532748024582967 178211524
1129053 3 0.11276733977172959 104589375
1129056 1 0.11276733977172959 104589375
1129057 10 0.11276733977172959 104589375
1129067 1 0.11276733977172959 104589375
1129068 124 0.1261369622475856 121846617
1129192 300 0.14133661106233536 160117667
1129492 71 0.17130921861281828 162627513
1129563 51 0.11628516242317821 155737740
1129614 2 0.12020122914837576 153982488
1129616 10 0.11563090430201932 153982488
1129626 121 0.11716698858647936 161495622
1129747 3 0.1167118525021949 84592628
1129750 9 0.11393362598770851 84592628
1129759 33 0.12455346795434592 94910884
1129792 235 0.13081158911325724 130688492
1130027 5 0.08883476733977172 128096625
1130032 3 0.08902440737489027 123191763
1130035 1 0.08732712906057946 123191763
1130036 9 0.08732712906057946 123191763
1130045 47 0.0907027216856892 129753451
1130092 119 0.1086900790166813 154195743
1130211 3 0.10607304653204566 79523723
1130214 10 0.10607304653204566 79523723
1130224 168 0.1195185250219491 100914829
1130392 300 0.1415262510974539 147929329
1130692 300 0.14855241439859526 150586813
1130992 300 0.15748446005267777 174061255
1131292 300 0.15438384547848988 172535663
1131592 300 0.15331237928007022 162168195
1131892 300 0.14844811237928007 159149818
1132192 300 0.14806883230904302 157033673
1132492 300 0.14790763827919226 154704273
1132792 300 0.151283230904302 154441806
1133092 300 0.15382440737489025 154983145
1133392 300 0.16682423178226516 169435265
1133692 300 0.1585748902546093 166580930
1133992 300 0.1510935908691835 155163592
1134292 300 0.1534451273046532 155294826
1134592 300 0.1534546093064091 155163592
1134892 300 0.152060755048288 154868316
1135192 300 0.15057208077260756 154737082
1135492 300 0.15736119402985077 173355874
1135792 300 0.1548294995610184 163136044
1136092 300 0.15515188762071994 163021214
1136392 300 0.15675434591747148 162496279
1136692 300 0.15722844600526778 156459525
1136992 300 0.15381492537313432 156721993
1137292 300 0.15832835820895522 156082228
1137592 300 0.16261422300263392 155721335
1137892 300 0.16602774363476738 156361100
1138192 300 0.16413134328358212 156229866
1138492 300 0.16332537313432835 156000207
1138792 300 0.1565457418788411 156115036
1139092 300 0.17587954345917473 170665582
1139392 300 0.1706075504828797 180508115
1139692 300 0.16021527655838455 172027132
1139992 300 0.16223494293239685 170304688
1140292 300 0.1673172958735733 164825679
1140592 300 0.16498472344161544 160396539
1140892 300 0.16982054433713784 158706904
1141192 300 0.16762071992976293 156475929
1141492 300 0.1674215978928885 156869631
1141792 300 0.1690809482001756 156475929
1142092 300 0.1688249341527656 156344695
1142392 300 0.17350904302019313 162889980
1142692 300 0.17787076382791925 168286969
1142992 300 0.16806637401229152 162118982
1143292 300 0.17194451273046532 156771205
1143592 300 0.1691947322212467 156623568
1143892 300 0.17232379280070237 168828309
1144192 300 0.16714661984196663 154933933
1144492 300 0.16551571553994734 170288284
1144792 300 0.16588551360842846 156918843
1145092 300 0.16407445127304654 156771205
1145392 300 0.16573380158033363 156771205
1145692 300 0.16574328358208956 156508738
1145992 300 0.16019631255487268 156639972
1146292 300 0.1637141352063213 156508738
1146592 300 0.17990939420544338 159789582
1146892 300 0.18287726075504832 179786329
1147192 300 0.17542440737489023 168073714
1147492 300 0.17028516242317823 154294168
1147792 300 0.1691947322212467 154589444
1148092 300 0.16585706760316066 154179338
1148392 300 0.163372783143108 154195743
1148692 300 0.16961194029850746 154326976
1148992 300 0.16574328358208956 154064509
1149292 300 0.1675353819139596 154064509
1149592 300 0.17114802458296752 155360442
1149892 300 0.17847761194029851 168090118
1150192 300 0.17169798068481124 166646547
1150492 300 0.17232379280070237 154474614
1150792 300 0.16159016681299387 154458210
1151092 300 0.16580965759438107 154458210
1151392 300 0.1690904302019315 162348641
1151692 300 0.16390377524143987 154720678
1151992 300 0.161315188762072 154605848
1152292 300 0.15724741000877965 154343380
1152592 300 0.1612867427568042 154064509
1152892 300 0.16812326602282704 157345353
1153192 300 0.1679336259877085 157328949
1153492 300 0.15913432835820898 154589444
1153792 300 0.17204881474978054 154851912
1154092 300 0.18490640913081652 156164249
1154392 300 0.16665355575065846 155508080
1154692 300 0.16215908691834943 155376847
1154992 300 0.1652502194907814 155229208
1155292 300 0.16022475856014046 154999549
1155592 300 0.16037647058823526 154868316
1155892 300 0.16461492537313432 164038276
1156192 300 0.1668337137840211 170075029
1156492 300 0.16046180860403864 155622910
1156792 300 0.16277541703248463 155622910
1157092 300 0.15689657594381037 155229208
1157392 300 0.1587929762949956 155229208
1157692 300 0.15676382791922738 155245613
1157992 300 0.16117295873573312 155245613
1158292 300 0.15936189640035117 155262017
1158592 300 0.17099631255487271 166810590
1158892 300 0.16552519754170325 179802733
1159192 300 0.1662363476733977 160921474
1159492 300 0.16269956101843722 158149160
1159792 300 0.16700438981562774 158001522
1160092 300 0.16269007901668128 158132756
1160392 300 0.16174187884108868 158526457
1160692 300 0.16350553116769098 158263990
1160992 300 0.16573380158033363 158132756
1161292 300 0.18485899912203688 171666239
1161592 300 0.1792646180860404 167335524
1161892 300 0.17715961369622477 157755459
1162192 300 0.16963090430201933 157755459
1162492 300 0.17498823529411764 157640629
1162792 300 0.1697731343283582 157509396
1163092 300 0.1687585601404741 157640629
1163392 300 0.16505109745390695 157476587
1163692 300 0.16866374012291485 157509396
1163992 300 0.17770956979806846 174290914
1164292 300 0.17243757682177352 164448381
1164592 300 0.16814223002633888 158411628
1164892 300 0.1686163301141352 158428032
1165192 300 0.16866374012291485 158296798
1165492 300 0.17163160667251978 158149160
1165792 300 0.173916769095698 158149160
1166092 300 0.1666914837576822 158165564
1166392 300 0.1743150131694469 158050735
1166692 300 0.19373415276558384 166449696
1166992 300 0.1724565408252853 163431319
1167292 300 0.1724660228270413 158165564
1167592 300 0.18175838454784898 158854542
1167892 300 0.1772828797190518 158198373
1168192 300 0.17054117647058825 158313202
1168492 300 0.16887234416154523 158706904
1168792 300 0.17367971905179982 157886692
1169092 300 0.17784231782265147 163660979
1169392 300 0.1809713784021071 175209551
1169692 300 0.16953608428446007 158821733
1169992 300 0.16929903424056192 158444436
1170292 300 0.17136611062335383 158985775
1170592 300 0.17418226514486393 158854542
1170892 300 0.16894820017559262 158460840
1171192 300 0.16519332748024582 158706904
1171492 300 0.16755434591747148 160412943
1171792 300 0.1768846356453029 173913618
1172092 300 0.16631220368744512 164596020
1172392 300 0.15784477611940298 158296798
1172692 300 0.16888182616330116 158428032
1172992 300 0.16706128182616328 158165564
1173292 300 0.16484249341527657 158181969
