1912299 300 0.1197460930640913 155179996
1912599 300 0.12137699736611063 155048762
1912899 300 0.1187694468832309 155048762
1913199 300 0.13182616330114136 174733828
1913499 300 0.13150377524143986 178933309
1913799 300 0.12392765583845479 164497594
1914099 300 0.1229604916593503 164366360
1914399 300 0.12681018437225638 163431319
1914699 300 0.12254328358208955 161725281
1914999 300 0.12163301141352063 160544176
1915299 300 0.12052361720807726 160806644
1915599 300 0.11640842844600525 160659006
1915899 300 0.12004951712028095 159100605
1916199 300 0.1255870061457419 158050735
1916499 300 0.14045478489903424 163693787
1916799 300 0.12589991220368743 158854542
1917099 300 0.12105460930640914 157017269
1917399 300 0.12416470588235294 157148503
1917699 300 0.12211659350307286 157000864
1917999 300 0.12395610184372256 157132098
1918299 300 0.12771097453906935 156853227
1918599 300 0.12318805970149253 156721993
1918899 300 0.12405092186128183 157246928
1919199 300 0.12491378402107112 157263332
1919499 300 0.13491729587357332 165416230
1919799 300 0.14020825285338015 176571102
1920099 300 0.1278721685689201 165547464
1920399 300 0.12820403863037752 164366360
1920699 300 0.12637401229148376 163185256
1920999 300 0.12831782265144862 158460840
1921299 300 0.12731273046532046 157148503
1921599 300 0.12456294995610184 157279736
1921899 300 0.13010043898156276 157263332
1922199 300 0.128526426690079 157132098
1922499 300 0.12726532045654085 157788267
1922799 300 0.12892467076382794 163168852
1923099 300 0.1373636523266023 181033050
1923399 300 0.1250275680421422 172486450
1923699 300 0.12221141352063214 172240387
1923999 300 0.12196488147497805 171452984
1924299 300 0.12594732221246707 164760061
1924599 300 0.12500860403863037 160954282
1924899 300 0.12268551360842846 160954282
1925199 300 0.12445864793678665 160150475
1925499 300 0.12095978928884987 158198373
1925799 300 0.12196488147497805 157935905
1926099 300 0.1323476733977173 159658348
1926399 300 0.13932642669007902 179491053
1926699 300 0.1299582089552239 176997612
1926999 300 0.12442071992976295 173191832
1927299 300 0.12400351185250219 171223325
1927599 300 0.12503705004389815 165071742
1927899 300 0.12500860403863037 159018584
1928199 300 0.12602317822651446 158756116
1928499 300 0.1271515364354697 158493649
1928799 300 0.12505601404741 158887350
1929099 300 0.12371905179982441 159149818
1929399 300 0.12961685689201052 166892610
1929699 300 0.13618788410886742 185002872
1929999 300 0.1284126426690079 179376223
1930299 300 0.12381387181738367 174258106
1930599 300 0.12789113257243195 172552067
1930899 300 0.12354837576821774 166925419
1931199 300 0.12351044776119403 159970029
1931499 300 0.12115891132572432 159691157
1931799 300 0.12112098331870061 159543519
1932099 300 0.1228087796312555 159412285
1932399 300 0.12307427568042141 159674753
1932699 300 0.1307262510974539 171354559
1932999 300 0.12838419666374012 181311922
1933299 300 0.12773942054433712 173585533
1933599 300 0.1225622475856014 173454300
1933899 300 0.12514135206321333 182000899
1934199 300 0.12569130816505705 165990378
1934499 300 0.12354837576821774 159805986
1934799 300 0.12188902546093065 159281052
1935099 300 0.1266774363476734 159953625
1935399 300 0.12536892010535558 160068454
1935699 300 0.1271799824407375 159691157
1935999 300 0.13022370500438982 165695102
1936299 300 0.1348414398595259 164924104
1936599 300 0.12789113257243195 160314517
1936899 300 0.12351044776119403 160052050
1937199 300 0.1263834942932397 160068454
1937499 300 0.1198503950834065 159822391
1937799 300 0.12366215978928885 160084858
1938099 300 0.12307427568042141 159970029
1938399 300 0.12150026338893766 159707561
1938699 300 0.1262507462686567 160101262
1938999 300 0.1261369622475856 160232496
1939299 300 0.13799894644424934 175718082
1939599 300 0.13768604038630378 180819795
1939899 300 0.12994872695346796 173995639
1940199 300 0.12505601404741 173716767
1940499 300 0.12387076382791923 193270600
1940799 300 0.11751782265144865 166498909
1941099 300 0.15984547848990344 163907042
1941399 300 0.18863283582089552 161938536
1941699 300 0.12195539947322212 161676068
1941999 300 0.1233208077260755 161528430
1942299 300 0.11868410886742758 161659663
1942599 300 0.13020474100087795 180573732
1942899 300 0.1330683055311677 168237757
1943199 300 0.12616540825285338 166269250
1943499 300 0.12409833187006145 164710849
1943799 300 0.12067532923617208 164448381
1944099 300 0.11965127304653204 162217407
1944399 300 0.11724284460052677 161052708
1944699 300 0.11915820895522387 160773835
1944999 300 0.11666444249341527 161413600
1945299 300 0.11802036874451274 161561238
1945599 300 0.1190918349429324 161298771
1945899 300 0.1294935908691835 168254161
1946199 300 0.13536294995610185 184395916
1946499 300 0.12455346795434592 174815850
1946799 300 0.1208270412642669 172059940
1947099 300 0.12248639157155398 170747602
1947399 300 0.11610500438981562 162725938
1947699 300 0.11337418788410886 161019899
1947999 300 0.1152990342405619 160642602
1948299 300 0.11677822651448638 160511368
1948599 300 0.11891167690956979 161430004
1948899 300 0.11768849868305531 161151133
1949199 300 0.11756523266022828 160773835
1949499 300 0.13178823529411765 178884097
1949799 300 0.12771097453906935 180491710
1950099 300 0.12187006145741879 174848658
1950399 300 0.12207866549604916 172223983
1950699 300 0.12531202809482 163956255
1950999 300 0.11727129060579455 161216749
1951299 300 0.11707216856892011 161331579
1951599 300 0.11387673397717296 160937878
1951899 300 0.11938577699736612 161052708
1952199 300 0.11700579455662863 161577642
1952499 300 0.10978999122036874 161708876
1952799 300 0.12041931518876207 166712164
1953099 300 0.12199332748024583 174602595
1953399 300 0.1098089552238806 167237099
1953699 300 0.10913573309920983 161200345
1953999 300 0.10744793678665497 179048139
1954299 300 0.10725829675153643 167893268
1954599 300 0.10707813871817383 167762034
1954899 300 0.10755223880597016 164743657
1955199 300 0.10868059701492538 161347983
1955499 300 0.10632906057945567 161069112
1955799 300 0.11035891132572434 167253504
1956099 300 0.11711957857769972 173044194
1956399 300 0.11124073748902547 168024502
1956699 300 0.108471992976295 167893268
1956999 300 0.10695487269534679 166203633
1957299 300 0.10660403863037753 163431319
1957599 300 0.1102071992976295 161594047
1957899 300 0.10579806848112379 161479217
1958199 300 0.10465074626865674 161446409
1958499 300 0.10720140474100087 161708876
1958799 300 0.1116579455662862 161987748
1959099 300 0.1265731343283582 176160996
1959399 300 0.11319402985074627 166712164
1959699 300 0.10935381913959613 162906384
1959999 300 0.10953397717295875 162381450
1960299 300 0.11111747146619842 162758746
1960599 300 0.10582651448639156 162906384
1960899 300 0.11101316944688323 162627513
1961199 300 0.10524811237928007 162102577
1961499 300 0.10741949078138718 161971344
1961799 300 0.1052196663740123 161856514
1962099 300 0.10848147497805093 162233811
1962399 300 0.11791606672519754 168155736
1962699 300 0.1225622475856014 181016646
1962999 300 0.11211308165057068 181820452
1963299 300 0.11008393327480245 175521231
1963599 300 0.11229323968393327 174094064
1963899 300 0.11239754170324848 167926077
1964199 300 0.11127866549604916 162266620
1964499 300 0.10911676909569797 162151790
1964799 300 0.1100270412642669 162529087
1965099 300 0.11308972783143108 162151790
1965399 300 0.11070974539069359 162135386
1965699 300 0.12467673397717297 172355217
1965999 300 0.11703424056189639 178523204
1966299 300 0.1153369622475856 175373593
1966599 300 0.11476804214223003 174996296
1966899 300 0.11121229148375768 165547464
1967199 300 0.11215100965759438 161889323
1967499 300 0.11101316944688323 162135386
1967799 300 0.11061492537313432 162004152
1968099 300 0.11231220368744514 161610451
1968399 300 0.11386725197541704 162397854
1968699 300 0.1274644424934153 182739089
1968999 300 0.12181316944688322 177112441
1969299 300 0.11268200175592626 163726596
1969599 300 0.11498612818261633 163595362
1969899 300 0.11477752414398595 163480532
1970199 300 0.11417067603160667 163989063
1970499 300 0.11368709394205445 164136701
1970799 300 0.11225531167690957 164136701
1971099 300 0.11463529411764706 164153106
1971399 300 0.11839964881474978 165727911
1971699 300 0.12728428446005266 178720054
1971999 300 0.11718595258999123 169254819
1972299 300 0.11445513608428445 163743000
1972599 300 0.11395258999122036 163611766
1972899 300 0.11169587357330993 163464128
1973199 300 0.11180017559262512 163332894
1973499 300 0.11405689201053557 163480532
1973799 300 0.11266303775241439 163349298
1974099 300 0.11235961369622476 162955597
1974399 300 0.1141043020193152 162824364
1974699 300 0.12507497805092185 175701678
1974999 300 0.12036242317822651 172666897
1975299 300 0.11091834942932396 163496937
1975599 300 0.11314661984196664 163726596
1975899 300 0.11196136962247585 163857829
1976199 300 0.1124449517120281 163726596
1976499 300 0.1096667251975417 163726596
1976799 300 0.10719192273924495 163332894
1977099 300 0.11057699736611061 163365703
1977399 300 0.11192344161545216 163743000
1977699 300 0.11117436347673398 163628170
1977999 300 0.11116488147497805 163611766
1978299 300 0.12289411764705882 177407717
1978599 300 0.11681615452151009 177407717
1978899 300 0.1132793678665496 162972001
1979199 300 0.10875645302897279 169517286
1979499 300 0.11424653204565408 163365703
1979799 300 0.11378191395961368 162840768
1980099 300 0.11209411764705883 162840768
1980399 300 0.1149766461808604 162840768
1980699 300 0.1160955223880597 162972001
1980999 300 0.11817208077260755 164415573
1981299 300 0.12370008779631254 166777781
1981599 300 0.11621878841088674 163103235
1981899 300 0.11418015803336261 163103235
1982199 300 0.11587743634767339 163103235
1982499 300 0.11026409130816507 163103235
1982799 300 0.1097046532045654 163234469
1983099 300 0.1110036874451273 163103235
1983399 300 0.10835820895522388 163103235
1983699 300 0.1124828797190518 163234469
1983999 300 0.11277682177348551 165071742
1984299 300 0.12373801580333625 185937912
1984599 300 0.12156663740122914 175832911
1984899 300 0.11784969271290607 163496937
1985199 300 0.11250184372256365 163628170
1985499 300 0.11268200175592626 177292887
1985799 300 0.11235013169446885 163496937
1986099 300 0.11317506584723441 163103235
1986399 300 0.11538437225636523 162955597
1986699 300 0.11393362598770851 162315832
1986999 300 0.1098089552238806 162315832
1987299 300 0.11866514486391572 163234469
1987599 300 0.11942370500438981 174126873
1987899 300 0.12163301141352063 162594704
1988199 300 0.11395258999122036 162578300
1988499 300 0.1142180860403863 162201003
1988799 300 0.11426549604916594 162086173
1989099 300 0.11102265144863917 161938536
1989399 300 0.11037787532923617 161676068
1989699 300 0.11085197541703248 161676068
1989999 300 0.11486286215978929 162184599
1990299 300 0.12134855136084285 164284339
1990599 300 0.1250844600526778 178195120
1990899 300 0.11613345039508341 168483820
1991199 300 0.1151473222124671 162332237
1991499 300 0.11339315188762072 162201003
1991799 300 0.11496716417910448 162168195
1992099 300 0.11401896400351186 162315832
1992399 300 0.11278630377524143 162069769
1992699 300 0.11370605794556628 162332237
1992999 300 0.11611448639157154 162069769
1993299 300 0.11136400351185251 161676068
1993599 300 0.12665847234416153 173995639
1993899 300 0.1233492537313433 174126873
1994199 300 0.11662651448639157 162184599
1994499 300 0.11911079894644425 162332237
1994799 300 0.11791606672519754 162332237
1995099 300 0.11466374012291483 162201003
1995399 300 0.11675926251097454 162184599
1995699 300 0.11818156277436348 161938536
1995999 300 0.11508094820017559 161676068
1996299 300 0.11632309043020192 161692472
1996599 300 0.12744547848990342 172584876
1996899 300 0.12278033362598771 172568472
1997199 300 0.11612396839332748 162069769
1997499 300 0.11432238805970149 162069769
1997799 300 0.11866514486391572 176767952
1998099 300 0.11621878841088674 163398511
1998399 300 0.11572572431957859 163529745
1998699 300 0.11666444249341527 163546149
1998999 300 0.11828586479367866 163398511
1999299 300 0.11651273046532046 163414915
1999599 300 0.11917717295873574 164858487
1999899 300 0.12668691834942933 174290914
2000199 300 0.12338718173836699 164481190
2000499 300 0.11844705882352942 164218722
2000799 300 0.12164249341527657 164218722
2001099 300 0.11586795434591746 164349956
2001399 300 0.11794451273046533 164054680
2001699 300 0.11963230904302019 163939851
2001999 300 0.11884530289727832 164087488
2002299 300 0.12095030728709394 164202318
2002599 300 0.12453450395083406 164071084
2002899 300 0.13421562774363477 180065201
2003199 300 0.13165548726953466 186265997
2003499 300 0.12553959613696225 177342100
2003799 300 0.12353889376646181 176292230
2004099 300 0.13063143107989464 172617684
2004399 300 0.12871606672519756 167614396
2004699 300 0.12633608428446005 164596020
2004999 300 0.12553011413520632 164464786
2005299 300 0.12737910447761194 164858487
2005599 300 0.1341966637401229 165006125
2005899 300 0.1381980684811238 164989721
2006199 300 0.1481446883230904 176013358
2006499 300 0.1453190517998244 176013358
2006799 300 0.13616892010535558 165301401
2007099 300 0.1338647936786655 164891295
2007399 300 0.13785671641791045 164464786
2007699 300 0.13743002633889376 164497594
2007999 300 0.13962985074626866 165038934
2008299 300 0.14299596136962248 165449039
2008599 300 0.14078665496049167 165284997
2008899 300 0.14694047410008781 165432635
2009199 300 0.14806883230904302 165284997
2009499 300 0.1572758560140474 179195777
2009799 300 0.15204179104477614 174618999
2010099 300 0.14746198419666376 165268593
2010399 300 0.15142546093064094 165170167
2010699 300 0.15253485513608428 165170167
2010999 300 0.14557506584723442 165038934
2011299 300 0.14273994732221246 165022529
2011599 300 0.14622932396839333 165038934
2011899 300 0.14852396839332746 165038934
2012199 300 0.15047726075504828 165038934
2012499 300 0.15431747146619845 166761377
2012799 300 0.16141000877963127 192073092
2013099 300 0.16160913081650571 195878871
2013399 300 0.15306584723441616 185363764
2013699 300 0.15303740122914838 179753521
2013999 300 0.15252537313432837 177260079
2014299 300 0.1536916593503073 173454300
2014599 300 0.15125478489903424 171617026
2014899 300 0.15538893766461806 169254819
2015199 300 0.1557113257243196 169107180
2015499 300 0.15471571553994734 166203633
2015799 300 0.1560811237928007 165809932
2016099 300 0.15353994732221246 166072399
2016399 300 0.15916277436347673 183017961
2016699 300 0.1562043898156277 188923481
2016999 300 0.149870412642669 178309949
2017299 300 0.1474430201931519 175537636
2017599 300 0.14999367866549604 174356532
2017899 300 0.14933942054433716 170271880
2018199 300 0.15073327480245832 165170167
2018499 300 0.14995575065847236 164661636
2018799 300 0.1495764705882353 165038934
2019099 300 0.14818261633011415 165022529
2019399 300 0.1485998244073749 165432635
2019699 300 0.16305987708516245 172519258
2019999 300 0.16430201931518876 179080948
2020299 300 0.16056611062335382 172535663
