1105961 300 0.10582651448639156 162906384
1106261 300 0.11101316944688323 162627513
1106561 300 0.10524811237928007 162102577
1106861 300 0.10741949078138718 161971344
1107161 300 0.1052196663740123 161856514
1107461 300 0.10848147497805093 162233811
1107761 300 0.11791606672519754 168155736
1108061 300 0.1225622475856014 181016646
1108361 300 0.11211308165057068 181820452
1108661 300 0.11008393327480245 175521231
1108961 300 0.11229323968393327 174094064
1109261 300 0.11239754170324848 167926077
1109561 300 0.11127866549604916 162266620
1109861 300 0.10911676909569797 162151790
1110161 300 0.1100270412642669 162529087
1110461 300 0.11308972783143108 162151790
1110761 300 0.11070974539069359 162135386
1111061 300 0.12467673397717297 172355217
1111361 300 0.11703424056189639 178523204
1111661 300 0.1153369622475856 175373593
1111961 300 0.11476804214223003 174996296
1112261 300 0.11121229148375768 165547464
1112561 300 0.11215100965759438 161889323
1112861 300 0.11101316944688323 162135386
1113161 300 0.11061492537313432 162004152
1113461 300 0.11231220368744514 161610451
1113761 300 0.11386725197541704 162397854
1114061 300 0.1274644424934153 182739089
1114361 300 0.12181316944688322 177112441
1114661 300 0.11268200175592626 163726596
1114961 300 0.11498612818261633 163595362
1115261 300 0.11477752414398595 163480532
1115561 300 0.11417067603160667 163989063
1115861 300 0.11368709394205445 164136701
1116161 300 0.11225531167690957 164136701
1116461 300 0.11463529411764706 164153106
1116761 300 0.11839964881474978 165727911
1117061 300 0.12728428446005266 178720054
1117361 300 0.11718595258999123 169254819
1117661 300 0.11445513608428445 163743000
1117961 300 0.11395258999122036 163611766
1118261 300 0.11169587357330993 163464128
1118561 300 0.11180017559262512 163332894
1118861 300 0.11405689201053557 163480532
1119161 300 0.11266303775241439 163349298
1119461 300 0.11235961369622476 162955597
1119761 300 0.1141043020193152 162824364
1120061 300 0.12507497805092185 175701678
1120361 300 0.12036242317822651 172666897
1120661 300 0.11091834942932396 163496937
1120961 300 0.11314661984196664 163726596
1121261 300 0.11196136962247585 163857829
1121561 300 0.1124449517120281 163726596
1121861 300 0.1096667251975417 163726596
1122161 300 0.10719192273924495 163332894
1122461 300 0.11057699736611061 163365703
1122761 300 0.11192344161545216 163743000
1123061 300 0.11117436347673398 163628170
1123361 300 0.11116488147497805 163611766
1123661 300 0.12289411764705882 177407717
1123961 300 0.11681615452151009 177407717
1124261 300 0.1132793678665496 162972001
1124561 300 0.10875645302897279 169517286
1124861 300 0.11424653204565408 163365703
1125161 300 0.11378191395961368 162840768
1125461 300 0.11209411764705883 162840768
1125761 300 0.1149766461808604 162840768
1126061 300 0.1160955223880597 162972001
1126361 300 0.11817208077260755 164415573
1126661 300 0.12370008779631254 166777781
1126961 300 0.11621878841088674 163103235
1127261 300 0.11418015803336261 163103235
1127561 300 0.11587743634767339 163103235
1127861 300 0.11026409130816507 163103235
1128161 300 0.1097046532045654 163234469
1128461 300 0.1110036874451273 163103235
1128761 300 0.10835820895522388 163103235
1129061 300 0.1124828797190518 163234469
1129361 300 0.11277682177348551 165071742
1129661 300 0.12373801580333625 185937912
1129961 300 0.12156663740122914 175832911
1130261 300 0.11784969271290607 163496937
1130561 300 0.11250184372256365 163628170
1130861 300 0.11268200175592626 177292887
1131161 300 0.11235013169446885 163496937
1131461 300 0.11317506584723441 163103235
1131761 300 0.11538437225636523 162955597
1132061 300 0.11393362598770851 162315832
1132361 300 0.1098089552238806 162315832
1132661 300 0.11866514486391572 163234469
1132961 300 0.11942370500438981 174126873
1133261 300 0.12163301141352063 162594704
1133561 300 0.11395258999122036 162578300
1133861 300 0.1142180860403863 162201003
1134161 300 0.11426549604916594 162086173
1134461 300 0.11102265144863917 161938536
1134761 300 0.11037787532923617 161676068
1135061 300 0.11085197541703248 161676068
1135361 300 0.11486286215978929 162184599
1135661 300 0.12134855136084285 164284339
1135961 300 0.1250844600526778 178195120
1136261 300 0.11613345039508341 168483820
1136561 300 0.1151473222124671 162332237
1136861 300 0.11339315188762072 162201003
1137161 300 0.11496716417910448 162168195
1137461 300 0.11401896400351186 162315832
1137761 300 0.11278630377524143 162069769
1138061 300 0.11370605794556628 162332237
1138361 300 0.11611448639157154 162069769
1138661 300 0.11136400351185251 161676068
1138961 300 0.12665847234416153 173995639
1139261 300 0.1233492537313433 174126873
1139561 300 0.11662651448639157 162184599
1139861 300 0.11911079894644425 162332237
1140161 300 0.11791606672519754 162332237
1140461 300 0.11466374012291483 162201003
1140761 300 0.11675926251097454 162184599
1141061 300 0.11818156277436348 161938536
1141361 300 0.11508094820017559 161676068
1141661 300 0.11632309043020192 161692472
1141961 300 0.12744547848990342 172584876
1142261 300 0.12278033362598771 172568472
1142561 300 0.11612396839332748 162069769
1142861 300 0.11432238805970149 162069769
1143161 300 0.11866514486391572 176767952
1143461 300 0.11621878841088674 163398511
1143761 300 0.11572572431957859 163529745
1144061 300 0.11666444249341527 163546149
1144361 300 0.11828586479367866 163398511
1144661 300 0.11651273046532046 163414915
1144961 300 0.11917717295873574 164858487
1145261 300 0.12668691834942933 174290914
1145561 300 0.12338718173836699 164481190
1145861 300 0.11844705882352942 164218722
1146161 300 0.12164249341527657 164218722
1146461 300 0.11586795434591746 164349956
1146761 300 0.11794451273046533 164054680
1147061 300 0.11963230904302019 163939851
1147361 300 0.11884530289727832 164087488
1147661 300 0.12095030728709394 164202318
1147961 300 0.12453450395083406 164071084
1148261 300 0.13421562774363477 180065201
1148561 300 0.13165548726953466 186265997
1148861 300 0.12553959613696225 177342100
1149161 300 0.12353889376646181 176292230
1149461 300 0.13063143107989464 172617684
1149761 300 0.12871606672519756 167614396
1150061 300 0.12633608428446005 164596020
1150361 300 0.12553011413520632 164464786
1150661 300 0.12737910447761194 164858487
1150961 300 0.1341966637401229 165006125
1151261 300 0.1381980684811238 164989721
1151561 300 0.1481446883230904 176013358
1151861 300 0.1453190517998244 176013358
1152161 300 0.13616892010535558 165301401
1152461 300 0.1338647936786655 164891295
1152761 300 0.13785671641791045 164464786
1153061 300 0.13743002633889376 164497594
1153361 300 0.13962985074626866 165038934
1153661 300 0.14299596136962248 165449039
1153961 300 0.14078665496049167 165284997
1154261 300 0.14694047410008781 165432635
1154561 300 0.14806883230904302 165284997
1154861 300 0.1572758560140474 179195777
1155161 300 0.15204179104477614 174618999
1155461 300 0.14746198419666376 165268593
1155761 300 0.15142546093064094 165170167
1156061 300 0.15253485513608428 165170167
1156361 300 0.14557506584723442 165038934
1156661 300 0.14273994732221246 165022529
1156961 300 0.14622932396839333 165038934
1157261 300 0.14852396839332746 165038934
1157561 300 0.15047726075504828 165038934
1157861 300 0.15431747146619845 166761377
1158161 300 0.16141000877963127 192073092
1158461 300 0.16160913081650571 195878871
1158761 300 0.15306584723441616 185363764
1159061 300 0.15303740122914838 179753521
1159361 300 0.15252537313432837 177260079
1159661 300 0.1536916593503073 173454300
1159961 300 0.15125478489903424 171617026
1160261 300 0.15538893766461806 169254819
1160561 300 0.1557113257243196 169107180
1160861 300 0.15471571553994734 166203633
1161161 300 0.1560811237928007 165809932
1161461 300 0.15353994732221246 166072399
1161761 300 0.15916277436347673 183017961
1162061 300 0.1562043898156277 188923481
1162361 300 0.149870412642669 178309949
1162661 300 0.1474430201931519 175537636
1162961 300 0.14999367866549604 174356532
1163261 300 0.14933942054433716 170271880
1163561 300 0.15073327480245832 165170167
1163861 300 0.14995575065847236 164661636
1164161 300 0.1495764705882353 165038934
1164461 300 0.14818261633011415 165022529
1164761 300 0.1485998244073749 165432635
1165061 300 0.16305987708516245 172519258
1165361 300 0.16430201931518876 179080948
1165661 300 0.16056611062335382 172535663
1165961 300 0.15612853380158034 165563868
1166261 300 0.16071782265144866 165842740
1166561 300 0.16000667251975417 166088803
1166861 300 0.1662363476733977 167269908
1167161 300 0.16551571553994734 169107180
1167461 300 0.1587360842844601 168188544
1167761 300 0.15607164179104477 168188544
1168061 300 0.1560147497805092 168057310
1168361 300 0.16052818261633015 167778438
1168661 300 0.1683982440737489 182345388
1168961 300 0.162728007023705 179080948
1169261 300 0.16299350307287094 168073714
1169561 300 0.16602774363476738 167926077
1169861 300 0.17074978050921863 167942481
1170161 300 0.16175136084284458 167171482
1170461 300 0.16444424934152765 166515313
1170761 300 0.15788270412642672 166515313
1171061 300 0.1571241439859526 166400484
1171361 300 0.15646040386303775 166400484
1171661 300 0.16049973661106234 166269250
1171961 300 0.1693274802458297 186069146
1172261 300 0.1683603160667252 188037653
1172561 300 0.15801545215100965 184888042
1172861 300 0.1619978928884987 180442498
1173161 300 0.16123933274802463 205114448
1173461 300 0.15772151009657592 176505484
1173761 300 0.1586412642669008 171272538
1174061 300 0.1590489903424056 170222668
1174361 300 0.15791115013169446 167483163
1174661 300 0.15970324846356454 167351929
1174961 300 0.16611308165057068 168237757
1175261 300 0.16580017559262508 190563903
1175561 300 0.1644916593503073 168467416
1175861 300 0.16419771729587357 168352586
1176161 300 0.16567690956979805 168336182
1176461 300 0.17956804214223002 168090118
1176761 300 0.1793878841088674 168090118
1177061 300 0.17835434591747149 167958885
1177361 300 0.17389780509218614 167958885
1177661 300 0.17458050921861282 167958885
1177961 300 0.1719065847234416 168106523
1178261 300 0.17725443371378405 168090118
1178561 300 0.19203687445127307 182000899
1178861 300 0.18700193151887623 183050769
1179161 300 0.18081966637401228 168615054
1179461 300 0.17347111501316947 168762692
1179761 300 0.17536751536435471 169041564
1180061 300 0.176742405618964 168516628
1180361 300 0.18167304653204566 168943138
1180661 300 0.17363230904302018 168286969
1180961 300 0.17597436347673398 168270565
1181261 300 0.1728358208955224 168270565
1181561 300 0.17848709394205445 168401799
1181861 300 0.18202388059701494 182443813
1182161 300 0.18048779631255488 180344073
1182461 300 0.17979561018437223 168926734
1182761 300 0.17353748902546093 169025160
1183061 300 0.1770268656716418 168779096
1183361 300 0.175329587357331 168516628
1183661 300 0.17696049165935032 168385395
1183961 300 0.1718686567164179 168500224
1184261 300 0.169156804214223 168647862
1184561 300 0.16891975417032487 168516628
1184861 300 0.16975417032484633 168254161
1185161 300 0.18216611062335383 182821110
1185461 300 0.18144547848990342 184658383
1185761 300 0.1725229148375768 168779096
1186061 300 0.17192554872695348 168910330
1186361 300 0.1690145741878841 168795500
1186661 300 0.17053169446883232 168647862
1186961 300 0.17195399473222125 168533032
1187261 300 0.16552519754170325 168516628
1187561 300 0.16662510974539071 168237757
