1839918 300 0.18376856892010535 249979996
1840218 300 0.18896470588235292 247224087
1840518 300 0.19053871817383672 245386813
1840818 300 0.199755223880597 273995777
1841118 300 0.19895873573309922 280426232
1841418 300 0.19371518876207197 259560061
1841718 300 0.1897043020193152 245255580
1842018 300 0.1880923617208077 245255580
1842318 300 0.19234029850746268 245124346
1842618 300 0.193459174714662 244599411
1842918 300 0.19449271290605796 244468177
1843218 300 0.19627532923617208 242105969
1843518 300 0.19487199297629498 241581034
1843818 300 0.19924319578577698 245403218
1844118 300 0.20134820017559263 255114517
1844418 300 0.19875961369622477 247634192
1844718 300 0.19051027216856894 242516075
1845018 300 0.19013099209833187 242105969
1845318 300 0.19537453906935912 242253607
1845618 300 0.19240667251975418 242237203
1845918 300 0.19388586479367867 241859906
1846218 300 0.19909148375768218 241859906
1846518 300 0.20613661106233538 247371724
1846818 300 0.20868726953467956 258132894
1847118 300 0.20375662862159788 242384841
1847418 300 0.1996698858647937 242384841
1847718 300 0.20048533801580334 249077764
1848018 300 0.20204038630377522 241859906
1848318 300 0.20349113257243198 241991140
1848618 300 0.20589956101843723 242237203
1848918 300 0.2110956979806848 244730645
1849218 300 0.20926567164179108 244878283
1849518 300 0.2027799824407375 241991140
1849818 300 0.1975174714661984 241859906
1850118 300 0.19802949956101845 241843501
1850418 300 0.1945116769095698 259182765
1850718 300 0.19336435469710272 248290361
1851018 300 0.1931747146619842 248159127
1851318 300 0.1993569798068481 248306765
1851618 300 0.19730886742756804 251718843
1851918 300 0.2022774363476734 259592870
1852218 300 0.19885443371378403 253556116
1852518 300 0.20131027216856892 253162415
1852818 300 0.20008709394205446 253031181
1853118 300 0.20439192273924495 249881571
1853418 300 0.19928112379280072 249340231
1853718 300 0.20165162423178226 246978023
1854018 300 0.2008361720807726 246846789
1854318 300 0.21245162423178224 277424260
1854618 300 0.21392133450395082 278605363
1854918 300 0.19936646180860404 248159127
1855218 300 0.19814328358208955 248027893
1855518 300 0.1974795434591747 247896660
1855818 300 0.19788726953467953 247896660
1856118 143 0.13887129060579456 149340093
1856261 157 0.19319367866549605 247896660
1856418 300 0.19298507462686568 248027893
1856718 300 0.20016294995610187 248437999
1857018 300 0.21082071992976295 263644713
1857318 300 0.20197401229148376 252752310
1857618 300 0.19603827919227393 246994428
1857918 300 0.19590553116769097 246978023
1858218 300 0.19557366110623356 246978023
1858518 300 0.19482458296751534 246846789
1858818 300 0.19983107989464444 246731960
1859118 300 0.2047427568042142 248946530
1859418 300 0.21083020193151886 252227374
1859718 300 0.20753994732221245 244615815
1860018 300 0.20435399473222124 244615815
1860318 300 0.2039841966637401 244353348
1860618 300 0.20097840210711151 244353348
1860918 300 0.20233432835820894 243812008
1861218 300 0.20807093942054436 242909776
1861518 300 0.2119490781387182 256836961
1861818 300 0.20706584723441615 246994428
1862118 300 0.19905355575065847 242270011
1862418 300 0.19856997366110624 242138778
1862718 300 0.1952986830553117 242007544
1863018 300 0.19604776119402983 241876310
1863318 300 0.19561158911325724 241859906
1863618 300 0.1946254609306409 242253607
1863918 300 0.20076979806848114 258526596
1864218 300 0.1980958735733099 248552829
1864518 300 0.19542194907813873 243041010
1864818 300 0.1940091308165057 242926180
1865118 300 0.19097489025460934 243073818
1865418 300 0.19855100965759437 242942584
1865718 300 0.19615206321334505 242794947
1866018 300 0.20103529411764703 245042325
1866318 300 0.2087441615452151 249897975
1866618 300 0.19510904302019316 242680117
1866918 300 0.19496681299385424 242532479
1867218 300 0.19382897278314312 242532479
1867518 300 0.18875610184372255 242532479
1867818 300 0.19060509218612817 242516075
1868118 300 0.1860916593503073 242532479
1868418 300 0.20131027216856892 279015469
1868718 300 0.19710026338893766 284658522
1869018 300 0.18680280948200179 254474753
1869318 300 0.18494433713784023 254491157
1869618 300 0.19062405618964 254359923
1869918 300 0.1921980684811238 253310053
1870218 300 0.18923020193151888 251341546
1870518 300 0.19199894644424934 249110572
1870818 300 0.19504266900790165 250537740
1871118 300 0.20264723441615454 264710988
1871418 300 0.19923371378402108 258411766
1871718 300 0.1931747146619842 252358608
1872018 300 0.18968533801580334 250652569
1872318 300 0.18827251975417034 249487869
1872618 300 0.18492537313432836 247913064
1872918 300 0.18250746268656717 244911091
1873218 300 0.18123687445127304 242401245
1873518 300 0.19536505706760313 248044297
1873818 300 0.19494784899034243 247256895
1874118 300 0.19429359086918352 242794947
1874418 300 0.19312730465320455 242663713
1874718 300 0.18844319578577698 242663713
1875018 300 0.18743810359964883 242532479
1875318 300 0.187798419666374 242663713
1875618 300 0.18523827919227392 243188648
1875918 300 0.19999227392449517 257903235
1876218 300 0.19881650570676032 254097456
1876518 300 0.18488744512730465 243073818
1876818 300 0.1910886742756804 243073818
1877118 300 0.18593046532045654 243073818
1877418 300 0.183427216856892 242942584
1877718 300 0.1785819139596137 242942584
1878018 300 0.18726742756804218 245960961
1878318 300 0.19987848990342405 257132237
1878618 300 0.1875803336259877 246748364
1878918 300 0.1816635645302897 244648624
1879218 300 0.18390131694468834 244386156
1879518 300 0.1785913959613696 244238518
1879818 300 0.19251097453906935 244386156
1880118 300 0.1895715539947322 244386156
1880418 300 0.18722001755926254 247010832
1880718 300 0.19526075504828797 258690638
1881018 300 0.18205232660228268 254359923
1881318 300 0.1819385425812116 254376327
1881618 300 0.1824979806848112 254359923
1881918 300 0.1848021071115013 254474753
1882218 300 0.18753292361720805 254359923
1882518 300 0.18081018437225635 255787090
1882818 300 0.19543143107989464 290039106
1883118 300 0.18838630377524143 286643433
1883418 300 0.18503915715539948 256869769
1883718 300 0.18292467076382793 256836961
1884018 300 0.18243160667251979 256574493
1884318 300 0.1821945566286216 256869769
1884618 300 0.18099982440737486 256738536
1884918 300 0.17856294995610184 256738536
1885218 300 0.18297208077260757 257788405
1885518 300 0.18905004389815627 266203771
1885818 300 0.18312379280070237 256623706
1886118 300 0.18118946444249343 249914379
1886418 300 0.18133169446883232 255934728
1886718 300 0.1769794556628622 250029208
1887018 300 0.17703634767339774 250045613
1887318 300 0.17601229148375766 250176847
1887618 300 0.1834651448639157 253063990
1887918 300 0.18246953467954344 257903235
1888218 300 0.17625882352941175 256065962
1888518 300 0.17192554872695348 255409794
1888818 300 0.17475118525021952 250685377
1889118 300 0.1757942054433714 251243121
1889418 300 0.17660965759438105 250718186
1889718 300 0.18098086040386305 250586952
1890018 300 0.19741316944688325 264891434
1890318 300 0.18365478489903422 261479356
1890618 300 0.1810377524143986 253178819
1890918 300 0.1853425812115891 253080394
1891218 300 0.17532010535557507 251079079
1891518 300 0.18004214223002632 247683405
1891818 300 0.17880000000000001 247404533
1892118 300 0.18473573309920985 250144038
1892418 300 0.19189464442493415 255130921
1892718 300 0.18081966637401228 248306765
1893018 300 0.18199543459174716 248306765
1893318 300 0.17881896400351185 248306765
1893618 300 0.17351852502194912 248306765
1893918 300 0.17596488147497805 248044297
1894218 300 0.17931202809482005 250931441
1894518 300 0.1875708516242318 254770029
1894818 300 0.17747251975417036 250062017
1895118 300 0.17925513608428448 247552171
1895418 300 0.1807532923617208 247552171
1895718 300 0.18066795434591748 247552171
1896018 300 0.18684073748902544 247552171
1896318 300 0.1806774363476734 247437342
1896618 300 0.17905601404741 247437342
1896918 300 0.2066865671641791 266302197
1897218 300 0.19350658472344165 265383561
1897518 300 0.17816470588235295 256344834
1897818 300 0.18229885864793677 256361238
1898118 300 0.17761474978050923 255705069
1898418 300 0.17980509218612817 252522650
1898718 300 0.17846812993854258 250816611
1899018 300 0.17971027216856894 250800207
1899318 300 0.18337980684811236 255787090
1899618 300 0.1871726075504829 292516144
1899918 300 0.18888884986830556 286495794
1900218 300 0.1813980684811238 271928845
1900518 300 0.1757562774363477 257493130
1900818 300 0.17592695346795434 257493130
1901118 300 0.1798809482001756 256049558
1901418 300 0.17768112379280068 251735248
1901718 300 0.1827445127304653 250800207
1902018 300 0.18338928884986833 251456376
1902318 300 0.1855796312554873 262365184
1902618 300 0.17879051799824408 255951133
1902918 300 0.17715013169446883 256065962
1903218 300 0.1727694468832309 255016092
1903518 300 0.1746468832309043 252768714
1903818 300 0.17768112379280068 251193908
1904118 300 0.18377805092186128 252899947
1904418 300 0.18909745390693591 266548260
1904718 300 0.18697348551360843 262233950
1905018 300 0.17975768217734858 256607302
1905318 300 0.17326251097453907 254130264
1905618 300 0.17278841088674277 250324485
1905918 300 0.17593643546971027 248487211
1906218 300 0.1749787532923617 246764768
1906518 300 0.1806395083406497 245042325
1906818 300 0.18032660228270414 265629624
1907118 300 0.18272554872695349 261052846
1907418 300 0.18046883230904304 255918324
1907718 300 0.1766381035996488 261561377
1908018 300 0.17458999122036872 254770029
1908318 300 0.17800351185250218 252145353
1908618 300 0.17253239683933275 250045613
1908918 300 0.18374960491659348 250439314
1909218 300 0.19356347673397717 255426198
1909518 300 0.19103178226514486 250570548
1909818 300 0.1862433713784021 250554144
1910118 300 0.19137313432835823 249487869
1910418 300 0.18553222124670765 245813323
1910718 300 0.18876558384547848 245173559
1911018 300 0.18421422300263388 245173559
1911318 300 0.19191360842844601 245419622
1911618 300 0.19328849868305534 279802872
1911918 300 0.19474872695346793 279950510
1912218 300 0.18734328358208954 258969510
1912518 300 0.1857977172958736 246912406
1912818 300 0.13146584723441615 146731821
1913118 205 0.12862124670763828 146715417
1913323 95 0.1903301141352063 246879598
1913418 300 0.18447023705004392 246781173
1913718 300 0.18176786654960495 246633535
1914018 300 0.18810184372256364 247158469
1914318 300 0.2004758560140474 262791693
1914618 300 0.19052923617208076 252817926
1914918 300 0.19192309043020192 247174874
1915218 300 0.19220755048287974 246781173
1915518 300 0.19380052677787532 246781173
1915818 300 0.19005513608428445 246764768
1916118 300 0.19096540825285338 246649939
1916418 300 0.19307041264266903 248602041
1916718 300 0.20070342405618966 253588925
1917018 300 0.19321264266900792 246371067
1917318 300 0.18859490781387184 246239833
1917618 300 0.19627532923617208 246239833
1917918 300 0.18914486391571553 246108600
1918218 300 0.19316523266022828 246125004
1918518 300 0.2046669007901668 246125004
1918818 300 0.19711922739244953 246125004
1919118 300 0.20101633011413525 263579096
1919418 300 0.19639859525899914 269222148
1919718 300 0.19088007023705006 257936044
1920018 300 0.18910693590869185 257558746
1920318 300 0.19247304653204564 257427513
1920618 300 0.1941892888498683 256623706
1920918 300 0.19075680421422303 255048900
1921218 300 0.18982756804214224 254917667
1921518 300 0.2062598770851624 270944592
1921818 300 0.19744161545215103 261741823
1922118 300 0.19554521510096579 252817926
1922418 300 0.19315575065847235 252555459
1922718 300 0.19401861281826163 249815953
1923018 300 0.1918282704126427 247962277
1923318 300 0.19109815627743634 248503616
1923618 300 0.19134468832309046 248372382
1923918 300 0.198598419666374 256640110
1924218 300 0.20041896400351183 253999030
1924518 300 0.19121194029850744 247831043
1924818 300 0.1933928007023705 247831043
1925118 300 0.19973625987708518 247962277
1925418 300 0.20065601404741001 247699809
1925718 300 0.1967494293239684 247568575
1926018 300 0.19362036874451274 249012147
1926318 300 0.20844073748902547 268057449
1926618 300 0.20041896400351183 264120435
1926918 300 0.19687269534679544 255852708
1927218 300 0.19166707638279193 255705069
1927518 300 0.19553573309920982 255459006
1927818 300 0.19307041264266903 252965564
1928118 300 0.1988354697102722 249947187
1928418 300 0.19979315188762073 247847447
1928718 300 0.19384793678665496 248241148
1929018 300 0.20507462686567166 278031216
1929318 300 0.2065443371378402 290104723
1929618 300 0.19893028972783147 272634226
1929918 300 0.19460649692712903 256115175
1930218 300 0.1956021071115013 254802837
1930518 300 0.195772783143108 254917667
1930818 300 0.18935346795434596 253342861
1931118 300 0.19068094820017562 249668316
1931418 300 0.19007410008779632 248880913
1931718 300 0.18867076382791925 248880913
1932018 300 0.20374714661984197 262004290
1932318 300 0.20511255487269534 265301539
1932618 300 0.20348165057067605 255196539
1932918 300 0.19911044776119405 254934071
1933218 300 0.19581071115013168 254802837
1933518 300 0.20055171202809485 254786433
1933818 300 0.19666409130816503 254671603
1934118 300 0.19307041264266903 252834330
1934418 300 0.19524179104477613 254261498
1934718 300 0.20544442493415277 261873057
1935018 300 0.19589604916593503 258198511
1935318 300 0.19544091308165057 254277902
1935618 300 0.20203090430201934 253884201
1935918 300 0.19417032484635646 254015434
1936218 300 0.19872168568920104 252161757
1936518 300 0.18551325724319578 250455718
1936818 300 0.19918630377524144 251915694
1937118 300 0.20607023705004388 265826475
1937418 300 0.20541597892888497 255196539
1937718 300 0.19494784899034243 248766084
1938018 300 0.1937910447761194 248618445
1938318 300 0.19319367866549605 248634850
1938618 300 0.19189464442493415 248766084
1938918 300 0.19004565408252855 248766084
1939218 300 0.19517541703248462 249553486
1939518 300 0.20598489903424058 269369787
1939818 300 0.20069394205443372 263333032
1940118 300 0.19041545215100966 257821214
1940418 300 0.1919515364354697 257689980
1940718 300 0.1923213345039508 257689980
1941018 300 0.1886897278314311 255983941
1941318 300 0.18376856892010535 251521993
1941618 300 0.18808287971905183 250357293
1941918 300 0.2082321334503951 279999723
1942218 300 0.20479016681299383 280130956
1942518 300 0.19951817383669887 250865824
1942818 300 0.1863097453906936 250865824
1943118 300 0.1869924495171203 251259525
1943418 300 0.17965338015803337 250997058
1943718 300 0.17475118525021952 248372382
1944018 300 0.17317717295873572 247453746
1944318 300 0.17403055311676907 247191278
1944618 300 0.19044389815627744 252703097
1944918 300 0.19347813871817388 264924242
1945218 300 0.18005162423178225 263349437
1945518 300 0.17604073748902546 257443917
1945818 300 0.1808955223880597 257706384
1946118 300 0.17738718173836698 255983941
1946418 300 0.17403055311676907 254556774
1946718 300 0.17111957857769974 253506904
1947018 300 0.1688249341527656 252571863
1947318 300 0.18247901668129943 263710330
1947618 300 0.17712168568920106 268959681
1947918 300 0.18023178226514486 259133552
1948218 300 0.17454258121158908 259133552
1948518 300 0.17240913081650572 257968852
1948818 300 0.16850254609306412 253900605
1949118 300 0.16813274802458295 253375670
1949418 300 0.16931799824407376 251915694
1949718 300 0.1716884986830553 249832358
1950018 300 0.17393573309920982 247601383
1950318 300 0.17709323968393326 260724762
1950618 300 0.17260825285338016 260052188
1950918 300 0.17387884108867427 247847447
1951218 300 0.16980158033362597 247716213
1951518 300 0.17198244073748903 247453746
1951818 300 0.17063599648814748 247322512
1952118 300 0.17012396839332747 247060044
1952418 300 0.1698489903424056 247060044
1952718 300 0.16869218612818263 247060044
1953018 300 0.16899561018437223 247338916
1953318 300 0.18294363476733974 260445889
1953618 300 0.17202985074626867 262414396
1953918 300 0.16776294995610183 260052188
1954218 300 0.17119543459174716 258871084
1954518 300 0.17342370500438983 255327772
1954818 300 0.172371202809482 254277902
1955118 300 0.17551922739244952 253359265
1955418 300 0.17310131694468836 253375670
1955718 300 0.16574328358208956 253113202
1956018 300 0.17746303775241437 278835022
1956318 300 0.18145496049165935 286446582
1956618 300 0.17755785776997365 297601453
1956918 300 0.1700007023705004 260855995
1957218 300 0.1771690956979807 260577123
1957518 300 0.17417278314310797 260314656
1957818 300 0.1731297629499561 257427513
1958118 300 0.17266514486391574 256902577
1958418 300 0.17047480245829674 253884201
1958718 300 0.17052221246707638 251407163
1959018 300 0.17784231782265147 267811386
1959318 300 0.1725798068481124 272929503
1959618 300 0.16466233538191397 258346149
1959918 300 0.16445373134328356 257837618
1960218 300 0.16177980684811238 257165045
1960518 300 0.16200737489025463 253752967
1960818 300 0.1609169446883231 252309396
1961118 300 0.16311676909569797 251784460
1961418 300 0.16675785776997365 251653227
1961718 300 0.15791115013169446 269238553
1962018 300 0.15699139596136963 256771344
1962318 300 0.15609060579455664 256246409
1962618 300 0.15726637401229152 256115175
1962918 300 0.1594756804214223 257837618
1963218 300 0.16780087796312557 268992489
1963518 300 0.1630124670763828 255065305
1963818 300 0.15653625987708517 255212943
1964118 300 0.15884038630377526 255065305
1964418 300 0.1615332748024583 252178162
1964718 300 0.16197892888498683 252457033
1965018 300 0.15880245829675152 249569890
1965318 300 0.1595420544337138 248913721
1965618 300 0.15737067603160668 249291019
1965918 300 0.15913432835820898 249028551
1966218 300 0.15913432835820898 249159785
1966518 300 0.1548294995610184 249438657
1966818 300 0.15696294995610183 249044955
1967118 300 0.15445970149253732 249044955
1967418 300 0.1589731343283582 249044955
1967718 300 0.1602626865671642 248766084
1968018 300 0.16332537313432835 248651254
1968318 300 0.15570184372256365 249028551
1968618 300 0.15691553994732219 249044955
1968918 300 0.15928604038630378 248897317
1969218 300 0.1556449517120281 249028551
1969518 300 0.1664923617208077 279064682
1969818 300 0.16508902546093063 293943311
1970118 300 0.1643115013169447 289989894
1970418 300 0.16304091308165058 260855995
1970718 300 0.15887831431079896 260855995
1971018 300 0.1575982440737489 272535801
1971318 300 0.15376751536435468 257033811
1971618 300 0.15846110623353818 256918982
1971918 300 0.15953257243195787 255869112
1972218 300 0.1599877085162423 252194566
1972518 300 0.16823705004389816 264645370
1972818 300 0.16920421422300264 253900605
1973118 300 0.15832835820895522 253621733
1973418 300 0.15618542581211592 251407163
1973718 300 0.15640351185250223 249307423
1974018 300 0.15126426690079015 247601383
1974318 300 0.15073327480245832 247617788
1974618 300 0.15031606672519754 248011489
1974918 300 0.15990237050043898 267827790
1975218 300 0.15962739244951712 266105346
1975518 300 0.14750939420544337 260724762
1975818 300 0.15158665496049167 260724762
1976118 300 0.15483898156277437 259166360
1976418 300 0.14804038630377525 258100086
1976718 300 0.14888428446005267 256541685
1977018 300 0.15218402107111503 253392074
1977318 300 0.14866619841966636 253785775
1977618 300 0.15457348551360842 263234607
1977918 300 0.15079964881474975 261003633
1978218 300 0.14661808604038631 258772659
1978518 300 0.14589745390693593 258641425
1978818 300 0.14887480245829676 258510192
1979118 300 0.15234521510096574 254704412
1979418 300 0.14920667251975417 249455061
1979718 300 0.14722493415276558 247749022
1980018 300 0.1619694468832309 256672918
1980318 300 0.1641787532923617 264136840
1980618 300 0.15702932396839334 260593528
1980918 300 0.1552941176470588 260593528
1981218 300 0.1557492537313433 260462294
1981518 300 0.16379947322212468 256000345
1981818 300 0.15302791922739245 252719501
1982118 300 0.16066093064091308 254556774
1982418 300 0.164529587357331 260593528
1982718 300 0.1582050921861282 255852708
1983018 300 0.1559768217734855 251521993
1983318 300 0.15296154521510097 300390171
1983618 300 0.14812572431957857 257066620
1983918 300 0.1468741000877963 257066620
1984218 300 0.15202282704126427 256918982
1984518 300 0.1506289727831431 257181450
1984818 300 0.15930500438981565 291695933
1985118 300 0.15920070237050044 278441322
1985418 300 0.1625857769973661 260199826
1985718 300 0.15793011413520633 260084997
1986018 300 0.15786374012291485 259674891
1986318 300 0.15567339771729588 255229347
1986618 300 0.15176681299385428 253917009
1986918 300 0.15142546093064094 251817269
1987218 300 0.15235469710272168 252178162
1987518 300 0.14901703248463566 251538397
1987818 300 0.15157717295873574 251259525
1988118 300 0.15356839332748023 251538397
1988418 300 0.160803160667252 263611905
1988718 300 0.15764565408252854 263497075
1989018 300 0.15280983318700614 250373697
1989318 300 0.1479171202809482 250373697
1989618 300 0.15202282704126427 250242463
1989918 300 0.15493380158033365 250111230
1990218 300 0.15021176470588235 249586294
1990518 300 0.14824899034240563 249569890
1990818 300 0.1483153643546971 250898632
1991118 300 0.16094539069359087 269533828
1991418 300 0.1551044776119403 272027271
1991718 300 0.14854293239683933 262693268
1992018 300 0.14789815627743633 262562034
1992318 300 0.15042036874451273 260987229
1992618 300 0.14806883230904302 259937359
1992918 300 0.14790763827919226 259920954
1993218 300 0.14659912203687445 257443917
1993518 300 0.15511395961369623 268877660
1993818 300 0.15216505706760317 268746426
1994118 300 0.14970921861281825 255229347
1994418 300 0.14644741000877964 255639453
1994718 300 0.1516056189640035 255475410
1995018 300 0.14544231782265146 254966880
1995318 300 0.1541373134328358 255114517
1995618 300 0.15438384547848988 254720816
1995918 300 0.15960842844600526 257870427
1996218 300 0.16129622475856015 268090257
1996518 300 0.15676382791922738 261791036
1996818 300 0.1491402985074627 261659802
1997118 300 0.15599578577699738 261528568
1997418 300 0.14598279192273925 258772659
1997718 223 0.1530753292361721 255606644
1997941 77 0.11115539947322212 255606644
1998018 107 0.10945812115891132 251259525
1998125 2 0.1057601404741001 166859802
1998127 1 0.1057601404741001 160183284
1998128 14 0.1057601404741001 160183284
1998142 2 0.1057601404741001 160183284
1998144 1 0.1057601404741001 160183284
1998145 173 0.11784021071115014 192237134
1998318 300 0.13660509218612818 245632877
1998618 300 0.16122036874451276 266384218
1998918 300 0.15813871817383668 269123723
1999218 300 0.15719051799824407 257050216
1999518 300 0.1622918349429324 255737878
1999818 186 0.1659329236172081 256000345
2000004 114 0.12244846356453029 255737878
2000118 71 0.12617489025460932 251538397
2000189 4 0.12374749780509219 158099947
2000193 9 0.12175627743634768 158099947
2000202 216 0.13182616330114136 197666931
2000418 300 0.15708621597892888 245239176
2000718 44 0.1589731343283582 246042982
2000762 184 0.11888323090430203 244599411
2000946 2 0.11550763827919228 151571067
2000948 1 0.11550763827919228 150258729
2000949 8 0.11550763827919228 150242325
2000957 61 0.12482844600526777 167401141
2001018 211 0.13880491659350308 251161100
2001229 89 0.09772888498683056 251029866
2001318 95 0.12326391571553996 268090257
2001413 5 0.12022967515364355 175783699
2001418 1 0.11912028094820017 174783042
2001419 8 0.11912028094820017 174783042
2001427 1 0.11912028094820017 174783042
2001428 190 0.13046075504828797 211134798
2001618 300 0.14500614574187884 233444540
2001918 300 0.16020579455662862 234117113
2002218 300 0.16365724319578578 234002283
2002518 300 0.1553604916593503 234379581
2002818 300 0.15742756804214222 234248347
2003118 300 0.16696646180860406 234625644
2003418 300 0.1658665496049166 237512787
2003718 300 0.16553467954345918 241991140
2004018 300 0.15612853380158034 239514102
2004318 300 0.1501169446883231 235429451
2004618 300 0.14944372256365235 235150579
2004918 300 0.15021176470588235 235166983
2005218 300 0.15661211589113258 235544280
2005518 300 0.15063845478489904 235265409
2005818 300 0.159646356453029 236971447
2006118 300 0.16397963125548726 252342204
2006418 300 0.15916277436347673 247224087
2006718 300 0.15259174714661983 236200449
2007018 300 0.1575318700614574 235806748
2007318 300 0.15407093942054434 235823152
2007618 300 0.15423213345039508 235954386
2007918 300 0.15224091308165058 237397957
2008218 300 0.1522883230904302 236479321
2008518 300 0.1538338893766462 236741788
2008818 300 0.165686391571554 255901920
2009118 300 0.16136259877085163 263251012
2009418 300 0.16468129938542583 248946530
2009718 300 0.15583459174714662 241203737
2010018 300 0.16453906935908694 237529191
2010318 300 0.1654019315188762 237529191
2010618 300 0.17025671641791046 238185360
2010918 300 0.17776646180860403 237922893
2011218 300 0.18569341527655836 237906489
2011518 300 0.19802001755926252 254310711
2011818 300 0.19038700614574186 259428828
2012118 300 0.185873573309921 259428828
2012418 300 0.17724495171202806 253014777
2012718 300 0.17567093942054432 251308738
2013018 300 0.1775009657594381 242532479
2013318 300 0.17739666374012292 238989167
2013618 300 0.17747251975417036 238857933
2013918 300 0.17915083406496926 239251635
2014218 300 0.1881208077260755 271781207
2014518 300 0.18648042142230026 280048935
2014818 300 0.18639508340649694 271666378
2015118 300 0.18630026338893765 254999688
2015418 300 0.1843469710272169 254852050
2015718 300 0.18307638279192276 253277244
2016018 300 0.18666057945566286 245009517
2016318 300 0.1784017559262511 240022633
2016618 300 0.17815522388059699 239760165
2016918 300 0.18593046532045654 256312026
2017218 300 0.18612010535557508 264464924
2017518 300 0.17968182616330117 256197196
2017818 300 0.17864828797190518 256049558
2018118 300 0.1787336259877085 268910468
2018418 300 0.18024126426690076 245157154
2018718 300 0.17942581211589112 241088907
2019018 300 0.18657524143985954 240563973
2019318 300 0.18127480245829675 240826440
2019618 300 0.18947673397717296 258936701
2019918 300 0.18623388937664617 248700466
2020218 300 0.1876467076382792 248569233
2020518 300 0.18058261633011416 248552829
2020818 300 0.17705531167690955 248437999
2021118 300 0.17534855136084285 244369752
2021418 300 0.17734925373134328 240826440
2021718 300 0.1762777875329236 240826440
2022018 300 0.18025074626865673 240957673
2022318 300 0.182915188762072 240957673
2022618 300 0.1761260755048288 240957673
2022918 300 0.17296856892010534 240826440
2023218 300 0.17521580333625988 240826440
2023518 300 0.17604073748902546 240957673
2023818 300 0.18099034240561898 242270011
2024118 300 0.1867079894644425 261823844
2024418 300 0.1722669007901668 265104688
2024718 300 0.17466584723441617 257099428
2025018 300 0.17364179104477612 254868454
2025318 300 0.1693843722563652 250668973
2025618 300 0.17330992098331868 247010832
2025918 300 0.17632519754170325 241482609
2026218 300 0.17249446883230904 244369752
2026518 300 0.1792646180860404 257755597
2026818 300 0.1755097453906936 248946530
2027118 300 0.16678630377524145 242516075
2027418 300 0.17681826163301143 242253607
2027718 300 0.1800990342405619 242007544
2028018 300 0.1819100965759438 241876310
2028318 300 0.18154978050921863 242007544
2028618 300 0.18549429323968392 242122374
2028918 300 0.19649341527655836 274668350
2029218 300 0.19511852502194907 273618480
2029518 300 0.192558384547849 251046270
2029818 300 0.18712519754170326 243844817
2030118 300 0.18601580333625986 243319882
2030418 300 0.18191957857769975 243319882
2030718 300 0.1796723441615452 243319882
2031018 300 0.1795111501316945 243303477
2031318 300 0.17597436347673398 243319882
2031618 300 0.17928358208955222 243319882
2031918 300 0.18737172958735734 259986571
2032218 300 0.18516242317822654 267204429
2032518 300 0.1765906935908692 258280532
2032818 300 0.17332888498683055 257493130
2033118 300 0.1816635645302897 254343519
2033418 300 0.18538999122036873 254343519
2033718 300 0.2759431079894644 252128949
2034018 300 0.23590061457418787 251308738
2034318 300 0.18820614574187886 246584322
2034618 300 0.18554170324846356 261282505
2034918 300 0.18582616330114135 252621076
2035218 300 0.17372712906057944 245157154
2035518 300 0.18008007023705006 245140750
2035818 300 0.1835694468832309 262217545
2036118 300 0.1807532923617208 251981311
2036418 300 0.1802886742756804 251981311
2036718 300 0.17925513608428448 248815296
2037018 300 0.17197295873573312 246584322
2037318 300 0.18083863037752415 258510192
2037618 300 0.17703634767339774 252358608
2037918 300 0.17471325724319578 252358608
2038218 300 0.17684670763827917 250258867
2038518 300 0.17897067603160668 244878283
2038818 300 0.17127129060579455 245009517
2039118 300 0.17204881474978054 245419622
2039418 300 0.17004811237928005 244878283
2039718 300 0.1685404741000878 245025921
2040018 300 0.17764319578577703 262348779
2040318 300 0.1756519754170325 266006921
2040618 300 0.16980158033362597 259445232
2040918 300 0.19687269534679544 259182765
2041218 300 0.1710626865671642 252489842
2041518 300 0.16783880597014925 249602699
2041818 300 0.173271992976295 248831700
2042118 300 0.16225390693590871 245928153
2042418 300 0.16193151887620721 246338259
2042718 300 0.16527866549604917 246338259
2043018 300 0.15944723441615452 298159197
2043318 300 0.1544502194907814 254868454
2043618 300 0.2651810359964882 296075860
2043918 300 0.16170395083406494 344632358
2044218 300 0.1634770851624232 284248416
2044518 300 0.15976014047410006 272568610
2044818 300 0.1592291483757682 265088284
2045118 300 0.15581562774363475 265235922
2045418 300 0.1640270412642669 265219518
2045718 300 0.15644143985952588 264825817
2046018 300 0.16342967515364357 294894756
2046318 300 0.16483301141352064 308936770
2046618 300 0.163628797190518 294501055
2046918 300 0.15893520632133454 273897352
2047218 300 0.2231283582089552 274159819
2047518 300 0.1658760316066725 286495794
2047818 300 0.16020579455662862 273241183
2048118 300 0.16006356453028975 272978715
2048418 300 0.15724741000877965 272322546
2048718 300 0.16055662862159792 269566637
2049018 300 0.1654019315188762 276915729
2049318 300 0.16620790166812996 269550233
2049618 300 0.15942827041264268 269435403
2049918 300 0.15777840210711153 269041702
2050218 300 0.15838525021949076 266285793
2050518 300 0.15852748024582966 266417026
2050818 300 0.1637236172080773 266417026
2051118 300 0.16076523266022827 264842221
2051418 300 0.16137208077260756 263529883
2051718 300 0.16902405618964006 281098806
2052018 300 0.1648519754170325 283461013
2052318 300 0.1603385425812116 275078456
2052618 300 0.15985496049165934 274815988
2052918 300 0.16098331870061458 272437376
2053218 300 0.15913432835820898 271272676
2053518 300 0.16070834064969272 267204429
2053818 300 0.15846110623353818 262873714
2054118 300 0.16492783143107992 263004948
2054418 300 0.17041791044776117 280721508
2054718 300 0.16595188762071994 286495794
2055018 300 0.16107813871817384 275603391
2055318 300 0.17495978928884984 275865858
2055618 300 0.1803171202809482 275603391
2055918 300 0.17671395961369624 271010209
2056218 300 0.18109464442493414 269172936
2056518 300 0.1746468832309043 267729364
2056818 300 0.18429956101843725 295419691
2057118 300 0.1880923617208077 298306834
2057418 300 0.18155926251097454 287676898
2057718 300 0.17995680421422303 263923585
2058018 300 0.17921720807726077 263792351
2058318 300 0.17495030728709396 263661117
2058618 300 0.18022230026338895 264054819
2058918 300 0.1762777875329236 264300882
2059218 300 0.18091448639157157 264432115
2059518 300 0.17725443371378405 280196573
2059818 300 0.18084811237928006 272191312
2060118 300 0.17078770851624234 264710988
2060418 300 0.1660182616330114 264317286
2060718 300 0.171081650570676 264054819
2061018 300 0.16126777875329235 263792351
2061318 300 0.1598075504828797 264186052
2061618 300 0.1616470588235294 264710988
2061918 300 0.1663690956979807 266006921
2062218 300 0.16950763827919227 281640145
2062518 300 0.16802844600526778 270485274
2062818 300 0.16221597892888498 264842221
2063118 300 0.16066093064091308 264448520
2063418 300 0.16177032484635645 264186052
2063718 300 0.16100228270412645 264186052
2064018 300 0.15921966637401228 264054819
2064318 300 0.15449762949956103 264317286
2064618 300 0.15486742756804214 265760857
2064918 300 0.1643589113257243 272847481
2065218 300 0.15895417032484632 264054819
2065518 300 0.15311325724319577 263923585
2065818 300 0.15812923617208077 263792351
2066118 300 0.15756031606672521 263382246
2066418 300 0.1562328358208955 263251012
2066718 300 0.16094539069359087 263119778
2067018 300 0.1621875329236172 266269389
2067318 300 0.1654398595258999 276899325
2067618 300 0.1540235294117647 275340924
2067918 300 0.1564793678665496 274684755
2068218 300 0.1559294117647059 274553521
2068518 300 0.15225039508340651 273372417
2068818 300 0.1549717295873573 270878975
2069118 300 0.1560526777875329 268385533
2069418 300 0.15634661984196663 266941962
2069718 300 0.16105917471466197 278359300
2070018 300 0.16176084284460054 271010209
2070318 300 0.15486742756804214 262463609
2070618 300 0.15659315188762074 262463609
2070918 300 0.15161510096575948 262496418
2071218 300 0.15065741878841088 262496418
2071518 300 0.15225039508340651 262890118
2071818 300 0.15305636523266022 265646028
2072118 300 0.16489938542581214 295042394
2072418 300 0.16690956979806848 297798304
2072718 300 0.16000667251975417 264858625
2073018 300 0.16190307287093944 264579754
2073318 300 0.15701035996488147 264448520
2073618 300 0.15355891132572433 264317286
2073918 300 0.1495006145741879 264186052
2074218 300 0.15057208077260756 263923585
2074518 300 0.15769306409130815 266433430
2074818 300 0.16656821773485514 271026613
2075118 300 0.15793959613696223 266564664
2075418 300 0.1506953467954346 279540404
2075718 300 0.14667497805092186 264054819
2076018 300 0.15001264266900788 264317286
2076318 300 0.14829640035118527 263923585
2076618 300 0.15132115891132572 264054819
2076918 300 0.1606324846356453 277325834
2077218 300 0.15576821773485516 264448520
2077518 300 0.14761369622475856 264317286
2077818 300 0.1535873573309921 264317286
2078118 300 0.1450345917471466 264300882
2078418 300 0.14585004389815628 264054819
2078718 300 0.14646637401229148 263513479
2079018 300 0.15178577699736612 266269389
2079318 300 0.16035750658472345 272568610
2079618 300 0.152060755048288 265088284
2079918 300 0.14521474978050922 265088284
2080218 300 0.15097032484635645 278080428
2080518 300 0.16487093942054432 265613220
2080818 300 0.16111606672519754 265219518
2081118 300 0.16209271290605795 264710988
2081418 300 0.16487093942054432 266810728
2081718 300 0.17221000877963125 273372417
2082018 300 0.17632519754170325 264973455
2082318 300 0.16182721685689203 265104688
2082618 300 0.1607273046532046 264710988
2082918 300 0.1577404741000878 264710988
2083218 300 0.15771202809482002 264842221
2083518 300 0.16107813871817384 264710988
2083818 300 0.16805689201053556 264432115
2084118 300 0.17872414398595257 279277936
2084418 300 0.16944126426690082 275455753
2084718 300 0.16469078138718174 263923585
2085018 300 0.16365724319578578 263792351
2085318 300 0.1639132572431958 263661117
2085618 300 0.16126777875329235 263923585
2085918 300 0.15934293239683936 264186052
2086218 300 0.15737067603160668 263923585
2086518 300 0.14896962247585602 263677521
2086818 300 0.16631220368744512 293319951
2087118 300 0.17170746268656717 301325211
2087418 300 0.16512695346795436 309855407
2087718 300 0.16379947322212468 267598131
2088018 300 0.16031009657594383 266548260
2088318 300 0.16057559262510976 266417026
2088618 300 0.15778788410886743 266154559
2088918 300 0.16200737489025463 266285793
2089218 300 0.1638089552238806 266023325
2089518 300 0.1701524143985953 268779234
2089818 300 0.16891027216856894 274044990
2090118 300 0.16676733977172958 265646028
2090418 300 0.16470026338893767 265481986
2090718 300 0.16902405618964006 265613220
2091018 300 0.1703041264266901 265350752
2091318 300 0.16526918349429326 265219518
2091618 300 0.1627943810359965 265104688
2091918 300 0.1627564530289728 265760857
2092218 300 0.1694791922739245 285724796
2092518 300 0.16772502194907812 284166395
2092818 300 0.16314521510096575 277473472
2093118 300 0.1663690956979807 277473472
2093418 300 0.16443476733977175 277473472
2093718 300 0.16415978928884986 275882263
2094018 300 0.16653977172958734 271814016
2094318 300 0.16261422300263392 271551548
2094618 300 0.16342967515364357 271272676
2094918 300 0.17243757682177352 285577158
2095218 300 0.16762071992976293 274684755
2095518 300 0.163628797190518 268385533
2095818 300 0.16152379280070236 275078456
2096118 300 0.1597980684811238 268385533
2096418 300 0.16016786654960494 268385533
2096718 300 0.1591912203687445 268648000
2097018 300 0.16493731343283582 270354040
2097318 300 0.16764916593503076 272585014
2097618 300 0.16737418788410888 268779234
2097918 300 0.16453906935908694 268516767
2098218 300 0.16262370500438983 268516767
2098518 300 0.16414082528533805 268779234
2098818 300 0.1608884986830553 268648000
2099118 300 0.2374556628621598 284264820
2099418 300 0.16657769973661107 295025990
2099718 300 0.17761474978050923 300275341
2100018 300 0.1664923617208077 291367848
2100318 300 0.1657527655838455 273897352
2100618 300 0.16530711150131694 273766118
2100918 300 0.163628797190518 273634884
2101218 300 0.1700007023705004 273503650
2101518 300 0.1731676909569798 273520054
2101818 300 0.1678198419666374 273257587
2102118 300 0.17310131694468836 273388821
2102418 300 0.17751992976294995 305541096
2102718 300 0.17889482001755927 315252396
2103018 300 0.1784017559262511 298192005
2103318 300 0.16214960491659353 273257587
2103618 300 0.15325548726953467 273109949
2103918 300 0.15325548726953467 273109949
2104218 300 0.16177032484635645 272995120
2104518 300 0.16174187884108868 272913099
2104818 300 0.15930500438981565 272781865
2105118 300 0.16093590869183494 273667693
2105418 300 0.1686163301141352 290203149
2105718 300 0.16198841088674276 279064682
2106018 300 0.1614194907813872 272634226
2106318 300 0.15607164179104477 272502993
2106618 300 0.15952309043020194 272371759
2106918 300 0.16031009657594383 272371759
2107218 300 0.1587360842844601 272388163
2107518 300 0.16000667251975417 272388163
2107818 300 0.15900158033362596 272388163
2108118 300 0.15844214223002637 272256930
2108418 300 0.16147638279192272 272125696
2108718 300 0.15628972783143108 272109292
2109018 300 0.1577404741000878 271978058
2109318 300 0.1639132572431958 271321889
2109618 300 0.17054117647058825 286938708
2109918 300 0.17048428446005268 278146045
2110218 300 0.166331167690957 271715590
2110518 300 0.16780087796312557 271584357
2110818 300 0.16006356453028975 271567952
2111118 300 0.1604807726075505 271551548
2111418 300 0.16370465320456543 271551548
2111718 300 0.16351501316944686 271682782
2112018 300 0.17172642669007904 279950510
2112318 300 0.1690050921861282 274291053
2112618 300 0.166710447761194 271535144
2112918 300 0.1709204565408253 332821318
2113218 300 0.15796804214223004 272322546
2113518 300 0.15762669007901667 272470185
2113818 300 0.16151431079894643 272338951
2114118 300 0.16068937664618085 272224121
2114418 300 0.1656294995610184 303326526
2114718 300 0.16475715539947325 288234642
2115018 300 0.1682844600526778 272880290
2115318 300 0.16349604916593505 272880290
2115618 300 0.16441580333625988 272732652
2115918 300 0.16155223880597014 289530576
2116218 300 0.1651079894644425 277457068
2116518 300 0.1684361720807726 278096833
2116818 300 0.16215908691834943 278129641
2117118 300 0.1584326602282704 278014812
2117418 300 0.1726841088674276 293483993
2117718 300 0.17262721685689203 283264162
2118018 300 0.18336084284460052 283247758
2118318 300 0.21214820017559263 283001695
2118618 300 0.25539561018437223 283395396
2118918 300 0.16737418788410888 282722823
2119218 300 0.17177383669885865 282591589
2119518 300 0.17396417910447762 282575185
2119818 300 0.17910342405618965 282575185
2120118 300 0.19002669007901668 294779926
2120418 300 0.18697348551360843 294911160
2120718 300 0.17585109745390695 280590274
2121018 300 0.1684741000877963 279802872
2121318 300 0.16755434591747148 276932133
2121618 300 0.16507954345917472 274717563
2121918 300 0.16821808604038632 274865201
2122218 300 0.16522177348551362 274717563
2122518 300 0.16513643546971027 275111264
2122818 300 0.16617945566286219 275357328
2123118 300 0.1655062335381914 275094860
2123418 300 0.17221000877963125 288874407
2123718 300 0.16827497805092187 290186745
2124018 300 0.16032906057945565 275357328
2124318 300 0.15865074626865672 275242498
2124618 300 0.16286075504828798 275111264
2124918 300 0.16308832309043023 274455096
2125218 300 0.16302194907813872 274192628
2125518 300 0.1595041264266901 274192628
2125818 300 0.1625762949956102 274061394
2126118 300 0.16930851624231782 291909188
2126418 300 0.16713713784021073 289809447
2126718 300 0.16111606672519754 284428863
2127018 300 0.1597316944688323 283887523
2127318 300 0.16452010535557507 280606678
2127618 300 0.16386584723441616 278900640
2127918 300 0.1608790166812994 276292368
2128218 300 0.16436839332748024 276423602
2128518 300 0.1614953467954346 276833707
2128818 300 0.16559157155399476 311085723
2129118 300 0.17502616330114135 312529295
2129418 300 0.17285478489903428 293369164
2129718 300 0.16340122914837577 286413774
2130018 300 0.16419771729587357 286545007
2130318 300 0.16108762071992974 286397369
2130618 300 0.16281334503950837 286266135
2130918 300 0.2005043020193152 282722823
2131218 300 0.20476172080772606 278785810
2131518 300 0.15682071992976296 277211005
2131818 300 0.16880597014925375 291663124
2132118 300 0.16767761194029848 296518774
2132418 300 0.16004460052677788 286282540
2132718 300 0.16296505706760317 286413774
2133018 300 0.1632589991220369 286282540
2133318 300 0.16526918349429326 281689357
2133618 300 0.170702370500439 276702474
2133918 300 0.16603722563652326 275127669
2134218 300 0.16459596136962246 275258902
2134518 300 0.16637857769973663 275390136
2134818 300 0.16950763827919227 275127669
2135118 300 0.16514591747146623 275390136
2135418 300 0.15537945566286218 275521370
2135718 300 0.15913432835820898 275258902
2136018 300 0.16185566286215983 274996435
2136318 300 0.15906795434591747 275652604
2136618 300 0.16733625987708517 292056826
2136918 300 0.17052221246707638 281426890
2137218 300 0.16503213345039508 275636199
2137518 300 0.15992133450395085 275521370
2137818 300 0.16240561896400352 275390136
2138118 300 0.16187462686567164 275521370
2138418 300 0.16467181738366987 275258902
2138718 300 0.16142897278314308 274996435
2139018 300 0.1676396839332748 287069942
2139318 300 0.1635529411764706 287069942
2139618 300 0.168 274733967
2139918 300 0.16182721685689203 274848796
2140218 300 0.16232028094820017 274569925
2140518 300 0.16816119402985075 274586329
2140818 300 0.16378999122036872 274848796
2141118 300 0.15765513608428447 274832392
2141418 300 0.1579964881474978 274832392
2141718 300 0.16079367866549601 275242498
2142018 300 0.1664923617208077 289530576
2142318 300 0.15967480245829677 288497110
2142618 300 0.1550286215978929 275111264
2142918 300 0.15884038630377526 274996435
2143218 300 0.15729482001755926 275111264
2143518 300 0.1604523266022827 275111264
2143818 300 0.1637710272168569 275111264
2144118 300 0.16113503072870938 275111264
2144418 300 0.16277541703248463 275258902
2144718 300 0.16480456540825286 303326526
2145018 300 0.16428305531167692 313185464
2145318 300 0.15939034240561895 293894098
2145618 300 0.1592291483757682 274865201
2145918 300 0.16113503072870938 274996435
2146218 300 0.16165654082528533 274996435
2146518 300 0.16246251097453904 274980030
2146818 300 0.16541141352063213 274996435
2147118 300 0.16514591747146623 274865201
2147418 300 0.15883090430201932 274602733
2147718 300 0.1658760316066725 280639487
2148018 300 0.16758279192273925 292056826
2148318 300 0.15570184372256365 290728084
2148618 300 0.15456400351185254 284691330
2148918 300 0.15915329236172085 282345526
2149218 300 0.15921018437225637 282345526
2149518 300 0.15354942932396837 282197888
2149818 300 0.155398419666374 281672953
2150118 300 0.15821457418788412 279704446
2150418 300 0.1639132572431958 288251046
2150718 75 0.16375206321334504 282476760
2150793 5 0.12219244951712029 278621768
2150798 7 0.12137699736611063 273520054
2150805 1 0.11993573309920985 273077140
2150806 11 0.11993573309920985 273077140
2150817 160 0.12151922739244951 280770721
2150977 4 0.1336182616330114 179917563
2150981 1 0.11766953467954346 177227271
2150982 8 0.11766953467954346 177227271
2150990 28 0.1266110623353819 186741720
2151018 300 0.12199332748024583 237283128
2151318 300 0.15653625987708517 266170963
2151618 300 0.1572758560140474 263283820
2151918 300 0.15079016681299387 263037757
2152218 300 0.15378647936786655 263415054
2152518 296 0.16165654082528533 266581069
2152814 4 0.14426654960491658 264907838
2152818 2 0.14728182616330113 272667035
2152820 3 0.14588797190518 271338293
2152823 9 0.1426451273046532 271338293
2152832 165 0.14391571553994734 279294341
2152997 3 0.14837225636523266 175619656
2153000 1 0.12974960491659351 175619656
2153001 9 0.12974960491659351 175619656
2153010 108 0.14279683933274803 200061948
2153118 300 0.13204424934152767 254195881
2153418 207 0.1565457418788411 266154559
2153625 5 0.11478700614574187 261955078
2153630 4 0.11538437225636523 257525938
2153634 8 0.11293801580333626 257525938
2153642 1 0.11293801580333626 257525938
2153643 1 0.11310869183494295 257525938
2153644 74 0.11530851624231782 265055476
2153718 92 0.11621878841088674 261758227
2153810 4 0.11170535557506585 161708876
2153814 9 0.11170535557506585 157821076
2153823 1 0.11170535557506585 157821076
2153824 194 0.12217348551360843 194894618
2154018 70 0.10819701492537312 148536286
2154088 5 0.06424793678665495 145091399
2154093 4 0.0648358208955224 139218688
2154097 9 0.06215241439859526 139218688
2154106 3 0.06222827041264267 139218688
2154109 162 0.06359367866549605 147305969
2154271 2 0.09432484635645304 55655580
2154273 1 0.06 47830766
2154274 8 0.06 47830766
2154282 1 0.06439016681299385 54080775
2154283 35 0.07533239683933275 65088007
2154318 140 0.06443757682177349 123060529
2154458 160 0.07678314310798946 152391278
2154618 300 0.13544828797190517 231065928
2154918 300 0.1559294117647059 240285100
2155218 300 0.15739912203687445 240563973
2155518 300 0.15319859525899912 240760823
2155818 300 0.15141597892888495 240777227
2156118 300 0.15187111501316944 241302162
2156418 300 0.14916874451273046 241302162
2156718 300 0.1531606672519754 241679460
2157018 300 0.162984021071115 262266758
2157318 300 0.1609548726953468 263595500
2157618 300 0.15796804214223004 249192593
2157918 300 0.1585369622475856 244254922
2158218 300 0.15619490781387182 243467520
2158518 300 0.15258226514486392 244107284
2158818 300 0.1544217734855136 244894687
2159118 300 0.14763266022827043 244369752
2159418 300 0.16021527655838455 281902612
2159718 300 0.16159964881474978 292270081
