1065227 300 0.19013099209833187 242105969
1065527 300 0.19537453906935912 242253607
1065827 300 0.19240667251975418 242237203
1066127 300 0.19388586479367867 241859906
1066427 300 0.19909148375768218 241859906
1066727 300 0.20613661106233538 247371724
1067027 300 0.20868726953467956 258132894
1067327 300 0.20375662862159788 242384841
1067627 300 0.1996698858647937 242384841
1067927 300 0.20048533801580334 249077764
1068227 300 0.20204038630377522 241859906
1068527 300 0.20349113257243198 241991140
1068827 300 0.20589956101843723 242237203
1069127 300 0.2110956979806848 244730645
1069427 300 0.20926567164179108 244878283
1069727 300 0.2027799824407375 241991140
1070027 300 0.1975174714661984 241859906
1070327 300 0.19802949956101845 241843501
1070627 300 0.1945116769095698 259182765
1070927 300 0.19336435469710272 248290361
1071227 300 0.1931747146619842 248159127
1071527 300 0.1993569798068481 248306765
1071827 300 0.19730886742756804 251718843
1072127 300 0.2022774363476734 259592870
1072427 300 0.19885443371378403 253556116
1072727 300 0.20131027216856892 253162415
1073027 300 0.20008709394205446 253031181
1073327 300 0.20439192273924495 249881571
1073627 300 0.19928112379280072 249340231
1073927 300 0.20165162423178226 246978023
1074227 300 0.2008361720807726 246846789
1074527 300 0.21245162423178224 277424260
1074827 300 0.21392133450395082 278605363
1075127 300 0.19936646180860404 248159127
1075427 300 0.19814328358208955 248027893
1075727 300 0.1974795434591747 247896660
1076027 300 0.19788726953467953 247896660
1076327 143 0.13887129060579456 149340093
1076470 157 0.19319367866549605 247896660
1076627 300 0.19298507462686568 248027893
1076927 300 0.20016294995610187 248437999
1077227 300 0.21082071992976295 263644713
1077527 300 0.20197401229148376 252752310
1077827 300 0.19603827919227393 246994428
1078127 300 0.19590553116769097 246978023
1078427 300 0.19557366110623356 246978023
1078727 300 0.19482458296751534 246846789
1079027 300 0.19983107989464444 246731960
1079327 300 0.2047427568042142 248946530
1079627 300 0.21083020193151886 252227374
1079927 300 0.20753994732221245 244615815
1080227 300 0.20435399473222124 244615815
1080527 300 0.2039841966637401 244353348
1080827 300 0.20097840210711151 244353348
1081127 300 0.20233432835820894 243812008
1081427 300 0.20807093942054436 242909776
1081727 300 0.2119490781387182 256836961
1082027 300 0.20706584723441615 246994428
1082327 300 0.19905355575065847 242270011
1082627 300 0.19856997366110624 242138778
1082927 300 0.1952986830553117 242007544
1083227 300 0.19604776119402983 241876310
1083527 300 0.19561158911325724 241859906
1083827 300 0.1946254609306409 242253607
1084127 300 0.20076979806848114 258526596
1084427 300 0.1980958735733099 248552829
1084727 300 0.19542194907813873 243041010
1085027 300 0.1940091308165057 242926180
1085327 300 0.19097489025460934 243073818
1085627 300 0.19855100965759437 242942584
1085927 300 0.19615206321334505 242794947
1086227 300 0.20103529411764703 245042325
1086527 300 0.2087441615452151 249897975
1086827 300 0.19510904302019316 242680117
1087127 300 0.19496681299385424 242532479
1087427 300 0.19382897278314312 242532479
1087727 300 0.18875610184372255 242532479
1088027 300 0.19060509218612817 242516075
1088327 300 0.1860916593503073 242532479
1088627 300 0.20131027216856892 279015469
1088927 300 0.19710026338893766 284658522
1089227 300 0.18680280948200179 254474753
1089527 300 0.18494433713784023 254491157
1089827 300 0.19062405618964 254359923
1090127 300 0.1921980684811238 253310053
1090427 300 0.18923020193151888 251341546
1090727 300 0.19199894644424934 249110572
1091027 300 0.19504266900790165 250537740
1091327 300 0.20264723441615454 264710988
1091627 300 0.19923371378402108 258411766
1091927 300 0.1931747146619842 252358608
1092227 300 0.18968533801580334 250652569
1092527 300 0.18827251975417034 249487869
1092827 300 0.18492537313432836 247913064
1093127 300 0.18250746268656717 244911091
1093427 300 0.18123687445127304 242401245
1093727 300 0.19536505706760313 248044297
1094027 300 0.19494784899034243 247256895
1094327 300 0.19429359086918352 242794947
1094627 300 0.19312730465320455 242663713
1094927 300 0.18844319578577698 242663713
1095227 300 0.18743810359964883 242532479
1095527 300 0.187798419666374 242663713
1095827 300 0.18523827919227392 243188648
1096127 300 0.19999227392449517 257903235
1096427 300 0.19881650570676032 254097456
1096727 300 0.18488744512730465 243073818
1097027 300 0.1910886742756804 243073818
1097327 300 0.18593046532045654 243073818
1097627 300 0.183427216856892 242942584
1097927 300 0.1785819139596137 242942584
1098227 300 0.18726742756804218 245960961
1098527 300 0.19987848990342405 257132237
1098827 300 0.1875803336259877 246748364
1099127 300 0.1816635645302897 244648624
1099427 300 0.18390131694468834 244386156
1099727 300 0.1785913959613696 244238518
1100027 300 0.19251097453906935 244386156
1100327 300 0.1895715539947322 244386156
1100627 300 0.18722001755926254 247010832
1100927 300 0.19526075504828797 258690638
1101227 300 0.18205232660228268 254359923
1101527 300 0.1819385425812116 254376327
1101827 300 0.1824979806848112 254359923
1102127 300 0.1848021071115013 254474753
1102427 300 0.18753292361720805 254359923
1102727 300 0.18081018437225635 255787090
1103027 300 0.19543143107989464 290039106
1103327 300 0.18838630377524143 286643433
1103627 300 0.18503915715539948 256869769
1103927 300 0.18292467076382793 256836961
1104227 300 0.18243160667251979 256574493
1104527 300 0.1821945566286216 256869769
1104827 300 0.18099982440737486 256738536
1105127 300 0.17856294995610184 256738536
1105427 300 0.18297208077260757 257788405
1105727 300 0.18905004389815627 266203771
1106027 300 0.18312379280070237 256623706
1106327 300 0.18118946444249343 249914379
1106627 300 0.18133169446883232 255934728
1106927 300 0.1769794556628622 250029208
1107227 300 0.17703634767339774 250045613
1107527 300 0.17601229148375766 250176847
1107827 300 0.1834651448639157 253063990
1108127 300 0.18246953467954344 257903235
1108427 300 0.17625882352941175 256065962
1108727 300 0.17192554872695348 255409794
1109027 300 0.17475118525021952 250685377
1109327 300 0.1757942054433714 251243121
1109627 300 0.17660965759438105 250718186
1109927 300 0.18098086040386305 250586952
1110227 300 0.19741316944688325 264891434
1110527 300 0.18365478489903422 261479356
1110827 300 0.1810377524143986 253178819
1111127 300 0.1853425812115891 253080394
1111427 300 0.17532010535557507 251079079
1111727 300 0.18004214223002632 247683405
1112027 300 0.17880000000000001 247404533
1112327 300 0.18473573309920985 250144038
1112627 300 0.19189464442493415 255130921
1112927 300 0.18081966637401228 248306765
1113227 300 0.18199543459174716 248306765
1113527 300 0.17881896400351185 248306765
1113827 300 0.17351852502194912 248306765
1114127 300 0.17596488147497805 248044297
1114427 300 0.17931202809482005 250931441
1114727 300 0.1875708516242318 254770029
1115027 300 0.17747251975417036 250062017
1115327 300 0.17925513608428448 247552171
1115627 300 0.1807532923617208 247552171
1115927 300 0.18066795434591748 247552171
1116227 300 0.18684073748902544 247552171
1116527 300 0.1806774363476734 247437342
1116827 300 0.17905601404741 247437342
1117127 300 0.2066865671641791 266302197
1117427 300 0.19350658472344165 265383561
1117727 300 0.17816470588235295 256344834
1118027 300 0.18229885864793677 256361238
1118327 300 0.17761474978050923 255705069
1118627 300 0.17980509218612817 252522650
1118927 300 0.17846812993854258 250816611
1119227 300 0.17971027216856894 250800207
1119527 300 0.18337980684811236 255787090
1119827 300 0.1871726075504829 292516144
1120127 300 0.18888884986830556 286495794
1120427 300 0.1813980684811238 271928845
1120727 300 0.1757562774363477 257493130
1121027 300 0.17592695346795434 257493130
1121327 300 0.1798809482001756 256049558
1121627 300 0.17768112379280068 251735248
1121927 300 0.1827445127304653 250800207
1122227 300 0.18338928884986833 251456376
1122527 300 0.1855796312554873 262365184
1122827 300 0.17879051799824408 255951133
1123127 300 0.17715013169446883 256065962
1123427 300 0.1727694468832309 255016092
1123727 300 0.1746468832309043 252768714
1124027 300 0.17768112379280068 251193908
1124327 300 0.18377805092186128 252899947
1124627 300 0.18909745390693591 266548260
1124927 300 0.18697348551360843 262233950
1125227 300 0.17975768217734858 256607302
1125527 300 0.17326251097453907 254130264
1125827 300 0.17278841088674277 250324485
1126127 300 0.17593643546971027 248487211
1126427 300 0.1749787532923617 246764768
1126727 300 0.1806395083406497 245042325
1127027 300 0.18032660228270414 265629624
1127327 300 0.18272554872695349 261052846
1127627 300 0.18046883230904304 255918324
1127927 300 0.1766381035996488 261561377
1128227 300 0.17458999122036872 254770029
1128527 300 0.17800351185250218 252145353
1128827 300 0.17253239683933275 250045613
1129127 300 0.18374960491659348 250439314
1129427 300 0.19356347673397717 255426198
1129727 300 0.19103178226514486 250570548
1130027 300 0.1862433713784021 250554144
1130327 300 0.19137313432835823 249487869
1130627 300 0.18553222124670765 245813323
1130927 300 0.18876558384547848 245173559
1131227 300 0.18421422300263388 245173559
1131527 300 0.19191360842844601 245419622
1131827 300 0.19328849868305534 279802872
1132127 300 0.19474872695346793 279950510
1132427 300 0.18734328358208954 258969510
1132727 300 0.1857977172958736 246912406
1133027 300 0.13146584723441615 146731821
1133327 205 0.12862124670763828 146715417
1133532 95 0.1903301141352063 246879598
1133627 300 0.18447023705004392 246781173
1133927 300 0.18176786654960495 246633535
1134227 300 0.18810184372256364 247158469
1134527 300 0.2004758560140474 262791693
1134827 300 0.19052923617208076 252817926
1135127 300 0.19192309043020192 247174874
1135427 300 0.19220755048287974 246781173
1135727 300 0.19380052677787532 246781173
1136027 300 0.19005513608428445 246764768
1136327 300 0.19096540825285338 246649939
1136627 300 0.19307041264266903 248602041
1136927 300 0.20070342405618966 253588925
1137227 300 0.19321264266900792 246371067
1137527 300 0.18859490781387184 246239833
1137827 300 0.19627532923617208 246239833
1138127 300 0.18914486391571553 246108600
1138427 300 0.19316523266022828 246125004
1138727 300 0.2046669007901668 246125004
1139027 300 0.19711922739244953 246125004
1139327 300 0.20101633011413525 263579096
1139627 300 0.19639859525899914 269222148
1139927 300 0.19088007023705006 257936044
1140227 300 0.18910693590869185 257558746
1140527 300 0.19247304653204564 257427513
1140827 300 0.1941892888498683 256623706
1141127 300 0.19075680421422303 255048900
1141427 300 0.18982756804214224 254917667
1141727 300 0.2062598770851624 270944592
1142027 300 0.19744161545215103 261741823
1142327 300 0.19554521510096579 252817926
1142627 300 0.19315575065847235 252555459
1142927 300 0.19401861281826163 249815953
1143227 300 0.1918282704126427 247962277
1143527 300 0.19109815627743634 248503616
1143827 300 0.19134468832309046 248372382
1144127 300 0.198598419666374 256640110
1144427 300 0.20041896400351183 253999030
1144727 300 0.19121194029850744 247831043
1145027 300 0.1933928007023705 247831043
1145327 300 0.19973625987708518 247962277
1145627 300 0.20065601404741001 247699809
1145927 300 0.1967494293239684 247568575
1146227 300 0.19362036874451274 249012147
1146527 300 0.20844073748902547 268057449
1146827 300 0.20041896400351183 264120435
1147127 300 0.19687269534679544 255852708
1147427 300 0.19166707638279193 255705069
1147727 300 0.19553573309920982 255459006
1148027 300 0.19307041264266903 252965564
1148327 300 0.1988354697102722 249947187
1148627 300 0.19979315188762073 247847447
1148927 300 0.19384793678665496 248241148
1149227 300 0.20507462686567166 278031216
1149527 300 0.2065443371378402 290104723
1149827 300 0.19893028972783147 272634226
1150127 300 0.19460649692712903 256115175
1150427 300 0.1956021071115013 254802837
1150727 300 0.195772783143108 254917667
1151027 300 0.18935346795434596 253342861
1151327 300 0.19068094820017562 249668316
1151627 300 0.19007410008779632 248880913
1151927 300 0.18867076382791925 248880913
1152227 300 0.20374714661984197 262004290
1152527 300 0.20511255487269534 265301539
1152827 300 0.20348165057067605 255196539
1153127 300 0.19911044776119405 254934071
1153427 300 0.19581071115013168 254802837
1153727 300 0.20055171202809485 254786433
1154027 300 0.19666409130816503 254671603
1154327 300 0.19307041264266903 252834330
1154627 300 0.19524179104477613 254261498
1154927 300 0.20544442493415277 261873057
1155227 300 0.19589604916593503 258198511
1155527 300 0.19544091308165057 254277902
1155827 300 0.20203090430201934 253884201
1156127 300 0.19417032484635646 254015434
1156427 300 0.19872168568920104 252161757
1156727 300 0.18551325724319578 250455718
1157027 300 0.19918630377524144 251915694
1157327 300 0.20607023705004388 265826475
1157627 300 0.20541597892888497 255196539
1157927 300 0.19494784899034243 248766084
1158227 300 0.1937910447761194 248618445
1158527 300 0.19319367866549605 248634850
1158827 300 0.19189464442493415 248766084
1159127 300 0.19004565408252855 248766084
1159427 300 0.19517541703248462 249553486
1159727 300 0.20598489903424058 269369787
1160027 300 0.20069394205443372 263333032
1160327 300 0.19041545215100966 257821214
1160627 300 0.1919515364354697 257689980
1160927 300 0.1923213345039508 257689980
1161227 300 0.1886897278314311 255983941
1161527 300 0.18376856892010535 251521993
1161827 300 0.18808287971905183 250357293
1162127 300 0.2082321334503951 279999723
1162427 300 0.20479016681299383 280130956
1162727 300 0.19951817383669887 250865824
1163027 300 0.1863097453906936 250865824
1163327 300 0.1869924495171203 251259525
1163627 300 0.17965338015803337 250997058
1163927 300 0.17475118525021952 248372382
1164227 300 0.17317717295873572 247453746
1164527 300 0.17403055311676907 247191278
1164827 300 0.19044389815627744 252703097
1165127 300 0.19347813871817388 264924242
1165427 300 0.18005162423178225 263349437
1165727 300 0.17604073748902546 257443917
1166027 300 0.1808955223880597 257706384
1166327 300 0.17738718173836698 255983941
1166627 300 0.17403055311676907 254556774
1166927 300 0.17111957857769974 253506904
1167227 300 0.1688249341527656 252571863
1167527 300 0.18247901668129943 263710330
1167827 300 0.17712168568920106 268959681
1168127 300 0.18023178226514486 259133552
1168427 300 0.17454258121158908 259133552
1168727 300 0.17240913081650572 257968852
1169027 300 0.16850254609306412 253900605
1169327 300 0.16813274802458295 253375670
1169627 300 0.16931799824407376 251915694
1169927 300 0.1716884986830553 249832358
1170227 300 0.17393573309920982 247601383
1170527 300 0.17709323968393326 260724762
1170827 300 0.17260825285338016 260052188
1171127 300 0.17387884108867427 247847447
1171427 300 0.16980158033362597 247716213
1171727 300 0.17198244073748903 247453746
1172027 300 0.17063599648814748 247322512
1172327 300 0.17012396839332747 247060044
1172627 300 0.1698489903424056 247060044
1172927 300 0.16869218612818263 247060044
1173227 300 0.16899561018437223 247338916
1173527 300 0.18294363476733974 260445889
1173827 300 0.17202985074626867 262414396
1174127 300 0.16776294995610183 260052188
1174427 300 0.17119543459174716 258871084
1174727 300 0.17342370500438983 255327772
1175027 300 0.172371202809482 254277902
1175327 300 0.17551922739244952 253359265
1175627 300 0.17310131694468836 253375670
1175927 300 0.16574328358208956 253113202
1176227 300 0.17746303775241437 278835022
1176527 300 0.18145496049165935 286446582
1176827 300 0.17755785776997365 297601453
1177127 300 0.1700007023705004 260855995
1177427 300 0.1771690956979807 260577123
1177727 300 0.17417278314310797 260314656
1178027 300 0.1731297629499561 257427513
1178327 300 0.17266514486391574 256902577
1178627 300 0.17047480245829674 253884201
1178927 300 0.17052221246707638 251407163
1179227 300 0.17784231782265147 267811386
1179527 300 0.1725798068481124 272929503
1179827 300 0.16466233538191397 258346149
1180127 300 0.16445373134328356 257837618
1180427 300 0.16177980684811238 257165045
1180727 300 0.16200737489025463 253752967
1181027 300 0.1609169446883231 252309396
1181327 300 0.16311676909569797 251784460
1181627 300 0.16675785776997365 251653227
1181927 300 0.15791115013169446 269238553
1182227 300 0.15699139596136963 256771344
1182527 300 0.15609060579455664 256246409
1182827 300 0.15726637401229152 256115175
1183127 300 0.1594756804214223 257837618
1183427 300 0.16780087796312557 268992489
1183727 300 0.1630124670763828 255065305
1184027 300 0.15653625987708517 255212943
1184327 300 0.15884038630377526 255065305
1184627 300 0.1615332748024583 252178162
1184927 300 0.16197892888498683 252457033
1185227 300 0.15880245829675152 249569890
1185527 300 0.1595420544337138 248913721
1185827 300 0.15737067603160668 249291019
1186127 300 0.15913432835820898 249028551
1186427 300 0.15913432835820898 249159785
1186727 300 0.1548294995610184 249438657
1187027 300 0.15696294995610183 249044955
1187327 300 0.15445970149253732 249044955
1187627 300 0.1589731343283582 249044955
1187927 300 0.1602626865671642 248766084
1188227 300 0.16332537313432835 248651254
1188527 300 0.15570184372256365 249028551
1188827 300 0.15691553994732219 249044955
1189127 300 0.15928604038630378 248897317
1189427 300 0.1556449517120281 249028551
1189727 300 0.1664923617208077 279064682
1190027 300 0.16508902546093063 293943311
1190327 300 0.1643115013169447 289989894
1190627 300 0.16304091308165058 260855995
1190927 300 0.15887831431079896 260855995
1191227 300 0.1575982440737489 272535801
1191527 300 0.15376751536435468 257033811
1191827 300 0.15846110623353818 256918982
1192127 300 0.15953257243195787 255869112
1192427 300 0.1599877085162423 252194566
1192727 300 0.16823705004389816 264645370
1193027 300 0.16920421422300264 253900605
1193327 300 0.15832835820895522 253621733
1193627 300 0.15618542581211592 251407163
1193927 300 0.15640351185250223 249307423
1194227 300 0.15126426690079015 247601383
1194527 300 0.15073327480245832 247617788
1194827 300 0.15031606672519754 248011489
1195127 300 0.15990237050043898 267827790
1195427 300 0.15962739244951712 266105346
1195727 300 0.14750939420544337 260724762
1196027 300 0.15158665496049167 260724762
1196327 300 0.15483898156277437 259166360
1196627 300 0.14804038630377525 258100086
1196927 300 0.14888428446005267 256541685
1197227 300 0.15218402107111503 253392074
1197527 300 0.14866619841966636 253785775
1197827 300 0.15457348551360842 263234607
1198127 300 0.15079964881474975 261003633
1198427 300 0.14661808604038631 258772659
1198727 300 0.14589745390693593 258641425
1199027 300 0.14887480245829676 258510192
1199327 300 0.15234521510096574 254704412
1199627 300 0.14920667251975417 249455061
1199927 300 0.14722493415276558 247749022
1200227 300 0.1619694468832309 256672918
1200527 300 0.1641787532923617 264136840
1200827 300 0.15702932396839334 260593528
1201127 300 0.1552941176470588 260593528
1201427 300 0.1557492537313433 260462294
1201727 300 0.16379947322212468 256000345
1202027 300 0.15302791922739245 252719501
1202327 300 0.16066093064091308 254556774
1202627 300 0.164529587357331 260593528
1202927 300 0.1582050921861282 255852708
1203227 300 0.1559768217734855 251521993
1203527 300 0.15296154521510097 300390171
1203827 300 0.14812572431957857 257066620
1204127 300 0.1468741000877963 257066620
1204427 300 0.15202282704126427 256918982
1204727 300 0.1506289727831431 257181450
1205027 300 0.15930500438981565 291695933
1205327 300 0.15920070237050044 278441322
1205627 300 0.1625857769973661 260199826
1205927 300 0.15793011413520633 260084997
1206227 300 0.15786374012291485 259674891
1206527 300 0.15567339771729588 255229347
1206827 300 0.15176681299385428 253917009
1207127 300 0.15142546093064094 251817269
1207427 300 0.15235469710272168 252178162
1207727 300 0.14901703248463566 251538397
1208027 300 0.15157717295873574 251259525
1208327 300 0.15356839332748023 251538397
1208627 300 0.160803160667252 263611905
1208927 300 0.15764565408252854 263497075
1209227 300 0.15280983318700614 250373697
1209527 300 0.1479171202809482 250373697
1209827 300 0.15202282704126427 250242463
1210127 300 0.15493380158033365 250111230
1210427 300 0.15021176470588235 249586294
1210727 300 0.14824899034240563 249569890
1211027 300 0.1483153643546971 250898632
1211327 300 0.16094539069359087 269533828
1211627 300 0.1551044776119403 272027271
1211927 300 0.14854293239683933 262693268
1212227 300 0.14789815627743633 262562034
1212527 300 0.15042036874451273 260987229
1212827 300 0.14806883230904302 259937359
1213127 300 0.14790763827919226 259920954
1213427 300 0.14659912203687445 257443917
1213727 300 0.15511395961369623 268877660
1214027 300 0.15216505706760317 268746426
1214327 300 0.14970921861281825 255229347
1214627 300 0.14644741000877964 255639453
1214927 300 0.1516056189640035 255475410
1215227 300 0.14544231782265146 254966880
1215527 300 0.1541373134328358 255114517
1215827 300 0.15438384547848988 254720816
1216127 300 0.15960842844600526 257870427
1216427 300 0.16129622475856015 268090257
1216727 300 0.15676382791922738 261791036
1217027 300 0.1491402985074627 261659802
1217327 300 0.15599578577699738 261528568
1217627 300 0.14598279192273925 258772659
1217927 223 0.1530753292361721 255606644
1218150 77 0.11115539947322212 255606644
1218227 107 0.10945812115891132 251259525
1218334 2 0.1057601404741001 166859802
1218336 1 0.1057601404741001 160183284
1218337 14 0.1057601404741001 160183284
1218351 2 0.1057601404741001 160183284
1218353 1 0.1057601404741001 160183284
1218354 173 0.11784021071115014 192237134
1218527 300 0.13660509218612818 245632877
1218827 300 0.16122036874451276 266384218
1219127 300 0.15813871817383668 269123723
1219427 300 0.15719051799824407 257050216
1219727 300 0.1622918349429324 255737878
1220027 186 0.1659329236172081 256000345
1220213 114 0.12244846356453029 255737878
1220327 71 0.12617489025460932 251538397
1220398 4 0.12374749780509219 158099947
1220402 9 0.12175627743634768 158099947
1220411 216 0.13182616330114136 197666931
1220627 300 0.15708621597892888 245239176
1220927 44 0.1589731343283582 246042982
1220971 184 0.11888323090430203 244599411
1221155 2 0.11550763827919228 151571067
1221157 1 0.11550763827919228 150258729
1221158 8 0.11550763827919228 150242325
1221166 61 0.12482844600526777 167401141
1221227 211 0.13880491659350308 251161100
1221438 89 0.09772888498683056 251029866
1221527 95 0.12326391571553996 268090257
1221622 5 0.12022967515364355 175783699
1221627 1 0.11912028094820017 174783042
1221628 8 0.11912028094820017 174783042
1221636 1 0.11912028094820017 174783042
1221637 190 0.13046075504828797 211134798
1221827 300 0.14500614574187884 233444540
1222127 300 0.16020579455662862 234117113
1222427 300 0.16365724319578578 234002283
1222727 300 0.1553604916593503 234379581
1223027 300 0.15742756804214222 234248347
1223327 300 0.16696646180860406 234625644
1223627 300 0.1658665496049166 237512787
1223927 300 0.16553467954345918 241991140
1224227 300 0.15612853380158034 239514102
1224527 300 0.1501169446883231 235429451
1224827 300 0.14944372256365235 235150579
1225127 300 0.15021176470588235 235166983
1225427 300 0.15661211589113258 235544280
1225727 300 0.15063845478489904 235265409
1226027 300 0.159646356453029 236971447
1226327 300 0.16397963125548726 252342204
1226627 300 0.15916277436347673 247224087
1226927 300 0.15259174714661983 236200449
1227227 300 0.1575318700614574 235806748
1227527 300 0.15407093942054434 235823152
1227827 300 0.15423213345039508 235954386
1228127 300 0.15224091308165058 237397957
1228427 300 0.1522883230904302 236479321
1228727 300 0.1538338893766462 236741788
1229027 300 0.165686391571554 255901920
1229327 300 0.16136259877085163 263251012
1229627 300 0.16468129938542583 248946530
1229927 300 0.15583459174714662 241203737
1230227 300 0.16453906935908694 237529191
1230527 300 0.1654019315188762 237529191
1230827 300 0.17025671641791046 238185360
1231127 300 0.17776646180860403 237922893
1231427 300 0.18569341527655836 237906489
1231727 300 0.19802001755926252 254310711
1232027 300 0.19038700614574186 259428828
1232327 300 0.185873573309921 259428828
1232627 300 0.17724495171202806 253014777
1232927 300 0.17567093942054432 251308738
1233227 300 0.1775009657594381 242532479
1233527 300 0.17739666374012292 238989167
1233827 300 0.17747251975417036 238857933
1234127 300 0.17915083406496926 239251635
1234427 300 0.1881208077260755 271781207
1234727 300 0.18648042142230026 280048935
1235027 300 0.18639508340649694 271666378
1235327 300 0.18630026338893765 254999688
1235627 300 0.1843469710272169 254852050
1235927 300 0.18307638279192276 253277244
1236227 300 0.18666057945566286 245009517
1236527 300 0.1784017559262511 240022633
1236827 300 0.17815522388059699 239760165
1237127 300 0.18593046532045654 256312026
1237427 300 0.18612010535557508 264464924
1237727 300 0.17968182616330117 256197196
1238027 300 0.17864828797190518 256049558
1238327 300 0.1787336259877085 268910468
1238627 300 0.18024126426690076 245157154
1238927 300 0.17942581211589112 241088907
1239227 300 0.18657524143985954 240563973
1239527 300 0.18127480245829675 240826440
1239827 300 0.18947673397717296 258936701
1240127 300 0.18623388937664617 248700466
1240427 300 0.1876467076382792 248569233
1240727 300 0.18058261633011416 248552829
1241027 300 0.17705531167690955 248437999
1241327 300 0.17534855136084285 244369752
1241627 300 0.17734925373134328 240826440
1241927 300 0.1762777875329236 240826440
1242227 300 0.18025074626865673 240957673
1242527 300 0.182915188762072 240957673
1242827 300 0.1761260755048288 240957673
1243127 300 0.17296856892010534 240826440
1243427 300 0.17521580333625988 240826440
1243727 300 0.17604073748902546 240957673
1244027 300 0.18099034240561898 242270011
1244327 300 0.1867079894644425 261823844
1244627 300 0.1722669007901668 265104688
1244927 300 0.17466584723441617 257099428
1245227 300 0.17364179104477612 254868454
1245527 300 0.1693843722563652 250668973
1245827 300 0.17330992098331868 247010832
1246127 300 0.17632519754170325 241482609
1246427 300 0.17249446883230904 244369752
1246727 300 0.1792646180860404 257755597
1247027 300 0.1755097453906936 248946530
1247327 300 0.16678630377524145 242516075
1247627 300 0.17681826163301143 242253607
1247927 300 0.1800990342405619 242007544
1248227 300 0.1819100965759438 241876310
1248527 300 0.18154978050921863 242007544
1248827 300 0.18549429323968392 242122374
1249127 300 0.19649341527655836 274668350
1249427 300 0.19511852502194907 273618480
1249727 300 0.192558384547849 251046270
1250027 300 0.18712519754170326 243844817
1250327 300 0.18601580333625986 243319882
1250627 300 0.18191957857769975 243319882
1250927 300 0.1796723441615452 243319882
1251227 300 0.1795111501316945 243303477
1251527 300 0.17597436347673398 243319882
1251827 300 0.17928358208955222 243319882
1252127 300 0.18737172958735734 259986571
1252427 300 0.18516242317822654 267204429
1252727 300 0.1765906935908692 258280532
1253027 300 0.17332888498683055 257493130
1253327 300 0.1816635645302897 254343519
1253627 300 0.18538999122036873 254343519
1253927 300 0.2759431079894644 252128949
1254227 300 0.23590061457418787 251308738
1254527 300 0.18820614574187886 246584322
1254827 300 0.18554170324846356 261282505
1255127 300 0.18582616330114135 252621076
1255427 300 0.17372712906057944 245157154
1255727 300 0.18008007023705006 245140750
1256027 300 0.1835694468832309 262217545
1256327 300 0.1807532923617208 251981311
1256627 300 0.1802886742756804 251981311
1256927 300 0.17925513608428448 248815296
1257227 300 0.17197295873573312 246584322
1257527 300 0.18083863037752415 258510192
1257827 300 0.17703634767339774 252358608
1258127 300 0.17471325724319578 252358608
1258427 300 0.17684670763827917 250258867
1258727 300 0.17897067603160668 244878283
1259027 300 0.17127129060579455 245009517
1259327 300 0.17204881474978054 245419622
1259627 300 0.17004811237928005 244878283
1259927 300 0.1685404741000878 245025921
1260227 300 0.17764319578577703 262348779
1260527 300 0.1756519754170325 266006921
1260827 300 0.16980158033362597 259445232
1261127 300 0.19687269534679544 259182765
1261427 300 0.1710626865671642 252489842
1261727 300 0.16783880597014925 249602699
1262027 300 0.173271992976295 248831700
1262327 300 0.16225390693590871 245928153
1262627 300 0.16193151887620721 246338259
1262927 300 0.16527866549604917 246338259
1263227 300 0.15944723441615452 298159197
1263527 300 0.1544502194907814 254868454
1263827 300 0.2651810359964882 296075860
1264127 300 0.16170395083406494 344632358
1264427 300 0.1634770851624232 284248416
1264727 300 0.15976014047410006 272568610
1265027 300 0.1592291483757682 265088284
1265327 300 0.15581562774363475 265235922
1265627 300 0.1640270412642669 265219518
1265927 300 0.15644143985952588 264825817
1266227 300 0.16342967515364357 294894756
1266527 300 0.16483301141352064 308936770
1266827 300 0.163628797190518 294501055
1267127 300 0.15893520632133454 273897352
1267427 300 0.2231283582089552 274159819
1267727 300 0.1658760316066725 286495794
1268027 300 0.16020579455662862 273241183
1268327 300 0.16006356453028975 272978715
1268627 300 0.15724741000877965 272322546
1268927 300 0.16055662862159792 269566637
1269227 300 0.1654019315188762 276915729
1269527 300 0.16620790166812996 269550233
1269827 300 0.15942827041264268 269435403
1270127 300 0.15777840210711153 269041702
1270427 300 0.15838525021949076 266285793
1270727 300 0.15852748024582966 266417026
1271027 300 0.1637236172080773 266417026
1271327 300 0.16076523266022827 264842221
1271627 300 0.16137208077260756 263529883
1271927 300 0.16902405618964006 281098806
1272227 300 0.1648519754170325 283461013
1272527 300 0.1603385425812116 275078456
1272827 300 0.15985496049165934 274815988
1273127 300 0.16098331870061458 272437376
1273427 300 0.15913432835820898 271272676
1273727 300 0.16070834064969272 267204429
1274027 300 0.15846110623353818 262873714
1274327 300 0.16492783143107992 263004948
1274627 300 0.17041791044776117 280721508
1274927 300 0.16595188762071994 286495794
1275227 300 0.16107813871817384 275603391
1275527 300 0.17495978928884984 275865858
1275827 300 0.1803171202809482 275603391
1276127 300 0.17671395961369624 271010209
1276427 300 0.18109464442493414 269172936
1276727 300 0.1746468832309043 267729364
1277027 300 0.18429956101843725 295419691
1277327 300 0.1880923617208077 298306834
1277627 300 0.18155926251097454 287676898
1277927 300 0.17995680421422303 263923585
1278227 300 0.17921720807726077 263792351
1278527 300 0.17495030728709396 263661117
1278827 300 0.18022230026338895 264054819
1279127 300 0.1762777875329236 264300882
1279427 300 0.18091448639157157 264432115
1279727 300 0.17725443371378405 280196573
1280027 300 0.18084811237928006 272191312
1280327 300 0.17078770851624234 264710988
1280627 300 0.1660182616330114 264317286
1280927 300 0.171081650570676 264054819
1281227 300 0.16126777875329235 263792351
1281527 300 0.1598075504828797 264186052
1281827 300 0.1616470588235294 264710988
1282127 300 0.1663690956979807 266006921
1282427 300 0.16950763827919227 281640145
1282727 300 0.16802844600526778 270485274
1283027 300 0.16221597892888498 264842221
1283327 300 0.16066093064091308 264448520
1283627 300 0.16177032484635645 264186052
1283927 300 0.16100228270412645 264186052
1284227 300 0.15921966637401228 264054819
1284527 300 0.15449762949956103 264317286
1284827 300 0.15486742756804214 265760857
1285127 300 0.1643589113257243 272847481
1285427 300 0.15895417032484632 264054819
1285727 300 0.15311325724319577 263923585
1286027 300 0.15812923617208077 263792351
1286327 300 0.15756031606672521 263382246
1286627 300 0.1562328358208955 263251012
1286927 300 0.16094539069359087 263119778
1287227 300 0.1621875329236172 266269389
1287527 300 0.1654398595258999 276899325
1287827 300 0.1540235294117647 275340924
1288127 300 0.1564793678665496 274684755
1288427 300 0.1559294117647059 274553521
1288727 300 0.15225039508340651 273372417
1289027 300 0.1549717295873573 270878975
1289327 300 0.1560526777875329 268385533
1289627 300 0.15634661984196663 266941962
1289927 300 0.16105917471466197 278359300
1290227 300 0.16176084284460054 271010209
1290527 300 0.15486742756804214 262463609
1290827 300 0.15659315188762074 262463609
1291127 300 0.15161510096575948 262496418
1291427 300 0.15065741878841088 262496418
1291727 300 0.15225039508340651 262890118
1292027 300 0.15305636523266022 265646028
1292327 300 0.16489938542581214 295042394
1292627 300 0.16690956979806848 297798304
1292927 300 0.16000667251975417 264858625
1293227 300 0.16190307287093944 264579754
1293527 300 0.15701035996488147 264448520
1293827 300 0.15355891132572433 264317286
1294127 300 0.1495006145741879 264186052
1294427 300 0.15057208077260756 263923585
1294727 300 0.15769306409130815 266433430
1295027 300 0.16656821773485514 271026613
1295327 300 0.15793959613696223 266564664
1295627 300 0.1506953467954346 279540404
1295927 300 0.14667497805092186 264054819
1296227 300 0.15001264266900788 264317286
1296527 300 0.14829640035118527 263923585
1296827 300 0.15132115891132572 264054819
1297127 300 0.1606324846356453 277325834
1297427 300 0.15576821773485516 264448520
1297727 300 0.14761369622475856 264317286
1298027 300 0.1535873573309921 264317286
1298327 300 0.1450345917471466 264300882
1298627 300 0.14585004389815628 264054819
1298927 300 0.14646637401229148 263513479
1299227 300 0.15178577699736612 266269389
1299527 300 0.16035750658472345 272568610
1299827 300 0.152060755048288 265088284
1300127 300 0.14521474978050922 265088284
1300427 300 0.15097032484635645 278080428
1300727 300 0.16487093942054432 265613220
1301027 300 0.16111606672519754 265219518
1301327 300 0.16209271290605795 264710988
1301627 300 0.16487093942054432 266810728
1301927 300 0.17221000877963125 273372417
1302227 300 0.17632519754170325 264973455
1302527 300 0.16182721685689203 265104688
1302827 300 0.1607273046532046 264710988
1303127 300 0.1577404741000878 264710988
1303427 300 0.15771202809482002 264842221
1303727 300 0.16107813871817384 264710988
1304027 300 0.16805689201053556 264432115
1304327 300 0.17872414398595257 279277936
1304627 300 0.16944126426690082 275455753
1304927 300 0.16469078138718174 263923585
1305227 300 0.16365724319578578 263792351
1305527 300 0.1639132572431958 263661117
1305827 300 0.16126777875329235 263923585
1306127 300 0.15934293239683936 264186052
1306427 300 0.15737067603160668 263923585
1306727 300 0.14896962247585602 263677521
1307027 300 0.16631220368744512 293319951
1307327 300 0.17170746268656717 301325211
1307627 300 0.16512695346795436 309855407
1307927 300 0.16379947322212468 267598131
1308227 300 0.16031009657594383 266548260
1308527 300 0.16057559262510976 266417026
1308827 300 0.15778788410886743 266154559
1309127 300 0.16200737489025463 266285793
1309427 300 0.1638089552238806 266023325
1309727 300 0.1701524143985953 268779234
1310027 300 0.16891027216856894 274044990
1310327 300 0.16676733977172958 265646028
1310627 300 0.16470026338893767 265481986
1310927 300 0.16902405618964006 265613220
1311227 300 0.1703041264266901 265350752
1311527 300 0.16526918349429326 265219518
1311827 300 0.1627943810359965 265104688
1312127 300 0.1627564530289728 265760857
1312427 300 0.1694791922739245 285724796
1312727 300 0.16772502194907812 284166395
1313027 300 0.16314521510096575 277473472
1313327 300 0.1663690956979807 277473472
1313627 300 0.16443476733977175 277473472
1313927 300 0.16415978928884986 275882263
1314227 300 0.16653977172958734 271814016
1314527 300 0.16261422300263392 271551548
1314827 300 0.16342967515364357 271272676
1315127 300 0.17243757682177352 285577158
1315427 300 0.16762071992976293 274684755
1315727 300 0.163628797190518 268385533
1316027 300 0.16152379280070236 275078456
1316327 300 0.1597980684811238 268385533
1316627 300 0.16016786654960494 268385533
1316927 300 0.1591912203687445 268648000
1317227 300 0.16493731343283582 270354040
1317527 300 0.16764916593503076 272585014
1317827 300 0.16737418788410888 268779234
1318127 300 0.16453906935908694 268516767
1318427 300 0.16262370500438983 268516767
1318727 300 0.16414082528533805 268779234
1319027 300 0.1608884986830553 268648000
1319327 300 0.2374556628621598 284264820
1319627 300 0.16657769973661107 295025990
1319927 300 0.17761474978050923 300275341
1320227 300 0.1664923617208077 291367848
1320527 300 0.1657527655838455 273897352
1320827 300 0.16530711150131694 273766118
1321127 300 0.163628797190518 273634884
1321427 300 0.1700007023705004 273503650
1321727 300 0.1731676909569798 273520054
1322027 300 0.1678198419666374 273257587
1322327 300 0.17310131694468836 273388821
1322627 300 0.17751992976294995 305541096
1322927 300 0.17889482001755927 315252396
1323227 300 0.1784017559262511 298192005
1323527 300 0.16214960491659353 273257587
1323827 300 0.15325548726953467 273109949
1324127 300 0.15325548726953467 273109949
1324427 300 0.16177032484635645 272995120
1324727 300 0.16174187884108868 272913099
1325027 300 0.15930500438981565 272781865
1325327 300 0.16093590869183494 273667693
1325627 300 0.1686163301141352 290203149
1325927 300 0.16198841088674276 279064682
1326227 300 0.1614194907813872 272634226
1326527 300 0.15607164179104477 272502993
1326827 300 0.15952309043020194 272371759
1327127 300 0.16031009657594383 272371759
1327427 300 0.1587360842844601 272388163
1327727 300 0.16000667251975417 272388163
1328027 300 0.15900158033362596 272388163
1328327 300 0.15844214223002637 272256930
1328627 300 0.16147638279192272 272125696
1328927 300 0.15628972783143108 272109292
1329227 300 0.1577404741000878 271978058
1329527 300 0.1639132572431958 271321889
1329827 300 0.17054117647058825 286938708
1330127 300 0.17048428446005268 278146045
1330427 300 0.166331167690957 271715590
1330727 300 0.16780087796312557 271584357
1331027 300 0.16006356453028975 271567952
1331327 300 0.1604807726075505 271551548
1331627 300 0.16370465320456543 271551548
1331927 300 0.16351501316944686 271682782
1332227 300 0.17172642669007904 279950510
1332527 300 0.1690050921861282 274291053
1332827 300 0.166710447761194 271535144
1333127 300 0.1709204565408253 332821318
1333427 300 0.15796804214223004 272322546
1333727 300 0.15762669007901667 272470185
1334027 300 0.16151431079894643 272338951
1334327 300 0.16068937664618085 272224121
1334627 300 0.1656294995610184 303326526
1334927 300 0.16475715539947325 288234642
1335227 300 0.1682844600526778 272880290
1335527 300 0.16349604916593505 272880290
1335827 300 0.16441580333625988 272732652
1336127 300 0.16155223880597014 289530576
1336427 300 0.1651079894644425 277457068
1336727 300 0.1684361720807726 278096833
1337027 300 0.16215908691834943 278129641
1337327 300 0.1584326602282704 278014812
1337627 300 0.1726841088674276 293483993
1337927 300 0.17262721685689203 283264162
1338227 300 0.18336084284460052 283247758
1338527 300 0.21214820017559263 283001695
1338827 300 0.25539561018437223 283395396
1339127 300 0.16737418788410888 282722823
1339427 300 0.17177383669885865 282591589
1339727 300 0.17396417910447762 282575185
1340027 300 0.17910342405618965 282575185
1340327 300 0.19002669007901668 294779926
1340627 300 0.18697348551360843 294911160
1340927 300 0.17585109745390695 280590274
1341227 300 0.1684741000877963 279802872
1341527 300 0.16755434591747148 276932133
1341827 300 0.16507954345917472 274717563
1342127 300 0.16821808604038632 274865201
1342427 300 0.16522177348551362 274717563
1342727 300 0.16513643546971027 275111264
1343027 300 0.16617945566286219 275357328
1343327 300 0.1655062335381914 275094860
1343627 300 0.17221000877963125 288874407
1343927 300 0.16827497805092187 290186745
1344227 300 0.16032906057945565 275357328
1344527 300 0.15865074626865672 275242498
1344827 300 0.16286075504828798 275111264
1345127 300 0.16308832309043023 274455096
1345427 300 0.16302194907813872 274192628
1345727 300 0.1595041264266901 274192628
1346027 300 0.1625762949956102 274061394
1346327 300 0.16930851624231782 291909188
1346627 300 0.16713713784021073 289809447
1346927 300 0.16111606672519754 284428863
1347227 300 0.1597316944688323 283887523
1347527 300 0.16452010535557507 280606678
1347827 300 0.16386584723441616 278900640
1348127 300 0.1608790166812994 276292368
1348427 300 0.16436839332748024 276423602
1348727 300 0.1614953467954346 276833707
1349027 300 0.16559157155399476 311085723
1349327 300 0.17502616330114135 312529295
1349627 300 0.17285478489903428 293369164
1349927 300 0.16340122914837577 286413774
1350227 300 0.16419771729587357 286545007
1350527 300 0.16108762071992974 286397369
1350827 300 0.16281334503950837 286266135
1351127 300 0.2005043020193152 282722823
1351427 300 0.20476172080772606 278785810
1351727 300 0.15682071992976296 277211005
1352027 300 0.16880597014925375 291663124
1352327 300 0.16767761194029848 296518774
1352627 300 0.16004460052677788 286282540
1352927 300 0.16296505706760317 286413774
1353227 300 0.1632589991220369 286282540
1353527 300 0.16526918349429326 281689357
1353827 300 0.170702370500439 276702474
1354127 300 0.16603722563652326 275127669
1354427 300 0.16459596136962246 275258902
1354727 300 0.16637857769973663 275390136
1355027 300 0.16950763827919227 275127669
1355327 300 0.16514591747146623 275390136
1355627 300 0.15537945566286218 275521370
1355927 300 0.15913432835820898 275258902
1356227 300 0.16185566286215983 274996435
1356527 300 0.15906795434591747 275652604
1356827 300 0.16733625987708517 292056826
1357127 300 0.17052221246707638 281426890
1357427 300 0.16503213345039508 275636199
1357727 300 0.15992133450395085 275521370
1358027 300 0.16240561896400352 275390136
1358327 300 0.16187462686567164 275521370
1358627 300 0.16467181738366987 275258902
1358927 300 0.16142897278314308 274996435
1359227 300 0.1676396839332748 287069942
1359527 300 0.1635529411764706 287069942
1359827 300 0.168 274733967
1360127 300 0.16182721685689203 274848796
1360427 300 0.16232028094820017 274569925
1360727 300 0.16816119402985075 274586329
1361027 300 0.16378999122036872 274848796
1361327 300 0.15765513608428447 274832392
1361627 300 0.1579964881474978 274832392
1361927 300 0.16079367866549601 275242498
1362227 300 0.1664923617208077 289530576
1362527 300 0.15967480245829677 288497110
1362827 300 0.1550286215978929 275111264
1363127 300 0.15884038630377526 274996435
1363427 300 0.15729482001755926 275111264
1363727 300 0.1604523266022827 275111264
1364027 300 0.1637710272168569 275111264
1364327 300 0.16113503072870938 275111264
1364627 300 0.16277541703248463 275258902
1364927 300 0.16480456540825286 303326526
1365227 300 0.16428305531167692 313185464
1365527 300 0.15939034240561895 293894098
1365827 300 0.1592291483757682 274865201
1366127 300 0.16113503072870938 274996435
1366427 300 0.16165654082528533 274996435
1366727 300 0.16246251097453904 274980030
1367027 300 0.16541141352063213 274996435
1367327 300 0.16514591747146623 274865201
1367627 300 0.15883090430201932 274602733
1367927 300 0.1658760316066725 280639487
1368227 300 0.16758279192273925 292056826
1368527 300 0.15570184372256365 290728084
1368827 300 0.15456400351185254 284691330
1369127 300 0.15915329236172085 282345526
1369427 300 0.15921018437225637 282345526
1369727 300 0.15354942932396837 282197888
1370027 300 0.155398419666374 281672953
1370327 300 0.15821457418788412 279704446
1370627 300 0.1639132572431958 288251046
1370927 75 0.16375206321334504 282476760
1371002 5 0.12219244951712029 278621768
1371007 7 0.12137699736611063 273520054
1371014 1 0.11993573309920985 273077140
1371015 11 0.11993573309920985 273077140
1371026 160 0.12151922739244951 280770721
1371186 4 0.1336182616330114 179917563
1371190 1 0.11766953467954346 177227271
1371191 8 0.11766953467954346 177227271
1371199 28 0.1266110623353819 186741720
1371227 300 0.12199332748024583 237283128
1371527 300 0.15653625987708517 266170963
1371827 300 0.1572758560140474 263283820
1372127 300 0.15079016681299387 263037757
1372427 300 0.15378647936786655 263415054
1372727 296 0.16165654082528533 266581069
1373023 4 0.14426654960491658 264907838
1373027 2 0.14728182616330113 272667035
1373029 3 0.14588797190518 271338293
1373032 9 0.1426451273046532 271338293
1373041 165 0.14391571553994734 279294341
1373206 3 0.14837225636523266 175619656
1373209 1 0.12974960491659351 175619656
1373210 9 0.12974960491659351 175619656
1373219 108 0.14279683933274803 200061948
1373327 300 0.13204424934152767 254195881
1373627 207 0.1565457418788411 266154559
1373834 5 0.11478700614574187 261955078
1373839 4 0.11538437225636523 257525938
1373843 8 0.11293801580333626 257525938
1373851 1 0.11293801580333626 257525938
1373852 1 0.11310869183494295 257525938
1373853 74 0.11530851624231782 265055476
1373927 92 0.11621878841088674 261758227
1374019 4 0.11170535557506585 161708876
1374023 9 0.11170535557506585 157821076
1374032 1 0.11170535557506585 157821076
1374033 194 0.12217348551360843 194894618
1374227 70 0.10819701492537312 148536286
1374297 5 0.06424793678665495 145091399
1374302 4 0.0648358208955224 139218688
1374306 9 0.06215241439859526 139218688
1374315 3 0.06222827041264267 139218688
1374318 162 0.06359367866549605 147305969
1374480 2 0.09432484635645304 55655580
1374482 1 0.06 47830766
1374483 8 0.06 47830766
1374491 1 0.06439016681299385 54080775
1374492 35 0.07533239683933275 65088007
1374527 140 0.06443757682177349 123060529
1374667 160 0.07678314310798946 152391278
1374827 300 0.13544828797190517 231065928
1375127 300 0.1559294117647059 240285100
1375427 300 0.15739912203687445 240563973
1375727 300 0.15319859525899912 240760823
1376027 300 0.15141597892888495 240777227
1376327 300 0.15187111501316944 241302162
1376627 300 0.14916874451273046 241302162
1376927 300 0.1531606672519754 241679460
1377227 300 0.162984021071115 262266758
1377527 300 0.1609548726953468 263595500
1377827 300 0.15796804214223004 249192593
1378127 300 0.1585369622475856 244254922
1378427 300 0.15619490781387182 243467520
1378727 300 0.15258226514486392 244107284
1379027 300 0.1544217734855136 244894687
1379327 300 0.14763266022827043 244369752
1379627 300 0.16021527655838455 281902612
1379927 300 0.16159964881474978 292270081
1380227 300 0.16142897278314308 275340924
1380527 300 0.15991185250219492 258264128
1380827 300 0.15544582967515364 257870427
1381127 300 0.16208323090430202 254753625
1381427 300 0.15672589991220368 253851392
1381727 300 0.15677330992098332 247322512
1382027 300 0.16031009657594383 246403875
1382327 300 0.15818612818261632 246912406
1382627 300 0.16807585601404743 268828447
1382927 300 0.16398911325724322 266859940
1383227 300 0.15389078138718174 261216888
1383527 300 0.15449762949956103 262397992
1383827 300 0.15967480245829677 251128291
1384127 300 0.15659315188762074 247338916
1384427 300 0.15739912203687445 247207682
1384727 300 0.16207374890254608 250094826
1385027 300 0.1638753292361721 257197854
1385327 300 0.15809130816505704 255508219
1385627 300 0.15374855136084284 255081709
1385927 300 0.15784477611940298 249553486
1386227 300 0.15846110623353818 247732617
1386527 300 0.1539097453906936 247601383
1386827 300 0.14357436347673397 247601383
1387127 300 0.15169095697980683 248520020
1387427 300 0.16008252853380156 270042360
1387727 300 0.1526107111501317 268976085
1388027 300 0.14763266022827043 264268074
1388327 300 0.15111255487269534 272142100
1388627 300 0.15536997366110625 261266101
1388927 300 0.15386233538191396 250406506
1389227 300 0.15080913081650574 248306765
1389527 300 0.155275153643547 252096141
1389827 300 0.16523125548726952 261134867
1390127 300 0.16183669885864796 258378958
1390427 300 0.15418472344161543 253260840
1390727 300 0.15209868305531166 249323827
1391027 300 0.1479550482879719 248798892
1391327 300 0.15493380158033365 248798892
1391627 300 0.15808182616330116 248913721
1391927 300 0.1622633889376646 249208998
1392227 300 0.1687964881474978 286102093
1392527 300 0.1717928007023705 296732029
1392827 300 0.1629460930640913 304081120
1393127 300 0.1582430201931519 278884236
1393427 300 0.15086602282704126 265892091
1393727 300 0.15841369622475857 265760857
1394027 300 0.15211764705882352 265728049
1394327 300 0.1525064091308165 262315971
1394627 300 0.15299947322212468 261528568
1394927 300 0.15765513608428447 256033154
1395227 300 0.1661889376646181 269812701
1395527 300 0.1644252853380158 268910468
1395827 300 0.15310377524143984 266417026
1396127 300 0.1516056189640035 261298909
1396427 300 0.15499069359086917 258018065
1396727 300 0.15348305531167694 249750337
1397027 300 0.15427954345917472 249619103
1397327 300 0.1555406496927129 249487869
1397627 300 0.15591992976294997 249750337
1397927 300 0.16998173836698857 270091572
1398227 300 0.16051870061457418 269681467
1398527 300 0.15591044776119403 264448520
1398827 300 0.15926707638279192 267335663
1399127 300 0.1588877963125549 259724104
1399427 300 0.15584407374890255 254753625
1399727 300 0.1565836698858648 252424225
1400027 300 0.16031957857769974 252292991
1400327 300 0.16834135206321335 259756912
1400627 300 0.16262370500438983 257788405
1400927 300 0.15694398595259 257624364
1401227 300 0.15618542581211592 256443259
1401527 300 0.15777840210711153 253670946
1401827 300 0.1614953467954346 250668973
1402127 300 0.1593998244073749 250258867
1402427 300 0.1635624231782265 250537740
1402727 300 0.1720867427568042 268779234
1403027 300 0.16293661106233537 272338951
1403327 300 0.16140052677787534 265301539
1403627 300 0.1586412642669008 264251669
1403927 300 0.15681123792800702 258592212
1404227 300 0.15614749780509218 256607302
1404527 300 0.163628797190518 254245093
1404827 300 0.16521229148375766 252407821
1405127 300 0.1674690079016681 251620418
1405427 300 0.17353748902546093 272617822
1405727 300 0.1715367866549605 270518082
1406027 300 0.16868270412642672 265678836
1406327 300 0.17003863037752415 265416369
1406627 300 0.16782932396839334 262922927
1406927 300 0.1596653204565408 258641425
1407227 300 0.16462440737489026 253670946
1407527 300 0.16310728709394204 251817269
1407827 300 0.1673172958735733 252210970
1408127 300 0.17133766461808606 259806125
1408427 300 0.173271992976295 285003010
1408727 300 0.17536751536435471 279228724
1409027 300 0.16889130816505707 252178162
1409327 300 0.1638753292361721 252161757
1409627 300 0.16595188762071994 252030523
1409927 300 0.16607515364354697 251784460
1410227 300 0.16651132572431956 251800864
1410527 300 0.1723048287971905 251833673
1410827 300 0.1733857769973661 252096141
1411127 300 0.17513046532045656 273339608
1411427 300 0.17558560140474103 270977400
1411727 300 0.17162212467076385 266367814
1412027 300 0.1729116769095698 264793008
1412327 300 0.17315820895522388 256640110
1412627 300 0.1757278314310799 252834330
1412927 300 0.17738718173836698 252834330
1413227 300 0.18478314310798943 253884201
1413527 300 0.1909464442493415 262020695
1413827 300 0.18784582967515365 259412424
1414127 300 0.17947322212467076 254064647
1414427 300 0.18216611062335383 254048243
1414727 300 0.1772828797190518 254048243
1415027 300 0.1773587357330992 253654542
1415327 300 0.17686567164179104 253506904
1415627 300 0.1734616330114135 253506904
1415927 300 0.18189113257243195 264104031
1416227 300 0.1835315188762072 264235265
1416527 300 0.17768112379280068 253080394
1416827 300 0.17259877085162423 253096798
1417127 300 0.17471325724319578 252834330
1417427 300 0.1752632133450395 253113202
1417727 300 0.16852151009657593 252752310
1418027 300 0.17466584723441617 252621076
1418327 300 0.1756045654082529 252735905
1418627 300 0.18958103599648815 266515452
1418927 300 0.18682177348551357 262053504
1419227 300 0.17686567164179104 253654542
1419527 300 0.1702377524143986 253523308
1419827 300 0.17184969271290604 253375670
1420127 300 0.16374258121158908 253900605
1420427 300 0.16945074626865672 253769371
1420727 300 0.17343318700614574 253769371
1421027 300 0.16896716417910446 253802179
1421327 300 0.17668551360842844 264858625
1421627 300 0.18302897278314312 287545665
1421927 300 0.17964389815627743 286134901
1422227 300 0.1755097453906936 256344834
1422527 300 0.1697067603160667 256065962
1422827 300 0.18297208077260757 256082367
1423127 300 0.1742201931518876 256082367
1423427 300 0.19048182616330114 255951133
1423727 300 0.18292467076382793 256328430
1424027 300 0.17128077260755045 256328430
1424327 300 0.17754837576821775 261709015
1424627 300 0.17509253731343286 273126354
1424927 300 0.16773450395083406 256984599
1425227 300 0.1669854258121159 256722131
1425527 300 0.1669190517998244 272749056
1425827 300 0.16940333625987708 263283820
1426127 300 0.17136611062335383 263152586
1426427 300 0.169412818261633 263021352
1426727 300 0.17610711150131694 264071223
1427027 300 0.1869545215100966 272732652
1427327 300 0.17850605794556632 262873714
1427627 300 0.17128077260755045 257640768
1427927 300 0.17083511852502192 265514794
1428227 300 0.16515539947322214 255672261
1428527 300 0.16390377524143987 256065962
1428827 300 0.16615100965759438 256065962
1429127 300 0.16359086918349428 255819899
1429427 300 0.17592695346795434 261200484
1429727 300 0.17189710272168568 255951133
1430027 300 0.16825601404741003 256213600
1430327 300 0.1763726075504829 269058106
1430627 300 0.1711764705882353 256476068
1430927 300 0.17301597892888498 256344834
1431227 300 0.17364179104477612 255934728
1431527 300 0.16853099209833186 255918324
1431827 300 0.17354697102721686 257132237
1432127 300 0.17646742756804215 266449835
1432427 300 0.18176786654960495 256082367
1432727 300 0.1712902546093064 256082367
1433027 300 0.1769889376646181 255819899
1433327 300 0.16817067603160668 255819899
1433627 300 0.16119192273924499 255819899
1433927 300 0.16397963125548726 255951133
1434227 300 0.16468129938542583 256344834
1434527 300 0.17647690956979806 276686070
1434827 300 0.17315820895522388 275898667
1435127 300 0.16862581211589112 269993147
1435427 300 0.16877752414398597 306476137
1435727 300 0.16825601404741003 269484616
1436027 300 0.16479508340649693 265678836
1436327 300 0.16889130816505707 261085654
1436627 300 0.171470412642669 260429485
1436927 300 0.17534855136084285 290350786
1437227 300 0.17512098331870063 262791693
1437527 300 0.17825952589991223 263054161
1437827 300 0.17593643546971027 263054161
1438127 300 0.17225741878841086 262922927
1438427 300 0.18063002633889375 262922927
1438727 300 0.17437190517998244 260954421
1439027 300 0.1697731343283582 257673576
1439327 300 0.16379947322212468 256754940
1439627 300 0.18115153643546972 271453123
1439927 300 0.18347462686567165 267516109
1440227 300 0.18160667251975418 256361238
1440527 300 0.17456154521510095 256492472
1440827 300 0.17242809482001756 256098771
1441127 300 0.1819669885864794 255836303
1441427 300 0.17852502194907813 255442602
1441727 300 0.17804143985952592 255048900
1442027 300 0.1951564530289728 266072538
1442327 300 0.18848112379280071 267122408
1442627 300 0.17703634767339774 256230004
1442927 300 0.18238419666374014 256230004
1443227 300 0.18000421422300264 255967537
1443527 300 0.18024126426690076 255967537
1443827 300 0.17891378402107108 255967537
1444127 300 0.17370816505706763 255442602
1444427 300 0.1779750658472344 255442602
1444727 300 0.17807936786654963 267647343
1445027 300 0.16710869183494292 278277279
1445327 300 0.16762071992976293 269747083
1445627 300 0.16104969271290606 269730679
1445927 300 0.1678198419666374 266449835
1446227 300 0.16598981562774365 262775289
1446527 300 0.16308832309043023 260281848
1446827 300 0.15846110623353818 258838276
1447127 300 0.15685864793678664 257525938
1447427 300 0.16955504828797188 270009551
1447727 300 0.16204530289727834 272502993
1448027 300 0.15829991220368747 270009551
1448327 300 0.1720014047410009 265137497
1448627 300 0.1670233538191396 259888146
1448927 300 0.160670412642669 257394704
1449227 300 0.161571202809482 256213600
1449527 300 0.16870166812993856 256082367
1449827 300 0.17614503950834065 267893406
1450127 300 0.16567690956979805 268155874
1450427 300 0.16686215978928884 257394704
1450727 300 0.16215908691834943 256869769
1451027 300 0.1683318700614574 257001003
1451327 300 0.16834135206321335 256886173
1451627 300 0.16456751536435468 256738536
1451927 300 0.1587360842844601 256607302
1452227 300 0.1612014047410009 256476068
1452527 300 0.16460544337137842 256476068
1452827 300 0.16929903424056192 256623706
1453127 300 0.17192554872695348 283789098
1453427 300 0.17340474100087797 302686762
1453727 300 0.16075575065847236 305311437
1454027 300 0.1594756804214223 285363903
1454327 300 0.1680853380158033 270665720
1454627 300 0.1715747146619842 269090914
1454927 300 0.16151431079894643 265153902
1455227 300 0.16484249341527657 260691953
1455527 300 0.16729833187006143 258067278
1455827 300 0.17086356453028972 257673576
1456127 300 0.1743150131694469 269353382
1456427 300 0.17781387181738367 269747083
1456727 300 0.18138858647936787 264760200
1457027 300 0.1789801580333626 256377642
1457327 300 0.1778233538191396 256787748
1457627 300 0.1645580333625988 256525281
1457927 300 0.16235820895522388 256525281
1458227 300 0.17091097453906937 259149956
1458527 300 0.17706479367866548 263480671
1458827 300 0.17147989464442495 260331060
1459127 300 0.16415030728709393 256771344
1459427 300 0.1674690079016681 256640110
1459727 300 0.16099280070237046 256361238
1460027 300 0.16232028094820017 255967537
1460327 300 0.16415030728709393 256098771
1460627 300 0.16154275680421423 256098771
1460927 300 0.17126180860403864 262299567
1461227 300 0.17051273046532045 263185395
1461527 300 0.16375206321334504 255967537
1461827 300 0.16184618086040384 262397992
1462127 300 0.1668337137840211 256361238
1462427 300 0.16651132572431956 256525281
1462727 300 0.1600161545215101 256541685
1463027 300 0.16037647058823526 259018722
1463327 300 0.17196347673397716 259412424
1463627 300 0.17344266900790167 256394047
1463927 300 0.16614152765583845 256508876
1464227 300 0.1702377524143986 256525281
1464527 300 0.16726988586479366 256558089
1464827 300 0.16107813871817384 256394047
1465127 300 0.16037647058823526 256672918
1465427 300 0.16212115891132572 257066620
1465727 300 0.17115750658472345 290662467
1466027 300 0.16942230026338895 295255649
1466327 300 0.16903353819139597 268221491
1466627 300 0.16336330114135206 257312683
1466927 300 0.16122036874451276 257181450
1467227 300 0.1654398595258999 257050216
1467527 300 0.1657527655838455 256804152
1467827 300 0.12392765583845479 151144557
1468127 131 0.13113397717295874 151275791
1468258 6 0.13114345917471465 151292195
1468264 13 0.13113397717295874 151292195
1468277 1 0.13113397717295874 151292195
1468278 149 0.1326036874451273 158706904
1468427 21 0.11846602282704127 160445751
1468448 279 0.1331820895522388 213595431
1468727 300 0.17800351185250218 258756255
1469027 300 0.16787673397717298 252719501
1469327 300 0.1685404741000878 250668973
1469627 300 0.16250992098331868 250915036
1469927 300 0.16052818261633015 250783803
1470227 300 0.16752589991220368 250931441
1470527 300 0.16692853380158032 250947845
1470827 300 0.17415381913959613 263021352
1471127 300 0.17024723441615452 263939989
1471427 300 0.16238665496049165 251472780
1471727 300 0.16891027216856894 251341546
1472027 300 0.1629460930640913 251210313
1472327 300 0.168 251866482
1472627 300 0.164529587357331 252522650
1472927 300 0.16851202809482005 252128949
1473227 300 0.1697067603160667 252260183
1473527 300 0.16473819139596138 251604014
1473827 300 0.16263318700614574 251439972
1474127 300 0.16505109745390695 251702439
1474427 300 0.15685864793678664 251702439
1474727 300 0.160025636523266 251439972
1475027 300 0.16707076382791922 251308738
1475327 300 0.16748797190517997 251193908
1475627 300 0.1666630377524144 251193908
1475927 300 0.1612014047410009 251587609
1476227 300 0.16306935908691836 251587609
1476527 300 0.1619694468832309 251423568
1476827 300 0.16893871817383668 267040387
1477127 300 0.1650700614574188 274405882
1477427 300 0.1578068481123793 264563349
1477727 300 0.15724741000877965 264022010
1478027 300 0.15274345917471466 259166360
1478327 300 0.1559009657594381 255229347
1478627 300 0.15830939420544335 252079736
1478927 300 0.16074626865671643 251571205
1479227 300 0.1608790166812994 284264820
1479527 300 0.16451062335381916 284543692
1479827 300 0.15416575943810357 253802179
1480127 300 0.14772748024582968 253408478
1480427 300 0.15020228270412642 253146011
1480727 300 0.15012642669007903 252752310
1481027 300 0.1518426690079017 252883543
1481327 300 0.15215557506584723 252735905
1481627 300 0.15294258121158913 252752310
1481927 300 0.16583810359964882 264563349
1482227 300 0.16141000877963127 264563349
1482527 300 0.15974117647058825 252752310
1482827 300 0.1485618964003512 252883543
1483127 300 0.1468741000877963 252621076
1483427 300 0.14702581211589114 252096141
1483727 300 0.15026865671641793 251964907
1484027 300 0.15075223880597013 251948503
1484327 300 0.15372010535557504 252342204
1484627 300 0.15983599648814747 268500363
1484927 300 0.1679241439859526 259576466
1485227 300 0.1397246707638279 254310711
1485527 300 0.15242107111501318 267188025
1485827 300 0.15545531167690957 254704412
1486127 300 0.15098928884986831 254737220
1486427 300 0.15417524143985953 254605986
1486727 300 0.1540899034240562 254605986
1487027 300 0.1595041264266901 260117805
1487327 300 0.16140052677787534 259855338
1487627 300 0.16044284460052677 255130921
1487927 300 0.15284776119402987 255524623
1488227 300 0.1557113257243196 255393389
1488527 300 0.15235469710272168 255393389
1488827 300 0.1560526777875329 255393389
1489127 300 0.1557113257243196 255409794
1489427 300 0.15794907813871817 257493130
1489727 300 0.16671992976294997 268385533
1490027 300 0.16175136084284458 268139470
1490327 300 0.15642247585601401 264202456
1490627 300 0.1623297629499561 261446547
1490927 300 0.15868867427568045 256443259
1491227 300 0.15975065847234418 254474753
1491527 300 0.16269007901668128 253556116
1491827 300 0.16745952589991223 253818584
1492127 300 0.17231431079894644 269435403
1492427 300 0.1696593503072871 261298909
1492727 300 0.16926110623353818 253310053
1493027 300 0.16223494293239685 253703754
1493327 300 0.16599929762949958 308018134
1493627 300 0.16523125548726952 260002975
1493927 266 0.12005899912203688 152440491
1494193 4 0.12005899912203688 152440491
1494197 11 0.12005899912203688 152473299
1494208 1 0.12005899912203688 152473299
1494209 18 0.12872554872695346 158411628
1494227 154 0.12195539947322212 159838795
1494381 146 0.13612151009657594 189136736
1494527 300 0.15042036874451273 243057414
1494827 300 0.16832238805970148 304097525
1495127 300 0.16188410886742757 255278560
1495427 300 0.16635961369622476 254228689
1495727 300 0.16592344161545214 252391417
