474380 300 0.20251448639157155 163004810
474680 300 0.20786233538191393 160642602
474980 300 0.21322914837576823 162742342
475280 300 0.21826409130816507 168779096
475580 300 0.21665215100965757 160117667
475880 300 0.2051220368744513 160101262
476180 300 0.20208779631255486 159970029
476480 300 0.20153784021071117 159707561
476780 300 0.20417383669885864 159707561
477080 300 0.19618050921861285 159822391
477380 300 0.1995276558384548 159970029
477680 300 0.2069805092186128 160101262
477980 300 0.20901913959613694 175340785
478280 300 0.20215417032484637 179671500
478580 300 0.2174676031606673 169582903
478880 300 0.20147146619841966 169304031
479180 300 0.19922423178226514 169435265
479480 300 0.19497629499561017 169304031
479780 300 0.20782440737489027 169304031
480080 300 0.1981338015803336 169172797
480380 300 0.20186022827041264 169172797
480680 300 0.2055771729587357 176899186
480980 300 0.21229043020193153 184937255
481280 300 0.19597190517998245 174963488
481580 300 0.1996793678665496 168008098
481880 300 0.20023880597014926 179031735
482180 300 0.2016611062335382 164464786
482480 300 0.20329201053555748 162348641
482780 300 0.1975459174714662 161954940
483080 300 0.19712870939420543 161823706
483380 300 0.2014525021949078 161823706
483680 300 0.2058521510096576 174815850
483980 300 0.2096449517120281 164596020
484280 300 0.20070342405618966 164464786
484580 300 0.19452115891132574 162086173
484880 300 0.19198946444249343 161840110
485180 300 0.1959150131694469 162233811
485480 300 0.18994135206321336 161987748
485780 300 0.19235926251097454 160806644
486080 300 0.1969011413520632 159363072
486380 300 0.20164214223002633 173536320
486680 300 0.19117401229148379 179310607
486980 300 0.19302300263388938 169861774
487280 300 0.1815877085162423 169746945
487580 300 0.18309534679543463 169714137
487880 300 0.18167304653204566 168401799
488180 300 0.18478314310798943 159871603
488480 300 0.18472625109745391 158969371
488780 300 0.19701492537313434 160412943
489080 300 0.1967209833187006 176423464
489380 300 0.19587708516242316 165268593
489680 300 0.1869640035118525 159609136
489980 300 0.18937243195785775 159609136
490280 300 0.18513397717295876 159477902
490580 300 0.1903301141352063 159330264
490880 300 0.18507708516242316 159067797
491180 300 0.1826212467076383 158952967
491480 300 0.18044986830553117 158952967
491780 300 0.19004565408252855 162627513
492080 300 0.19110763827919228 174586191
492380 300 0.18437541703248464 169336840
492680 300 0.18267813871817387 169189201
492980 300 0.18143599648814748 166958227
493280 300 0.17333836698858646 166695760
493580 300 0.18119894644424936 166695760
493880 300 0.17080667251975415 165662294
494180 300 0.17806040386303776 164333552
494480 300 0.18073432835820896 169320435
494780 300 0.19226444249341526 183641322
495080 300 0.18549429323968392 173667554
495380 300 0.18246953467954344 172092749
495680 300 0.18802598770851625 170255476
495980 300 0.1729875329236172 167499567
496280 300 0.18935346795434596 165777123
496580 300 0.17202036874451274 161069112
496880 300 0.17845864793678667 160937878
497180 300 0.19589604916593503 171682644
497480 300 0.19848463564530286 180114414
497780 300 0.17935943810359964 169484478
498080 300 0.17063599648814748 165284997
498380 300 0.17452361720807727 180508115
498680 300 0.17618296751536436 169615711
498980 300 0.17917928007023703 168943138
499280 300 0.1792646180860404 168155736
499580 300 0.17865776997366112 166449696
499880 300 0.1818152765583846 177210866
500180 300 0.18454609306409134 168040906
500480 300 0.17459947322212466 167909672
500780 300 0.16710869183494292 167778438
501080 300 0.16940333625987708 166449696
501380 300 0.16583810359964882 162922789
501680 300 0.16160913081650571 162660321
501980 300 0.1665208077260755 162397854
502280 300 0.17412537313432833 163956255
502580 300 0.18448920105355576 177210866
502880 300 0.17587006145741876 173273853
503180 300 0.17625882352941175 171945111
503480 300 0.17583213345039508 170895241
503780 300 0.16859736611062334 164218722
504080 300 0.17929306409130819 164218722
504380 300 0.17160316066725198 164218722
504680 300 0.18005162423178225 165006125
504980 300 0.18069640035118525 175636061
505280 300 0.17199192273924493 174192489
505580 300 0.1704653204565408 172240387
505880 300 0.16976365232660226 171190516
506180 300 0.16868270412642672 169615711
506480 300 0.16850254609306412 167647204
506780 300 0.16585706760316066 167515971
507080 300 0.17196347673397716 167778438
507380 300 0.18275399473222126 184313895
507680 300 0.17634416154521512 178933309
507980 300 0.17212467076382792 164103893
508280 300 0.17148937664618086 163841425
508580 300 0.18083863037752415 162791555
508880 300 0.17133766461808606 161856514
509180 300 0.16964986830553117 161069112
509480 300 0.17661913959613698 161594047
509780 300 0.17480807726075503 160937878
510080 300 0.18287726075504832 172748918
510380 300 0.1789801580333626 165006125
510680 300 0.17571834942932396 159494306
510980 300 0.17850605794556632 169746945
511280 300 0.17823107989464443 164628828
511580 300 0.17305390693590872 164366360
511880 300 0.17609762949956104 164218722
512180 300 0.17754837576821775 163956255
512480 300 0.18253590869183495 171190516
512780 300 0.17908446005267778 167253504
513080 300 0.1688249341527656 165268593
513380 300 0.17393573309920982 165006125
513680 300 0.17396417910447762 164349956
513980 300 0.17234275680421424 160412943
514280 300 0.17264618086040387 160035646
514580 300 0.17478911325724317 159773178
514880 300 0.1728358208955224 160035646
515180 300 0.16653028972783143 160035646
515480 300 0.1641692712906058 160019241
515780 300 0.16704231782265147 160019241
516080 300 0.17487445127304654 160035646
516380 300 0.17254187884108868 159904412
516680 300 0.18377805092186128 172634088
516980 300 0.17275048287971903 173683959
517280 300 0.17062651448639157 160937878
517580 300 0.1704653204565408 160675410
517880 300 0.16911887620719931 160560581
518180 300 0.16826549604916596 160429347
518480 300 0.1817204565408253 160298113
518780 300 0.18667006145741877 160035646
519080 300 0.1956969271290606 172765322
519380 300 0.18374960491659348 173159023
519680 300 0.180345566286216 170271880
519980 300 0.18328498683055314 170255476
520280 300 0.1823083406496927 170255476
520580 300 0.17847761194029851 168040906
520880 300 0.17761474978050923 164891295
521180 300 0.17465636523266023 164366360
521480 300 0.17227638279192273 163054023
521780 300 0.17665706760316066 182722685
522080 300 0.17580368744512734 164874891
522380 300 0.18036453028972785 164612424
522680 300 0.1777569798068481 164481190
522980 300 0.17808884986830556 164218722
523280 300 0.18693555750658472 182476621
523580 300 0.19171448639157154 167647204
523880 300 0.1869545215100966 168172140
524180 300 0.18444179104477612 167893268
524480 300 0.18247901668129943 174061255
524780 300 0.18358841088674277 165006125
525080 300 0.17609762949956104 164612424
525380 300 0.17473222124670765 164891295
525680 300 0.1909369622475856 166203633
525980 300 0.18583564530289726 167122270
526280 300 0.18528568920105357 159888007
526580 300 0.1810756804214223 159789582
526880 300 0.18726742756804218 160035646
527180 300 0.18470728709394207 159920816
527480 300 0.18537102721685692 159888007
527780 300 0.1846124670763828 160019241
528080 300 0.18436593503072868 161331579
528380 300 0.1949383669885865 180901816
528680 300 0.19196101843722566 175898529
528980 300 0.18392976294995608 170271880
529280 300 0.18385390693590872 170124242
529580 300 0.18813977172958735 170009413
529880 300 0.18324705882352943 169353244
530180 300 0.18201439859525903 166334867
530480 300 0.1890595258999122 160937878
530780 300 0.19029218612818263 160150475
531080 300 0.19301352063213348 179589478
531380 300 0.19290921861281826 174602595
531680 300 0.18007058823529412 169353244
531980 300 0.1796723441615452 168811905
532280 300 0.18007058823529412 168811905
532580 300 0.1784017559262511 168828309
532880 300 0.17961545215100966 167105865
533180 300 0.18035504828797191 163562553
533480 300 0.1855796312554873 163431319
533780 300 0.193459174714662 172765322
534080 300 0.18677436347673398 170435922
534380 300 0.18375908691834944 169517286
534680 300 0.18899315188762073 169500882
534980 300 0.18913538191395965 168303373
535280 300 0.18964741000877963 164103893
535580 300 0.19211273046532046 159625540
535880 300 0.1974605794556629 160166880
536180 300 0.21815030728709392 178949714
536480 300 0.20920877963125548 175800103
536780 300 0.1994517998244074 158608478
537080 300 0.19518489903424055 158608478
537380 300 0.19771659350307286 159002179
537680 300 0.19871220368744516 158838138
537980 300 0.19384793678665496 158739712
538280 300 0.1959529411764706 158838138
538580 300 0.20723652326602285 158969371
538880 300 0.21680386303775245 177735801
539180 300 0.21027076382791926 177210866
539480 300 0.20775803336259877 169336840
539780 300 0.20961650570676033 169353244
540080 300 0.2065443371378402 182345388
540380 300 0.20076979806848114 168943138
540680 300 0.20023880597014926 166449696
540980 300 0.20566251097453908 166580930
541280 300 0.20515996488147495 167105865
541580 300 0.2102612818261633 177735801
541880 300 0.21952519754170322 166991036
542180 300 0.20963546971027217 166318463
542480 300 0.2069710272168569 164087488
542780 300 0.2052737489025461 164087488
543080 300 0.21035610184372258 164218722
543380 300 0.20821316944688323 164235126
543680 300 0.20624091308165057 164366360
543980 300 0.21377910447761192 163431319
544280 300 0.21917436347673397 173536320
544580 300 0.21014749780509215 171830281
544880 300 0.21453766461808602 169336840
545180 300 0.205928007023705 167499567
545480 300 0.21214820017559263 166843398
545780 300 0.2119490781387182 165006125
546080 300 0.20886742756804214 164235126
546380 300 0.20851659350307286 164366360
546680 300 0.21553327480245832 174865062
546980 300 0.21971483757682178 181951686
547280 300 0.21410149253731348 168697075
547580 300 0.2160168568920105 167023844
547880 300 0.21677541703248462 165055338
548180 300 0.21625390693590868 164005467
548480 300 0.21191115013169445 164153106
548780 300 0.2099578577699737 164005467
549080 300 0.22267322212467072 164399169
549380 300 0.22410500438981565 177801418
549680 300 0.21892783143107988 177670185
549980 300 0.21525829675153646 167548779
550280 300 0.2128024582967515 167417545
550580 300 0.21434802458296756 167417545
550880 300 0.2080993854258121 167269908
551180 300 0.21129482001755925 166613739
551480 300 0.21224302019315192 164792870
551780 300 0.21013801580333627 164924104
552080 300 0.21815978928884988 182115729
552380 300 0.22232238805970148 193254196
552680 300 0.2101095697980685 175143934
552980 300 0.21676593503072872 173191832
553280 300 0.20593748902546094 173290257
553580 300 0.20839332748024583 173306661
553880 300 0.20746409130816504 173060598
554180 300 0.2054633889376646 170698390
554480 300 0.2057762949956102 170140647
554780 300 0.21021387181738366 169238414
555080 300 0.21341878841088677 173044194
555380 300 0.21274556628621596 179474649
555680 300 0.20364284460052678 176062570
555980 300 0.2104035118525022 175931337
556280 300 0.21177840210711152 174077660
556580 300 0.20396523266022829 172765322
556880 300 0.20462897278314313 170796816
557180 300 0.20254293239683935 170419518
557480 300 0.21301106233538192 177768610
557780 300 0.22376365232660228 184067831
558080 300 0.21229043020193153 177227271
558380 300 0.21101035996488143 168959542
558680 300 0.21562809482001757 168844713
558980 300 0.20699947322212467 167663609
559280 300 0.21411097453906938 166482505
559580 300 0.2118068481123793 166236442
559880 300 0.21489798068481125 166498909
560180 300 0.2104793678665496 184724000
560480 300 0.20428762071992979 183149194
560780 300 0.20789078138718178 175554040
561080 300 0.20891483757682175 175422806
561380 128 0.1516056189640035 92154974
561508 172 0.20846918349429325 172650492
561680 300 0.20327304653204567 169910988
561980 300 0.20153784021071117 167942481
562280 120 0.1467982440737489 84510607
562400 180 0.20159473222124671 167942481
562580 300 0.20354802458296753 167811247
562880 300 0.20401264266900793 183296833
563180 300 0.2093320456540825 181722027
563480 300 0.20737875329236174 175816507
563780 300 0.2071985952589991 175668870
564080 300 0.20760632133450396 175439210
564380 300 0.20000175592625108 174635403
564680 300 0.20648744512730463 171092091
564980 300 0.20344372256365234 167958885
565280 300 0.20236277436347672 169008755
565580 300 0.2075209833187006 189349990
565880 300 0.2191459174714662 185806678
566180 300 0.20981562774363477 181607198
566480 300 0.2052737489025461 195911680
566780 300 0.19199894644424934 180951029
567080 300 0.19365829675153645 178851288
567380 300 0.20613661106233538 176095379
567680 300 0.20352906057945566 173995639
567980 300 0.20756839332748026 185412978
568280 300 0.19931905179982443 174914275
568580 114 0.1409004389815628 90186468
568694 186 0.20064653204565408 172978577
568880 300 0.19961299385425813 172716109
569180 300 0.19608568920105357 172716109
569480 300 0.19223599648814751 172716109
569780 212 0.15269604916593502 90137255
569992 88 0.19825706760316067 172830939
570080 300 0.19037752414398593 172568472
570380 300 0.19362985074626868 171912303
570680 300 0.19983107989464444 187791589
570980 300 0.19694855136084286 193713514
571280 300 0.19243511852502196 177817822
571580 300 0.1957633011413521 177571759
571880 300 0.1968632133450395 175980550
572180 300 0.1917334503950834 173093406
572480 300 0.1958486391571554 172962172
572780 300 0.1976122914837577 172978577
573080 300 0.19604776119402983 172453642
573380 300 0.1981338015803336 185445786
573680 300 0.18822510974539072 183214812
573980 300 0.18608217734855137 180327669
574280 300 0.19846567164179107 178359162
574580 300 0.1928902546093064 177178058
574880 300 0.19057664618086037 170878836
575180 300 0.19841826163301143 170993666
575480 300 0.20309288849868304 170731198
575780 300 0.20706584723441615 184264682
576080 300 0.20087410008779633 191203668
576380 300 0.1915817383669886 180590136
576680 300 0.19110763827919228 180327669
576980 300 0.1844038630377524 192401176
577280 300 0.18863283582089552 180458902
577580 300 0.19161018437225638 177702993
577880 300 0.18622440737489024 174799446
578180 300 0.17803195785776998 172584876
578480 300 0.18413836698858646 176111784
578780 300 0.18817769973661108 175209551
579080 300 0.195772783143108 170321093
579380 300 0.18301949078138718 170075029
579680 300 0.18814925373134328 170206263
579980 300 0.19181878841088676 170075029
580280 300 0.18762774363476734 170222668
580580 300 0.18344618086040387 170353902
580880 300 0.19396172080772606 170337497
581180 300 0.19566848112379281 183723342
581480 300 0.1982949956101844 202227305
581780 300 0.19011202809482003 196977954
582080 300 0.18597787532923618 187414293
582380 300 0.18798805970149254 187151825
582680 300 0.19064302019315188 187135420
582980 300 0.18709675153643548 186758124
583280 300 0.19212221246707636 184789617
583580 300 0.1919799824407375 182296175
583880 300 0.19506163301141352 180065201
584180 300 0.20342475856014047 194369683
584480 300 0.19893028972783147 196338189
584780 300 0.18874661984196664 186889357
585080 300 0.19254890254609308 187151825
585380 300 0.18611062335381914 186758124
585680 300 0.18786479367866551 183214812
585980 300 0.18702089552238807 179261394
586280 300 0.18405302897278317 179277798
586580 300 0.20544442493415277 188070462
586880 300 0.19161018437225638 191876241
587180 300 0.1856649692712906 187020591
587480 300 0.1836358208955224 184920850
587780 300 0.18011799824407376 184658383
588080 300 0.18865179982440738 184395916
588380 300 0.19285232660228271 182148537
588680 300 0.19671150131694468 182279771
588980 300 0.20583318700614575 186872953
589280 300 0.19544091308165057 180180030
589580 300 0.19104126426690077 177292887
589880 300 0.18644249341527655 183329641
590180 300 0.18666057945566286 177555355
590480 300 0.19312730465320455 177161653
590780 300 0.1936962247585601 177178058
591080 300 0.19966040386303774 178342758
591380 300 0.20401264266900793 182427409
591680 300 0.19757436347673396 177817822
591980 300 0.1917334503950834 177424121
592280 300 0.1956969271290606 206033085
592580 300 0.1918282704126427 182148537
592880 300 0.19769762949956102 182148537
593180 300 0.1948340649692713 182279771
593480 300 0.19229288849868303 184773213
593780 300 0.19406602282704127 206426786
594080 300 0.19677787532923618 187397888
594380 300 0.19701492537313434 187397888
594680 300 0.19113608428446005 187135420
594980 300 0.18974223002633891 187119016
595280 300 0.19076628621597894 187102612
595580 300 0.18639508340649694 187119016
595880 300 0.18901211589113256 187004187
596180 300 0.19079473222124668 187135420
596480 300 0.20171799824407374 201554732
596780 300 0.19724249341527658 194353278
597080 300 0.19044389815627744 187004187
597380 300 0.19205583845478494 198569164
597680 300 0.1913636523266023 187151825
597980 300 0.1924635645302897 187004187
598280 300 0.18950517998244076 187004187
598580 300 0.18673643546971028 186741720
598880 300 0.20019139596136962 198027824
599180 300 0.19403757682177347 187414293
599480 300 0.19080421422300262 187545526
599780 300 0.18789323968393326 187529122
600080 300 0.19238770851624232 187529122
600380 300 0.18703985952589988 187397888
600680 300 0.1893819139596137 187414293
600980 300 0.18776049165935033 187414293
601280 300 0.18469780509218614 187529122
601580 300 0.18050676031606672 187529122
601880 300 0.17620193151887623 187381484
602180 300 0.17794661984196664 187496314
602480 300 0.17954907813871815 187643952
602780 300 0.17719754170324847 188152482
603080 300 0.18722001755926254 204294237
603380 300 0.1798145741878841 194993043
603680 300 0.17973871817383671 187397888
603980 300 0.1796723441615452 187397888
604280 300 0.17867673397717296 187381484
604580 300 0.17146093064091308 187266654
604880 300 0.17314872695346795 187266654
605180 300 0.18481158911325724 189891330
605480 300 0.18687866549604917 195009447
605780 300 0.18046883230904304 187414293
606080 300 0.17973871817383671 187119016
606380 300 0.17213415276558383 187430697
606680 300 0.17277892888498683 187283059
606980 300 0.1731676909569798 187299463
607280 300 0.175841615452151 187447101
607580 300 0.18239367866549605 188611801
607880 300 0.1929945566286216 214579684
608180 300 0.1943789288849868 214596088
608480 300 0.18155926251097454 195682020
608780 300 0.17551922739244952 195682020
609080 300 0.1791603160667252 195583595
609380 300 0.18293415276558384 195583595
609680 300 0.18578823529411762 195567191
609980 300 0.191401580333626 195567191
610280 300 0.1891638279192274 195829659
610580 300 0.19524179104477613 211446478
610880 300 0.1907188762071993 200291607
611180 300 0.1819669885864794 194911022
611480 300 0.18553222124670765 194943831
611780 300 0.18261176470588236 194943831
612080 300 0.19153432835820897 195075064
612380 300 0.19417032484635646 195075064
612680 300 0.1875803336259877 195058660
612980 300 0.1955546971027217 197929399
613280 300 0.19785882352941178 203047516
613580 300 0.1917998244073749 195452361
613880 300 0.1878742756804214 195173490
614180 300 0.19106022827041264 195042256
614480 300 0.1901689201053556 195173490
614780 300 0.18943880597014925 194911022
615080 300 0.187798419666374 194763384
615380 300 0.1961330992098332 208821802
615680 300 0.1888698858647937 203047516
615980 300 0.18769411764705882 195173490
616280 300 0.1852572431957858 195075064
616580 300 0.18553222124670765 195075064
616880 300 0.1860252853380158 195075064
617180 300 0.17941633011413521 195189894
617480 300 0.18370219490781384 195321127
617780 300 0.17971975417032485 195321127
618080 300 0.18325654082528534 195321127
618380 300 0.19582019315188762 201079009
618680 300 0.19738472344161548 209215504
618980 300 0.19365829675153645 203703685
619280 300 0.1873148375768218 195550786
619580 300 0.1920084284460053 195550786
619880 300 0.1832091308165057 195435957
620180 300 0.19225496049165938 195452361
620480 300 0.19063353819139597 195452361
620780 300 0.19497629499561017 197420868
621080 300 0.20741668129938542 210281778
621380 300 0.19453064091308167 201243052
621680 300 0.19284284460052678 195452361
621980 300 0.19565899912203688 195468766
622280 300 0.19300403863037752 195468766
622580 300 0.20184126426690077 195468766
622880 300 0.20796663740122914 195468766
623180 300 0.1988354697102722 195452361
623480 300 0.1966451273046532 195452361
623780 300 0.19532712906057947 206869700
624080 300 0.21369376646180863 221321820
624380 300 0.20473327480245831 209773247
624680 300 0.202201580333626 202949091
624980 300 0.2000681299385426 203063920
625280 300 0.19583915715539946 203063920
625580 300 0.19828551360842842 202801453
625880 215 0.20051378402107112 202817857
626095 5 0.14877050043898157 201259456
626100 5 0.14749043020193153 194714172
626105 10 0.14623880597014924 194714172
626115 65 0.1490454784899034 202325730
626180 99 0.15446918349429326 201653157
626279 3 0.1506953467954346 120288215
626282 7 0.1506953467954346 120288215
626289 1 0.1506953467954346 120304620
626290 190 0.16235820895522388 148634711
626480 300 0.19598138718173833 210462225
626780 300 0.20224899034240565 207296210
627080 300 0.19329798068481122 198126250
627380 300 0.19716663740122917 197863782
627680 300 0.19936646180860404 197995016
627980 160 0.20984407374890254 198011420
628140 5 0.15432695346795436 195157086
628145 4 0.15379596136962248 189858522
628149 2 0.15208920105355575 189858522
628151 8 0.15208920105355575 189858522
628159 1 0.15208920105355575 189858522
628160 120 0.1539097453906936 197273230
628280 43 0.14229429323968393 195911680
628323 3 0.1445604916593503 120632704
628326 1 0.13705074626865674 115202907
628327 9 0.13705074626865674 115202907
628336 244 0.15745601404741003 159297456
628580 286 0.18986549604916592 193844748
628866 6 0.14438981562774364 191630178
628872 3 0.14489236172080772 185691849
628875 5 0.1425692712906058 185691849
628880 4 0.1578068481123793 194484512
628884 1 0.1578068481123793 194500917
628885 166 0.15898261633011412 201784391
629051 2 0.15985496049165934 121846617
629053 1 0.15569236172080775 120550683
629054 7 0.15569236172080775 120550683
629061 2 0.15580614574187882 120550683
629063 1 0.15569236172080775 120550683
629064 116 0.17078770851624234 144041529
629180 76 0.21505917471466202 200570479
629256 5 0.14992730465320456 188775843
629261 6 0.14914978050921862 183805363
629267 1 0.14835329236172082 183575704
629268 9 0.14835329236172082 183575704
629277 1 0.14835329236172082 183575704
629278 162 0.14968077260755047 190432669
629440 3 0.15068586479367868 103293441
629443 10 0.14526215978928886 103293441
629453 27 0.15701984196663743 111971275
629480 300 0.17221000877963125 161922131
629780 300 0.20680035118525023 183526492
630080 300 0.20771062335381912 183821768
630380 300 0.1977545215100966 184330299
630680 300 0.20471431079894645 184756809
630980 300 0.20301703248463565 184773213
631280 300 0.20073187006145743 184658383
631580 300 0.20391782265144867 190055372
631880 300 0.21288779631255486 198470738
632180 300 0.20406005267778754 188103270
632480 300 0.1996793678665496 185642637
632780 300 0.20548235294117648 185790274
633080 300 0.20446777875329236 185659041
633380 300 0.2018886742756804 185544211
633680 300 0.20264723441615454 185675445
633980 300 0.20547287093942054 185659041
634280 300 0.21446180860403863 194451704
634580 300 0.2074925373134328 189464820
634880 300 0.2033678665496049 186446443
635180 300 0.20252396839332748 186725315
635480 300 0.20591852502194907 186872953
635780 300 0.20479016681299383 186708911
636080 300 0.2027515364354697 186348018
636380 300 0.20431606672519756 186626890
636680 300 0.21895627743634766 213775878
636980 300 0.2104698858647937 214710918
637280 300 0.20500825285338015 188857864
637580 300 0.1929945566286216 188595396
637880 300 0.2102612818261633 201193839
638180 300 0.20848814749780512 188332929
638480 300 0.2027799824407375 188464162
638780 300 0.20315926251097455 188332929
639080 300 0.20872519754170324 188480567
639380 300 0.22173450395083405 199881501
639680 300 0.22095697980684814 188628205
639980 300 0.21797014925373134 188874268
640280 300 0.21856751536435468 188644609
640580 300 0.20587111501316943 188661013
640880 300 0.21769517120280948 188644609
641180 300 0.2150022827041264 188611801
641480 300 0.22083371378402109 188611801
641780 300 0.22498683055311677 194123619
642080 300 0.2170883230904302 194123619
642380 300 0.21323863037752414 188759439
642680 300 0.214547146619842 188907076
642980 300 0.20862089552238805 188775843
643280 300 0.2035100965759438 188529780
643580 300 0.20565302897278312 188398546
643880 300 0.21994240561896397 188398546
644180 300 0.2180270412642669 202834261
644480 300 0.21763827919227388 197847378
644780 300 0.21224302019315192 190219414
645080 300 0.2185390693590869 190219414
645380 300 0.2155237928007024 189956947
645680 300 0.21468937664618085 189694479
645980 300 0.219686391571554 189694479
646280 300 0.21481264266900793 189678075
646580 300 0.21373169446883228 189546841
646880 300 0.20709429323968392 189563245
647180 300 0.2216776119402985 194829001
647480 300 0.22547041264266898 205606575
647780 300 0.21833994732221246 189596054
648080 300 0.21396874451273046 189464820
648380 300 0.21397822651448636 189464820
648680 300 0.21366532045654085 189448416
648980 300 0.20951220368744514 189169544
649280 300 0.21723055311676912 189054715
649580 300 0.2159220368744513 188907076
649880 300 0.2209095697980685 202292922
650180 300 0.2227490781387182 207935974
650480 300 0.22143107989464442 189710884
650780 300 0.21966742756804214 189710884
651080 300 0.21137067603160667 189710884
651380 300 0.2169460930640913 189333586
651680 300 0.21613064091308165 189071119
651980 300 0.21548586479367868 189071119
652280 300 0.20984407374890254 190777158
652580 300 0.2180270412642669 212693199
652880 300 0.2165383669885865 205196469
653180 300 0.21143705004389815 191154455
653480 300 0.20632625109745392 191154455
653780 300 0.21249903424056188 191154455
654080 300 0.21269815627743632 191170860
654380 300 0.2103276558384548 191695794
654680 300 0.2142342405618964 191695794
654980 300 0.21664266900790166 191695794
655280 300 0.232420719929763 208247655
655580 300 0.22124143985952588 204819172
655880 300 0.2112379280070237 200357224
656180 300 0.21691764705882352 209018653
656480 300 0.2094268656716418 192220729
656780 300 0.21310588235294117 192204325
657080 300 0.21707884108867428 192073092
657380 300 0.21663318700614578 191941858
657680 300 0.2200846356453029 202325730
657980 300 0.2198286215978929 192483197
658280 300 0.21852010535557503 192335559
658580 300 0.21244214223002636 192089496
658880 300 0.221611237928007 203375601
659180 300 0.2204449517120281 191679390
659480 300 0.21827357330992095 191416923
659780 300 0.2205492537313433 191416923
660080 300 0.218529587357331 191433327
660380 300 0.22913994732221246 202981899
660680 300 0.22690219490781388 191827028
660980 300 0.22365935030728712 191958262
661280 300 0.2245980684811238 191810624
661580 300 0.22380158033362596 197863782
661880 300 0.213001580333626 192237134
662180 300 0.21771413520632135 192122304
662480 300 0.21744863915715543 191712199
662780 300 0.21674697102721685 194074407
663080 300 0.21754345917471468 194353278
663380 300 0.22135522388059703 191679390
663680 300 0.21344723441615454 191679390
663980 300 0.21367480245829676 191695794
664280 300 0.2116361720807726 191843433
664580 300 0.21228094820017557 191827028
664880 300 0.2054918349429324 191843433
665180 300 0.19799157155399474 193008132
665480 300 0.20937945566286215 221912371
665780 300 0.2106595258999122 227440594
666080 300 0.19961299385425813 197256826
666380 300 0.20882949956101846 197256826
666680 300 0.20912344161545218 197256826
666980 300 0.20115856014047412 197240422
667280 300 0.20399367866549606 197092783
667580 300 0.20641158911325722 196830316
667880 300 0.2158651448639157 196961550
668180 300 0.22562212467076384 212037030
668480 300 0.21960105355575069 204048174
668780 300 0.21187322212467077 196715487
669080 300 0.2152488147497805 208542931
669380 300 0.21320070237050046 196617061
669680 300 0.21740122914837579 196879528
669980 300 0.21394029850746268 196863124
670280 300 0.2146230026338894 196994358
670580 300 0.21321966637401232 208936632
670880 300 0.20391782265144867 198667589
671180 300 0.19189464442493415 198405121
671480 300 0.1936962247585601 198290292
671780 300 0.18685021949078143 198273888
672080 300 0.1851150131694469 198290292
672380 300 0.1916955223880597 198437930
672680 300 0.1919420544337138 200800138
672980 300 0.20002071992976295 205918255
673280 300 0.19215065847234417 198306696
673580 300 0.19330746268656715 198306696
673880 300 0.19359192273924494 198306696
674180 300 0.19431255487269536 198290292
674480 300 0.19090851624231783 198273888
674780 300 0.19363933274802458 198290292
675080 300 0.19709078138718175 198437930
675380 300 0.21274556628621596 206311956
675680 300 0.20314029850746268 200931372
675980 300 0.20427813871817382 198569164
676280 300 0.20144302019315188 198569164
676580 300 0.20129130816505705 198569164
676880 300 0.2050556628621598 198569164
677180 300 0.21670904302019317 200931372
677480 300 0.20682879719051797 206033085
677780 300 0.20673397717295872 198569164
678080 300 0.20149991220368743 198552759
678380 300 0.2039841966637401 198569164
678680 300 0.20396523266022829 198536355
678980 300 0.19803898156277436 198667589
679280 300 0.20350061457418792 199996331
679580 300 0.22193362598770855 228884166
679880 300 0.20878208955223881 228752932
680180 300 0.21603582089552237 200800138
680480 300 0.20633573309920983 200800138
680780 300 0.2118068481123793 200800138
681080 300 0.2052737489025461 200800138
681380 300 0.20411694468832312 200143969
681680 300 0.202713608428446 199487800
681980 300 0.20476172080772606 200406436
682280 300 0.2170029850746269 213250942
682580 300 0.20980614574187884 203802111
682880 300 0.20692361720807725 198700397
683180 300 0.21137067603160667 204737151
683480 300 0.20100684811237926 198831631
683780 300 0.2107164179104478 198848035
684080 300 0.21322914837576823 198831631
684380 300 0.21337137840210713 198831631
684680 300 0.20863985952589992 204868385
684980 300 0.21122844600526774 198831631
685280 300 0.21265074626865668 198569164
685580 300 0.21126637401229148 198552759
685880 300 0.2101095697980685 198552759
686180 300 0.2092846356453029 199487800
686480 300 0.22291975417032486 214054749
686780 300 0.21815978928884988 204737151
687080 300 0.20923722563652325 199356566
687380 300 0.21296365232660228 207378231
687680 300 0.21352309043020193 199241737
687980 300 0.2155237928007024 199110503
688280 300 0.20241966637401232 199110503
688580 300 0.21020438981562775 202260114
688880 300 0.21760983318700614 203178750
689180 300 0.21431009657594383 199372971
689480 300 0.21105776997366107 199241737
689780 300 0.21012853380158036 199241737
690080 300 0.2130964003511852 199241737
690380 300 0.21116207199297632 198979269
690680 300 0.2062503950834065 201882816
690980 300 0.22403863037752414 212922858
691280 300 0.21660474100087793 205458937
691580 300 0.22057769973661104 199520608
691880 300 0.22674100087796312 199389375
692180 300 0.2166900790166813 199258141
692480 300 0.21704091308165055 199258141
692780 300 0.21733485513608428 199258141
693080 300 0.22247410008779628 199783076
693380 300 0.23429815627743633 215645959
693680 300 0.2213078138718174 205048831
693980 300 0.2148505706760316 199389375
694280 300 0.21455662862159788 199520608
694580 300 0.2174107111501317 199389375
694880 300 0.2183778753292362 199405779
695180 300 0.21414890254609312 199537012
695480 300 0.22025531167690957 199799480
695780 300 0.22978472344161543 227096106
696080 300 0.22237928007023708 224586260
696380 300 0.22278700614574187 208050804
696680 300 0.2211655838454785 208313271
696980 300 0.2188424934152766 208444505
697280 300 0.22098542581211592 208460910
697580 300 0.22062510974539068 208329676
697880 300 0.2218862159789289 208346080
698180 300 0.22463599648814753 208346080
698480 300 0.23342581211589108 218844782
698780 300 0.23365338015803339 224077729
699080 300 0.22511009657594383 208592143
699380 300 0.2216776119402985 208592143
699680 300 0.22087164179104476 207919570
699980 300 0.22010359964881476 207657103
700280 300 0.21723055311676912 208182038
700580 300 0.21460403863037752 208444505
700880 300 0.22474029850746272 210035715
701180 300 0.22964249341527654 222502924
701480 300 0.21833046532045655 214235196
701780 300 0.21589359086918347 208985845
702080 300 0.22736681299385428 228145976
702380 300 0.22963301141352063 216072469
702680 300 0.21910798946444246 215941235
702980 300 0.21911747146619845 215941235
703280 300 0.2252807726075505 216334936
703580 300 0.23126391571553997 229852015
703880 300 0.22797366110623352 219090846
704180 300 0.22174398595259 219238483
704480 300 0.21707884108867428 219107250
704780 300 0.21692712906057943 219254887
705080 300 0.2237352063213345 219123654
705380 300 0.22360245829675152 219123654
705680 300 0.22513854258121158 219648589
705980 300 0.22948129938542583 228145976
706280 300 0.2249773485513608 221469457
706580 300 0.22472133450395085 219484547
706880 300 0.228040035118525 219353313
707180 300 0.23743669885864793 219386121
707480 300 0.23192765583845482 219500951
707780 300 0.22243617208077263 219386121
708080 300 0.22299561018437228 219386121
708380 300 0.23060017559262513 219533760
708680 300 0.23845127304653202 235019345
708980 300 0.250028797190518 253113202
709280 300 0.252854433713784 255737878
709580 300 0.25636277436347676 229491123
709880 300 0.2505692712906058 229491123
710180 300 0.2502563652326602 229474718
710480 300 0.24597050043898153 229474718
710780 300 0.25346128182616334 229474718
711080 300 0.24884354697102726 229474718
711380 300 0.25322423178226516 229474718
711680 300 0.2590177348551361 244697836
711980 300 0.2543620719929763 235117771
712280 300 0.250284811237928 229228655
712580 300 0.25354661984196664 229228655
712880 300 0.25291132572431957 229228655
713180 300 0.24862546093064095 228966187
713480 300 0.24772467076382793 227260148
713780 300 0.25061668129938547 225160408
714080 300 0.24925127304653205 233296902
714380 300 0.24845478489903428 227899913
714680 300 0.24492748024582967 225012769
714980 300 0.24433959613696224 225160408
715280 300 0.2478194907813872 224766706
715580 300 0.24190272168568921 221994393
715880 300 0.2513278314310799 221485862
716180 300 0.2554809482001756 222010797
716480 300 0.26471641791044775 235396642
716780 300 0.2606865671641791 226850043
717080 300 0.2603262510974539 221469457
717380 300 0.2595676909569798 221863159
717680 300 0.2607813871817384 221977989
717980 300 0.2695996488147498 221846755
718280 300 0.26726707638279196 221469457
718580 300 0.26656540825285335 221075757
718880 300 0.27521299385425807 236971447
719180 300 0.27177102721685686 227128914
719480 300 0.27027287093942054 221223394
719780 300 0.2756776119402985 220567225
720080 300 0.26895487269534674 220714863
720380 300 0.2690022827041264 220698459
720680 300 0.26683090430201933 220583629
720980 300 0.26458366988586485 221748330
721280 300 0.28427778753292365 229868419
721580 300 0.2748526777875329 225422875
721880 300 0.2659870061457419 220419588
722180 300 0.26574047410008783 220435992
722480 300 0.2571877085162423 220304758
722780 300 0.26458366988586485 220321162
723080 300 0.25927374890254606 222158435
723380 300 0.2740372256365233 255770686
723680 300 0.25578437225636524 258296937
723980 300 0.2575290605794556 227456999
724280 300 0.2499719051799824 227309361
724580 300 0.25539561018437223 227161723
724880 300 0.26282001755926254 227161723
725180 300 0.25918841088674277 227161723
725480 300 0.25190623353819136 227161723
725780 300 0.2665369622475856 227703062
726080 300 0.26810149253731347 242680117
726380 300 0.2613028972783143 232033777
726680 300 0.2508916593503073 226521958
726980 300 0.2594918349429324 226259491
727280 300 0.2637587357330992 226800830
727580 300 0.2625355575065847 227063298
727880 300 0.25929271290605793 227063298
728180 300 0.2650388059701492 227178127
728480 300 0.27168568920105357 241351375
728780 300 0.26419490781387184 234527218
729080 300 0.2588755048287972 227965530
729380 300 0.24618858647936784 227965530
729680 300 0.24321123792800703 227719467
729980 300 0.2510812993854258 227571828
730280 300 0.2586953467954346 227719467
730580 300 0.24902370500438983 228884166
730880 300 0.2627157155399474 236512129
731180 300 0.25676101843722565 227309361
731480 300 0.2522096575943811 227178127
731780 300 0.2554619841966637 240432739
732080 300 0.25670412642669005 227571828
732380 300 0.2507494293239684 227571828
732680 300 0.2619002633889376 227440594
732980 300 0.2502658472344162 227309361
733280 300 0.2580979806848112 238857933
733580 300 0.25465601404741 228113167
733880 300 0.2510528533801581 228129572
734180 300 0.25783248463564534 228129572
734480 300 0.2532337137840211 227981934
734780 300 0.24803757682177352 227981934
735080 300 0.25128990342405616 228113167
735380 300 0.24756347673397716 227981934
735680 300 0.2511287093942054 228769336
735980 300 0.2557748902546093 242417649
736280 300 0.2471367866549605 232181415
736580 300 0.24862546093064095 227456999
736880 300 0.24708937664618086 256590897
737180 300 0.24459561018437223 228506869
737480 300 0.2488909569798069 228375635
737780 300 0.2511381913959614 228375635
738080 300 0.25568955223880596 228392040
738380 300 0.2628769095697981 256607302
738680 300 0.2622131694468832 231672884
738980 300 0.2616158033362599 229179442
739280 300 0.25398279192273926 229310676
739580 300 0.2617011413520632 229294272
739880 300 0.25439051799824414 229277868
740180 300 0.24918489903424054 229294272
740480 300 0.24906163301141357 229294272
740780 300 0.25597401229148375 229704377
741080 300 0.2614546093064091 244402560
741380 300 0.25131834942932396 234297559
741680 300 0.2597857769973661 228523273
741980 300 0.2507115013169447 228654507
742280 300 0.26166321334503956 228523273
742580 300 0.2609994732221247 228523273
742880 300 0.2584677787532924 228523273
743180 300 0.2510812993854258 228638103
743480 300 0.261985601404741 244369752
743780 300 0.25823072870939423 233739816
744080 300 0.24724108867427566 229310676
744380 300 0.2555093942054434 228916975
744680 300 0.2506640913081651 225750960
744980 300 0.2600702370500439 225652534
745280 300 0.2523329236172081 225521301
745580 300 0.25398279192273926 228900570
745880 300 0.26855662862159785 239563315
746180 300 0.24594205443371375 243221456
746480 300 0.23176646180860405 240071845
746780 300 0.2450697102721686 240055441
747080 300 0.23297067603160668 239940612
747380 300 0.23543599648814748 239678145
747680 300 0.2438939420544337 239153209
747980 300 0.24864442493415273 236003599
748280 300 0.25359402985074625 248208340
748580 300 0.23755048287971903 248749679
748880 300 0.23425074626865672 236544938
749180 300 0.23702897278314308 236528533
749480 300 0.23822370500438983 236397300
749780 300 0.23307497805092184 236528533
750080 300 0.23204143985952588 236922235
750380 300 0.23803406496927126 237709638
750680 300 0.25055030728709393 250308080
750980 300 0.2466626865671642 241499013
751280 300 0.22813485513608428 236003599
751580 300 0.22729095697980686 236003599
751880 300 0.23028726953467957 236003599
752180 300 0.23898226514486393 236020003
752480 300 0.23032519754170322 236020003
752780 300 0.2337671641791045 237988509
753080 300 0.24390342405618962 265941304
753380 300 0.2357204565408253 263972797
753680 300 0.23791079894644424 237709638
753980 300 0.23693415276558383 234166326
754280 300 0.2415329236172081 234412389
754580 300 0.23361545215100965 234412389
754880 300 0.2351041264266901 234297559
755180 300 0.23775908691834943 234560027
755480 300 0.22891237928007024 235478664
755780 300 0.23426022827041268 248749679
756080 300 0.23000280948200175 247437342
756380 300 0.2272814749780509 234035092
756680 300 0.23554029850746272 234035092
756980 300 0.234724846356453 233920263
757280 300 0.22855206321334504 233920263
757580 300 0.22932010535557504 233510157
757880 300 0.23957014925373135 233772624
758180 300 0.2526268656716418 247552171
758480 300 0.2418363476733977 244271326
758780 300 0.239996839332748 234428793
759080 300 0.24119157155399473 234297559
759380 300 0.22936751536435468 233920263
759680 300 0.23050535557506588 234182730
759980 300 0.22775557506584726 233920263
760280 300 0.22968990342405615 235757535
760580 300 0.24521194029850749 240613185
760880 300 0.24478525021949077 236791001
761180 300 0.23404214223002637 233510157
761480 300 0.235625636523266 233510157
761780 300 0.23290430201931517 233510157
762080 300 0.22916839332748024 233510157
762380 300 0.23726602282704126 233264094
762680 300 0.237939244951712 241663055
762980 300 0.22782194907813869 237332341
763280 300 0.2323258999122037 234051496
763580 300 0.23224056189640033 234051496
763880 300 0.21858647936786654 234051496
764180 300 0.22901668129938543 234166326
764480 300 0.2163961369622476 234313963
764780 300 0.21866233538191396 234297559
765080 300 0.2253661106233538 248077106
765380 300 0.21955364354697107 241384183
765680 300 0.21050781387181738 234166326
765980 300 0.21831150131694468 234182730
766280 300 0.21736330114135205 234182730
766580 300 0.2140066725197542 234313963
766880 300 0.2203880597014925 234313963
767180 300 0.221611237928007 237201107
767480 300 0.23664021071115016 263447862
767780 300 0.22328007023705002 257673576
768080 300 0.22146900790166815 235626301
768380 300 0.2182451273046532 235626301
768680 300 0.21542897278314313 235642705
768980 300 0.21468937664618085 235642705
769280 300 0.2143764705882353 235642705
769580 300 0.2258971027216857 235232600
769880 300 0.22729095697980686 232082989
770180 300 0.24394135206321335 245993770
770480 300 0.23514205443371383 244550198
770780 300 0.22700649692712904 231033119
771080 300 0.22301457418788415 231033119
771380 300 0.22025531167690957 231164353
771680 300 0.22024582967515366 230901885
771980 300 0.21577032484635641 230901885
772280 300 0.21502124670763828 231033119
772580 300 0.22303353819139596 242844159
772880 300 0.22270166812993855 242319224
773180 300 0.21975276558384552 231804118
773480 300 0.20701843722563654 231426820
773780 300 0.2129352063213345 231295587
774080 300 0.2134661984196664 231689288
774380 300 0.21395926251097455 231558054
774680 300 0.2042022827041264 231558054
774980 300 0.21419631255487268 237988509
775280 300 0.2088200175592625 237726042
775580 300 0.20430658472344163 231541650
775880 300 0.20766321334503948 249389444
776180 300 0.20445829675153646 239842186
776480 300 0.20921826163301144 238775912
776780 300 0.20643055311676908 235495068
777080 300 0.21298261633011414 235888769
777380 300 0.2076537313432836 252555459
777680 300 0.2242946444249342 243631562
777980 300 0.2149928007023705 243647966
778280 300 0.21457559262510975 243500328
778580 300 0.21534363476733978 243385498
778880 300 0.21119999999999997 242204395
779180 300 0.21252748024582965 239448485
779480 300 0.21659525899912205 240350718
779780 300 0.22449376646180863 255163730
780080 300 0.2095785776997366 245468835
780380 300 0.21326707638279188 240285100
780680 300 0.21313432835820895 239907804
780980 300 0.21229043020193153 239514102
781280 300 0.20817524143985952 239366464
781580 300 0.2091708516242318 239235231
781880 300 0.20912344161545218 239366464
782180 300 0.2212129938542581 259313998
782480 300 0.2212129938542581 269156532
782780 300 0.21898472344161543 251439972
783080 300 0.20637366110623356 240810036
783380 300 0.21439543459174712 240678802
783680 300 0.21191115013169445 240580377
783980 300 0.20863985952589992 240842844
784280 300 0.20486602282704128 240596781
784580 300 0.21615908691834942 240974078
784880 300 0.2333499561018437 257115832
785180 300 0.22782194907813869 261725419
785480 300 0.22039754170324846 252260183
785780 300 0.21836839332748023 248962934
786080 300 0.21486953467954348 248323170
786380 300 0.21129482001755925 245567260
786680 300 0.22170605794556628 240728014
786980 300 0.2178374012291484 240334313
787280 300 0.23004073748902548 251095483
787580 300 0.22098542581211592 248864509
787880 300 0.22014152765583841 237709638
788180 300 0.21918384547848993 237447170
788480 300 0.21433854258121157 237578404
788780 300 0.2205966637401229 237053469
789080 300 0.21520140474100086 237053469
789380 300 0.2211276558384548 237053469
789680 300 0.2272814749780509 254523966
789980 300 0.22834345917471469 261479356
790280 300 0.22364038630377525 251899290
790580 300 0.22570746268656716 258067278
790880 300 0.22019841966637402 248208340
791180 300 0.21903213345039507 245206367
791480 300 0.22157330992098334 244796262
791780 300 0.23404214223002637 247289703
792080 300 0.23212677787532926 247552171
792380 300 0.2368488147497805 241252950
792680 300 0.22371624231782264 241121716
792980 300 0.2274995610184372 240990482
793280 300 0.22898823529411766 240071845
793580 300 0.22552730465320459 236151237
793880 300 0.22853309920983317 236397300
794180 300 0.22524284460052676 236397300
794480 300 0.2306760316066725 248339574
794780 300 0.22634275680421423 247683405
795080 300 0.22593503072870935 236922235
795380 300 0.2209190517998244 236528533
795680 300 0.22931062335381913 236528533
795980 300 0.22670307287093944 236397300
796280 300 0.22279648814749783 236397300
796580 300 0.22729095697980686 236676172
796880 300 0.22732888498683054 236807406
797180 300 0.23711431079894646 261479356
797480 300 0.23744618086040392 277473472
797780 300 0.24105882352941174 273930160
798080 300 0.23835645302897276 245189963
798380 300 0.23492396839332752 245600068
798680 300 0.23556874451273047 246125004
798980 300 0.23463002633889374 245731302
799280 300 0.22894082528533802 245993770
799580 300 0.23199402985074624 245714898
799880 300 0.22993643546971024 247552171
800180 300 0.24310693590869184 261069250
800480 300 0.23800561896400352 261479356
800780 300 0.23883055311676912 257788405
801080 300 0.23691518876207202 250964249
801380 300 0.23591957857769974 247420937
801680 300 0.23715223880597014 245075133
801980 300 0.2378539069359087 245075133
802280 300 0.3372442493415277 246256237
802580 300 0.29924038630377525 262283163
802880 300 0.24355258999122037 254786433
803180 300 0.24824618086040384 246239833
803480 300 0.579556804214223 246371067
803780 300 0.596529587357331 247289703
804080 300 0.5825436347673397 247945872
804380 300 0.41907392449517117 247962277
804680 300 0.5898921861281826 247962277
804980 300 0.5804955223880597 259642083
805280 300 0.5529218612818261 259396020
805580 300 0.5150317822651448 248487211
805880 300 0.5137611940298508 247995085
806180 300 0.5228639157155399 247995085
806480 300 0.41223740122914837 247978681
806780 300 0.47116804214223 248109915
807080 300 0.4987701492537313 248224744
807380 300 0.5110493415276558 252965564
807680 300 0.47375662862159784 255459006
807980 300 0.30106093064091305 249176189
808280 300 0.2195346795434592 249028551
808580 300 0.21978121158911326 248733275
808880 300 0.40393116769095694 248864509
809180 300 0.3854697102721686 249028551
809480 300 0.4225633011413521 249159785
809780 300 0.45326602282704126 288792385
810080 300 0.3052519754170325 287611282
810380 300 0.2035100965759438 264776604
810680 300 0.31191782265144863 255065305
810980 300 0.4349183494293239 255180134
811280 300 0.42234521510096573 254917667
811580 300 0.4516920105355574 254802837
811880 300 0.4381801580333626 255721474
812180 300 0.44086356453028974 256115175
812480 300 0.45167304653204565 264251669
812780 300 0.4616670763827919 280639487
813080 300 0.45749499561018436 268434746
813380 300 0.4600456540825285 263333032
813680 300 0.2970974539069359 260577123
813980 300 0.2517260755048288 260445889
814280 300 0.40479402985074625 260298252
814580 300 0.42275294117647055 257411109
814880 300 0.41017980684811234 257033811
815180 300 0.4001194029850746 262676864
815480 300 0.29518208955223885 271846824
815780 300 0.39425004389815627 258067278
816080 300 0.4159922739244951 257017407
816380 300 0.4206953467954346 256869769
816680 300 0.42617594381036 256886173
816980 300 0.40672835820895525 256886173
817280 300 0.25300614574187885 256886173
817580 300 0.21283090430201934 256640110
817880 300 0.2966517998244074 265810070
818180 300 0.4093074626865671 260577123
818480 300 0.42106514486391566 257558746
818780 300 0.42286672519754165 257427513
819080 300 0.25454223002633886 257296279
819380 300 0.22732888498683054 257148641
819680 300 0.4091652326602282 257673576
819980 300 0.4248484635645303 257821214
820280 300 0.4167508340649692 257558746
820580 300 0.42568287971905183 274487904
820880 300 0.42213661106233535 281049592
821180 300 0.42603371378402105 272388163
821480 300 0.40733520632133446 272125696
821780 300 0.3953499561018437 268582384
822080 300 0.4133657594381036 265153902
822380 300 0.40585601404741 264907838
822680 300 0.41087199297629495 264891434
822980 300 0.4182205443371378 262660459
823280 300 0.4237580333625988 264760200
823580 300 0.4234925373134328 272371759
823880 300 0.41025566286215975 268565980
824180 300 0.4236158033362599 268582384
824480 300 0.4157457418788411 268041045
824780 300 0.39771097453906934 265039072
825080 300 0.4165801580333626 264366499
825380 300 0.4284516242317823 262020695
825680 300 0.4354493415276558 261610590
825980 300 0.4024045654082528 262266758
826280 300 0.2752793678665496 299012216
826580 300 0.27659736611062335 306344903
826880 300 0.4091747146619842 303851461
827180 300 0.403921685689201 272502993
827480 223 0.420126426690079 272125696
827703 77 0.3255813871817384 271600761
827780 109 0.29118068481123793 267663747
827889 4 0.2902419666374012 173175427
827893 1 0.28800421422300265 173175427
827894 8 0.28800421422300265 173175427
827902 1 0.28800421422300265 173175427
827903 177 0.301582440737489 203260771
828080 300 0.21388340649692716 257165045
828380 300 0.2160073748902546 267401280
828680 300 0.2102612818261633 267532513
828980 300 0.2089622475856014 265564007
829280 300 0.2074356453028973 264382903
829580 184 0.21375065847234415 264251669
829764 116 0.16238665496049165 263989201
829880 67 0.15256330114135205 262545630
829947 3 0.1481352063213345 165038934
829950 1 0.1481352063213345 165038934
829951 7 0.1481352063213345 165038934
829958 222 0.16108762071992974 206968125
830180 300 0.19229288849868303 259527253
830480 76 0.22123195785776997 259773316
830556 185 0.15563546971027215 258592212
830741 5 0.1554268656716418 160314517
830746 11 0.1501548726953468 159904412
830757 23 0.1623297629499561 166400484
830780 247 0.16955504828797188 223962900
831027 53 0.11474907813871817 223700432
831080 131 0.15837576821773486 267794981
831211 3 0.15683968393327483 171863090
831214 10 0.1555880597014925 171863090
831224 156 0.1679336259877085 203752898
831380 300 0.18703985952589988 257296279
831680 300 0.19645548726953468 253752967
831980 300 0.19554521510096579 253244436
832280 300 0.19395223880597015 271207059
832580 300 0.2057383669885865 261741823
832880 300 0.2042971027216857 261741823
833180 300 0.19034907813871818 261233292
833480 300 0.18206180860403867 258608617
833780 300 0.18063002633889375 256508876
834080 300 0.19553573309920982 262791693
834380 300 0.20095943810359965 266072538
834680 300 0.18986549604916592 259002318
834980 300 0.18811132572431957 258460979
835280 300 0.1903964881474978 255967537
835580 300 0.18466935908691837 255852708
835880 300 0.19130676031606672 255590240
836180 300 0.18001369622475855 255721474
836480 300 0.18340825285338014 255590240
836780 300 0.1929281826163301 264907838
837080 300 0.18612010535557508 269763488
837380 300 0.17719754170324847 256230004
837680 300 0.17647690956979806 255705069
837980 300 0.17916979806848113 256115175
838280 300 0.17358489903424054 256246409
838580 300 0.17581316944688322 255869112
838880 300 0.17408744512730467 256508876
839180 300 0.17617348551360845 256640110
839480 300 0.1874570676031607 287086347
839780 300 0.1890215978928885 304540439
840080 300 0.19030166812993854 289054853
840380 300 0.17665706760316066 274094202
840680 300 0.18462194907813873 266088942
840980 300 0.1841004389815628 262283163
841280 300 0.17905601404741 262299567
841580 300 0.17679929762949956 262168333
841880 300 0.17664758560140473 262168333
842180 300 0.17221000877963125 262168333
842480 300 0.17925513608428448 278178854
842780 300 0.18145496049165935 286692645
843080 300 0.163884811237928 278703789
843380 300 0.16024372256365232 276718878
843680 300 0.16467181738366987 267942619
843980 300 0.16084108867427566 267023983
844280 300 0.16245302897278316 267270046
844580 300 0.16089798068481123 266745111
844880 300 0.15770254609306408 264136840
845180 300 0.16801896400351188 269943934
845480 300 0.17028516242317823 284773351
845780 300 0.16185566286215983 282427548
846080 300 0.16268059701492535 279130299
846380 300 0.1652881474978051 284396054
846680 300 0.16353397717295873 266154559
846980 300 0.16535452151009658 264038414
847280 300 0.16703283582089554 263907180
847580 300 0.17301597892888498 264710988
847880 300 0.17547181738366988 275997092
848180 300 0.16988691834942934 272191312
848480 300 0.1593713784021071 268910468
848780 300 0.15917225636523263 265892091
849080 300 0.16227287093942053 264694583
849380 300 0.16146690079016682 264432115
849680 300 0.16076523266022827 264957051
849980 300 0.16606567164179104 264694583
850280 300 0.17373661106233537 270091572
850580 300 0.17401158911325726 270468870
850880 300 0.1650131694468832 264710988
851180 300 0.16397963125548726 264448520
851480 300 0.16779139596136963 264448520
851780 300 0.1591058823529412 264317286
852080 300 0.16446321334503952 264202456
852380 300 0.16105917471466197 264448520
852680 300 0.18062054433713784 278884236
852980 300 0.16536400351185254 291876379
853280 300 0.16522177348551362 280327807
853580 300 0.16025320456540826 279540404
853880 300 0.16541141352063213 272847481
854180 300 0.16117295873573312 265367156
854480 300 0.16176084284460054 264842221
854780 300 0.16718454784899037 264973455
855080 300 0.16460544337137842 266154559
855380 300 0.17931202809482005 302637549
855680 300 0.17377453906935908 312496486
855980 300 0.17272203687445126 293861290
856280 300 0.16440632133450395 273913756
856580 300 0.1694791922739245 273503650
856880 300 0.16082212467076382 273782522
857180 300 0.17515891132572428 273782522
857480 300 0.16090746268656717 273520054
857780 300 0.16104969271290606 273634884
858080 300 0.1610402107111501 273503650
858380 300 0.1746089552238806 294501055
858680 300 0.16488042142230028 292007613
858980 300 0.15591044776119403 284396054
859280 300 0.1609169446883231 283756290
859580 300 0.160158384547849 283362588
859880 300 0.15526567164179103 274307457
860180 300 0.15884038630377526 272863886
860480 300 0.15414679543459178 272995120
860780 300 0.16030061457418787 276013497
861080 300 0.168 288743173
861380 300 0.1624340649692713 288874407
861680 300 0.1588877963125549 287693302
861980 300 0.164529587357331 282706419
862280 300 0.1621875329236172 280606678
862580 300 0.15622335381913957 277440664
862880 300 0.15588200175592626 276800899
863180 300 0.15678279192273925 274569925
863480 300 0.1766760316066725 291482678
863780 300 0.17018086040386307 295321266
864080 300 0.16597085162423178 287824536
864380 300 0.16679578577699739 287053538
864680 300 0.17172642669007904 294927565
864980 300 0.16943178226514485 275882263
865280 300 0.1617134328358209 273388821
865580 300 0.16102124670763832 273388821
865880 300 0.16174187884108868 273651288
866180 300 0.16931799824407376 279950510
866480 300 0.1738409130816506 278244471
866780 300 0.16200737489025463 274044990
867080 300 0.15582510974539068 273913756
867380 300 0.15821457418788412 273782522
867680 300 0.16198841088674276 273913756
867980 300 0.16302194907813872 273798927
868280 300 0.16300298507462688 273667693
868580 300 0.16440632133450395 273766118
868880 300 0.1641028972783143 273798927
869180 300 0.18336084284460052 310396746
869480 300 0.18246953467954344 329425644
869780 300 0.1805920983318701 316695967
870080 300 0.17235223880597014 295173628
870380 300 0.16611308165057068 293073888
870680 300 0.16340122914837577 298864578
870980 300 0.1682086040386304 291367848
871280 300 0.16564846356453028 288743173
871580 300 0.16748797190517997 288628344
871880 300 0.1803171202809482 291515487
872180 300 0.18001369622475855 293221525
872480 300 0.17209622475856015 286266135
872780 300 0.17451413520632134 284691330
873080 300 0.17341422300263387 281935420
873380 300 0.1688628621597893 281525315
873680 300 0.16328744512730467 281525315
873980 300 0.16158068481123794 281656549
874280 300 0.16194100087796312 281656549
874580 300 0.17213415276558383 293205121
874880 300 0.16733625987708517 291761550
875180 300 0.16714661984196663 281394081
875480 300 0.16139104477611943 281394081
875780 300 0.1602342405618964 281394081
876080 300 0.16177980684811238 281262847
876380 300 0.16465285338015806 281131614
876680 300 0.16348656716417911 282050250
876980 300 0.15939034240561895 282050250
877280 300 0.1626521510096576 281787783
877580 300 0.16283230904302018 288611939
877880 300 0.15736119402985077 282050250
878180 300 0.16174187884108868 281787783
878480 300 0.15683968393327483 282066654
878780 300 0.16267111501316947 284166395
879080 300 0.16979209833187006 285216265
879380 300 0.160025636523266 282181484
879680 300 0.15892572431957855 282050250
879980 300 0.1670233538191396 282050250
880280 300 0.16342967515364357 281656549
880580 300 0.16184618086040384 281656549
880880 300 0.15661211589113258 281525315
881180 300 0.16114451273046534 281656549
881480 300 0.16841720807726077 296223498
881780 300 0.16856892010535557 290728084
882080 300 0.1604238805970149 282083059
882380 300 0.1635529411764706 281935420
882680 300 0.1701524143985953 282066654
882980 300 0.1720014047410009 282181484
883280 300 0.16687164179104477 281919016
883580 300 0.17524424934152766 281919016
883880 300 0.1749313432835821 282050250
884180 300 0.1694697102721686 282050250
884480 300 0.16689060579455664 282066654
884780 300 0.16606567164179104 281919016
885080 300 0.16798103599648814 286774666
885380 300 0.17499771729587357 330754386
885680 300 0.17035153643546974 324307527
885980 300 0.1675353819139596 298864578
886280 300 0.1650036874451273 286134901
886580 300 0.1657527655838455 286659837
886880 300 0.16906198419666374 286249731
887180 300 0.16428305531167692 286118497
887480 300 0.16659666374012294 286249731
887780 300 0.16719402985074627 285872434
888080 300 0.1731676909569798 292548952
888380 300 0.17289271290605793 310806852
888680 300 0.17564249341527655 299389513
888980 300 0.17262721685689203 298733344
889280 300 0.1768941176470588 295862605
889580 300 0.17779490781387183 295846201
889880 300 0.1759459174714662 295714967
890180 300 0.16678630377524145 293090292
890480 300 0.16452010535557507 292286485
890780 300 0.17149885864793676 291367848
891080 300 0.18385390693590872 308953174
891380 300 0.17146093064091308 304884927
891680 300 0.163628797190518 300308149
891980 300 0.16514591747146623 305295033
892280 300 0.1696877963125549 295846201
892580 300 0.17069288849868305 295206436
892880 300 0.1773587357330992 292712995
893180 300 0.17474170324846353 291810762
893480 300 0.1795111501316945 296125073
893780 300 0.1788284460052678 296223498
894080 300 0.17635364354697103 296108668
894380 300 0.17490289727831432 295977435
894680 300 0.17480807726075503 293090292
894980 300 0.17376505706760317 291105381
895280 300 0.17681826163301143 288907215
895580 300 0.17709323968393326 289563384
895880 300 0.18247901668129943 294829139
896180 300 0.18509604916593503 304146738
896480 300 0.17438138718173837 296814050
896780 300 0.17145144863915715 290777296
897080 300 0.17613555750658472 290760892
897380 300 0.1717548726953468 290662467
897680 300 0.18023178226514486 290383595
897980 300 0.23222159789288854 290646063
898280 300 0.18283933274802458 291170998
898580 300 0.18803546971027219 299438726
898880 300 0.20560561896400348 340268835
899180 300 0.20954064969271288 346305589
899480 300 0.19048182616330114 312184806
899780 300 0.18537102721685692 307329157
900080 300 0.18856646180860404 303654611
900380 300 0.19465390693590867 300619830
900680 300 0.18990342405618965 300734659
