1827538 300 0.4533703248463564 176948398
1827838 300 0.45348410886742757 176948398
1828138 300 0.4561485513608428 176948398
1828438 300 0.4570493415276558 176948398
1828738 300 0.45452712906057946 176931994
1829038 300 0.4535030728709394 176948398
1829338 300 0.4573243195785777 176948398
1829638 300 0.4677734855136084 213037687
1829938 300 0.4470837576821774 222486519
1830238 300 0.4469510096575943 189415608
1830538 300 0.4510661984196664 187955632
1830838 300 0.44934047410008776 187972036
1831138 300 0.45641404741000874 187955632
1831438 300 0.45471676909569797 187972036
1831738 300 0.4511325724319578 188103270
1832038 300 0.45647093942054434 187988440
1832338 300 0.4457373134328358 187972036
1832638 300 0.46014995610184367 190727946
1832938 300 0.45760877963125546 203178750
1833238 300 0.4584147497805092 188496971
1833538 300 0.45111360842844606 187709568
1833838 300 0.4627006145741879 187840802
1834138 300 0.461401580333626 187693164
1834438 300 0.45156874451273044 187693164
1834738 300 0.44654328358208956 187693164
1835038 300 0.4591164179104477 186249592
1835338 300 0.4476242317822651 184691191
1835638 300 0.46000772607550483 189940543
1835938 300 0.4520618086040386 187447101
1836238 300 0.4583578577699737 185216127
1836538 300 0.45851905179982433 185478594
1836838 300 0.4488 185478594
1837138 300 0.45906900790166816 185478594
1837438 300 0.45710623353819135 185609828
1837738 300 0.4534082528533801 185478594
1838038 300 0.4538349429323968 185101297
1838338 300 0.4608231782265145 199389375
1838638 300 0.45558911325724316 190842775
1838938 300 0.45892677787532926 184822425
1839238 300 0.45611062335381913 184838830
1839538 300 0.4566890254609306 184838830
1839838 267 0.4518247585601405 184970064
1840105 1 0.4518247585601405 184970064
1840106 32 0.46435996488147496 195862467
1840138 300 0.4157931518876207 249668316
1840438 300 0.20674345917471468 335101505
1840738 300 0.19488147497805092 280377019
1841038 300 0.1969011413520632 280377019
1841338 300 0.19780193151887623 280377019
1841638 300 0.198219139596137 280245786
1841938 300 0.1992052677787533 277883578
1842238 300 0.2030549604916594 276702474
1842538 300 0.1985320456540825 277096175
1842838 300 0.2054633889376646 318172347
1843138 300 0.19615206321334505 278277279
1843438 300 0.20461000877963126 277473472
1843738 300 0.20830798946444248 277604706
1844038 300 0.2030549604916594 276948537
1844338 300 0.20612712906057945 276571240
1844638 300 0.20619350307287096 276440006
1844938 300 0.20479964881474977 276308772
1845238 300 0.20427813871817382 276308772
1845538 300 0.20660122914837578 278539747
1845838 300 0.2147747146619842 290071915
1846138 300 0.20830798946444248 282476760
1846438 300 0.21061211589113255 276702474
1846738 300 0.20326356453028974 276440006
1847038 300 0.20612712906057945 276702474
1847338 300 0.19464442493415277 277621110
1847638 300 0.18599683933274805 277227409
1847938 300 0.19302300263388938 277096175
1848238 300 0.20012502194907814 276964941
1848538 300 0.20374714661984197 292466931
1848838 300 0.20134820017559263 282214293
1849138 300 0.20111115013169448 276440006
1849438 300 0.19817172958735735 276440006
1849738 300 0.20148094820017556 276440006
1850038 300 0.19578226514486388 276440006
1850338 300 0.19767866549604915 276440006
1850638 300 0.20171799824407374 276440006
1850938 300 0.20637366110623356 276981346
1851238 300 0.21064056189640037 298356047
1851538 300 0.20972080772607551 292056826
1851838 300 0.20322563652326603 285888838
1852138 300 0.20146198419666375 285757605
1852438 300 0.2072649692712906 286003668
1852738 300 0.2016611062335382 283018099
1853038 300 0.20430658472344163 275504965
1853338 300 0.20157576821773485 273831735
1853638 300 0.20101633011413525 274192628
1853938 300 0.20586163301141353 273667693
1854238 300 0.19648393327480246 271305484
1854538 300 0.20303599648814752 271453123
1854838 300 0.1990251097453907 271453123
1855138 300 0.20035258999122038 271453123
1855438 300 0.19722352941176471 271305484
1855738 300 0.20863037752414398 300685447
1856038 300 0.2058900790166813 318926941
1856338 300 0.20361439859525898 304376397
1856638 300 0.2060417910447761 284297629
1856938 300 0.20403160667251974 284412458
1857238 300 0.2034342405618964 284281224
1857538 300 0.20448674275680423 283772694
1857838 300 0.20899069359086916 280623083
1858138 300 0.20645899912203686 276686070
1858438 300 0.20365232660228272 274586329
1858738 300 0.22394381035996486 280754317
1859038 300 0.22741422300263392 275111264
1859338 300 0.2186907813871817 272224121
1859638 300 0.21805548726953464 272224121
1859938 300 0.21801755926251098 272486589
1860238 300 0.2170029850746269 272224121
1860538 300 0.21436698858647935 272092887
1860838 300 0.21728744512730463 273273991
1861138 300 0.22931062335381913 293254334
1861438 300 0.22125092186128184 289235299
1861738 300 0.21288779631255486 285085032
1862038 300 0.21105776997366107 284838968
1862338 300 0.21392133450395082 279327150
1862638 300 0.2097113257243196 277998408
1862938 300 0.2055771729587357 277604706
1863238 300 0.2203027216856892 275636199
1863538 300 0.22237928007023708 275997092
1863838 300 0.2258402107111501 294533863
1864138 300 0.21525829675153646 293730057
1864438 300 0.21553327480245832 284166395
1864738 300 0.21070693590869183 281656549
1865038 300 0.21144653204565406 279294341
1865338 300 0.2021352063213345 279048277
1865638 300 0.20898121158911326 278096833
1865938 300 0.21254644424934152 274947222
1866238 300 0.2079476733977173 272322546
1866538 300 0.21599789288849872 308411835
1866838 300 0.2119490781387182 322601487
1867138 300 0.2161780509218613 318926941
1867438 300 0.20454363476733975 287168368
1867738 300 0.19796312554872694 287168368
1868038 300 0.20493239683933276 286512199
1868338 300 0.201300790166813 283247758
1868638 300 0.1976122914837577 280623083
1868938 300 0.1979441615452151 276686070
1869238 300 0.19106971027216857 274455096
1869538 300 0.19561158911325724 281394081
1869838 300 0.2146988586479368 292434123
1870138 300 0.2147841966637401 275242498
1870438 300 0.19738472344161548 275340924
1870738 300 0.19979315188762073 275997092
1871038 300 0.20132923617208076 275603391
1871338 300 0.20063705004389815 275472157
1871638 300 0.19862686567164178 275078456
1871938 300 0.19709078138718175 275209690
1872238 300 0.2035195785776997 280721508
1872538 300 0.20890535557506587 286627028
1872838 300 0.20739771729587358 281115210
1873138 300 0.20402212467076383 275734624
1873438 300 0.1998215978928885 275701816
1873738 300 0.20247655838454784 275193285
1874038 300 0.19948972783143107 275193285
1874338 300 0.196540825285338 275324519
1874638 300 0.18385390693590872 275324519
1874938 300 0.18452712906057947 275324519
1875238 300 0.19600983318700618 284379650
1875538 300 0.1910886742756804 278211662
1875838 300 0.18225144863915713 275455753
1876138 300 0.1772165057067603 292516144
1876438 300 0.17807936786654963 280819933
1876738 300 0.17992835820895525 280836338
1877038 300 0.1781836698858648 281230039
1877338 300 0.18025074626865673 281098806
1877638 300 0.18956207199297628 293172313
1877938 300 0.1799473222124671 284117182
1878238 300 0.176742405618964 283985949
1878538 300 0.17341422300263387 284133586
1878838 300 0.18379701492537312 282575185
1879138 300 0.1677155399473222 281377677
1879438 300 0.18119894644424936 281246443
1879738 300 0.18293415276558384 276522027
1880038 300 0.17921720807726077 274947222
1880338 300 0.18551325724319578 280721508
1880638 300 0.19104126426690077 298700536
1880938 300 0.17624934152765584 287151963
1881238 300 0.17347111501316947 286741858
1881538 300 0.17918876207199297 286331752
1881838 300 0.17419174714661984 283985949
1882138 300 0.1795206321334504 281656549
1882438 300 0.1757942054433714 280705104
1882738 300 0.1706170324846356 278621768
1883038 300 0.2677885864793679 277046962
1883338 300 0.1775957857769974 281115210
1883638 300 0.17932151009657596 315892161
1883938 300 0.17569938542581212 317729433
1884238 300 0.1798525021949078 289120470
1884538 300 0.17422967515364357 288858003
1884838 300 0.17390728709394207 288858003
1885138 300 0.17646742756804215 287939366
1885438 300 0.1812653204565408 284658522
1885738 300 0.1704558384547849 283477417
1886038 300 0.1656579455662862 283608651
1886338 300 0.17583213345039508 280737912
1886638 300 0.18980860403863037 287545665
1886938 300 0.18134117647058823 288726769
1887238 300 0.18232730465320454 277178196
1887538 300 0.17307287093942056 276915729
1887838 300 0.16254784899034241 276390793
1888138 300 0.1753769973661106 276259560
1888438 300 0.175329587357331 276128326
1888738 300 0.17510201931518876 276522027
1889038 300 0.17039894644424938 276636857
1889338 300 0.1730823529411765 281623740
1889638 300 0.17356593503072873 282821248
1889938 300 0.17181176470588236 277046962
1890238 300 0.17126180860403864 277178196
1890538 300 0.17332888498683055 277309430
1890838 300 0.16645443371378402 277178196
1891138 240 0.17439086918349428 277178196
1891378 60 0.13008147497805092 277178196
1891438 125 0.12966426690079016 275472157
1891563 3 0.14337524143985952 176259421
1891566 2 0.12551115013169448 176259421
1891568 9 0.12551115013169448 176259421
1891577 161 0.1412323090430202 210314587
1891738 300 0.1584326602282704 266285793
1892038 300 0.18203336259877081 281640145
1892338 300 0.17512098331870063 281787783
1892638 300 0.1731676909569798 271912441
1892938 300 0.17309183494293237 271928845
1893238 189 0.18385390693590872 287020729
1893427 111 0.12800491659350308 277571898
1893538 72 0.13111501316944688 276800899
1893610 4 0.12713257243195786 183510088
1893614 2 0.12713257243195786 180344073
1893616 11 0.12713257243195786 180344073
1893627 211 0.13940228270412644 225947811
1893838 300 0.15325548726953467 269320574
1894138 23 0.1818721685689201 270107976
1894161 186 0.1258050921861282 268008236
1894347 4 0.12453450395083406 167876864
1894351 9 0.12187006145741879 167876864
1894360 1 0.12187006145741879 167876864
1894361 77 0.13322949956101843 191827028
1894438 140 0.15114100087796312 247781830
1894578 160 0.1059118525021949 247650596
1894738 24 0.12616540825285338 263136182
1894762 5 0.11709113257243196 166023187
1894767 1 0.11709113257243196 166023187
1894768 10 0.11709113257243196 166023187
1894778 260 0.1371171202809482 225209620
1895038 300 0.17086356453028972 255672261
1895338 300 0.16617945566286219 255672261
1895638 300 0.16366672519754172 256065962
1895938 300 0.15999719051799824 256197196
1896238 300 0.16475715539947325 255934728
1896538 300 0.1699912203687445 256197196
1896838 300 0.16939385425812117 256722131
1897138 300 0.16556312554872699 256459663
1897438 300 0.16794310798946444 256722131
1897738 300 0.15967480245829677 256853365
1898038 300 0.15732326602282704 256722131
1898338 300 0.16025320456540826 257509534
1898638 300 0.16129622475856015 258296937
1898938 300 0.15598630377524147 258034469
1899238 300 0.15740860403863038 258165703
1899538 300 0.1519943810359965 258034469
1899838 300 0.15535100965759438 257509534
1900138 300 0.1556165057067603 271026613
1900438 300 0.1639132572431958 300685447
1900738 300 0.15829043020193148 286512199
1901038 300 0.15409938542581214 260134209
1901338 300 0.15665004389815632 259740508
1901638 300 0.15878349429323968 259215573
1901938 300 0.1607273046532046 259478040
1902238 300 0.15866971027216858 259445232
1902538 300 0.15693450395083405 258789063
1902838 300 0.15701035996488147 258953106
1903138 300 0.1604902546093064 258953106
1903438 300 0.16889130816505707 272207717
1903738 300 0.1609548726953468 273520054
1904038 300 0.16159964881474978 260527911
1904338 300 0.1587266022827041 259592870
1904638 300 0.1581102721685689 259478040
1904938 300 0.1565836698858648 271453123
1905238 300 0.09906584723441615 154048105
1905538 112 0.11278630377524143 154441806
1905650 6 0.11282423178226515 154441806
1905656 1 0.1128052677787533 154458210
1905657 4 0.11278630377524143 154458210
1905661 1 0.11278630377524143 154458210
1905662 175 0.11434135206321334 162217407
1905837 1 0.11434135206321334 162217407
1905838 300 0.12242001755926252 217073126
1906138 300 0.15035399473222125 262758885
1906438 300 0.16415978928884986 268795639
1906738 300 0.16245302897278316 266170963
1907038 300 0.15577769973661107 261052846
1907338 300 0.15428902546093065 259363211
1907638 300 0.15563546971027215 259740508
1907938 300 0.14740509218612818 259478040
1908238 300 0.15366321334503952 259740508
1908538 300 0.14991782265144865 259724104
1908838 300 0.15368217734855139 259609274
1909138 300 0.1621875329236172 273175566
1909438 300 0.1635624231782265 276620452
1909738 300 0.15774995610184372 273602076
1910038 300 0.16241510096575942 272552206
1910338 300 0.1596653204565408 263989201
1910638 300 0.16598033362598774 260724762
1910938 300 0.1566974539069359 260855995
1911238 300 0.16182721685689203 260741166
1911538 300 0.15526567164179103 260609932
1911838 300 0.15939034240561895 260872399
1912138 300 0.1599877085162423 261003633
1912438 300 0.15305636523266022 260593528
1912738 300 0.14858086040386304 261134867
1913038 300 0.1495006145741879 261134867
1913338 300 0.15411834942932398 260741166
1913638 300 0.15576821773485516 260724762
1913938 300 0.1574465320456541 260872399
1914238 300 0.15523722563652326 260855995
1914538 300 0.15531308165057067 261118463
1914838 300 0.1517478489903424 261380930
1915138 300 0.1521460930640913 260987229
1915438 300 0.15515188762071994 261266101
1915738 300 0.15547427568042144 261134867
1916038 300 0.151283230904302 260872399
1916338 300 0.15916277436347673 261151271
1916638 300 0.15676382791922738 261151271
1916938 300 0.1505531167690957 261020037
1917238 300 0.14663705004389818 260872399
1917538 300 0.15668797190517997 261003633
1917838 300 0.15549323968393328 260872399
1918138 300 0.15363476733977174 317696625
1918438 300 0.15535100965759438 271125038
1918738 300 0.15370114135206325 270862570
1919038 300 0.15573028972783143 270862570
1919338 300 0.15881194029850745 287135559
1919638 300 0.14655171202809483 301964976
1919938 300 0.15339771729587356 261692610
1920238 300 0.15412783143107991 261823844
1920538 300 0.1550286215978929 261692610
1920838 300 0.1549527655838455 261413739
1921138 300 0.14737664618086038 261282505
1921438 300 0.15884038630377526 261266101
1921738 300 0.15978858647936786 261397335
1922038 300 0.15761720807726076 261528568
1922338 300 0.15612853380158034 261266101
1922638 300 0.15157717295873574 262053504
1922938 300 0.1548105355575066 263234607
1923238 300 0.15881194029850745 262709672
1923538 300 0.16430201931518876 270354040
1923838 300 0.16642598770851627 309740577
1924138 300 0.1644252853380158 315498459
1924438 300 0.1658760316066725 278359300
1924738 300 0.16906198419666374 273880948
1925038 300 0.16227287093942053 270452465
1925338 300 0.16454855136084282 268090257
1925638 300 0.16782932396839334 266367814
1925938 300 0.16300298507462688 263907180
1926238 300 0.1609548726953468 264563349
1926538 300 0.15771202809482002 264973455
1926838 300 0.16373309920983317 264579754
1927138 300 0.17260825285338016 274914414
1927438 300 0.173528007023705 313365910
1927738 300 0.17687515364354695 310741235
1928038 300 0.166331167690957 302342273
1928338 300 0.1700007023705004 276226752
1928638 300 0.15829043020193148 273618480
1928938 300 0.17022827041264266 281886208
1929238 300 0.16155223880597014 273749714
1929538 300 0.1657148375768218 267975427
1929838 300 0.16888182616330116 267712960
1930138 300 0.17546233538191397 266269389
1930438 300 0.1845650570676032 275062051
1930738 300 0.17502616330114135 272043675
1931038 300 0.1715462686567164 271896037
1931338 300 0.17830693590869187 268746426
1931638 300 0.16768709394205442 267155217
1931938 300 0.17048428446005268 264415711
1932238 300 0.16868270412642672 264432115
1932538 300 0.17885689201053556 264432115
1932838 300 0.1868597014925373 271387506
1933138 300 0.18882247585601405 281607336
1933438 300 0.18065847234416152 265728049
1933738 300 0.16931799824407376 265350752
1934038 300 0.1746089552238806 265186710
1934338 300 0.17055065847234419 265088284
1934638 300 0.17828797190518 264432115
1934938 300 0.17194451273046532 264432115
1935238 300 0.17889482001755927 264415711
1935538 300 0.18830096575943808 283198546
1935838 300 0.18086707638279192 291449869
1936138 300 0.17814574187884108 280032531
1936438 300 0.16955504828797188 279786468
1936738 300 0.17867673397717296 275439349
1937038 300 0.17366075504828798 272306142
1937338 300 0.17472273924495174 272174908
1937638 300 0.18106619841966637 266925558
1937938 300 0.18361685689201054 264825817
1938238 300 0.1844323090430202 285954455
1938538 300 0.18369271290605796 283723481
1938838 300 0.1800611062335382 278867831
1939138 300 0.17810781387181737 278851427
1939438 300 0.1791318700614574 278851427
1939738 300 0.17995680421422303 275176881
1940038 300 0.18041194029850743 270600103
1940338 300 0.18391079894644427 268369129
1940638 300 0.18084811237928006 268369129
1940938 300 0.17795610184372254 268631596
1941238 300 0.1929566286215979 301702509
1941538 300 0.19097489025460934 302621145
1941838 300 0.18316172080772605 265629624
1942138 300 0.18378753292361721 266023325
1942438 300 0.1863097453906936 266417026
1942738 300 0.18553222124670765 266285793
1943038 300 0.18514345917471467 266285793
1943338 300 0.18238419666374014 266285793
1943638 300 0.17971027216856894 266154559
1943938 300 0.18084811237928006 266417026
1944238 300 0.19009306409130816 266285793
1944538 300 0.19316523266022828 277571898
1944838 300 0.18894574187884108 276259560
1945138 300 0.19114556628621598 273651288
1945438 300 0.18773204565408252 270632911
1945738 300 0.18974223002633891 269829105
1946038 300 0.18447023705004392 269566637
1946338 300 0.19069043020193152 267335663
1946638 300 0.19406602282704127 267975427
1946938 300 0.1985320456540825 275980688
1947238 300 0.201300790166813 288579130
1947538 300 0.19373415276558384 277686727
1947838 300 0.18694503950834065 270583699
1948138 300 0.17899912203687446 269041702
1948438 300 0.18785531167690958 266531856
1948738 300 0.19804846356453032 266417026
1949038 300 0.20341527655838454 266285793
1949338 300 0.21364635645302898 268894064
1949638 300 0.21311536435469708 278605363
1949938 300 0.2087441615452151 274553521
1950238 300 0.19985004389815628 273634884
1950538 300 0.20123441615452148 269960338
1950838 300 0.19951817383669887 268123066
1951138 300 0.2031497805092186 266285793
1951438 300 0.20192660228270415 265892091
1951738 300 0.20705636523266022 265629624
1952038 300 0.20392730465320455 277555494
1952338 300 0.20026725197541703 276522027
1952638 300 0.19886391571553996 274028586
1952938 300 0.19424618086040388 273766118
1953238 300 0.1907093942054434 270485274
1953538 300 0.19395223880597015 266810728
1953838 300 0.19597190517998245 266941962
1954138 300 0.19851308165057072 266925558
1954438 300 0.19020684811237928 270993804
1954738 300 0.20012502194907814 307361965
1955038 300 0.21725899912203686 311282574
1955338 300 0.19904407374890254 293861290
1955638 300 0.19287129060579458 280606678
1955938 300 0.1918567164179104 279671638
1956238 300 0.1960667251975417 279540404
1956538 300 0.205804741000878 276915729
1956838 300 0.2067244951712028 274028586
1957138 300 0.19054820017559262 269566637
1957438 300 0.19849411764705885 269697871
1957738 300 0.20302651448639158 271666378
1958038 300 0.20017243195785775 290055511
1958338 300 0.20036207199297631 288480705
1958638 300 0.20016294995610187 283231354
1958938 300 0.19340228270412643 283231354
1959238 300 0.1943694468832309 282952482
1959538 300 0.18918279192273924 279671638
1959838 300 0.19587708516242316 272978715
1960138 300 0.19167655838454783 272453780
1960438 300 0.19500474100087797 272437376
1960738 300 0.19630377524143985 277555494
1961038 300 0.20024828797190516 283461013
1961338 300 0.19748902546093064 279917701
1961638 300 0.19403757682177347 279901297
1961938 300 0.1950900790166813 279770064
1962238 300 0.19666409130816503 274258245
1962538 300 0.1993569798068481 270583699
1962838 300 0.1937910447761194 270846166
1963138 300 0.19663564530289726 270485274
1963438 300 0.1939996488147498 270878975
1963738 300 0.2012154521510097 291088977
1964038 300 0.21223353819139593 288726769
1964338 300 0.20407901668129938 283887523
1964638 300 0.19828551360842842 283608651
1964938 300 0.19511852502194907 289661809
1965238 300 0.19733731343283584 278244471
1965538 300 0.1943694468832309 274307457
1965838 300 0.1864993854258121 272355355
1966138 300 0.19522282704126426 270124381
1966438 300 0.19143002633889375 270107976
1966738 300 0.20085513608428446 278113237
1967038 300 0.19517541703248462 277325834
1967338 300 0.18823459174714663 277063366
1967638 300 0.18668902546093064 277063366
1967938 300 0.17984302019315188 274176223
1968238 300 0.19203687445127307 273930160
1968538 300 0.18951466198419667 273913756
1968838 300 0.1957633011413521 271551548
1969138 300 0.18950517998244076 271289080
1969438 300 0.1905671641791045 277850769
1969738 300 0.19954661984196667 311315383
1970038 300 0.20172748024582968 311709084
1970338 300 0.19972677787532925 284428863
1970638 300 0.2065822651448639 284560096
1970938 300 0.19091799824407374 284428863
1971238 300 0.19088007023705006 289809447
1971538 300 0.19536505706760313 280623083
1971838 300 0.18960000000000002 280098148
1972138 300 0.20396523266022829 277079771
1972438 300 0.1971476733977173 274061394
1972738 300 0.19228340649692713 274323862
1973038 300 0.19395223880597015 279179511
1973338 300 0.209787181738367 273798927
1973638 300 0.20959754170324846 273667693
1973938 300 0.2088105355575066 273536459
1974238 300 0.20141457418788414 273536459
1974538 300 0.19805794556628623 274061394
1974838 300 0.19695803336259876 273930160
1975138 300 0.20040948200175593 273782522
1975438 300 0.19048182616330114 274438691
1975738 300 0.18706830553116766 282591589
1976038 300 0.1766760316066725 287184772
1976338 300 0.16948867427568043 281804187
1976638 300 0.18236523266022828 281804187
1976938 300 0.193459174714662 279966914
1977238 300 0.196929587357331 276817303
1977538 300 0.19712870939420543 274996435
1977838 300 0.19121194029850744 272371759
1978138 300 0.18740017559262512 272486589
1978438 300 0.2069330992098332 287184772
1978738 300 0.1986932396839333 293352759
1979038 300 0.19528920105355574 284691330
1979338 300 0.18838630377524143 284560096
1979638 300 0.19366777875329236 283510226
1979938 300 0.1924161545215101 277998408
1980238 300 0.18247901668129943 277473472
1980538 300 0.18402458296751537 273273991
1980838 300 0.19501422300263388 270911784
1981138 300 0.19953713784021068 274717563
1981438 300 0.20186971027216857 287955770
1981738 300 0.197830377524144 284658522
1982038 300 0.19878805970149255 284527288
1982338 300 0.1865278314310799 284002353
1982638 300 0.19290921861281826 279146703
1982938 300 0.18294363476733974 275997092
1983238 300 0.17911290605794558 273503650
1983538 300 0.18426163301141352 273536459
1983838 300 0.19037752414398593 281016784
1984138 300 0.1984087796312555 312135594
1984438 300 0.19996382791922737 318943346
1984738 300 0.18723898156277438 285216265
1985038 300 0.1915438103599649 284953798
1985338 300 0.19367726075504832 295731372
1985638 300 0.18476417910447765 278506938
1985938 300 0.18300052677787534 273520054
1986238 300 0.1756045654082529 272355355
1986538 300 0.18213766461808603 272355355
1986838 300 0.1980958735733099 286118497
1987138 300 0.18860438981562774 278523342
1987438 300 0.170958384547849 278785810
1987738 300 0.17763371378402107 278523342
1988038 300 0.17306338893766463 276686070
1988338 300 0.17503564530289728 273421629
1988638 300 0.17742510974539072 273027928
1988938 300 0.17669499561018437 273159162
1989238 300 0.1769889376646181 273027928
1989538 300 0.18020333625987708 272880290
1989838 300 0.18921123792800704 292040422
1990138 300 0.1781267778753292 290465616
1990438 300 0.1756899034240562 284822564
1990738 300 0.17429604916593502 284035161
1991038 300 0.17400210711150133 290071915
1991338 300 0.17439086918349428 283116525
1991638 300 0.17539596136962246 280098148
1991938 300 0.17079719051799827 275783838
1992238 300 0.175841615452151 275652604
1992538 300 0.17973871817383671 275636199
1992838 300 0.18077225636523267 286266135
1993138 300 0.18490640913081652 279835680
1993438 300 0.1713945566286216 279458383
1993738 300 0.1698110623353819 284822564
1994038 300 0.16982054433713784 276817303
1994338 300 0.16911887620719931 275767433
1994638 300 0.16389429323968396 273405225
1994938 300 0.17392625109745388 273536459
1995238 300 0.17035153643546974 280491849
1995538 300 0.17301597892888498 274077798
1995838 300 0.16992484635645302 274077798
1996138 300 0.17181176470588236 274471500
1996438 300 0.17382194907813872 274323862
1996738 300 0.17465636523266023 274323862
1997038 300 0.17121439859525903 274323862
1997338 300 0.1754338893766462 274192628
1997638 300 0.1801369622475856 303982695
1997938 300 0.18344618086040387 319074580
1998238 300 0.175329587357331 302539124
1998538 300 0.17159367866549605 287578473
1998838 300 0.17087304653204566 288103408
1999138 300 0.17411589113257245 288119812
1999438 300 0.17123336259877084 286020072
1999738 300 0.17202036874451274 284970202
2000038 300 0.17418226514486393 284970202
2000338 300 0.1778233538191396 282739228
2000638 300 0.17418226514486393 281820591
2000938 300 0.18337032484635646 286807474
2001238 300 0.18264969271290607 295452500
2001538 300 0.1751399473222125 288103408
2001838 300 0.16780087796312557 284970202
2002138 300 0.17293064091308163 284822564
2002438 300 0.1763726075504829 281935420
2002738 300 0.17258928884986832 276571240
2003038 300 0.1751494293239684 275652604
2003338 300 0.18144547848990342 276177538
2003638 300 0.19336435469710272 287988579
2003938 300 0.1812653204565408 290088319
2004238 300 0.17536751536435471 287578473
2004538 300 0.17555715539947325 287430835
2004838 300 0.17228586479367866 286922304
2005138 300 0.17033257243195787 284166395
2005438 300 0.1704653204565408 279441979
2005738 300 0.17737769973661108 277227409
2006038 300 0.17679929762949956 283920331
2006338 300 0.16760175592625112 276571240
2006638 300 0.17146093064091308 274996435
2006938 300 0.16798103599648814 274996435
2007238 300 0.17110061457418788 274996435
2007538 300 0.16456751536435468 274996435
2007838 300 0.17231431079894644 274996435
2008138 300 0.17669499561018437 274865201
2008438 300 0.1832375768217735 286938708
2008738 300 0.18421422300263388 289957086
2009038 300 0.17940684811237928 287726111
2009338 300 0.1764105355575066 287726111
2009638 300 0.1792646180860404 283789098
2009938 300 0.1696214223002634 280114552
2010238 300 0.17094890254609307 277489876
2010538 300 0.17577524143985954 276571240
2010838 300 0.1784396839332748 276554836
2011138 300 0.188955223880597 284953798
2011438 300 0.18446075504828796 280770721
2011738 300 0.1824410886742757 277096175
2012038 300 0.1813222124670764 276833707
2012338 300 0.1800326602282704 276833707
2012638 300 0.18585460930640912 276702474
2012938 300 0.18366426690079019 276702474
2013238 300 0.1760502194907814 277489876
2013538 300 0.19367726075504832 301636891
2013838 300 0.19222651448639158 313841633
2014138 300 0.19619947322212464 325258971
2014438 300 0.1891638279192274 291531891
2014738 300 0.1886233538191396 289169683
2015038 300 0.18374012291483757 289038449
2015338 300 0.18623388937664617 288907215
2015638 300 0.18175838454784898 286676241
2015938 300 0.18557014925373136 282870462
2016238 300 0.18424266900790168 282476760
2016538 300 0.19779244951712027 296125073
2016838 300 0.18761826163301143 294550267
2017138 300 0.18830096575943808 284707734
2017438 300 0.17848709394205445 284707734
2017738 300 0.1799757682177349 281951825
2018038 300 0.17850605794556632 281033188
2018338 300 0.1797766461808604 279195916
2018638 300 0.18101878841088673 277358643
2018938 300 0.18124635645302897 275783838
2019238 300 0.19031115013169447 287463643
2019538 300 0.18198595258999123 289432150
2019838 300 0.18309534679543463 287332410
2020138 300 0.17825004389815627 293237930
2020438 300 0.17662862159789286 281951825
2020738 300 0.17983353819139597 281033188
2021038 300 0.18883195785777 278802214
2021338 300 0.19009306409130816 279720850
2021638 300 0.19144899034240562 285495137
2021938 300 0.19633222124670766 281820591
2022238 300 0.18162563652326605 281689357
2022538 300 0.18781738366988587 279195916
2022838 300 0.18099982440737486 278802214
2023138 300 0.1834177348551361 278408513
2023438 300 0.18593046532045654 276571240
2023738 300 0.18810184372256364 279458383
2024038 300 0.19629429323968392 288775981
2024338 300 0.19102230026338893 289300917
2024638 300 0.19403757682177347 286807474
2024938 300 0.19561158911325724 284970202
2025238 300 0.187798419666374 281295656
2025538 300 0.18936294995610184 278539747
2025838 300 0.1815782265144864 276833707
2026138 300 0.18176786654960495 277489876
2026438 300 0.19033959613696225 316072607
2026738 300 0.18998876207199297 316728776
2027038 300 0.19138261633011414 305967606
2027338 300 0.19223599648814751 287594877
2027638 300 0.1878742756804214 287332410
2027938 300 0.19350658472344165 287463643
2028238 300 0.18920175592625108 286413774
2028538 300 0.19500474100087797 283132929
2028838 300 0.1924161545215101 283132929
2029138 300 0.19833292361720806 283264162
2029438 300 0.2058900790166813 301111956
2029738 300 0.1961046532045654 293369164
2030038 300 0.1783638279192274 285757605
2030338 300 0.1696593503072871 285888838
2030638 300 0.17768112379280068 283526630
2030938 300 0.17367023705004392 277227409
2031238 300 0.17059806848112383 277358643
2031538 300 0.17344266900790167 276964941
2031838 300 0.1710342405618964 276964941
2032138 300 0.18224196663740125 283789098
2032438 300 0.19149640035118526 300062086
2032738 300 0.18099034240561898 290875722
2033038 300 0.18018437225636522 289300917
2033338 300 0.1807153643546971 289300917
2033638 300 0.18292467076382793 286282540
2033938 300 0.18272554872695349 281016784
2034238 300 0.19031115013169447 278146045
2034538 300 0.18426163301141352 277473472
2034838 300 0.184716769095698 277998408
2035138 300 0.19702440737489027 284970202
2035438 300 0.1987406496927129 292450527
2035738 300 0.191268832309043 289038449
2036038 300 0.19620895522388063 288907215
2036338 300 0.19918630377524144 288119812
2036638 300 0.19876909569798068 285363903
2036938 300 0.19289973661106233 283395396
2037238 300 0.19362985074626868 283395396
2037538 300 0.1959244951712028 282607994
2037838 300 0.20139561018437227 291794358
2038138 300 0.19388586479367867 291794358
2038438 300 0.19779244951712027 287201176
2038738 300 0.20241966637401232 284445267
2039038 300 0.19191360842844601 281295656
2039338 300 0.19472028094820018 280639487
2039638 300 0.1966451273046532 279720850
2039938 300 0.19878805970149255 278014812
2040238 300 0.20932256365232663 292844229
2040538 300 0.20225847234416153 297962346
2040838 300 0.19732783143107988 288907215
2041138 300 0.197185601404741 288775981
2041438 300 0.19738472344161548 287857345
2041738 300 0.1919799824407375 283805502
2042038 300 0.19490992098331872 280918359
2042338 300 0.18883195785777 280787125
2042638 300 0.192558384547849 280655892
2042938 300 0.19927164179104478 317565391
2043238 300 0.2018791922739245 328605433
2043538 300 0.19304196663740125 313234677
2043838 300 0.1864140474100088 290793700
2044138 300 0.19214117647058823 290662467
2044438 300 0.19603827919227393 290121127
2044738 300 0.18739069359086918 286709049
2045038 300 0.1872579455662862 285134244
2045338 300 0.18850008779631258 285117840
2045638 300 0.18907848990342407 284084374
2045938 300 0.20053274802458299 293270738
2046238 300 0.2293485513608428 291679528
2046538 300 0.3018100087796312 290924934
2046838 300 0.21444284460052676 290400000
2047138 300 0.1916955223880597 288956428
2047438 300 0.19149640035118526 285527946
2047738 300 0.19458753292361722 285134244
2048038 300 0.20195504828797192 285134244
2048338 300 0.20150939420544337 294058141
2048638 300 0.19937594381035997 293270738
2048938 300 0.194227216856892 288398684
2049238 300 0.19102230026338893 288267450
2049538 300 0.17771905179982442 286052880
2049838 300 0.1807153643546971 282886866
2050138 300 0.19204635645302895 282903270
2050438 300 0.19522282704126426 281082401
2050738 300 0.19771659350307286 280163764
2051038 300 0.19836136962247586 285134244
2051338 300 0.19165759438103597 296141477
2051638 300 0.18691659350307285 291023360
2051938 300 0.19542194907813873 290892126
2052238 300 0.19401861281826163 287611282
2052538 300 0.1917334503950834 285511541
2052838 300 0.1939237928007024 283018099
2053138 300 0.20101633011413525 280262190
2053438 300 0.18913538191395965 279999723
2053738 300 0.1899508340649693 284871777
2054038 300 0.20665812115891133 294829139
2054338 300 0.20599438103599652 294451842
2054638 300 0.20091202809482 288562726
2054938 300 0.2011870061457419 288546322
2055238 300 0.19460649692712903 288529918
2055538 300 0.1960667251975417 288415089
2055838 300 0.18514345917471467 283821906
2056138 300 0.19100333625987706 283280567
2056438 300 0.1929566286215979 286955113
2056738 300 0.20131027216856892 321600830
2057038 300 0.19670201931518877 328293753
2057338 300 0.19618999122036876 293516802
2057638 300 0.19081369622475855 293385568
2057938 300 0.18684073748902544 293254334
2058238 300 0.1867459174714662 292335697
2058538 300 0.18105671641791046 290629659
2058838 300 0.1783733099209833 290629659
2059138 300 0.18025074626865673 289579788
2059438 300 0.18586409130816506 284199204
2059738 300 0.1976502194907814 297978750
2060038 300 0.18900263388937663 288415089
2060338 300 0.1814739244951712 283182142
2060638 300 0.17733028972783144 283050908
2060938 300 0.1778233538191396 282919674
2061238 300 0.1690050921861282 282919674
2061538 300 0.17470377524143987 282788440
2061838 300 0.17567093942054432 282919674
2062138 300 0.17687515364354695 282657207
2062438 300 0.19148691834942932 288415089
2062738 300 0.18708726953467952 286069285
2063038 300 0.1762114135206321 282132271
2063338 300 0.173916769095698 281869804
2063638 300 0.17673292361720808 282378334
2063938 300 0.18138858647936787 282542377
2064238 300 0.17540544337137837 282263505
2064538 300 0.1741443371378402 282525973
2064838 300 0.17855346795434593 283690672
2065138 300 0.18029815627743637 297092922
2065438 300 0.1729116769095698 294205779
2065738 300 0.17379350307287095 293566014
2066038 300 0.17057910447761196 305491884
2066338 300 0.17752941176470588 290924934
2066638 300 0.17831641791044775 288169025
2066938 300 0.1695171202809482 288054196
2067238 300 0.1742770851624232 288316663
2067538 300 0.17260825285338016 301686104
2067838 300 0.17724495171202806 290793700
2068138 300 0.17144196663740122 290285170
2068438 300 0.16651132572431956 287791728
2068738 300 0.1705601404741001 287119155
2069038 300 0.16520280948200175 285265478
2069338 300 0.17007655838454785 281492506
2069638 300 0.17364179104477612 281230039
2069938 300 0.1671655838454785 284379650
2070238 300 0.18008955223880596 247486554
2070538 300 0.17334784899034242 166777781
2070838 300 0.16765864793678667 156115036
2071138 300 0.16278489903424057 168598650
2071438 300 0.16563898156277435 155606506
2071738 300 0.1622633889376646 155458867
2072038 300 0.16466233538191397 155212804
2072338 300 0.17704582967515362 155606506
2072638 300 0.1824884986830553 165449039
2072938 300 0.17281685689201054 155491676
2073238 300 0.16505109745390695 155344038
2073538 300 0.16630272168568921 155655718
2073838 300 0.15826198419666374 155376847
2074138 300 0.15791115013169446 172158366
2074438 300 0.1548105355575066 162430662
2074738 300 0.15249692712906057 162840768
2075038 300 0.15523722563652326 162578300
2075338 300 0.15822405618964006 162578300
2075638 300 0.1646433713784021 173995639
2075938 300 0.1654019315188762 164809274
2076238 300 0.1647192273924495 163496937
2076538 300 0.16152379280070236 163628170
2076838 300 0.16154275680421423 161528430
2077138 300 0.16570535557506585 161397196
2077438 300 0.15957050043898155 161397196
2077738 300 0.160670412642669 161134728
2078038 300 0.16364776119402985 161265962
2078338 300 0.1619978928884987 161790897
2078638 300 0.17287374890254606 175570444
2078938 300 0.16160913081650571 168221352
2079238 300 0.16204530289727834 167433950
2079538 300 0.16552519754170325 167302716
2079838 300 0.1653165935030729 167171482
2080138 300 0.1669474978050922 163119639
2080438 300 0.16690956979806848 159707561
2080738 300 0.17332888498683055 158657691
2081038 300 0.1757562774363477 171108496
2081338 300 0.16696646180860406 170058625
2081638 300 0.16825601404741003 165727911
2081938 300 0.17072133450395086 165727911
2082238 300 0.16728884986830553 163365703
2082538 300 0.16600877963125552 161151133
2082838 300 0.16976365232660226 160757431
2083138 300 0.17212467076382792 160626198
2083438 300 0.1751494293239684 161134728
2083738 300 0.18344618086040387 181623602
2084038 300 0.1759459174714662 184379511
2084338 300 0.1759459174714662 168500224
2084638 300 0.1749787532923617 168483820
2084938 300 0.1672509218612818 168467416
2085238 300 0.17158419666374014 180540924
2085538 300 0.17344266900790167 161397196
2085838 300 0.1726177348551361 160363730
2086138 300 0.17281685689201054 160494964
2086438 300 0.16989640035118525 159445093
2086738 300 0.17910342405618965 172437238
2087038 300 0.17660965759438105 163644574
2087338 300 0.17607866549604917 163644574
2087638 300 0.16681474978050922 163644574
2087938 300 0.1685499561018437 161151133
2088238 300 0.16764916593503076 158378819
2088538 300 0.16647339771729588 158378819
2088838 300 0.17079719051799827 158526457
2089138 300 0.17275048287971903 158657691
2089438 300 0.1742201931518876 164825679
2089738 300 0.17019034240561895 176095379
2090038 300 0.16556312554872699 172552067
2090338 300 0.1674215978928885 167958885
2090638 300 0.16762071992976293 167827651
2090938 300 0.16630272168568921 167319120
2091238 300 0.16335381913959612 164563211
2091538 300 0.16598033362598774 160609794
2091838 300 0.1637141352063213 158378819
2092138 300 0.16460544337137842 156410313
2092438 300 0.17259877085162423 171370963
2092738 300 0.16926110623353818 166105208
2093038 300 0.1663406496927129 156672780
2093338 300 0.16979209833187006 156689184
2093638 300 0.1679241439859526 156689184
2093938 300 0.16651132572431956 156541546
2094238 300 0.16667251975417033 156410313
2094538 300 0.16840772607550483 156689184
2094838 300 0.1763726075504829 156426717
2095138 300 0.1819764705882353 166925419
2095438 300 0.17642001755926254 161019899
2095738 300 0.16825601404741003 157985118
2096038 300 0.1766001755926251 158001522
2096338 300 0.16803792800702372 157739055
2096638 300 0.16212115891132572 157476587
2096938 300 0.1610402107111501 157607821
2097238 300 0.16479508340649693 157870288
2097538 300 0.1707782265144864 179130160
2097838 300 0.174684811237928 183592108
2098138 300 0.1804972783143108 168237757
2098438 300 0.17578472344161547 167319120
2098738 300 0.17349007901668131 165481848
2099038 300 0.17410640913081651 179917563
2099338 300 0.17262721685689203 162725938
2099638 300 0.1677819139596137 159838795
2099938 300 0.17349956101843725 158657691
2100238 300 0.1734616330114135 158526457
2100538 300 0.17971027216856894 171124900
2100838 300 0.17799402985074628 161019899
2101138 300 0.17570886742756806 161151133
2101438 300 0.17510201931518876 161019899
2101738 300 0.17894223002633888 160888665
2102038 300 0.1788379280070237 159970029
2102338 300 0.17334784899034242 156164249
2102638 300 0.18189113257243195 155376847
2102938 300 0.17768112379280068 156295483
2103238 300 0.18857594381035997 175455615
2103538 300 0.18390131694468834 175718082
2103838 300 0.1798809482001756 167581588
2104138 300 0.17865776997366112 167450354
2104438 300 0.18271606672519752 164825679
2104738 300 0.18014644424934154 162201003
2105038 300 0.1819669885864794 160888665
2105338 300 0.18835785776997366 162069769
2105638 300 0.1892396839332748 166006782
2105938 300 0.18802598770851625 164038276
2106238 300 0.19084214223002632 159576327
2106538 300 0.1885474978050922 171797473
2106838 300 0.1937057067603161 157214119
2107138 300 0.18723898156277438 156820418
2107438 300 0.18766567164179107 156689184
2107738 300 0.191268832309043 156426717
2108038 300 0.20315926251097455 163644574
2108338 300 0.20192660228270415 163250873
2108638 300 0.198219139596137 156426717
2108938 300 0.1963796312554873 156164249
2109238 300 0.196929587357331 173093406
2109538 300 0.19417980684811237 161544834
2109838 300 0.19214117647058823 161413600
2110138 300 0.19996382791922737 161151133
2110438 300 0.20004916593503072 161151133
2110738 300 0.20900965759438103 172059940
2111038 300 0.20309288849868304 166810590
2111338 300 0.20489446883230902 164825679
2111638 300 0.19979315188762073 164694445
2111938 300 0.20371870061457423 164710849
2112238 300 0.19830447761194028 164185914
2112538 300 0.19629429323968392 161692472
2112838 300 0.20014398595259 159592732
2113138 300 0.20065601404741001 160232496
2113438 300 0.2134851624231782 175455615
2113738 300 0.20332993854258122 178080290
2114038 300 0.20181281826163303 167187886
2114338 300 0.19926215978928885 167187886
2114638 300 0.2032066725197542 166794185
2114938 300 0.20439192273924495 163382107
2115238 300 0.19849411764705885 158788925
2115538 300 0.20141457418788414 158657691
2115838 300 0.2097966637401229 178211524
2116138 300 0.2094268656716418 175324381
2116438 300 0.1996035118525022 167187886
2116738 300 0.19905355575065847 179917563
2117038 300 0.20204038630377522 165219380
2117338 300 0.2003715539947322 165088146
2117638 300 0.19867427568042142 165350614
2117938 300 0.20858296751536437 164071084
2118238 300 0.20887690956979807 175357189
2118538 300 0.20146198419666375 165252188
2118838 300 0.20193608428446005 165120954
2119138 300 0.20488498683055312 164858487
2119438 300 0.20270412642669006 161183941
2119738 300 0.20746409130816504 156197058
2120038 300 0.20892431957857768 155803356
2120338 300 0.20775803336259877 156197058
2120638 300 0.22281545215100965 161315175
2120938 300 0.22412396839332752 172863747
2121238 300 0.20720807726075507 167614396
2121538 300 0.20769165935030726 167630800
2121838 300 0.21207234416154522 167630800
2122138 300 0.24863494293239685 167122270
2122438 300 0.380776119402985 164612424
2122738 300 0.2832442493415277 161594047
2123038 300 0.2166237050043898 160281709
2123338 300 0.2203880597014925 170501539
2123638 300 0.21780895522388063 181279113
2123938 300 0.21506865671641792 168139332
2124238 300 0.20882949956101846 168008098
2124538 300 0.21274556628621596 165006125
2124838 300 0.21188270412642668 162496279
2125138 300 0.2096449517120281 161430004
2125438 300 0.21528674275680423 159067797
2125738 300 0.22575487269534678 159592732
2126038 300 0.23154837576821774 170764007
2126338 300 0.23760737489025463 183477279
2126638 300 0.22717717295873574 183477279
2126938 300 0.21740122914837579 169714137
2127238 300 0.21281194029850747 167220695
2127538 300 0.21797014925373134 167204290
2127838 300 0.2143290605794557 167204290
2128138 300 0.21446180860403863 165760719
2128438 300 0.21453766461808602 165235784
2128738 300 0.22053977172958739 163923446
2129038 300 0.22243617208077263 168516628
2129338 300 0.2209095697980685 179277798
2129638 300 0.22205689201053552 172978577
2129938 300 0.21633924495171206 165613081
2130238 300 0.21501176470588237 179523862
2130538 300 0.2170124670763828 166531717
2130838 300 0.22449376646180863 164431977
2131138 300 0.2209190517998244 160494964
2131438 300 0.21207234416154522 157345353
2131738 300 0.22952870939420544 163398511
2132038 300 0.22265425812115894 164038276
2132338 300 0.21873819139596135 157886692
2132638 300 0.22360245829675152 157886692
2132938 300 0.21703143107989467 157886692
2133238 300 0.20916136962247583 158017926
2133538 300 0.19953713784021068 157755459
2133838 300 0.2024955223880597 157886692
2134138 300 0.2160073748902546 157886692
2134438 300 0.21329552238805974 157755459
2134738 300 0.22267322212467072 167335524
2135038 300 0.2113422300263389 173503512
2135338 300 0.20980614574187884 168762692
2135638 300 0.21038454784899033 168631458
2135938 300 0.20578577699736614 167204290
2136238 300 0.20550131694468832 166023187
2136538 300 0.20251448639157155 163004810
2136838 300 0.20786233538191393 160642602
2137138 300 0.21322914837576823 162742342
2137438 300 0.21826409130816507 168779096
2137738 300 0.21665215100965757 160117667
2138038 300 0.2051220368744513 160101262
2138338 300 0.20208779631255486 159970029
2138638 300 0.20153784021071117 159707561
2138938 300 0.20417383669885864 159707561
2139238 300 0.19618050921861285 159822391
2139538 300 0.1995276558384548 159970029
2139838 300 0.2069805092186128 160101262
2140138 300 0.20901913959613694 175340785
2140438 300 0.20215417032484637 179671500
2140738 300 0.2174676031606673 169582903
2141038 300 0.20147146619841966 169304031
2141338 300 0.19922423178226514 169435265
2141638 300 0.19497629499561017 169304031
2141938 300 0.20782440737489027 169304031
2142238 300 0.1981338015803336 169172797
2142538 300 0.20186022827041264 169172797
2142838 300 0.2055771729587357 176899186
2143138 300 0.21229043020193153 184937255
2143438 300 0.19597190517998245 174963488
2143738 300 0.1996793678665496 168008098
2144038 300 0.20023880597014926 179031735
2144338 300 0.2016611062335382 164464786
2144638 300 0.20329201053555748 162348641
2144938 300 0.1975459174714662 161954940
2145238 300 0.19712870939420543 161823706
2145538 300 0.2014525021949078 161823706
2145838 300 0.2058521510096576 174815850
