890156 300 0.15426057945566285 151456237
890456 300 0.1672793678665496 151472641
890756 300 0.18025074626865673 168024502
891056 300 0.1793878841088674 168139332
891356 300 0.1740684811237928 159756774
891656 300 0.1729875329236172 155163592
891956 300 0.17057910447761196 154491019
892256 300 0.171470412642669 153572382
892556 300 0.1739926251097454 152391278
892856 300 0.1716790166812994 150947707
893156 300 0.17813625987708517 155540889
893456 300 0.17748200175592624 162102577
893756 300 0.1720108867427568 156197058
894056 300 0.1663690956979807 150422772
894356 300 0.16415030728709393 150291538
894656 300 0.1660846356453029 150554005
894956 300 0.17502616330114135 150422772
895256 300 0.16990588235294116 150422772
895556 300 0.16775346795434593 150439176
895856 300 0.17503564530289728 157903097
896156 300 0.1599402985074627 166039591
896456 300 0.15444073748902545 162496279
896756 300 0.16527866549604917 162496279
897056 300 0.15982651448639157 161840110
897356 300 0.15815768217734855 159609136
897656 300 0.15769306409130815 159477902
897956 300 0.16232028094820017 159871603
898256 300 0.17036101843722565 187053400
898556 300 0.16724143985952591 198208270
898856 300 0.16458647936786655 185593424
899156 300 0.15233573309920984 185347360
899456 300 0.15274345917471466 194517321
899756 300 0.15464934152765583 183247620
900056 300 0.16835083406496926 182197750
900356 300 0.16397014925373135 181525177
900656 300 0.15813871817383668 179162968
900956 300 0.21173099209833188 187955632
901256 300 0.2138739244951712 182837514
901556 300 0.15494328358208956 182575047
901856 300 0.1563561018437226 182312580
902156 300 0.15166251097453906 181541581
902456 300 0.15769306409130815 178506800
902756 300 0.15232625109745393 176407059
903056 300 0.1612488147497805 176931994
903356 300 0.17856294995610184 192023879
903656 300 0.16050921861281828 187709568
903956 300 0.15628024582967515 187578334
904256 300 0.1495006145741879 197141996
904556 300 0.15509499561018436 182460217
904856 300 0.15374855136084284 180754178
905156 300 0.15689657594381037 176685931
905456 300 0.15808182616330116 176144592
905756 300 0.17387884108867427 188480567
906056 300 0.16787673397717298 178375566
906356 300 0.15645092186128182 178769268
906656 300 0.15392870939420547 178638034
906956 300 0.16573380158033363 178375566
907256 300 0.15622335381913957 177063228
907556 300 0.15763617208077263 176013358
907856 300 0.15769306409130815 176013358
908156 300 0.16775346795434593 176931994
908456 300 0.16644495171202808 195173490
908756 300 0.15736119402985077 190580307
909056 300 0.1504393327480246 181262709
909356 300 0.15292361720807726 181131475
909656 300 0.15821457418788412 181131475
909956 300 0.15509499561018436 180098010
910256 300 0.15683968393327483 178113099
910556 300 0.156043195785777 176931994
910856 300 0.1519564530289728 177325696
911156 300 0.16430201931518876 193729918
911456 300 0.15349253731343285 195435957
911756 300 0.1462198419666374 188628205
912056 300 0.15108410886742757 188103270
912356 300 0.1473387181738367 184428724
912656 300 0.13810324846356453 180229243
912956 300 0.14742405618964002 179179373
913256 300 0.1442001755926251 176931994
913556 300 0.16057559262510976 198191866
913856 300 0.15588200175592626 205147257
914156 300 0.15176681299385428 189267970
914456 300 0.14640948200175594 201997646
914756 300 0.15123582089552237 185724658
915056 300 0.14215206321334506 181656411
915356 300 0.1433942054433714 181147879
915656 300 0.1384161545215101 180754178
915956 300 0.1433942054433714 178244332
916256 300 0.1555027216856892 191236476
916556 300 0.15103669885864793 183756151
916856 300 0.14569833187006145 183903789
917156 300 0.147300790166813 183903789
917456 300 0.14774644424934152 181787644
917756 300 0.14715856014047413 179031735
918056 300 0.14005654082528535 178638034
918356 300 0.1443329236172081 178638034
918656 300 0.1451009657594381 179556670
918956 300 0.15610008779631254 197404464
919256 300 0.15372010535557504 202538985
919556 300 0.15085654082528535 191121646
919856 300 0.15259174714661983 191252880
920156 300 0.14299596136962248 186922166
920456 300 0.14591641791044777 181918878
920756 300 0.15154872695346797 182066516
921056 300 0.15153924495171203 183247620
921356 300 0.15505706760316068 189924138
921656 300 0.14749991220368744 185199723
921956 300 0.14749043020193153 182312580
922256 300 0.15048674275680424 181393943
922556 300 0.14324249341527656 179048139
922856 300 0.1398289727831431 178506800
923156 300 0.1377618964003512 178523204
923456 300 0.13616892010535558 178391970
923756 300 0.1505531167690957 185068489
924056 300 0.13944969271290605 184806021
924356 300 0.13578964003511854 178638034
924656 300 0.13779034240561897 178769268
924956 300 0.1390230026338894 178638034
925256 300 0.13562844600526777 178900501
925556 300 0.1359223880597015 178769268
925856 300 0.13744899034240562 182837514
926156 300 0.14841966637401227 204097386
926456 300 0.1405496049165935 197666931
926756 300 0.13633959613696225 192811282
927056 300 0.14035996488147498 192680048
927356 300 0.13842563652326603 191252880
927656 300 0.1454612818261633 189005502
927956 300 0.14512941176470587 187036995
928256 300 0.15427954345917472 186512060
928556 300 0.16018683055311675 200685308
928856 300 0.153985601404741 191236476
929156 300 0.14714907813871816 184806021
929456 300 0.13842563652326603 184674787
929756 300 0.1425028972783143 184297490
930056 300 0.1433657594381036 182968748
930356 300 0.14186760316066724 181131475
930656 300 0.14425706760316068 181393943
930956 300 0.15616646180860405 190465478
931256 300 0.1447690956979807 182837514
931556 300 0.14379244951712028 181262709
931856 300 0.1424649692712906 181131475
932156 300 0.14113748902546092 181410347
932456 300 0.14356488147497803 181279113
932756 300 0.14490184372256365 181393943
933056 300 0.1445225636523266 181262709
933356 300 0.15667848990342406 196485827
933656 300 0.1556165057067603 187693164
933956 300 0.1443329236172081 181525177
934256 300 0.14469323968393327 181393943
934556 300 0.14178226514486392 181262709
934856 300 0.14008498683055312 181000242
935156 300 0.14475013169446882 181000242
935456 300 0.14834381035996488 183493683
935756 300 0.15572080772607552 189005502
936056 300 0.14504407374890255 181393943
936356 300 0.13894714661984198 181393943
936656 300 0.1407676909569798 194911022
936956 300 0.1365482001755926 181672815
937256 300 0.1403978928884987 181525177
937556 300 0.13938331870061457 181541581
937856 300 0.14468375768217734 181262709
938156 300 0.15212712906057943 188218099
938456 300 0.1585085162423178 186249592
938756 300 0.1494721685689201 181525177
939056 300 0.14247445127304653 181525177
939356 300 0.14562247585601404 181410347
939656 300 0.14692151009657595 181147879
939956 300 0.14212361720807726 181262709
940256 300 0.13886180860403863 181393943
940556 300 0.13770500438981562 181410347
940856 300 0.14843863037752414 187201038
941156 300 0.15157717295873574 198470738
941456 300 0.1429011413520632 181804048
941756 300 0.14445618964003512 181672815
942056 300 0.15244951712028096 206607232
942356 300 0.1439062335381914 173913618
942656 300 0.14050219490781388 173782384
942956 300 0.14045478489903424 173782384
943256 300 0.13934539069359086 174307319
943556 300 0.143441615452151 174602595
943856 300 0.1463241439859526 176029762
944156 300 0.14896962247585602 187709568
944456 300 0.14685513608428447 166597335
944756 300 0.1416684811237928 166564526
945056 300 0.14262616330114136 166564526
945356 300 0.14397260755048288 178523204
945656 300 0.14511044776119403 166039591
945956 300 0.14620087796312556 166187229
946256 300 0.1475283582089552 166039591
946556 300 0.14916874451273046 167089461
946856 300 0.16262370500438983 175357189
947156 300 0.1506669007901668 165777123
947456 300 0.14786022827041265 165908357
947756 300 0.14819209833187005 165547464
948056 300 0.14789815627743633 165399826
948356 300 0.15054363476733978 165547464
948656 300 0.14796453028972784 165531060
948956 300 0.1506005267778753 165514656
949256 300 0.16451062335381916 173930022
949556 53 0.07025004389815628 6000000
949609 237 0.10883230904302019 86511922
949846 10 0.13760070237050043 168270565
949856 300 0.14180122914837576 165645889
950156 300 0.14769903424056188 165777123
950456 300 0.14533801580333625 165941166
950756 300 0.1393643546971027 165793528
951056 300 0.14063494293239684 165924762
951356 300 0.14117541703248465 165809932
951656 300 0.14815417032484637 165924762
951956 300 0.163628797190518 176571102
952256 300 0.16165654082528533 187709568
952556 300 0.15176681299385428 179458245
952856 19 0.1555880597014925 178260736
952875 1 0.11668340649692713 175767295
952876 5 0.11958489903424056 173044194
952881 4 0.11777383669885864 167975289
952885 1 0.1159532923617208 167630800
952886 8 0.1159532923617208 167630800
952894 168 0.11727129060579455 175029105
953062 2 0.11772642669007902 100882020
953064 1 0.11453099209833187 100882020
953065 8 0.11453099209833187 100882020
953073 83 0.1304797190517998 113447655
953156 300 0.12792906057945566 160494964
953456 300 0.14637155399473223 169746945
953756 300 0.15310377524143984 170288284
954056 300 0.15508551360842845 170157051
954356 244 0.1072393327480246 87364941
954600 56 0.15117892888498685 170452327
954656 275 0.17010500438981566 181492368
954931 5 0.12105460930640914 173241045
954936 3 0.12150026338893766 168024502
954939 1 0.11986935908691834 168024502
954940 9 0.11986935908691834 168024502
954949 7 0.13157014925373134 172125558
954956 161 0.11532748024582967 178211524
955117 3 0.11276733977172959 104589375
955120 1 0.11276733977172959 104589375
955121 10 0.11276733977172959 104589375
955131 1 0.11276733977172959 104589375
955132 124 0.1261369622475856 121846617
955256 300 0.14133661106233536 160117667
955556 71 0.17130921861281828 162627513
955627 51 0.11628516242317821 155737740
955678 2 0.12020122914837576 153982488
955680 10 0.11563090430201932 153982488
955690 121 0.11716698858647936 161495622
955811 3 0.1167118525021949 84592628
955814 9 0.11393362598770851 84592628
955823 33 0.12455346795434592 94910884
955856 235 0.13081158911325724 130688492
956091 5 0.08883476733977172 128096625
956096 3 0.08902440737489027 123191763
956099 1 0.08732712906057946 123191763
956100 9 0.08732712906057946 123191763
956109 47 0.0907027216856892 129753451
956156 119 0.1086900790166813 154195743
956275 3 0.10607304653204566 79523723
956278 10 0.10607304653204566 79523723
956288 168 0.1195185250219491 100914829
956456 300 0.1415262510974539 147929329
956756 300 0.14855241439859526 150586813
957056 300 0.15748446005267777 174061255
957356 300 0.15438384547848988 172535663
957656 300 0.15331237928007022 162168195
957956 300 0.14844811237928007 159149818
958256 300 0.14806883230904302 157033673
958556 300 0.14790763827919226 154704273
958856 300 0.151283230904302 154441806
959156 300 0.15382440737489025 154983145
959456 300 0.16682423178226516 169435265
959756 300 0.1585748902546093 166580930
960056 300 0.1510935908691835 155163592
960356 300 0.1534451273046532 155294826
960656 300 0.1534546093064091 155163592
960956 300 0.152060755048288 154868316
961256 300 0.15057208077260756 154737082
961556 300 0.15736119402985077 173355874
961856 300 0.1548294995610184 163136044
962156 300 0.15515188762071994 163021214
962456 300 0.15675434591747148 162496279
962756 300 0.15722844600526778 156459525
963056 300 0.15381492537313432 156721993
963356 300 0.15832835820895522 156082228
963656 300 0.16261422300263392 155721335
963956 300 0.16602774363476738 156361100
964256 300 0.16413134328358212 156229866
964556 300 0.16332537313432835 156000207
964856 300 0.1565457418788411 156115036
965156 300 0.17587954345917473 170665582
965456 300 0.1706075504828797 180508115
965756 300 0.16021527655838455 172027132
966056 300 0.16223494293239685 170304688
966356 300 0.1673172958735733 164825679
966656 300 0.16498472344161544 160396539
966956 300 0.16982054433713784 158706904
967256 300 0.16762071992976293 156475929
967556 300 0.1674215978928885 156869631
967856 300 0.1690809482001756 156475929
968156 300 0.1688249341527656 156344695
968456 300 0.17350904302019313 162889980
968756 300 0.17787076382791925 168286969
969056 300 0.16806637401229152 162118982
969356 300 0.17194451273046532 156771205
969656 300 0.1691947322212467 156623568
969956 300 0.17232379280070237 168828309
970256 300 0.16714661984196663 154933933
970556 300 0.16551571553994734 170288284
970856 300 0.16588551360842846 156918843
971156 300 0.16407445127304654 156771205
971456 300 0.16573380158033363 156771205
971756 300 0.16574328358208956 156508738
972056 300 0.16019631255487268 156639972
972356 300 0.1637141352063213 156508738
972656 300 0.17990939420544338 159789582
972956 300 0.18287726075504832 179786329
973256 300 0.17542440737489023 168073714
973556 300 0.17028516242317823 154294168
973856 300 0.1691947322212467 154589444
974156 300 0.16585706760316066 154179338
974456 300 0.163372783143108 154195743
974756 300 0.16961194029850746 154326976
975056 300 0.16574328358208956 154064509
975356 300 0.1675353819139596 154064509
975656 300 0.17114802458296752 155360442
975956 300 0.17847761194029851 168090118
976256 300 0.17169798068481124 166646547
976556 300 0.17232379280070237 154474614
976856 300 0.16159016681299387 154458210
977156 300 0.16580965759438107 154458210
977456 300 0.1690904302019315 162348641
977756 300 0.16390377524143987 154720678
978056 300 0.161315188762072 154605848
978356 300 0.15724741000877965 154343380
978656 300 0.1612867427568042 154064509
978956 300 0.16812326602282704 157345353
979256 300 0.1679336259877085 157328949
979556 300 0.15913432835820898 154589444
979856 300 0.17204881474978054 154851912
980156 300 0.18490640913081652 156164249
980456 300 0.16665355575065846 155508080
980756 300 0.16215908691834943 155376847
981056 300 0.1652502194907814 155229208
981356 300 0.16022475856014046 154999549
981656 300 0.16037647058823526 154868316
981956 300 0.16461492537313432 164038276
982256 300 0.1668337137840211 170075029
982556 300 0.16046180860403864 155622910
982856 300 0.16277541703248463 155622910
983156 300 0.15689657594381037 155229208
983456 300 0.1587929762949956 155229208
983756 300 0.15676382791922738 155245613
984056 300 0.16117295873573312 155245613
984356 300 0.15936189640035117 155262017
984656 300 0.17099631255487271 166810590
984956 300 0.16552519754170325 179802733
985256 300 0.1662363476733977 160921474
985556 300 0.16269956101843722 158149160
985856 300 0.16700438981562774 158001522
986156 300 0.16269007901668128 158132756
986456 300 0.16174187884108868 158526457
986756 300 0.16350553116769098 158263990
987056 300 0.16573380158033363 158132756
987356 300 0.18485899912203688 171666239
987656 300 0.1792646180860404 167335524
987956 300 0.17715961369622477 157755459
988256 300 0.16963090430201933 157755459
988556 300 0.17498823529411764 157640629
988856 300 0.1697731343283582 157509396
989156 300 0.1687585601404741 157640629
989456 300 0.16505109745390695 157476587
989756 300 0.16866374012291485 157509396
990056 300 0.17770956979806846 174290914
990356 300 0.17243757682177352 164448381
990656 300 0.16814223002633888 158411628
990956 300 0.1686163301141352 158428032
991256 300 0.16866374012291485 158296798
991556 300 0.17163160667251978 158149160
991856 300 0.173916769095698 158149160
992156 300 0.1666914837576822 158165564
992456 300 0.1743150131694469 158050735
992756 300 0.19373415276558384 166449696
993056 300 0.1724565408252853 163431319
993356 300 0.1724660228270413 158165564
993656 300 0.18175838454784898 158854542
993956 300 0.1772828797190518 158198373
994256 300 0.17054117647058825 158313202
994556 300 0.16887234416154523 158706904
994856 300 0.17367971905179982 157886692
995156 300 0.17784231782265147 163660979
995456 300 0.1809713784021071 175209551
995756 300 0.16953608428446007 158821733
996056 300 0.16929903424056192 158444436
996356 300 0.17136611062335383 158985775
996656 300 0.17418226514486393 158854542
996956 300 0.16894820017559262 158460840
997256 300 0.16519332748024582 158706904
997556 300 0.16755434591747148 160412943
997856 300 0.1768846356453029 173913618
998156 300 0.16631220368744512 164596020
998456 300 0.15784477611940298 158296798
998756 300 0.16888182616330116 158428032
999056 300 0.16706128182616328 158165564
999356 300 0.16484249341527657 158181969
999656 300 0.17062651448639157 158198373
999956 300 0.170702370500439 158198373
1000256 300 0.1831996488147498 171715452
1000556 300 0.17773801580333626 165153763
1000856 300 0.16948867427568043 156098632
1001156 300 0.17213415276558383 156065824
1001456 300 0.17722598770851627 155950994
1001756 300 0.17037998244073752 155803356
1002056 300 0.17144196663740122 155540889
1002356 300 0.1652597014925373 155294826
1002656 300 0.16441580333625988 156213462
1002956 300 0.18237471466198418 169615711
1003256 300 0.17558560140474103 163857829
1003556 300 0.16541141352063213 155311230
1003856 300 0.16574328358208956 154933933
1004156 300 0.16946022827041263 155065166
1004456 300 0.1641787532923617 156361100
1004756 300 0.16351501316944686 156098632
1005056 300 0.16849306409130818 155967399
1005356 300 0.1666630377524144 156098632
1005656 300 0.17899912203687446 161085516
1005956 300 0.17272203687445126 162660321
1006256 300 0.16610359964881474 156361100
1006556 300 0.16542089552238806 156098632
1006856 300 0.16567690956979805 155983803
1007156 300 0.223156804214223 156246270
1007456 300 0.29558033362598773 156639972
1007756 300 0.3069587357330992 156886035
1008056 300 0.29866198419666373 158050735
1008356 300 0.30931975417032487 163168852
1008656 300 0.30505285338015803 163431319
1008956 300 0.30230307287093944 158346011
1009256 300 0.2965854258121159 158198373
1009556 300 0.29716382791922735 157919501
1009856 300 0.22606777875329237 158181969
1010156 300 0.15815768217734855 157935905
1010456 300 0.15456400351185254 157804671
1010756 300 0.15339771729587356 157558608
1011056 201 0.11834275680421423 77752067
1011257 7 0.11838068481123792 77752067
1011264 9 0.11834275680421423 77768472
1011273 1 0.11834275680421423 77768472
1011274 82 0.12113046532045654 85215988
1011356 94 0.12439227392449519 93385291
1011450 1 0.12439227392449519 93385291
1011451 205 0.1419908691834943 123864336
1011656 300 0.15757928007023703 159034988
1011956 300 0.15696294995610183 155376847
1012256 300 0.16038595258999125 155508080
1012556 300 0.15685864793678664 156033015
1012856 300 0.1565078138718174 155491676
1013156 300 0.15745601404741003 155262017
1013456 300 0.15707673397717295 155409655
1013756 300 0.16195048287971905 158296798
1014056 300 0.16598033362598774 181787644
1014356 300 0.16051870061457418 171945111
1014656 300 0.1600540825285338 160150475
1014956 300 0.1569724319578578 160166880
1015256 300 0.16569587357330992 159904412
1015556 300 0.1591058823529412 159773178
1015856 300 0.1593239683933275 159510711
1016156 300 0.15804389815627742 159248243
1016456 300 0.15933345039508343 159248243
1016756 300 0.16926110623353818 171059283
1017056 300 0.16353397717295873 169878179
1017356 300 0.15887831431079896 159231839
1017656 300 0.1548200175592625 158952967
1017956 300 0.16014890254609307 174979892
1018256 300 0.15548375768217734 159625540
1018556 300 0.1645011413520632 159510711
1018856 300 0.15959894644424935 159248243
1019156 300 0.16146690079016682 159231839
1019456 300 0.16927058823529412 171059283
1019756 300 0.16596136962247587 159773178
1020056 300 0.15751290605794557 159625540
1020356 300 0.157588762071993 159641944
1020656 300 0.15981703248463566 159773178
1020956 300 0.15660263388937667 160035646
1021256 300 0.15238314310798948 159904412
1021556 300 0.15333134328358208 159904412
1021856 300 0.15508551360842845 159658348
1022156 300 0.16622686567164183 171863090
1022456 300 0.16254784899034241 172912960
1022756 300 0.15417524143985953 160691814
1023056 300 0.15010746268656716 160708219
1023356 300 0.15244003511852502 160445751
1023656 300 0.15139701492537316 160183284
1023956 300 0.15006005267778752 160183284
1024256 300 0.1504393327480246 160314517
1024556 300 0.15870763827919224 160314517
1024856 300 0.17178331870061458 167532375
1025156 300 0.1674500438981563 166088803
1025456 300 0.1570482879719052 160052050
1025756 300 0.16304091308165058 160052050
1026056 300 0.1593713784021071 160314517
1026356 300 0.15746549604916596 160330921
1026656 300 0.16104969271290606 160314517
1026956 300 0.15921018437225637 160445751
1027256 300 0.1662363476733977 179474649
1027556 300 0.16524073748902546 177768610
1027856 300 0.16227287093942053 157689842
1028156 300 0.1617134328358209 156639972
1028456 300 0.16187462686567164 156771205
1028756 300 0.16308832309043023 157033673
1029056 300 0.16398911325724322 156902439
1029356 300 0.16677682177348552 156525142
1029656 300 0.16083160667251975 156656376
1029956 300 0.16039543459174713 156525142
1030256 300 0.17679929762949956 162955597
1030556 300 0.17129973661106232 170304688
1030856 300 0.16752589991220368 164267935
1031156 300 0.16693801580333628 157312545
1031456 300 0.17037998244073752 174012043
1031756 300 0.1699912203687445 157197715
1032056 300 0.16351501316944686 156935248
1032356 300 0.16155223880597014 156804014
1032656 300 0.16964986830553117 156820418
1032956 300 0.17556663740122916 169304031
1033256 300 0.17586057945566286 157739055
1033556 300 0.16675785776997365 157607821
1033856 300 0.15971273046532045 157214119
1034156 300 0.16797155399473224 157082886
1034456 300 0.1644252853380158 157082886
1034756 300 0.16336330114135206 156968056
1035056 300 0.1699438103599649 156836822
1035356 300 0.17032309043020194 160002837
1035656 300 0.17055065847234419 164727253
1035956 300 0.17413485513608432 157919501
1036256 300 0.16904302019315187 156820418
1036556 300 0.167867251975417 157017269
1036856 300 0.1624340649692713 158001522
1037156 300 0.16699490781387183 158132756
1037456 300 0.16800948200175592 158017926
1037756 300 0.16766812993854255 158296798
1038056 300 0.17100579455662865 174176085
1038356 300 0.16874907813871817 164825679
1038656 300 0.16010149253731343 158772520
1038956 300 0.16473819139596138 158378819
1039256 300 0.16598981562774365 157985118
1039556 300 0.16675785776997365 157853884
1039856 300 0.16802844600526778 157214119
1040156 300 0.17143248463564534 157214119
1040456 300 0.17999473222124668 158116351
1040756 300 0.19161018437225638 169271223
1041056 300 0.17807936786654963 169156393
1041356 300 0.16245302897278316 157739055
1041656 300 0.16715610184372257 157575012
1041956 300 0.16397963125548726 157575012
1042256 300 0.16305987708516245 157443778
1042556 300 0.20088358208955223 157460183
1042856 300 0.5749864793678666 157853884
1043156 300 0.5957994732221247 158510053
1043456 300 0.6 175029105
1043756 300 0.5785422300263389 174914275
1044056 300 0.5430700614574188 161397196
1044356 300 0.537769622475856 161512026
1044656 300 0.545478489903424 173716767
1044956 300 0.5157903424056189 161528430
1045256 300 0.5224182616330114 161512026
1045556 300 0.5189383669885865 161922131
1045856 300 0.519128007023705 162315832
1046156 300 0.5324122914837577 175045509
1046456 300 0.514756804214223 162430662
1046756 300 0.4904165057067603 162709534
1047056 300 0.49744266900790163 162676725
1047356 300 0.49328955223880594 162676725
1047656 300 0.500875153643547 176078975
1047956 300 0.489563125548727 163086831
1048256 300 0.49220860403863037 162939193
1048556 300 0.4870788410886743 163070427
1048856 300 0.4839497805092186 164382765
1049156 300 0.4863202809482001 175800103
1049456 300 0.475283230904302 165580273
1049756 300 0.47632625109745386 165727911
1050056 300 0.45652783143107983 165711507
1050356 300 0.46083266022827046 165973974
1050656 300 0.4512084284460053 167023844
1050956 300 0.4568881474978051 167007440
1051256 300 0.45052572431957855 166876206
1051556 300 0.44799402985074627 167056653
1051856 300 0.460756804214223 178080290
1052156 300 0.45465039508340643 178342758
1052456 300 0.45066795434591744 167187886
1052756 300 0.4388533801580334 167319120
1053056 300 0.42557857769973656 168368991
1053356 300 0.4263276558384547 168368991
1053656 300 0.41455100965759434 168368991
1053956 300 0.4009158911325724 168631458
1054256 300 0.4021485513608428 168500224
1054556 300 0.398526426690079 168500224
1054856 300 0.430404916593503 174389340
1055156 300 0.4047086918349429 184658383
1055456 300 0.3940414398595259 178605225
1055756 300 0.4002900790166813 169287627
1056056 300 0.38835223880597014 169271223
1056356 300 0.38335522388059695 168762692
1056656 300 0.3734465320456541 167844055
1056956 300 0.40054609306409134 167844055
