375881 300 0.5300417910447761 171010070
376181 300 0.5225320456540825 166154421
376481 300 0.5186444249341527 163792212
376781 300 0.5193460930640913 163660979
377081 300 0.5199813871817384 163660979
377381 300 0.5123768217734854 163529745
377681 300 0.5184168568920104 162479875
377981 300 0.5193271290605794 160642602
378281 300 0.51180790166813 160511368
378581 300 0.5322226514486391 160527772
378881 300 0.5210244073748903 160429347
379181 300 0.5312744512730465 160429347
379481 300 0.5234707638279192 160429347
379781 300 0.5289798068481123 162102577
380081 300 0.5414770851624232 184264682
380381 300 0.5309330992098331 170222668
380681 300 0.5355982440737489 161954940
380981 300 0.5259171202809482 161823706
381281 300 0.5229682177348551 176259421
381581 300 0.5072186128182616 161561238
381881 300 0.5199719051799824 161692472
382181 300 0.51308797190518 161561238
382481 300 0.5164446005267779 161446409
382781 300 0.5339768217734855 172880152
383081 300 0.5283160667251975 161856514
383381 300 0.5161980684811238 161840110
383681 300 0.5227596136962247 178900501
383981 300 0.53571202809482 167466758
384281 300 0.5302314310798947 167335524
384581 300 0.5206071992976296 167335524
384881 300 0.5396660228270412 167335524
385181 300 0.5301555750658472 182296175
385481 300 0.535190517998244 173273853
385781 300 0.5321942054433714 173257449
386081 300 0.5298995610184372 185084893
386381 300 0.5112674275680421 173273853
386681 300 0.5302314310798947 173011386
386981 300 0.5104993854258121 173126215
387281 300 0.5103192273924495 175209551
387581 300 0.5208252853380158 180065201
387881 300 0.5351620719929763 173109811
388181 300 0.510622651448639 173109811
388481 300 0.5257559262510975 173159023
388781 300 0.5082995610184372 173159023
389081 300 0.509105531167691 173027790
389381 300 0.520929587357331 173126215
389681 300 0.5338630377524144 175652465
389981 300 0.5296909569798068 181279113
390281 300 0.5191754170324846 173405086
390581 300 0.5254525021949078 173405086
390881 300 0.5317580333625987 173388682
391181 300 0.5201425812115891 173241045
391481 300 0.526713608428446 173109811
391781 300 0.5312365232660229 173109811
392081 300 0.5179048287971906 173913618
392381 300 0.5348681299385425 191745007
392681 300 0.529397014925373 184806021
392981 300 0.523508691834943 172207578
393281 300 0.5314356453028972 172223983
393581 300 0.5312649692712906 172092749
393881 300 0.5265050043898155 170911645
394181 300 0.5364516242317823 168926734
394481 300 0.529406496927129 168926734
394781 300 0.5209390693590868 168926734
395081 300 0.5255757682177349 175357189
395381 300 0.535332748024583 189546841
395681 300 0.5188909569798068 172223983
395981 300 0.5099968393327481 172371621
396281 300 0.5364421422300264 172371621
396581 300 0.5091150131694469 172355217
396881 300 0.5213847234416155 172371621
397181 300 0.5108122914837576 172240387
397481 300 0.5319571553994732 172109153
397781 300 0.5429467954345918 178391970
398081 300 0.5215743634767339 178654438
398381 300 0.5033309920983319 172880152
398681 300 0.5350482879719051 170517943
398981 300 0.5410598770851623 169730541
399281 300 0.5244948200175592 169878179
399581 300 0.5229018437225637 169746945
399881 300 0.535958560140474 169993008
400181 300 0.5490057945566286 186790932
400481 300 0.5442173836698858 185248935
400781 300 0.5343940298507462 170813220
401081 300 0.527225636523266 169484478
401381 300 0.5130121158911325 167745630
401681 300 0.5232621597892888 167614396
401981 300 0.5218967515364356 167483163
402281 300 0.5338345917471466 170239072
402581 300 0.543297629499561 180737774
402881 300 0.5065548726953467 173142619
403181 300 0.5023827919227392 173142619
403481 300 0.5114570676031607 172486450
403781 300 0.30931975417032487 170403114
404081 300 0.266100790166813 169878179
404381 300 0.2106310798946444 167499567
404681 300 0.17477014925373133 182607855
404981 300 0.1612488147497805 181672815
405281 300 0.1551708516242318 172355217
405581 300 0.15826198419666374 170255476
405881 300 0.15665004389815632 169336840
406181 300 0.15177629499561018 168155736
406481 300 0.15385285338015806 166449696
406781 300 0.1522124670763828 167762034
407081 300 0.16037647058823526 189415608
407381 300 0.1604238805970149 175767295
407681 300 0.15354942932396837 168057310
407981 300 0.1568776119402985 167926077
408281 300 0.15173836698858648 167926077
408581 300 0.1538718173836699 167909672
408881 300 0.15127374890254608 167909672
409181 300 0.15742756804214222 168319778
409481 300 0.158356804214223 168057310
409781 300 0.15552168568920108 167926077
410081 300 0.15083757682177348 168057310
410381 300 0.14988937664618085 168040906
410681 300 0.15606215978928883 168057310
410981 300 0.15854644424934153 168172140
411281 300 0.16794310798946444 187742377
411581 300 0.16722247585601405 181164284
411881 300 0.15338823529411766 173306661
412181 300 0.1536537313432836 173159023
412481 300 0.15262967515364356 173175427
412781 300 0.1487894644424934 173290257
413081 300 0.14822054433713783 171075687
413381 300 0.15490535557506585 174487765
413681 300 0.17078770851624234 186561273
413981 300 0.15002212467076384 179737116
414281 300 0.1453190517998244 174094064
414581 300 0.1497187006145742 173962830
414881 300 0.1471964881474978 173831596
415181 300 0.14984196663740124 172256791
415481 300 0.15165302897278313 170960857
415781 300 0.15194697102721685 172634088
416081 300 0.16031957857769974 181689219
416381 300 0.1546683055311677 173290257
416681 300 0.15061949078138717 167762034
416981 300 0.15193748902546092 167893268
417281 300 0.14660860403863038 168024502
417581 300 0.1502307287093942 167876864
417881 300 0.1508470588235294 167893268
418181 300 0.1567353819139596 167811247
418481 300 0.17474170324846353 176341443
418781 300 0.16966883230904303 180245647
419081 300 0.1588972783143108 173700363
419381 300 0.16147638279192272 173159023
419681 300 0.15924811237928008 170157051
419981 300 0.1593713784021071 167794843
420281 300 0.15439332748024584 167663609
420581 300 0.15371062335381916 167663609
420881 300 0.17354697102721686 188661013
421181 300 0.16374258121158908 195731233
421481 300 0.15588200175592626 172912960
421781 300 0.15289517120280952 172650492
422081 300 0.15906795434591747 169763349
422381 300 0.15501913959613695 169369648
422681 300 0.1559768217734855 166876206
422981 300 0.1552467076382792 166482505
423281 300 0.15523722563652326 166088803
423581 300 0.16574328358208956 173044194
423881 300 0.16599929762949958 183542896
424181 300 0.1601299385425812 171469389
424481 300 0.1556165057067603 171354559
424781 300 0.15473467954345918 171338155
425081 300 0.15680175592625112 169746945
425381 300 0.15475364354697105 165957570
425681 300 0.15696294995610183 163316490
425981 300 0.15681123792800702 163447724
426281 300 0.16580017559262508 171075687
426581 300 0.16475715539947325 176325038
426881 300 0.16057559262510976 171699048
427181 300 0.155398419666374 170780411
427481 300 0.15512344161545216 168943138
427781 300 0.15123582089552237 168811905
428081 300 0.15631817383669885 164628828
428381 300 0.15454503950834067 163300086
428681 300 0.1627564530289728 171174112
428981 300 0.16408393327480247 185363764
429281 300 0.15663107989464445 171977919
429581 300 0.15284776119402987 171846685
429881 300 0.15741808604038632 171715452
430181 300 0.15957998244073748 171042879
430481 300 0.16292712906057943 169090776
430781 300 0.1634770851624232 168155736
431081 300 0.16446321334503952 166187229
431381 300 0.1668526777875329 184838830
431681 300 0.16000667251975417 177620972
431981 300 0.1588972783143108 172240387
432281 300 0.1654398595258999 172240387
432581 300 0.16551571553994734 168828309
432881 300 0.16208323090430202 166334867
433181 300 0.16046180860403864 164628828
433481 300 0.16227287093942053 163710192
433781 300 0.1756614574187884 174602595
434081 300 0.16866374012291485 173815192
434381 300 0.16616049165935032 171715452
434681 300 0.16331589113257242 171305346
434981 300 0.1609548726953468 171567814
435281 300 0.16232028094820017 171436580
435581 300 0.16137208077260756 169615711
435881 300 0.1687111501316945 166712164
436181 300 0.18068691834942935 188382142
436481 300 0.1713566286215979 179474649
436781 300 0.16415978928884986 168451012
437081 300 0.16346760316066727 168565841
437381 300 0.2120154521510097 168303373
437681 300 0.5131543459174714 167794843
437981 300 0.543032133450395 167384737
438281 300 0.5448526777875329 167253504
438581 300 0.5532063213345039 173421491
438881 300 0.5593980684811238 185380169
439181 300 0.5610669007901667 180130818
439481 300 0.5393057067603161 175406402
439781 300 0.5581748902546092 175521231
440081 300 0.5467111501316944 173552725
440381 300 0.5467585601404741 172256791
440681 300 0.5318338893766462 170304688
440981 300 0.5439329236172081 169894583
441281 300 0.5557854258121159 182361792
441581 300 0.5474697102721685 186183976
441881 300 0.5270075504828797 175685274
442181 300 0.5367076382791922 175554040
442481 300 0.5301271290605795 175685274
442781 300 0.5318528533801581 175931337
443081 300 0.5373334503950834 175554040
443381 300 0.5376084284460052 175554040
443681 300 0.5476688323090431 181197092
443981 300 0.5320235294117647 175291572
444281 300 0.5411452151009657 173323066
444581 300 0.5363757682177348 173060598
444881 300 0.5288565408252853 172666897
445181 300 0.5259929762949956 171600622
445481 300 0.5407280070237049 171075687
445781 300 0.5284677787532923 171206921
446081 300 0.5628305531167691 184724000
446381 300 0.5419322212467076 178703650
446681 300 0.5365464442493415 171354559
446981 300 0.5286669007901668 188283716
447281 300 0.5256231782265145 175947741
447581 300 0.524134503950834 175931337
447881 300 0.5188340649692712 175800103
448181 300 0.5413158911325724 175800103
448481 300 0.5570844600526778 187086208
448781 300 0.537902370500439 173175427
449081 300 0.5369731343283582 172912960
449381 300 0.5232337137840211 171092091
449681 300 0.5295202809482001 170698390
449981 300 0.5259740122914838 170698390
450281 300 0.539059174714662 170567156
450581 300 0.5320709394205443 170304688
450881 300 0.543563125548727 180934624
451181 300 0.5259740122914838 180934624
451481 300 0.518227216856892 169779754
451781 300 0.526713608428446 167532375
452081 300 0.52542405618964 167007440
452381 300 0.5302788410886743 166744972
452681 300 0.5271971905179982 166613739
452981 300 0.5418279192273925 166613739
453281 300 0.5386988586479368 172912960
453581 300 0.5331234416154522 188004844
453881 300 0.519640035118525 175275168
454181 300 0.5272351185250219 175029105
454481 300 0.5335785776997366 173060598
454781 300 0.533787181738367 172141962
455081 300 0.5397608428446006 172404429
455381 300 0.5310374012291484 172388025
455681 300 0.5323364354697102 172388025
455981 300 0.5544484635645303 187742377
456281 300 0.5371627743634767 176325038
456581 300 0.5373524143985953 170288284
456881 300 0.5358921861281826 176193804
457181 300 0.5385755926251098 169500882
457481 300 0.5293875329236173 169238414
457781 300 0.5318433713784021 168975946
458081 300 0.5350956979806848 165973974
458381 300 0.5297099209833187 169254819
458681 300 0.5464646180860403 163874233
458981 300 0.5395427568042142 163726596
459281 300 0.5429847234416154 163726596
459581 300 0.5294349429323969 163726596
459881 300 0.5269506584723441 163726596
460181 300 0.5307339771729587 163726596
460481 300 0.5300133450395083 164120297
460781 300 0.536100790166813 169500882
461081 300 0.5445113257243196 181180688
461381 300 0.5247318700614574 164792870
461681 300 0.5412589991220368 164661636
461981 300 0.5192702370500438 164530402
462281 300 0.5240586479367866 164530402
462581 300 0.529928007023705 164513998
462881 300 0.5289703248463564 164513998
463181 300 0.5163592625109745 164513998
463481 300 0.5362904302019315 170009413
463781 300 0.5440087796312554 183034365
464081 300 0.5334742756804214 178178715
464381 300 0.5208347673397717 175291572
464681 300 0.5155058823529411 186840145
464981 300 0.5196969271290606 175668870
465281 300 0.5265239683933275 175160338
465581 300 0.5011122036874451 172912960
465881 300 0.5184263388937664 173716767
466181 300 0.5326114135206321 176849973
466481 300 0.5244663740122915 170567156
466781 300 0.5228923617208078 168844713
467081 300 0.5148705882352941 168319778
467381 300 0.5082142230026339 168319778
467681 300 0.5136948200175593 167958885
467981 300 0.5247603160667251 167926077
468281 300 0.5214036874451273 168861117
468581 300 0.526969622475856 183182003
468881 300 0.5076073748902545 174372936
469181 300 0.5251870061457419 168861117
469481 300 0.5166342405618964 168598650
469781 300 0.515145566286216 168598650
470081 300 0.5145102721685689 167155078
470381 300 0.5072375768217735 166088803
470681 300 0.5198012291483758 165973974
470981 300 0.4908906057945567 165695102
471281 300 0.52363195785777 165727911
471581 300 0.5142068481123793 165842740
471881 300 0.5136568920105355 165842740
472181 300 0.5161885864793678 165711507
472481 300 0.5106510974539069 165711507
472781 300 0.5313977172958736 185002872
473081 300 0.5144818261633011 181984495
473381 300 0.520275329236172 176210209
473681 300 0.5150602282704126 176078975
473981 300 0.5174212467076382 176226613
474281 300 0.5071048287971905 176472676
474581 300 0.5196969271290606 176210209
474881 300 0.5211192273924494 177260079
475181 300 0.5223708516242318 191302093
475481 300 0.5098356453028973 182378196
475781 300 0.5144249341527656 177260079
476081 300 0.5270644424934153 176751548
476381 300 0.5298331870061457 174651808
476681 300 0.5150886742756804 174783042
476981 300 0.49522388059701494 174783042
477281 300 0.5004484635645303 174651808
477581 300 0.5111157155399473 179113756
477881 300 0.5172410886742757 189858522
478181 300 0.4998036874451273 179622287
478481 300 0.49636172080772606 176341443
478781 300 0.506147146619842 173323066
479081 300 0.5075315188762072 169910988
479381 300 0.5026862159789289 168352586
479681 300 0.4845566286215979 168204948
479981 300 0.5121113257243196 169681328
480281 300 0.5289703248463564 187791589
480581 300 0.5019466198419665 179113756
480881 300 0.5123578577699737 174914275
481181 300 0.5154774363476734 175307976
481481 300 0.5153446883230904 174520574
481781 300 0.519128007023705 172814535
482081 300 0.5153541703248463 172552067
482381 300 0.5284203687445127 171895898
482681 300 0.535190517998244 183444471
482981 300 0.5386230026338894 174520574
483281 300 0.5036344161545215 167171482
483581 300 0.5028853380158034 167040249
483881 300 0.4885580333625988 166777781
484181 300 0.4919525899912203 166909015
484481 300 0.4971961369622476 167171482
484781 300 0.5010458296751535 170058625
485081 300 0.5175919227392449 185150510
485381 300 0.5101485513608428 177030420
485681 300 0.5225604916593504 173224640
485981 300 0.5161316944688322 178195120
486281 300 0.5081383669885865 169648520
486581 300 0.5136663740122914 169533690
486881 300 0.5085271290605795 168877521
487181 300 0.5106131694468833 169025160
487481 300 0.5126517998244073 168729883
487781 300 0.5094563652326601 166121612
488081 300 0.5094374012291483 164136701
488381 300 0.5114949956101843 163234469
488681 300 0.5073039508340649 163218065
488981 300 0.5211287093942054 163086831
489281 300 0.519649517120281 162955597
489581 300 0.5220389815627744 168073714
489881 300 0.5286289727831431 168992351
490181 300 0.5219157155399473 164153106
490481 300 0.5268842844600526 164021872
490781 300 0.5135715539947322 164153106
491081 300 0.5079107989464443 164021872
491381 300 0.49711079894644417 164021872
491681 300 0.4909569798068481 164021872
491981 300 0.520550307287094 171633430
492281 300 0.5154110623353818 185281744
492581 300 0.238328007023705 175045509
492881 300 0.15153924495171203 174930679
493181 300 0.1487041264266901 174799446
493481 300 0.1468266900790167 174668212
493781 300 0.14794556628621597 174126873
494081 300 0.1491782265144864 172420833
494381 300 0.1547062335381914 176095379
494681 300 0.1650036874451273 188825056
494981 300 0.15026865671641793 180951029
495281 300 0.1479929762949956 176899186
495581 300 0.15360632133450397 176636718
495881 300 0.1480593503072871 175078317
496181 300 0.1489222124670764 169550094
496481 300 0.14647585601404742 167187886
496781 300 0.14463634767339772 167302716
497081 300 0.15691553994732219 182788302
497381 300 0.15536997366110625 182000899
497681 300 0.14734820017559264 175176742
497981 300 0.1482774363476734 187775185
498281 300 0.1442001755926251 172568472
498581 300 0.14482598770851624 169796158
498881 300 0.1415262510974539 168877521
499181 300 0.14371659350307286 164546807
499481 300 0.16348656716417911 178326354
499781 300 0.15763617208077263 169796158
500081 300 0.14617243195785776 169812562
500381 300 0.14391571553994734 178851288
500681 300 0.14743353819139596 172306004
500981 300 0.1468266900790167 170731198
501281 300 0.14237014925373134 166777781
501581 300 0.14456997366110622 166909015
501881 300 0.15114100087796312 174947083
502181 300 0.15207023705004388 170731198
502481 300 0.1408056189640035 170468731
502781 300 0.1441622475856014 170337497
503081 300 0.1421710272168569 169139989
503381 300 0.14273046532045655 165875549
503681 300 0.14331834942932395 165498252
503981 300 0.1458215978928885 165990378
504281 300 0.1571620719929763 180311264
504581 300 0.1489222124670764 170977262
504881 300 0.14740509218612818 165859144
505181 300 0.14879894644424935 165990378
505481 300 0.14949113257243196 165859144
505781 300 0.14653274802458296 166039591
506081 300 0.14699736611062336 166302058
506381 300 0.1490739244951712 166449696
506681 300 0.1548294995610184 172355217
506981 300 0.16169446883230904 184297490
507281 300 0.1545545215100966 180229243
507581 300 0.1468266900790167 174323723
507881 300 0.14908340649692714 169845370
508181 300 0.1495480245829675 169861774
508481 300 0.14651378402107113 169582903
508781 300 0.14908340649692714 169845370
509081 300 0.15694398595259 174471361
509381 300 0.1665587357330992 185626232
509681 300 0.15456400351185254 176308634
509981 300 0.14702581211589114 173159023
510281 300 0.15068586479367868 172765322
510581 300 0.1437260755048288 172109153
510881 300 0.1450345917471466 169057968
511181 300 0.14428551360842845 167909672
511481 300 0.14731027216856893 168713479
511781 300 0.1623297629499561 187069804
512081 300 0.1480972783143108 177752206
512381 300 0.14437085162423177 171436580
512681 300 0.14787919227392451 171452984
512981 300 0.14645689201053555 171436580
513281 300 0.1511315188762072 170517943
513581 300 0.15117892888498685 166728568
513881 300 0.15380544337137841 163825021
514181 300 0.16031957857769974 184822425
514481 300 0.15304688323090432 180918220
514781 300 0.1546019315188762 175143934
515081 300 0.15182370500438983 174865062
515381 300 0.15440280948200175 174471361
515681 300 0.14677928007023705 171584218
515981 300 0.15050570676031605 168565841
516281 300 0.15440280948200175 167384737
516581 300 0.15740860403863038 170534348
516881 300 0.16333485513608428 174865062
517181 300 0.1555690956979807 167909672
517481 300 0.15212712906057943 166466101
517781 300 0.15368217734855139 166334867
518081 300 0.1531227392449517 165941166
518381 300 0.15375803336259877 165678698
518681 300 0.15618542581211592 165809932
518981 300 0.1559009657594381 165957570
519281 300 0.16506057945566285 172502854
519581 300 0.16160913081650571 188136078
519881 300 0.1554647936786655 175800103
520181 300 0.15677330992098332 173848000
520481 300 0.16383740122914836 172109153
520781 300 0.1598739244951712 171584218
521081 300 0.15740860403863038 167007440
521381 300 0.15063845478489904 165284997
521681 300 0.15719051799824407 163595362
521981 300 0.17001018437225637 166220037
522281 300 0.16949815627743636 190514691
522581 300 0.17121439859525903 188956290
522881 300 0.4510756804214222 177145249
523181 300 0.5189099209833187 177145249
523481 300 0.5045162423178227 177128845
523781 300 0.5119975417032484 176882782
524081 300 0.4963143107989464 176866378
524381 300 0.5057963125548727 176866378
524681 300 0.49756593503072866 176751548
524981 300 0.5032361720807725 182919535
525281 300 0.5218872695346796 189612458
525581 300 0.5183978928884986 182132133
525881 300 0.5019086918349429 173618341
526181 300 0.5052179104477611 170353902
526481 300 0.4995476733977173 169943796
526781 300 0.5027146619841967 169943796
527081 300 0.49519543459174714 169287627
527381 300 0.49246461808604036 167302716
527681 300 0.4874770851624232 167450354
527981 300 0.49633327480245826 179917563
528281 300 0.48478419666374006 187397888
528581 300 0.47706584723441614 178752863
528881 300 0.47450570676031606 178621629
529181 300 0.4708741000877963 178490395
529481 253 0.48222405618964 178227928
529734 47 0.3566254609306409 178096694
529781 137 0.34468762071992975 176521889
529918 3 0.34337910447761194 101062467
529921 9 0.3415301141352063 101062467
529930 151 0.35273784021071114 116449627
530081 300 0.3816200175592625 163989063
530381 300 0.4426461808604038 171797473
530681 300 0.45062054433713783 171010070
530981 300 0.44859139596136965 179392628
531281 300 0.41914029850746265 168122927
531581 177 0.43428305531167694 167204290
531758 123 0.33742440737489027 167204290
531881 61 0.319977524143986 165645889
531942 4 0.3252021071115014 95993562
531946 1 0.3170665496049166 91367572
531947 8 0.3170665496049166 91367572
531955 1 0.3170665496049166 91367572
531956 1 0.3170665496049166 91367572
531957 224 0.34084741000877966 124963419
532181 300 0.4125977172958736 160134071
532481 184 0.4314669007901668 160412943
532665 116 0.29729657594381037 160281709
532781 68 0.30052045654082526 158575670
532849 2 0.314316769095698 85740924
532851 1 0.2962820017559263 85740924
532852 10 0.2962820017559263 85740924
532862 1 0.2962820017559263 85757328
532863 1 0.2962820017559263 85757328
532864 210 0.32093520632133454 119992939
533074 7 0.23188024582967517 119992939
533081 179 0.30047304653204565 153457552
533260 4 0.29952484635645305 81935144
533264 2 0.29764741000877964 81935144
533266 10 0.29764741000877964 81935144
533276 105 0.3135961369622476 94057864
533381 300 0.350955223880597 159166222
533681 300 0.40175978928884987 167630800
533981 300 0.379249517120281 155294826
534281 300 0.3821415276558384 153473957
534581 300 0.3796477611940299 153703616
534881 300 0.36658156277436343 153851254
535181 300 0.3664772607550483 153687211
535481 300 0.3620017559262511 153818445
535781 300 0.37616786654960493 159871603
536081 300 0.37345601404740997 173782384
536381 300 0.36083546971027214 173782384
536681 300 0.35008287971905183 166302058
536981 300 0.3449720807726076 161840110
537281 300 0.33695978928884984 157771863
537581 300 0.348641615452151 155015953
537881 300 0.3423266022827041 155672122
538181 300 0.3543213345039508 155540889
538481 300 0.35188446005267776 162627513
538781 300 0.3477313432835821 171551410
539081 300 0.34314205443371376 156590759
539381 300 0.3466503950834065 156590759
539681 300 0.34298086040386305 156754801
539981 300 0.3565496049165935 156607163
540281 300 0.33698823529411764 156607163
540581 300 0.3355564530289728 156738397
540881 300 0.34203266022827045 156344695
541181 300 0.3451996488147498 156475929
541481 300 0.34155856014047414 156344695
541781 300 0.338875153643547 156213462
542081 300 0.3449815627743635 156607163
542381 300 0.34922949956101845 156607163
542681 300 0.39467673397717296 156344695
542981 300 0.3525671641791045 156213462
543281 300 0.4140389815627744 174454957
543581 300 0.36533942054433716 184166256
543881 300 0.3503957857769974 173388682
544181 300 0.3274019315188762 170386710
544481 300 0.3345134328358209 170239072
544781 300 0.3264916593503073 168795500
545081 300 0.3246237050043898 164874891
545381 300 0.3231160667251976 162381450
545681 300 0.32193081650570676 162496279
545981 300 0.33066374012291483 179556670
546281 300 0.32353327480245825 177194462
546581 300 0.3184698858647937 169714137
546881 300 0.32854925373134325 169599307
547181 300 0.33403933274802455 174176085
547481 300 0.3228410886742757 165645889
547781 300 0.32436769095697976 159346668
548081 300 0.3300094820017559 158706904
548381 300 0.3357650570676032 159363072
548681 300 0.316753643546971 169205606
548981 300 0.32145671641791046 166974631
549281 300 0.31259104477611943 163825021
549581 300 0.22785039508340654 84051288
549881 69 0.2332456540825285 84051288
549950 231 0.2985197541703249 163152448
550181 107 0.21486005267778752 81820314
550288 193 0.3031469710272168 163152448
550481 300 0.30878876207199296 159740370
550781 300 0.3037253731343284 159330264
551081 300 0.32635891132572437 173388682
551381 300 0.31757857769973663 191876241
551681 300 0.30474942932396837 176685931
551981 300 0.30657945566286215 175357189
552281 300 0.3156063213345039 173405086
552581 300 0.3164312554872695 171567814
552881 300 0.32071712028094823 170124242
553181 300 0.33095768217734856 165006125
553481 300 0.321390342405619 163710192
553781 300 0.3200154521510096 164103893
554081 300 0.32161791044776117 185888700
554381 300 0.35598068481123796 177210866
554681 131 0.19075680421422303 88464024
554812 169 0.23621352063213344 171059283
554981 300 0.1702377524143986 180754178
555281 300 0.15955153643546974 174454957
555581 300 0.15368217734855139 171436580
555881 300 0.15384337137840212 165793528
556181 300 0.14951957857769974 159740370
556481 300 0.15787322212467078 163546149
556781 282 0.10933485513608428 88939747
557063 18 0.16174187884108868 168926734
557081 300 0.15097980684811238 166302058
557381 300 0.14145039508340648 166433292
557681 300 0.14569833187006145 162250216
557981 300 0.14243652326602282 159740370
558281 300 0.1419244951712028 159609136
558581 300 0.13954451273046534 159494306
558881 300 0.1338647936786655 159510711
559181 300 0.13930746268656716 159888007
559481 300 0.14176330114135205 177719397
559781 300 0.13840667251975416 166695760
560081 300 0.13662405618964005 166712164
560381 300 0.13560948200175593 166318463
560681 300 0.1325942054433714 161741685
560981 300 0.14634310798946443 166991036
561281 300 0.14435188762071993 172634088
561581 300 0.13425355575065848 167237099
561881 300 0.12832730465320455 165006125
562181 300 0.13824547848990343 164218722
562481 300 0.13176927129060578 163054023
562781 300 0.12973064091308165 160954282
563081 300 0.13175030728709394 160970686
563381 300 0.13037541703248465 160429347
563681 300 0.13587497805092186 160839453
563981 300 0.13688955223880597 163332894
564281 300 0.14821106233538192 168975946
564581 300 0.1426451273046532 160954282
564881 300 0.13918419666374013 160823048
565181 300 0.14009446883230903 173552725
565481 300 0.1429675153643547 160560581
565781 300 0.14050219490781388 160183284
566081 300 0.13534398595259 159920816
566381 300 0.1315511852502195 159625540
566681 300 0.13414925373134326 159494306
566981 300 0.13344758560140474 159477902
567281 300 0.14391571553994734 170386710
567581 300 0.14609657594381037 160937878
567881 300 0.13655768217734854 160134071
568181 300 0.13523020193151888 159740370
568481 300 0.14010395083406496 159477902
568781 300 0.13416821773485513 159346668
569081 300 0.1385963125548727 159477902
569381 300 0.13439578577699737 159494306
569681 300 0.13348551360842845 159346668
569981 300 0.13777137840210713 159740370
570281 300 0.13932642669007902 160281709
570581 300 0.15123582089552237 175767295
570881 300 0.14630517998244075 165153763
571181 300 0.1381980684811238 160150475
571481 300 0.1379799824407375 159888007
571781 300 0.137657594381036 160150475
572081 300 0.13375100965759437 159871603
572381 300 0.13083055311676908 159756774
572681 300 0.134699209833187 159625540
572981 300 0.130716769095698 159494306
573281 300 0.13352344161545215 159363072
573581 300 0.1392126426690079 176160996
573881 300 0.12976856892010535 165924762
574181 300 0.1275782265144864 159494306
574481 300 0.12788165057067605 159756774
574781 300 0.12363371378402108 159888007
575081 300 0.12238208955223881 159773178
575381 300 0.12172783143107989 159740370
575681 300 0.12180368744512732 159740370
575981 300 0.1169963125548727 159494306
576281 300 0.12323546971027217 160412943
576581 300 0.12825144863915716 168057310
576881 300 0.11510939420544337 162643917
577181 300 0.11399051799824408 159494306
577481 300 0.11553608428446005 159477902
577781 300 0.11413274802458297 159330264
578081 300 0.11528955223880596 159740370
578381 300 0.11643687445127304 159461498
578681 300 0.1133457418788411 159346668
578981 300 0.1132414398595259 159510711
579281 300 0.11070026338893765 159510711
579581 300 0.11251132572431959 159379477
579881 300 0.11913924495171203 174340128
580181 300 0.11443617208077261 170534348
580481 300 0.11033994732221247 159773178
580781 300 0.11187603160667252 159641944
581081 300 0.10997963125548728 159494306
581381 300 0.11080456540825286 159264647
581681 300 0.11047269534679545 159395881
581981 300 0.1072393327480246 159264647
582281 300 0.10880386303775243 159264647
582581 300 0.1102451273046532 161118324
582881 300 0.12079859525899912 181984495
583181 300 0.11133555750658472 169910988
583481 300 0.10726777875329237 160330921
583781 300 0.11084249341527656 160183284
584081 300 0.10706865671641791 160183284
584381 300 0.10753327480245829 160068454
584681 300 0.10800737489025461 159937220
584981 300 0.10515329236172082 159674753
585281 300 0.1086521510096576 160052050
585581 300 0.10625320456540825 160281709
585881 300 0.10752379280070237 160035646
586181 300 0.11838068481123792 173323066
586481 300 0.11654117647058823 175422806
586781 300 0.10719192273924495 160183284
587081 300 0.10830131694468832 160330921
587381 300 0.11016927129060579 160314517
587681 300 0.10403441615452151 159674753
587981 300 0.10359824407374892 159674753
588281 300 0.10960035118525023 159543519
588581 300 0.10687901668129939 159395881
588881 300 0.1129569798068481 163726596
589181 300 0.12116839332748025 169878179
589481 300 0.10783669885864794 160839453
589781 300 0.10420509218612818 160823048
590081 300 0.10993222124670765 160314517
590381 300 0.1333622475856014 160052050
590681 300 0.10169236172080773 160314517
590981 300 0.11289060579455663 160183284
591281 300 0.11429394205443372 160199688
591581 300 0.1110036874451273 160298113
591881 300 0.11608604038630377 160462155
592181 300 0.12079859525899912 178572417
592481 300 0.11917717295873574 181033050
592781 300 0.11336470588235292 173421491
593081 300 0.11508094820017559 173323066
593381 300 0.11441720807726075 166498909
593681 300 0.11221738366988587 161905727
593981 300 0.11565935030728708 160199688
594281 300 0.11398103599648815 160593389
594581 300 0.1145784021071115 160593389
594881 300 0.1145784021071115 160593389
595181 300 0.110529587357331 160593389
595481 300 0.1241172958735733 173060598
595781 300 0.12152870939420544 188267312
596081 300 0.12076066725197543 181705623
596381 300 0.11737559262510974 173700363
596681 300 0.11866514486391572 171748260
596981 300 0.11614293239683934 168336182
597281 300 0.1176410886742757 163332894
597581 300 0.11390517998244072 160330921
597881 300 0.12209762949956103 160330921
598181 300 0.11672133450395084 160330921
598481 300 0.11915820895522387 160462155
598781 300 0.1257387181738367 176062570
599081 300 0.11882633889376645 166367676
599381 300 0.11541281826163301 160708219
599681 300 0.1196702370500439 160970686
599981 300 0.11978402107111501 160970686
600281 300 0.11648428446005268 160839453
600581 300 0.11688252853380159 160855857
600881 300 0.11904442493415276 160839453
601181 300 0.11708165057067603 160855857
601481 300 0.1203244951712028 162693130
601781 300 0.13212010535557506 174635403
602081 300 0.118115188762072 166351271
