825728 168 0.11727129060579455 175029105
825896 2 0.11772642669007902 100882020
825898 1 0.11453099209833187 100882020
825899 8 0.11453099209833187 100882020
825907 83 0.1304797190517998 113447655
825990 300 0.12792906057945566 160494964
826290 300 0.14637155399473223 169746945
826590 300 0.15310377524143984 170288284
826890 300 0.15508551360842845 170157051
827190 244 0.1072393327480246 87364941
827434 56 0.15117892888498685 170452327
827490 275 0.17010500438981566 181492368
827765 5 0.12105460930640914 173241045
827770 3 0.12150026338893766 168024502
827773 1 0.11986935908691834 168024502
827774 9 0.11986935908691834 168024502
827783 7 0.13157014925373134 172125558
827790 161 0.11532748024582967 178211524
827951 3 0.11276733977172959 104589375
827954 1 0.11276733977172959 104589375
827955 10 0.11276733977172959 104589375
827965 1 0.11276733977172959 104589375
827966 124 0.1261369622475856 121846617
828090 300 0.14133661106233536 160117667
828390 71 0.17130921861281828 162627513
828461 51 0.11628516242317821 155737740
828512 2 0.12020122914837576 153982488
828514 10 0.11563090430201932 153982488
828524 121 0.11716698858647936 161495622
828645 3 0.1167118525021949 84592628
828648 9 0.11393362598770851 84592628
828657 33 0.12455346795434592 94910884
828690 235 0.13081158911325724 130688492
828925 5 0.08883476733977172 128096625
828930 3 0.08902440737489027 123191763
828933 1 0.08732712906057946 123191763
828934 9 0.08732712906057946 123191763
828943 47 0.0907027216856892 129753451
828990 119 0.1086900790166813 154195743
829109 3 0.10607304653204566 79523723
829112 10 0.10607304653204566 79523723
829122 168 0.1195185250219491 100914829
829290 300 0.1415262510974539 147929329
829590 300 0.14855241439859526 150586813
829890 300 0.15748446005267777 174061255
830190 300 0.15438384547848988 172535663
830490 300 0.15331237928007022 162168195
830790 300 0.14844811237928007 159149818
831090 300 0.14806883230904302 157033673
831390 300 0.14790763827919226 154704273
831690 300 0.151283230904302 154441806
831990 300 0.15382440737489025 154983145
832290 300 0.16682423178226516 169435265
832590 300 0.1585748902546093 166580930
832890 300 0.1510935908691835 155163592
833190 300 0.1534451273046532 155294826
833490 300 0.1534546093064091 155163592
833790 300 0.152060755048288 154868316
834090 300 0.15057208077260756 154737082
834390 300 0.15736119402985077 173355874
834690 300 0.1548294995610184 163136044
834990 300 0.15515188762071994 163021214
835290 300 0.15675434591747148 162496279
835590 300 0.15722844600526778 156459525
835890 300 0.15381492537313432 156721993
836190 300 0.15832835820895522 156082228
836490 300 0.16261422300263392 155721335
836790 300 0.16602774363476738 156361100
837090 300 0.16413134328358212 156229866
837390 300 0.16332537313432835 156000207
837690 300 0.1565457418788411 156115036
837990 300 0.17587954345917473 170665582
838290 300 0.1706075504828797 180508115
838590 300 0.16021527655838455 172027132
838890 300 0.16223494293239685 170304688
839190 300 0.1673172958735733 164825679
839490 300 0.16498472344161544 160396539
839790 300 0.16982054433713784 158706904
840090 300 0.16762071992976293 156475929
840390 300 0.1674215978928885 156869631
840690 300 0.1690809482001756 156475929
840990 300 0.1688249341527656 156344695
841290 300 0.17350904302019313 162889980
841590 300 0.17787076382791925 168286969
841890 300 0.16806637401229152 162118982
842190 300 0.17194451273046532 156771205
842490 300 0.1691947322212467 156623568
842790 300 0.17232379280070237 168828309
843090 300 0.16714661984196663 154933933
843390 300 0.16551571553994734 170288284
843690 300 0.16588551360842846 156918843
843990 300 0.16407445127304654 156771205
844290 300 0.16573380158033363 156771205
844590 300 0.16574328358208956 156508738
844890 300 0.16019631255487268 156639972
845190 300 0.1637141352063213 156508738
845490 300 0.17990939420544338 159789582
845790 300 0.18287726075504832 179786329
846090 300 0.17542440737489023 168073714
846390 300 0.17028516242317823 154294168
846690 300 0.1691947322212467 154589444
846990 300 0.16585706760316066 154179338
847290 300 0.163372783143108 154195743
847590 300 0.16961194029850746 154326976
847890 300 0.16574328358208956 154064509
848190 300 0.1675353819139596 154064509
848490 300 0.17114802458296752 155360442
848790 300 0.17847761194029851 168090118
849090 300 0.17169798068481124 166646547
849390 300 0.17232379280070237 154474614
849690 300 0.16159016681299387 154458210
849990 300 0.16580965759438107 154458210
850290 300 0.1690904302019315 162348641
850590 300 0.16390377524143987 154720678
850890 300 0.161315188762072 154605848
851190 300 0.15724741000877965 154343380
851490 300 0.1612867427568042 154064509
851790 300 0.16812326602282704 157345353
852090 300 0.1679336259877085 157328949
852390 300 0.15913432835820898 154589444
852690 300 0.17204881474978054 154851912
852990 300 0.18490640913081652 156164249
853290 300 0.16665355575065846 155508080
853590 300 0.16215908691834943 155376847
853890 300 0.1652502194907814 155229208
854190 300 0.16022475856014046 154999549
854490 300 0.16037647058823526 154868316
854790 300 0.16461492537313432 164038276
855090 300 0.1668337137840211 170075029
855390 300 0.16046180860403864 155622910
855690 300 0.16277541703248463 155622910
855990 300 0.15689657594381037 155229208
856290 300 0.1587929762949956 155229208
856590 300 0.15676382791922738 155245613
856890 300 0.16117295873573312 155245613
857190 300 0.15936189640035117 155262017
857490 300 0.17099631255487271 166810590
857790 300 0.16552519754170325 179802733
858090 300 0.1662363476733977 160921474
858390 300 0.16269956101843722 158149160
858690 300 0.16700438981562774 158001522
858990 300 0.16269007901668128 158132756
859290 300 0.16174187884108868 158526457
859590 300 0.16350553116769098 158263990
859890 300 0.16573380158033363 158132756
860190 300 0.18485899912203688 171666239
860490 300 0.1792646180860404 167335524
860790 300 0.17715961369622477 157755459
861090 300 0.16963090430201933 157755459
861390 300 0.17498823529411764 157640629
861690 300 0.1697731343283582 157509396
861990 300 0.1687585601404741 157640629
862290 300 0.16505109745390695 157476587
862590 300 0.16866374012291485 157509396
862890 300 0.17770956979806846 174290914
863190 300 0.17243757682177352 164448381
863490 300 0.16814223002633888 158411628
863790 300 0.1686163301141352 158428032
864090 300 0.16866374012291485 158296798
864390 300 0.17163160667251978 158149160
864690 300 0.173916769095698 158149160
864990 300 0.1666914837576822 158165564
865290 300 0.1743150131694469 158050735
865590 300 0.19373415276558384 166449696
865890 300 0.1724565408252853 163431319
866190 300 0.1724660228270413 158165564
866490 300 0.18175838454784898 158854542
866790 300 0.1772828797190518 158198373
867090 300 0.17054117647058825 158313202
867390 300 0.16887234416154523 158706904
867690 300 0.17367971905179982 157886692
867990 300 0.17784231782265147 163660979
868290 300 0.1809713784021071 175209551
868590 300 0.16953608428446007 158821733
868890 300 0.16929903424056192 158444436
869190 300 0.17136611062335383 158985775
869490 300 0.17418226514486393 158854542
869790 300 0.16894820017559262 158460840
870090 300 0.16519332748024582 158706904
870390 300 0.16755434591747148 160412943
870690 300 0.1768846356453029 173913618
870990 300 0.16631220368744512 164596020
871290 300 0.15784477611940298 158296798
871590 300 0.16888182616330116 158428032
871890 300 0.16706128182616328 158165564
872190 300 0.16484249341527657 158181969
872490 300 0.17062651448639157 158198373
872790 300 0.170702370500439 158198373
873090 300 0.1831996488147498 171715452
873390 300 0.17773801580333626 165153763
873690 300 0.16948867427568043 156098632
873990 300 0.17213415276558383 156065824
874290 300 0.17722598770851627 155950994
874590 300 0.17037998244073752 155803356
874890 300 0.17144196663740122 155540889
875190 300 0.1652597014925373 155294826
875490 300 0.16441580333625988 156213462
875790 300 0.18237471466198418 169615711
876090 300 0.17558560140474103 163857829
876390 300 0.16541141352063213 155311230
876690 300 0.16574328358208956 154933933
876990 300 0.16946022827041263 155065166
877290 300 0.1641787532923617 156361100
877590 300 0.16351501316944686 156098632
877890 300 0.16849306409130818 155967399
878190 300 0.1666630377524144 156098632
878490 300 0.17899912203687446 161085516
878790 300 0.17272203687445126 162660321
879090 300 0.16610359964881474 156361100
879390 300 0.16542089552238806 156098632
879690 300 0.16567690956979805 155983803
879990 300 0.223156804214223 156246270
880290 300 0.29558033362598773 156639972
880590 300 0.3069587357330992 156886035
880890 300 0.29866198419666373 158050735
881190 300 0.30931975417032487 163168852
881490 300 0.30505285338015803 163431319
881790 300 0.30230307287093944 158346011
882090 300 0.2965854258121159 158198373
882390 300 0.29716382791922735 157919501
882690 300 0.22606777875329237 158181969
882990 300 0.15815768217734855 157935905
883290 300 0.15456400351185254 157804671
883590 300 0.15339771729587356 157558608
883890 201 0.11834275680421423 77752067
884091 7 0.11838068481123792 77752067
884098 9 0.11834275680421423 77768472
884107 1 0.11834275680421423 77768472
884108 82 0.12113046532045654 85215988
884190 94 0.12439227392449519 93385291
884284 1 0.12439227392449519 93385291
884285 205 0.1419908691834943 123864336
884490 300 0.15757928007023703 159034988
884790 300 0.15696294995610183 155376847
885090 300 0.16038595258999125 155508080
885390 300 0.15685864793678664 156033015
885690 300 0.1565078138718174 155491676
885990 300 0.15745601404741003 155262017
886290 300 0.15707673397717295 155409655
886590 300 0.16195048287971905 158296798
886890 300 0.16598033362598774 181787644
887190 300 0.16051870061457418 171945111
887490 300 0.1600540825285338 160150475
887790 300 0.1569724319578578 160166880
888090 300 0.16569587357330992 159904412
888390 300 0.1591058823529412 159773178
888690 300 0.1593239683933275 159510711
888990 300 0.15804389815627742 159248243
889290 300 0.15933345039508343 159248243
889590 300 0.16926110623353818 171059283
889890 300 0.16353397717295873 169878179
890190 300 0.15887831431079896 159231839
890490 300 0.1548200175592625 158952967
890790 300 0.16014890254609307 174979892
891090 300 0.15548375768217734 159625540
891390 300 0.1645011413520632 159510711
891690 300 0.15959894644424935 159248243
891990 300 0.16146690079016682 159231839
892290 300 0.16927058823529412 171059283
892590 300 0.16596136962247587 159773178
892890 300 0.15751290605794557 159625540
893190 300 0.157588762071993 159641944
893490 300 0.15981703248463566 159773178
893790 300 0.15660263388937667 160035646
894090 300 0.15238314310798948 159904412
894390 300 0.15333134328358208 159904412
894690 300 0.15508551360842845 159658348
894990 300 0.16622686567164183 171863090
895290 300 0.16254784899034241 172912960
895590 300 0.15417524143985953 160691814
895890 300 0.15010746268656716 160708219
896190 300 0.15244003511852502 160445751
896490 300 0.15139701492537316 160183284
896790 300 0.15006005267778752 160183284
897090 300 0.1504393327480246 160314517
897390 300 0.15870763827919224 160314517
897690 300 0.17178331870061458 167532375
897990 300 0.1674500438981563 166088803
898290 300 0.1570482879719052 160052050
898590 300 0.16304091308165058 160052050
898890 300 0.1593713784021071 160314517
899190 300 0.15746549604916596 160330921
899490 300 0.16104969271290606 160314517
899790 300 0.15921018437225637 160445751
900090 300 0.1662363476733977 179474649
900390 300 0.16524073748902546 177768610
900690 300 0.16227287093942053 157689842
900990 300 0.1617134328358209 156639972
901290 300 0.16187462686567164 156771205
901590 300 0.16308832309043023 157033673
901890 300 0.16398911325724322 156902439
902190 300 0.16677682177348552 156525142
902490 300 0.16083160667251975 156656376
902790 300 0.16039543459174713 156525142
903090 300 0.17679929762949956 162955597
903390 300 0.17129973661106232 170304688
903690 300 0.16752589991220368 164267935
903990 300 0.16693801580333628 157312545
904290 300 0.17037998244073752 174012043
904590 300 0.1699912203687445 157197715
904890 300 0.16351501316944686 156935248
905190 300 0.16155223880597014 156804014
905490 300 0.16964986830553117 156820418
905790 300 0.17556663740122916 169304031
906090 300 0.17586057945566286 157739055
906390 300 0.16675785776997365 157607821
906690 300 0.15971273046532045 157214119
906990 300 0.16797155399473224 157082886
907290 300 0.1644252853380158 157082886
907590 300 0.16336330114135206 156968056
907890 300 0.1699438103599649 156836822
908190 300 0.17032309043020194 160002837
908490 300 0.17055065847234419 164727253
908790 300 0.17413485513608432 157919501
909090 300 0.16904302019315187 156820418
909390 300 0.167867251975417 157017269
909690 300 0.1624340649692713 158001522
909990 300 0.16699490781387183 158132756
910290 300 0.16800948200175592 158017926
910590 300 0.16766812993854255 158296798
910890 300 0.17100579455662865 174176085
911190 300 0.16874907813871817 164825679
911490 300 0.16010149253731343 158772520
911790 300 0.16473819139596138 158378819
912090 300 0.16598981562774365 157985118
912390 300 0.16675785776997365 157853884
912690 300 0.16802844600526778 157214119
912990 300 0.17143248463564534 157214119
913290 300 0.17999473222124668 158116351
913590 300 0.19161018437225638 169271223
913890 300 0.17807936786654963 169156393
914190 300 0.16245302897278316 157739055
914490 300 0.16715610184372257 157575012
914790 300 0.16397963125548726 157575012
915090 300 0.16305987708516245 157443778
915390 300 0.20088358208955223 157460183
915690 300 0.5749864793678666 157853884
915990 300 0.5957994732221247 158510053
916290 300 0.6 175029105
916590 300 0.5785422300263389 174914275
916890 300 0.5430700614574188 161397196
917190 300 0.537769622475856 161512026
917490 300 0.545478489903424 173716767
917790 300 0.5157903424056189 161528430
918090 300 0.5224182616330114 161512026
918390 300 0.5189383669885865 161922131
918690 300 0.519128007023705 162315832
918990 300 0.5324122914837577 175045509
919290 300 0.514756804214223 162430662
919590 300 0.4904165057067603 162709534
919890 300 0.49744266900790163 162676725
920190 300 0.49328955223880594 162676725
920490 300 0.500875153643547 176078975
920790 300 0.489563125548727 163086831
921090 300 0.49220860403863037 162939193
921390 300 0.4870788410886743 163070427
921690 300 0.4839497805092186 164382765
921990 300 0.4863202809482001 175800103
922290 300 0.475283230904302 165580273
922590 300 0.47632625109745386 165727911
922890 300 0.45652783143107983 165711507
923190 300 0.46083266022827046 165973974
923490 300 0.4512084284460053 167023844
923790 300 0.4568881474978051 167007440
924090 300 0.45052572431957855 166876206
924390 300 0.44799402985074627 167056653
924690 300 0.460756804214223 178080290
924990 300 0.45465039508340643 178342758
925290 300 0.45066795434591744 167187886
925590 300 0.4388533801580334 167319120
925890 300 0.42557857769973656 168368991
926190 300 0.4263276558384547 168368991
926490 300 0.41455100965759434 168368991
926790 300 0.4009158911325724 168631458
927090 300 0.4021485513608428 168500224
927390 300 0.398526426690079 168500224
927690 300 0.430404916593503 174389340
927990 300 0.4047086918349429 184658383
928290 300 0.3940414398595259 178605225
928590 300 0.4002900790166813 169287627
928890 300 0.38835223880597014 169271223
929190 300 0.38335522388059695 168762692
929490 300 0.3734465320456541 167844055
929790 300 0.40054609306409134 167844055
930090 300 0.3868446005267779 171649835
930390 300 0.3853654082528534 180573732
930690 300 0.371910447761194 167975289
930990 300 0.39347251975417036 163529745
931290 300 0.3906184372256365 177309292
931590 300 0.3887599648814749 163660979
931890 300 0.39559648814749776 163529745
932190 300 0.37064934152765583 163792212
932490 300 0.37365513608428447 165088146
932790 300 0.3782633889376646 174274510
933090 300 0.3810890254609306 163907042
933390 300 0.3676056189640035 163907042
933690 300 0.37131308165057064 163907042
933990 300 0.3649885864793678 163907042
934290 300 0.36271290605794554 163513341
934590 300 0.3661928007023704 162463470
934890 300 0.3685538191395961 162594704
935190 300 0.3742050921861282 162594704
935490 300 0.36801334503950833 162725938
935790 300 0.38348797190517997 175586848
936090 300 0.3819708516242318 174126873
936390 300 0.36525408252853375 162725938
936690 300 0.3624948200175592 162594704
936990 300 0.3644670763827919 162578300
937290 300 0.3590718173836699 162594704
937590 300 0.36364214223002633 162857172
937890 300 0.364580860403863 162857172
938190 300 0.3665910447761194 162857172
938490 300 0.38614293239683933 179261394
938790 300 0.3814777875329236 168910330
939090 300 0.36839262510974535 163398511
939390 300 0.37314310798946443 164563211
939690 300 0.36582300263388934 164169510
939990 300 0.3692839332748024 164300743
940290 300 0.2796695346795435 83624779
940590 101 0.274454433713784 82574908
940691 1 0.2745208077260755 82574908
940692 3 0.2745208077260755 82591312
940695 11 0.274454433713784 82591312
940706 1 0.274454433713784 82591312
940707 173 0.2766068481123793 89694341
940880 1 0.2766068481123793 89694341
940881 9 0.30490114135206325 92089357
940890 300 0.2996481123792801 136561204
941190 300 0.36368007023705 166958227
941490 300 0.3457116769095698 162381450
941790 300 0.34428937664618087 159592732
942090 300 0.35021562774363474 159461498
942390 300 0.34230763827919225 159609136
942690 300 0.3475891132572432 159625540
942990 300 0.3523870061457419 159756774
943290 300 0.33753819139596136 159625540
943590 300 0.3568056189640035 178802076
943890 300 0.34477295873573305 179195777
944190 300 0.337073573309921 162020556
944490 300 0.34072414398595263 162693130
944790 300 0.3415395961369623 162824364
945090 300 0.3470012291483758 162807959
945390 300 0.3436540825285338 162824364
945690 300 0.34017418788410886 162561896
945990 300 0.3423550482879719 161905727
946290 300 0.3458918349429324 168598650
946590 300 0.3414352941176471 179228586
946890 300 0.3348168568920105 162676725
947190 300 0.33144126426690074 162020556
947490 300 0.32774328358208954 184855234
947790 300 0.3260649692712906 170452327
948090 300 0.32174117647058825 168615054
948390 300 0.31972151009657596 166777781
948690 300 0.3248892010535558 167548779
948990 300 0.3190103599648815 184494341
949290 300 0.3182897278314311 166515313
949590 300 0.32458577699736607 165990378
949890 300 0.3158812993854258 165990378
950190 300 0.3156442493415276 166515313
950490 300 0.3234289727831431 167302716
950790 300 0.32598911325724317 183854576
951090 300 0.34189991220368743 186331614
951390 300 0.3320196663740123 176111784
951690 300 0.32614082528533805 170468731
951990 300 0.32908024582967516 170731198
952290 300 0.32908024582967516 168237757
952590 300 0.33463669885864794 166400484
952890 300 0.3324179104477612 166679356
953190 300 0.33122317822651454 167204290
953490 300 0.3545109745390694 183739747
953790 300 0.3467357330992098 183870981
954090 300 0.3407620719929763 176505484
954390 300 0.3323799824407375 175980550
954690 300 0.3370166812993854 172437238
954990 300 0.3417102721685689 165891953
955290 300 0.3428860403863038 162086173
955590 300 0.3314886742756804 162479875
955890 300 0.3417482001755926 162873576
956190 300 0.3535817383669886 171666239
956490 300 0.34105601404741 166400484
956790 300 0.32830272168568925 162725938
957090 300 0.33435223880597015 162725938
957390 300 0.32584688323090427 162725938
957690 300 0.31892502194907807 162725938
957990 300 0.3267097453906936 162332237
958290 300 0.3335841966637401 162332237
958590 300 0.35121123792800696 181902474
958890 300 0.35240597014925373 189514033
959190 300 0.338742405618964 179540266
959490 300 0.33152660228270414 173765980
959790 300 0.35086040386303774 172847343
960090 300 0.34025952589991215 169960200
960390 300 0.3324748024582968 169960200
960690 300 0.32918454784899037 169960200
960990 300 0.33478841088674277 167712822
961290 300 0.35275680421422295 180967433
961590 300 0.3482907813871818 178998927
961890 300 0.32830272168568925 163382107
962190 300 0.33916909569798065 159067797
962490 297 0.2452972783143108 80343934
962787 1 0.2452972783143108 80360338
962788 2 0.2452972783143108 80360338
962790 7 0.26572151009657596 80491572
962797 4 0.26572151009657596 80475168
962801 1 0.26572151009657596 80475168
962802 176 0.26799719051799825 87528984
962978 1 0.26799719051799825 87528984
962979 111 0.2827132572431958 101899082
963090 300 0.2948502194907814 151620280
963390 300 0.32005338015803336 156164249
963690 300 0.3137099209833187 156295483
963990 300 0.30867497805092187 156311887
964290 300 0.3086180860403863 156705589
964590 300 0.2952484635645303 157640629
964890 300 0.30145917471466194 157378162
965190 300 0.3044554872695347 157246928
965490 300 0.2951346795434592 157903097
965790 300 0.30693028972783143 165383422
966090 300 0.31240140474100087 180212839
966390 300 0.3006721685689201 176439868
966690 300 0.2975620719929763 169353244
966990 300 0.2942907813871818 169090776
967290 300 0.29785601404741 169369648
967590 300 0.297723266022827 169369648
967890 300 0.3045787532923618 166876206
968190 300 0.29954381035996486 165301401
968490 300 0.305308867427568 172519258
968790 300 0.2883929762949956 176325038
969090 300 0.1910791922739245 169369648
969390 300 0.15536997366110625 165957570
969690 300 0.15579666374012294 180524519
969990 300 0.15422265144863917 169123585
970290 300 0.1562707638279192 168467416
970590 300 0.1612014047410009 162168195
970890 300 0.15994978050921863 161118324
971190 300 0.16516488147497801 174241702
971490 300 0.16461492537313432 164530402
971790 300 0.16227287093942053 164546807
972090 300 0.16163757682177352 161790897
972390 300 0.15899209833187006 160626198
972690 300 0.15323652326602286 160593389
972990 300 0.1562707638279192 160609794
973290 300 0.15198489903424056 160593389
973590 300 0.1543648814749781 163136044
973890 300 0.16520280948200175 183854576
974190 300 0.15628972783143108 178752863
974490 300 0.15305636523266022 173880809
974790 300 0.1555406496927129 172962172
975090 300 0.15848007023705005 182919535
975390 300 0.15461141352063215 170321093
975690 300 0.15646988586479366 170321093
975990 300 0.1543364354697103 170321093
976290 300 0.155654433713784 170321093
976590 300 0.16866374012291485 187512718
976890 300 0.16692853380158032 169779754
977190 300 0.15968428446005267 169927392
977490 300 0.15401404741000876 168615054
977790 300 0.1594093064091308 166777781
978090 300 0.1544502194907814 167171482
978390 300 0.15446918349429326 166777781
978690 300 0.15454503950834067 166515313
978990 300 0.16039543459174713 165071742
979290 300 0.16647339771729588 178588821
979590 300 0.1630978050921861 165613081
979890 300 0.1588972783143108 159297456
980190 300 0.14774644424934152 159034988
980490 300 0.14768007023705007 159166222
980790 300 0.15081861281826162 159067797
981090 300 0.15246848112379283 159051392
981390 300 0.15048674275680424 159182626
981690 300 0.15016435469710274 159182626
981990 300 0.15537945566286218 165219380
982290 300 0.16162809482001758 178736459
982590 300 0.15416575943810357 177834226
982890 300 0.14669394205443373 172962172
983190 300 0.14306233538191396 172552067
983490 300 0.15306584723441616 185429382
983790 300 0.15384337137840212 166941823
984090 300 0.1534546093064091 166662951
984390 300 0.1496428446005268 166548122
984690 300 0.15117892888498685 166400484
984990 300 0.15593889376646183 172962172
985290 300 0.15967480245829677 176259421
985590 300 0.15445970149253732 170206263
985890 300 0.14445618964003512 167040249
986190 300 0.14394416154521508 166006782
986490 300 0.14709218612818262 165990378
986790 300 0.1503350307287094 166121612
987090 300 0.15356839332748023 164940508
987390 300 0.15516136962247587 162184599
987690 300 0.15215557506584723 160347326
987990 300 0.16177032484635645 179409032
988290 300 0.16185566286215983 180048796
988590 300 0.15668797190517997 173618341
988890 300 0.15670693590869184 186725315
989190 300 0.15115996488147498 167712822
989490 300 0.15360632133450397 163775808
989790 300 0.15370114135206325 163890638
990090 300 0.1549527655838455 164284339
990390 300 0.1582714661984197 174668212
990690 300 0.16428305531167692 160101262
990990 300 0.1551329236172081 160101262
991290 300 0.1504488147497805 159970029
991590 300 0.15831887620719928 160101262
991890 300 0.1550665496049166 160232496
992190 300 0.154241615452151 160101262
992490 300 0.15640351185250223 159970029
992790 300 0.1519943810359965 159838795
993090 300 0.16767761194029848 171518601
993390 300 0.16177980684811238 171535005
993690 300 0.15618542581211592 159445093
993990 300 0.15409938542581214 159445093
994290 300 0.15593889376646183 159313860
994590 300 0.1555690956979807 159182626
994890 300 0.1556828797190518 159182626
995190 300 0.16200737489025463 159182626
995490 300 0.1588972783143108 161676068
995790 300 0.16848358208955225 167597992
996090 300 0.1582050921861282 159313860
996390 300 0.15768358208955227 158788925
996690 300 0.1589731343283582 158805329
996990 300 0.15566391571553995 158936563
997290 300 0.155142405618964 158936563
997590 300 0.15107462686567164 158936563
997890 300 0.15762669007901667 159445093
998190 300 0.16484249341527657 181246305
998490 300 0.16037647058823526 178473991
998790 300 0.15169095697980683 172601280
999090 300 0.15351150131694472 171928707
999390 300 0.15726637401229152 169320435
999690 300 0.15449762949956103 167351929
999990 300 0.1520323090430202 166170825
1000290 300 0.15172888498683054 166039591
1000590 300 0.1558630377524144 167220695
1000890 300 0.16414082528533805 185970721
1001190 300 0.16078419666374014 185445786
1001490 300 0.15905847234416157 168122927
1001790 300 0.1575318700614574 167876864
1002090 300 0.16165654082528533 167614396
1002390 300 0.15705776997366108 167597992
1002690 300 0.15722844600526778 164317147
1002990 300 0.15810079016681297 164218722
1003290 300 0.1610402107111501 165383422
1003590 300 0.16926110623353818 184806021
1003890 300 0.16308832309043023 178900501
1004190 300 0.1627943810359965 171157708
1004490 300 0.16566742756804215 170239072
1004790 300 0.16268059701492535 166958227
1005090 300 0.16306935908691836 166433292
1005390 300 0.24274661984196663 166564526
1005690 300 0.44139455662862165 166958227
1005990 300 0.4686647936786655 167499567
1006290 300 0.48682282704126423 178391970
1006590 300 0.5037766461808604 182197750
1006890 300 0.5042791922739245 176554698
1007190 300 0.5085840210711149 176817165
1007490 300 0.49639964881474974 191121646
1007790 300 0.49369727831431076 176554698
1008090 300 0.5016052677787532 176685931
1008390 300 0.5036344161545215 176554698
1008690 300 0.49705390693590873 176817165
1008990 300 0.5022690079016682 176685931
1009290 300 0.5130690079016681 181393943
1009590 300 0.5315020193151887 182328984
1009890 300 0.517335908691835 173930022
1010190 300 0.5105278314310798 173536320
1010490 300 0.5354370500438982 174192489
1010790 300 0.5196684811237928 172338812
1011090 300 0.5238974539069359 171813877
1011390 300 0.5338156277436347 171830281
1011690 300 0.5241155399473222 171813877
1011990 300 0.5310184372256365 171699048
1012290 300 0.5368972783143108 175619656
1012590 300 0.5524856892010535 186790932
1012890 300 0.5245517120280948 183247620
1013190 300 0.5262869183494293 178408374
1013490 300 0.5205123792800702 177079632
1013790 300 0.4420298507462686 174733828
1014090 300 0.27858858647936785 174323723
1014390 300 0.427702546093064 171830281
1014690 300 0.2775834942932397 171190516
1014990 300 0.3421843722563652 170157051
1015290 300 0.3889306409130816 187201038
1015590 300 0.22848568920105353 170796816
1015890 300 0.19494784899034243 161216749
1016190 300 0.23795820895522388 161200345
1016490 300 0.18722001755926254 161200345
1016790 300 0.18459350307287092 161331579
1017090 300 0.1904628621597893 161347983
1017390 300 0.18650886742756806 161347983
1017690 300 0.1871062335381914 161610451
1017990 300 0.18640456540825281 161479217
1018290 300 0.18653731343283583 177735801
1018590 300 0.18803546971027219 166859802
1018890 300 0.18989394205443372 166728568
1019190 300 0.18945776997366112 166597335
1019490 300 0.20452467076382794 165547464
1019790 300 0.20667708516242317 179064543
1020090 300 0.20122493415276557 167778438
1020390 300 0.1891733099209833 166859802
1020690 300 0.18980860403863037 166728568
1020990 300 0.19401861281826163 166203633
1021290 300 0.1884906057945566 160970686
1021590 300 0.18651834942932397 160429347
1021890 300 0.19180930640913083 160429347
1022190 300 0.18640456540825281 160298113
1022490 300 0.19999227392449517 176439868
1022790 300 0.18977067603160666 182345388
1023090 300 0.1900077260755048 173044194
1023390 300 0.18482107111501317 172634088
1023690 300 0.1915532923617208 172765322
1023990 300 0.18894574187884108 172765322
1024290 300 0.18317120280948201 172650492
1024590 300 0.1839961369622476 171321750
1024890 300 0.18946725197541703 166318463
1025190 300 0.199755223880597 180114414
1025490 300 0.19495733099209836 182082920
1025790 300 0.19319367866549605 167647204
1026090 300 0.18910693590869185 166974631
1026390 300 0.19005513608428445 166876206
1026690 300 0.1896758560140474 164251531
1026990 300 0.19163863037752418 163989063
1027290 300 0.18892677787532922 163726596
1027590 300 0.18843371378402107 161265962
1027890 300 0.19694855136084286 179491053
1028190 300 0.19553573309920982 184986468
1028490 300 0.18820614574187886 173306661
1028790 300 0.18669850746268657 173175427
1029090 300 0.18464091308165057 173044194
1029390 300 0.18935346795434596 173060598
1029690 300 0.18517190517998242 170550752
1029990 300 0.18758981562774363 166613739
1030290 300 0.19215065847234417 166351271
1030590 300 0.21511606672519756 166367676
1030890 300 0.5269411764705881 170813220
1031190 300 0.24781000877963122 182903131
1031490 300 0.5486265144863915 173191832
1031790 300 0.5063178226514485 172273195
1032090 300 0.5504849868305531 172404429
1032390 300 0.5529123792800702 170550752
1032690 300 0.5567431079894645 170157051
1032990 300 0.540851273046532 170304688
1033290 300 0.5540597014925372 170288284
1033590 300 0.41247445127304655 87611005
1033890 41 0.39784372256365225 99946980
1033931 8 0.3978911325724319 99946980
1033939 9 0.39784372256365225 99963384
1033948 173 0.39912379280070237 107558539
1034121 1 0.39912379280070237 107558539
1034122 1 0.39912379280070237 107558539
1034123 67 0.41476909569798065 119435196
1034190 300 0.4360846356453029 158165564
1034490 300 0.32246180860403867 164349956
1034790 300 0.5512151009657594 164481190
1035090 300 0.5463982440737489 164481190
1035390 300 0.5438665496049165 164743657
1035690 300 0.5404909569798068 164760061
1035990 300 0.5393531167690957 164628828
1036290 300 0.5478869183494293 164628828
1036590 300 0.5609246707638279 178277140
1036890 300 0.4875813871817383 174865062
1037190 300 0.2965095697980685 162004152
1037490 300 0.18683125548726956 161380792
1037790 300 0.18831992976294995 180196435
1038090 300 0.23780649692712907 166548122
1038390 300 0.25724460052677783 165498252
1038690 300 0.2437801580333626 163250873
1038990 300 0.2838985074626866 165219380
1039290 300 0.19318419666374012 176882782
1039590 300 0.18035504828797191 167286312
1039890 300 0.1776716417910448 166105208
1040190 300 0.1742770851624232 165859144
1040490 300 0.17287374890254606 165711507
1040790 300 0.17618296751536436 164645232
1041090 300 0.18123687445127304 162611109
1041390 300 0.185740825285338 164989721
1041690 300 0.1768846356453029 169960200
1041990 300 0.17633467954345916 163004810
1042290 300 0.17564249341527655 163119639
1042590 300 0.17412537313432833 163119639
1042890 300 0.18007058823529412 162840768
1043190 300 0.1762777875329236 162857172
1043490 300 0.17785179982440738 162709534
1043790 300 0.1841478489903424 164054680
1044090 300 0.18429956101843725 189743692
1044390 300 0.18492537313432836 180311264
1044690 300 0.1720014047410009 170599965
1044990 300 0.17293064091308163 170075029
1045290 300 0.17580368744512734 168893926
1045590 300 0.1748649692712906 167187886
1045890 300 0.17301597892888498 167335524
1046190 300 0.17301597892888498 167220695
1046490 300 0.17212467076382792 167335524
1046790 300 0.1874760316066725 182673472
1047090 300 0.17693204565408255 172699705
1047390 300 0.16912835820895525 167597992
1047690 300 0.2544474100087796 167712822
1047990 300 0.34548410886742753 167729226
1048290 300 0.21449973661106236 165645889
1048590 300 0.18541843722563653 163546149
1048890 300 0.25124249341527655 163546149
1049190 300 0.48110517998244073 163825021
1049490 300 0.5308382791922739 171567814
1049790 300 0.5440087796312554 184018618
1050090 300 0.5291220368744513 173405086
1050390 300 0.5243146619841966 173126215
1050690 300 0.5296625109745391 173372278
1050990 300 0.5334837576821774 173536320
1051290 300 0.5475076382791922 173126215
1051590 300 0.5391350307287094 173011386
1051890 300 0.5447768217734855 170534348
1052190 300 0.5483610184372255 173011386
1052490 300 0.5568663740122914 180622944
1052790 300 0.5436200175592625 171961515
1053090 300 0.5623469710272168 166712164
1053390 300 0.5519072870939421 166055995
1053690 300 0.5134103599648815 165793528
1053990 300 0.2610279192273925 164497594
1054290 300 0.4783079894644425 162922789
1054590 300 0.1924635645302897 162397854
1054890 300 0.37177769973661107 168040906
1055190 300 0.17547181738366988 166203633
1055490 300 0.16884389815627743 159789582
1055790 300 0.16422616330114134 159395881
1056090 300 0.1724660228270413 159395881
1056390 300 0.1760597014925373 159133413
1056690 300 0.16598981562774365 159002179
1056990 300 0.17272203687445126 159133413
1057290 300 0.17639157155399474 159395881
1057590 300 0.17905601404741 179080948
1057890 300 0.17195399473222125 175012701
1058190 300 0.1611065847234416 170813220
1058490 300 0.1559009657594381 170796816
1058790 300 0.16324951712028096 170025817
1059090 300 0.16092642669007903 167269908
1059390 300 0.16605618964003513 163857829
1059690 300 0.16741211589113258 160970686
1059990 300 0.17050324846356454 160839453
1060290 300 0.17870517998244076 172912960
1060590 300 0.17786128182616331 181049454
1060890 300 0.17509253731343286 171600622
1061190 300 0.1713945566286216 168975946
1061490 300 0.17140403863037754 167926077
1061790 300 0.1659044776119403 165563868
1062090 300 0.16415978928884986 165432635
1062390 300 0.16331589113257242 166613739
1062690 300 0.1823367866549605 185773870
1062990 300 0.16708972783143108 176981207
1063290 300 0.1669569798068481 169238414
1063590 300 0.17137559262510974 168844713
1063890 300 0.16836979806848112 168729883
1064190 300 0.16795258999122037 164776466
1064490 300 0.17126180860403864 161758089
1064790 300 0.169156804214223 160708219
1065090 300 0.18497278314310797 179999584
1065390 300 0.17458999122036872 177374908
1065690 300 0.1699438103599649 171338155
1065990 300 0.17519683933274802 169369648
1066290 300 0.16567690956979805 169238414
1066590 300 0.17134714661984196 166876206
1066890 300 0.1692231782265145 160855857
1067190 300 0.17881896400351185 163480532
1067490 300 0.1869260755048288 175554040
1067790 300 0.17980509218612817 171617026
1068090 300 0.1806489903424056 171748260
1068390 300 0.1831048287971905 166761377
1068690 300 0.1784017559262511 164776466
1068990 300 0.17613555750658472 163201660
1069290 300 0.17613555750658472 159395881
1069590 300 0.17765267778753294 160445751
1069890 300 0.20008709394205446 179097352
1070190 300 0.1911171202809482 176997612
1070490 300 0.19020684811237928 171748260
1070790 300 0.19298507462686568 171748260
1071090 300 0.1887086918349429 171617026
1071390 300 0.18015592625109747 169894583
1071690 300 0.18639508340649694 168828309
1071990 300 0.18740017559262512 166072399
1072290 300 0.19051027216856894 173159023
1072590 300 0.18503915715539948 170025817
1072890 300 0.18514345917471467 160068454
1073190 300 0.19253942054433712 159953625
1073490 300 0.19544091308165057 159838795
1073790 300 0.19423669885864794 159723966
1074090 300 0.18631922739244952 159691157
1074390 300 0.19100333625987706 164415573
1074690 300 0.20760632133450396 181738432
1074990 300 0.19579174714661987 171370963
1075290 300 0.18798805970149254 171370963
1075590 300 0.19127831431079895 171239730
1075890 300 0.1883388937664618 169796158
1076190 300 0.19045338015803337 167565184
1076490 300 0.18868024582967516 167581588
1076790 300 0.19546935908691837 167450354
1077090 300 0.20091202809482 182935940
1077390 300 0.19817172958735735 179655096
1077690 300 0.19144899034240562 170616369
1077990 300 0.18959051799824406 168385395
1078290 300 0.194615978928885 180852604
1078590 300 0.18765618964003514 168122927
1078890 300 0.1874570676031607 165235784
1079190 300 0.1880449517120281 164694445
1079490 300 0.19022581211589112 164825679
1079790 300 0.19017840210711148 175455615
1080090 300 0.18943880597014925 164956912
1080390 300 0.18808287971905183 164825679
1080690 300 0.1849348551360843 164842083
1080990 300 0.1824979806848112 164842083
1081290 300 0.18375908691834944 164842083
1081590 300 0.18369271290605796 164710849
1081890 300 0.18989394205443372 166695760
1082190 300 0.19912941176470592 180458902
1082490 300 0.19190412642669005 174405744
1082790 300 0.19479613696224757 169533690
1083090 300 0.19516593503072868 166892610
1083390 300 0.19199894644424934 166006782
1083690 300 0.18365478489903422 160888665
1083990 300 0.18550377524143988 158001522
1084290 300 0.19074732221246707 158788925
1084590 300 0.21199648814749783 172306004
1084890 300 0.19727093942054433 173355874
1085190 300 0.1937625987708516 170599965
1085490 300 0.19348762071992978 190941200
1085790 300 0.18913538191395965 170337497
1086090 300 0.19334539069359086 166138016
1086390 300 0.19030166812993854 161807302
1086690 300 0.18928709394205445 161807302
1086990 300 0.1990251097453907 180967433
1087290 300 0.20359543459174714 168762692
1087590 300 0.1951564530289728 168762692
1087890 300 0.19286180860403865 167581588
1088190 300 0.20087410008779633 165613081
1088490 300 0.1929945566286216 165350614
1088790 300 0.19037752414398593 165350614
1089090 300 0.18953362598770854 165219380
1089390 300 0.19832344161545215 165481848
1089690 300 0.20806145741878843 174930679
1089990 300 0.20088358208955223 164956912
1090290 300 0.19878805970149255 159313860
1090590 300 0.19961299385425813 159707561
1090890 300 0.1949857769973661 159182626
1091190 300 0.1972614574187884 159313860
1091490 300 0.19500474100087797 159445093
1091790 300 0.19763125548726954 162217407
1092090 300 0.19911044776119405 175340785
1092390 300 0.29835856014047407 171928707
1092690 300 0.5614556628621598 172174770
1092990 300 0.5980087796312554 171781069
1093290 300 0.593694468832309 171387367
1093590 300 0.5968424934152766 171256134
1093890 300 0.5888112379280069 171124900
1094190 300 0.5572172080772607 171518601
1094490 300 0.5516986830553117 187529122
1094790 300 0.5592842844600526 176505484
1095090 300 0.5508547848990343 171288942
1095390 300 0.5609436347673398 187561930
1095690 300 0.5437527655838456 171157708
1095990 300 0.5505039508340649 171157708
1096290 300 0.5472705882352941 171157708
1096590 300 0.5546191395961368 173126215
1096890 300 0.5470525021949079 178375566
1097190 300 0.5468059701492537 171272538
1097490 300 0.5433829675153643 171256134
1097790 300 0.5307150131694469 171272538
1098090 300 0.5328294995610184 171141304
1098390 300 0.5512056189640034 171157708
1098690 300 0.5383195785776997 171157708
1098990 300 0.5445397717295873 173930022
1099290 300 0.5526374012291484 181279113
1099590 300 0.5474791922739245 174176085
1099890 300 0.5475171202809481 172584876
1100190 300 0.543032133450395 171174112
1100490 300 0.5323648814749781 171157708
1100790 300 0.5282686567164179 171141304
1101090 300 0.5383764705882352 171945111
1101390 300 0.5509970149253731 192122304
1101690 300 0.5466163301141352 190022564
1101990 300 0.54625601404741 170485135
1102290 300 0.5415908691834943 170632773
1102590 300 0.5367171202809482 187053400
1102890 300 0.5331803336259877 173257449
1103190 300 0.5403202809482002 173011386
1103490 300 0.5312649692712906 171436580
1103790 300 0.5269222124670764 171010070
1104090 300 0.53596804214223 178621629
1104390 300 0.5649829675153644 169845370
1104690 300 0.5552923617208076 169828966
1104990 300 0.5576818261633012 167729226
1105290 300 0.5405194029850746 166662951
1105590 300 0.5522296751536435 164218722
1105890 300 0.5320804214223003 163677383
1106190 300 0.5440846356453028 165924762
1106490 300 0.5498496927129061 171813877
1106790 300 0.5447294117647059 163677383
1107090 300 0.5323838454784898 163825021
1107390 300 0.5360438981562774 163529745
1107690 300 0.540471992976295 163398511
1107990 300 0.5370110623353819 163529745
1108290 300 0.5389548726953468 163398511
1108590 300 0.5530261633011413 161036303
1108890 300 0.5592179104477611 180852604
1109190 300 0.5393625987708516 176800761
1109490 300 0.5583834942932396 172338812
1109790 300 0.5552923617208076 172076344
1110090 300 0.5434967515364355 171945111
1110390 300 0.5410883230904302 171945111
1110690 300 0.5434967515364355 169304031
1110990 300 0.5406331870061457 166023187
1111290 300 0.553718349429324 185577019
1111590 300 0.5405194029850746 178752863
1111890 300 0.5394194907813872 171928707
1112190 300 0.5457724319578577 169697733
1112490 300 0.5433829675153643 168910330
1112790 300 0.5300512730465321 165891953
1113090 300 0.5308951712028095 164054680
1113390 300 0.5205787532923617 163939851
1113690 300 0.5244474100087796 163923446
1113990 300 0.5300417910447761 171010070
1114290 300 0.5225320456540825 166154421
1114590 300 0.5186444249341527 163792212
1114890 300 0.5193460930640913 163660979
1115190 300 0.5199813871817384 163660979
1115490 300 0.5123768217734854 163529745
1115790 300 0.5184168568920104 162479875
1116090 300 0.5193271290605794 160642602
1116390 300 0.51180790166813 160511368
1116690 300 0.5322226514486391 160527772
1116990 300 0.5210244073748903 160429347
1117290 300 0.5312744512730465 160429347
1117590 300 0.5234707638279192 160429347
1117890 300 0.5289798068481123 162102577
1118190 300 0.5414770851624232 184264682
1118490 300 0.5309330992098331 170222668
1118790 300 0.5355982440737489 161954940
1119090 300 0.5259171202809482 161823706
1119390 300 0.5229682177348551 176259421
1119690 300 0.5072186128182616 161561238
1119990 300 0.5199719051799824 161692472
1120290 300 0.51308797190518 161561238
1120590 300 0.5164446005267779 161446409
1120890 300 0.5339768217734855 172880152
1121190 300 0.5283160667251975 161856514
1121490 300 0.5161980684811238 161840110
1121790 300 0.5227596136962247 178900501
1122090 300 0.53571202809482 167466758
1122390 300 0.5302314310798947 167335524
1122690 300 0.5206071992976296 167335524
1122990 300 0.5396660228270412 167335524
1123290 300 0.5301555750658472 182296175
1123590 300 0.535190517998244 173273853
1123890 300 0.5321942054433714 173257449
1124190 300 0.5298995610184372 185084893
1124490 300 0.5112674275680421 173273853
1124790 300 0.5302314310798947 173011386
1125090 300 0.5104993854258121 173126215
1125390 300 0.5103192273924495 175209551
1125690 300 0.5208252853380158 180065201
1125990 300 0.5351620719929763 173109811
1126290 300 0.510622651448639 173109811
1126590 300 0.5257559262510975 173159023
1126890 300 0.5082995610184372 173159023
1127190 300 0.509105531167691 173027790
1127490 300 0.520929587357331 173126215
1127790 300 0.5338630377524144 175652465
1128090 300 0.5296909569798068 181279113
1128390 300 0.5191754170324846 173405086
1128690 300 0.5254525021949078 173405086
1128990 300 0.5317580333625987 173388682
1129290 300 0.5201425812115891 173241045
1129590 300 0.526713608428446 173109811
1129890 300 0.5312365232660229 173109811
1130190 300 0.5179048287971906 173913618
1130490 300 0.5348681299385425 191745007
1130790 300 0.529397014925373 184806021
1131090 300 0.523508691834943 172207578
1131390 300 0.5314356453028972 172223983
1131690 300 0.5312649692712906 172092749
1131990 300 0.5265050043898155 170911645
1132290 300 0.5364516242317823 168926734
1132590 300 0.529406496927129 168926734
1132890 300 0.5209390693590868 168926734
1133190 300 0.5255757682177349 175357189
1133490 300 0.535332748024583 189546841
1133790 300 0.5188909569798068 172223983
1134090 300 0.5099968393327481 172371621
1134390 300 0.5364421422300264 172371621
1134690 300 0.5091150131694469 172355217
1134990 300 0.5213847234416155 172371621
1135290 300 0.5108122914837576 172240387
1135590 300 0.5319571553994732 172109153
1135890 300 0.5429467954345918 178391970
1136190 300 0.5215743634767339 178654438
1136490 300 0.5033309920983319 172880152
1136790 300 0.5350482879719051 170517943
1137090 300 0.5410598770851623 169730541
1137390 300 0.5244948200175592 169878179
1137690 300 0.5229018437225637 169746945
1137990 300 0.535958560140474 169993008
1138290 300 0.5490057945566286 186790932
1138590 300 0.5442173836698858 185248935
1138890 300 0.5343940298507462 170813220
1139190 300 0.527225636523266 169484478
1139490 300 0.5130121158911325 167745630
1139790 300 0.5232621597892888 167614396
1140090 300 0.5218967515364356 167483163
1140390 300 0.5338345917471466 170239072
1140690 300 0.543297629499561 180737774
1140990 300 0.5065548726953467 173142619
1141290 300 0.5023827919227392 173142619
1141590 300 0.5114570676031607 172486450
1141890 300 0.30931975417032487 170403114
1142190 300 0.266100790166813 169878179
1142490 300 0.2106310798946444 167499567
1142790 300 0.17477014925373133 182607855
1143090 300 0.1612488147497805 181672815
1143390 300 0.1551708516242318 172355217
1143690 300 0.15826198419666374 170255476
1143990 300 0.15665004389815632 169336840
1144290 300 0.15177629499561018 168155736
1144590 300 0.15385285338015806 166449696
1144890 300 0.1522124670763828 167762034
1145190 300 0.16037647058823526 189415608
1145490 300 0.1604238805970149 175767295
1145790 300 0.15354942932396837 168057310
1146090 300 0.1568776119402985 167926077
1146390 300 0.15173836698858648 167926077
1146690 300 0.1538718173836699 167909672
1146990 300 0.15127374890254608 167909672
1147290 300 0.15742756804214222 168319778
1147590 300 0.158356804214223 168057310
1147890 300 0.15552168568920108 167926077
1148190 300 0.15083757682177348 168057310
1148490 300 0.14988937664618085 168040906
1148790 300 0.15606215978928883 168057310
1149090 300 0.15854644424934153 168172140
1149390 300 0.16794310798946444 187742377
1149690 300 0.16722247585601405 181164284
1149990 300 0.15338823529411766 173306661
1150290 300 0.1536537313432836 173159023
1150590 300 0.15262967515364356 173175427
1150890 300 0.1487894644424934 173290257
1151190 300 0.14822054433713783 171075687
1151490 300 0.15490535557506585 174487765
1151790 300 0.17078770851624234 186561273
1152090 300 0.15002212467076384 179737116
1152390 300 0.1453190517998244 174094064
1152690 300 0.1497187006145742 173962830
1152990 300 0.1471964881474978 173831596
1153290 300 0.14984196663740124 172256791
1153590 300 0.15165302897278313 170960857
1153890 300 0.15194697102721685 172634088
1154190 300 0.16031957857769974 181689219
1154490 300 0.1546683055311677 173290257
1154790 300 0.15061949078138717 167762034
1155090 300 0.15193748902546092 167893268
1155390 300 0.14660860403863038 168024502
1155690 300 0.1502307287093942 167876864
1155990 300 0.1508470588235294 167893268
1156290 300 0.1567353819139596 167811247
1156590 300 0.17474170324846353 176341443
1156890 300 0.16966883230904303 180245647
1157190 300 0.1588972783143108 173700363
1157490 300 0.16147638279192272 173159023
1157790 300 0.15924811237928008 170157051
1158090 300 0.1593713784021071 167794843
1158390 300 0.15439332748024584 167663609
1158690 300 0.15371062335381916 167663609
1158990 300 0.17354697102721686 188661013
1159290 300 0.16374258121158908 195731233
1159590 300 0.15588200175592626 172912960
1159890 300 0.15289517120280952 172650492
1160190 300 0.15906795434591747 169763349
1160490 300 0.15501913959613695 169369648
1160790 300 0.1559768217734855 166876206
1161090 300 0.1552467076382792 166482505
1161390 300 0.15523722563652326 166088803
1161690 300 0.16574328358208956 173044194
1161990 300 0.16599929762949958 183542896
1162290 300 0.1601299385425812 171469389
1162590 300 0.1556165057067603 171354559
1162890 300 0.15473467954345918 171338155
1163190 300 0.15680175592625112 169746945
1163490 300 0.15475364354697105 165957570
1163790 300 0.15696294995610183 163316490
1164090 300 0.15681123792800702 163447724
1164390 300 0.16580017559262508 171075687
1164690 300 0.16475715539947325 176325038
1164990 300 0.16057559262510976 171699048
1165290 300 0.155398419666374 170780411
1165590 300 0.15512344161545216 168943138
1165890 300 0.15123582089552237 168811905
1166190 300 0.15631817383669885 164628828
1166490 300 0.15454503950834067 163300086
1166790 300 0.1627564530289728 171174112
1167090 300 0.16408393327480247 185363764
1167390 300 0.15663107989464445 171977919
1167690 300 0.15284776119402987 171846685
1167990 300 0.15741808604038632 171715452
1168290 300 0.15957998244073748 171042879
1168590 300 0.16292712906057943 169090776
1168890 300 0.1634770851624232 168155736
1169190 300 0.16446321334503952 166187229
1169490 300 0.1668526777875329 184838830
1169790 300 0.16000667251975417 177620972
1170090 300 0.1588972783143108 172240387
1170390 300 0.1654398595258999 172240387
1170690 300 0.16551571553994734 168828309
1170990 300 0.16208323090430202 166334867
1171290 300 0.16046180860403864 164628828
1171590 300 0.16227287093942053 163710192
1171890 300 0.1756614574187884 174602595
1172190 300 0.16866374012291485 173815192
1172490 300 0.16616049165935032 171715452
1172790 300 0.16331589113257242 171305346
1173090 300 0.1609548726953468 171567814
1173390 300 0.16232028094820017 171436580
1173690 300 0.16137208077260756 169615711
1173990 300 0.1687111501316945 166712164
1174290 300 0.18068691834942935 188382142
1174590 300 0.1713566286215979 179474649
1174890 300 0.16415978928884986 168451012
1175190 300 0.16346760316066727 168565841
1175490 300 0.2120154521510097 168303373
1175790 300 0.5131543459174714 167794843
1176090 300 0.543032133450395 167384737
1176390 300 0.5448526777875329 167253504
1176690 300 0.5532063213345039 173421491
1176990 300 0.5593980684811238 185380169
1177290 300 0.5610669007901667 180130818
1177590 300 0.5393057067603161 175406402
1177890 300 0.5581748902546092 175521231
1178190 300 0.5467111501316944 173552725
1178490 300 0.5467585601404741 172256791
1178790 300 0.5318338893766462 170304688
1179090 300 0.5439329236172081 169894583
1179390 300 0.5557854258121159 182361792
1179690 300 0.5474697102721685 186183976
1179990 300 0.5270075504828797 175685274
1180290 300 0.5367076382791922 175554040
1180590 300 0.5301271290605795 175685274
1180890 300 0.5318528533801581 175931337
1181190 300 0.5373334503950834 175554040
1181490 300 0.5376084284460052 175554040
1181790 300 0.5476688323090431 181197092
1182090 300 0.5320235294117647 175291572
1182390 300 0.5411452151009657 173323066
1182690 300 0.5363757682177348 173060598
1182990 300 0.5288565408252853 172666897
1183290 300 0.5259929762949956 171600622
1183590 300 0.5407280070237049 171075687
1183890 300 0.5284677787532923 171206921
1184190 300 0.5628305531167691 184724000
1184490 300 0.5419322212467076 178703650
1184790 300 0.5365464442493415 171354559
1185090 300 0.5286669007901668 188283716
1185390 300 0.5256231782265145 175947741
1185690 300 0.524134503950834 175931337
1185990 300 0.5188340649692712 175800103
1186290 300 0.5413158911325724 175800103
1186590 300 0.5570844600526778 187086208
1186890 300 0.537902370500439 173175427
1187190 300 0.5369731343283582 172912960
1187490 300 0.5232337137840211 171092091
1187790 300 0.5295202809482001 170698390
1188090 300 0.5259740122914838 170698390
1188390 300 0.539059174714662 170567156
1188690 300 0.5320709394205443 170304688
1188990 300 0.543563125548727 180934624
1189290 300 0.5259740122914838 180934624
1189590 300 0.518227216856892 169779754
1189890 300 0.526713608428446 167532375
1190190 300 0.52542405618964 167007440
1190490 300 0.5302788410886743 166744972
1190790 300 0.5271971905179982 166613739
1191090 300 0.5418279192273925 166613739
1191390 300 0.5386988586479368 172912960
1191690 300 0.5331234416154522 188004844
1191990 300 0.519640035118525 175275168
1192290 300 0.5272351185250219 175029105
1192590 300 0.5335785776997366 173060598
1192890 300 0.533787181738367 172141962
1193190 300 0.5397608428446006 172404429
1193490 300 0.5310374012291484 172388025
1193790 300 0.5323364354697102 172388025
1194090 300 0.5544484635645303 187742377
1194390 300 0.5371627743634767 176325038
1194690 300 0.5373524143985953 170288284
1194990 300 0.5358921861281826 176193804
1195290 300 0.5385755926251098 169500882
1195590 300 0.5293875329236173 169238414
1195890 300 0.5318433713784021 168975946
1196190 300 0.5350956979806848 165973974
1196490 300 0.5297099209833187 169254819
1196790 300 0.5464646180860403 163874233
1197090 300 0.5395427568042142 163726596
1197390 300 0.5429847234416154 163726596
1197690 300 0.5294349429323969 163726596
1197990 300 0.5269506584723441 163726596
1198290 300 0.5307339771729587 163726596
1198590 300 0.5300133450395083 164120297
1198890 300 0.536100790166813 169500882
1199190 300 0.5445113257243196 181180688
1199490 300 0.5247318700614574 164792870
1199790 300 0.5412589991220368 164661636
1200090 300 0.5192702370500438 164530402
1200390 300 0.5240586479367866 164530402
1200690 300 0.529928007023705 164513998
1200990 300 0.5289703248463564 164513998
1201290 300 0.5163592625109745 164513998
1201590 300 0.5362904302019315 170009413
1201890 300 0.5440087796312554 183034365
1202190 300 0.5334742756804214 178178715
1202490 300 0.5208347673397717 175291572
1202790 300 0.5155058823529411 186840145
1203090 300 0.5196969271290606 175668870
1203390 300 0.5265239683933275 175160338
1203690 300 0.5011122036874451 172912960
1203990 300 0.5184263388937664 173716767
1204290 300 0.5326114135206321 176849973
1204590 300 0.5244663740122915 170567156
1204890 300 0.5228923617208078 168844713
1205190 300 0.5148705882352941 168319778
1205490 300 0.5082142230026339 168319778
1205790 300 0.5136948200175593 167958885
1206090 300 0.5247603160667251 167926077
1206390 300 0.5214036874451273 168861117
1206690 300 0.526969622475856 183182003
1206990 300 0.5076073748902545 174372936
1207290 300 0.5251870061457419 168861117
1207590 300 0.5166342405618964 168598650
1207890 300 0.515145566286216 168598650
1208190 300 0.5145102721685689 167155078
1208490 300 0.5072375768217735 166088803
1208790 300 0.5198012291483758 165973974
1209090 300 0.4908906057945567 165695102
1209390 300 0.52363195785777 165727911
1209690 300 0.5142068481123793 165842740
1209990 300 0.5136568920105355 165842740
1210290 300 0.5161885864793678 165711507
1210590 300 0.5106510974539069 165711507
1210890 300 0.5313977172958736 185002872
1211190 300 0.5144818261633011 181984495
1211490 300 0.520275329236172 176210209
1211790 300 0.5150602282704126 176078975
1212090 300 0.5174212467076382 176226613
1212390 300 0.5071048287971905 176472676
1212690 300 0.5196969271290606 176210209
1212990 300 0.5211192273924494 177260079
1213290 300 0.5223708516242318 191302093
1213590 300 0.5098356453028973 182378196
1213890 300 0.5144249341527656 177260079
1214190 300 0.5270644424934153 176751548
1214490 300 0.5298331870061457 174651808
1214790 300 0.5150886742756804 174783042
1215090 300 0.49522388059701494 174783042
1215390 300 0.5004484635645303 174651808
1215690 300 0.5111157155399473 179113756
1215990 300 0.5172410886742757 189858522
1216290 300 0.4998036874451273 179622287
1216590 300 0.49636172080772606 176341443
1216890 300 0.506147146619842 173323066
1217190 300 0.5075315188762072 169910988
1217490 300 0.5026862159789289 168352586
1217790 300 0.4845566286215979 168204948
1218090 300 0.5121113257243196 169681328
1218390 300 0.5289703248463564 187791589
1218690 300 0.5019466198419665 179113756
1218990 300 0.5123578577699737 174914275
1219290 300 0.5154774363476734 175307976
1219590 300 0.5153446883230904 174520574
1219890 300 0.519128007023705 172814535
1220190 300 0.5153541703248463 172552067
1220490 300 0.5284203687445127 171895898
1220790 300 0.535190517998244 183444471
1221090 300 0.5386230026338894 174520574
1221390 300 0.5036344161545215 167171482
1221690 300 0.5028853380158034 167040249
1221990 300 0.4885580333625988 166777781
1222290 300 0.4919525899912203 166909015
1222590 300 0.4971961369622476 167171482
1222890 300 0.5010458296751535 170058625
1223190 300 0.5175919227392449 185150510
1223490 300 0.5101485513608428 177030420
1223790 300 0.5225604916593504 173224640
1224090 300 0.5161316944688322 178195120
1224390 300 0.5081383669885865 169648520
1224690 300 0.5136663740122914 169533690
1224990 300 0.5085271290605795 168877521
1225290 300 0.5106131694468833 169025160
1225590 300 0.5126517998244073 168729883
1225890 300 0.5094563652326601 166121612
1226190 300 0.5094374012291483 164136701
1226490 300 0.5114949956101843 163234469
1226790 300 0.5073039508340649 163218065
1227090 300 0.5211287093942054 163086831
1227390 300 0.519649517120281 162955597
1227690 300 0.5220389815627744 168073714
1227990 300 0.5286289727831431 168992351
1228290 300 0.5219157155399473 164153106
1228590 300 0.5268842844600526 164021872
1228890 300 0.5135715539947322 164153106
1229190 300 0.5079107989464443 164021872
1229490 300 0.49711079894644417 164021872
1229790 300 0.4909569798068481 164021872
1230090 300 0.520550307287094 171633430
1230390 300 0.5154110623353818 185281744
1230690 300 0.238328007023705 175045509
1230990 300 0.15153924495171203 174930679
1231290 300 0.1487041264266901 174799446
1231590 300 0.1468266900790167 174668212
1231890 300 0.14794556628621597 174126873
1232190 300 0.1491782265144864 172420833
1232490 300 0.1547062335381914 176095379
1232790 300 0.1650036874451273 188825056
1233090 300 0.15026865671641793 180951029
1233390 300 0.1479929762949956 176899186
1233690 300 0.15360632133450397 176636718
1233990 300 0.1480593503072871 175078317
1234290 300 0.1489222124670764 169550094
1234590 300 0.14647585601404742 167187886
1234890 300 0.14463634767339772 167302716
1235190 300 0.15691553994732219 182788302
1235490 300 0.15536997366110625 182000899
1235790 300 0.14734820017559264 175176742
1236090 300 0.1482774363476734 187775185
1236390 300 0.1442001755926251 172568472
1236690 300 0.14482598770851624 169796158
1236990 300 0.1415262510974539 168877521
1237290 300 0.14371659350307286 164546807
1237590 300 0.16348656716417911 178326354
1237890 300 0.15763617208077263 169796158
1238190 300 0.14617243195785776 169812562
1238490 300 0.14391571553994734 178851288
1238790 300 0.14743353819139596 172306004
1239090 300 0.1468266900790167 170731198
1239390 300 0.14237014925373134 166777781
1239690 300 0.14456997366110622 166909015
1239990 300 0.15114100087796312 174947083
1240290 300 0.15207023705004388 170731198
1240590 300 0.1408056189640035 170468731
1240890 300 0.1441622475856014 170337497
1241190 300 0.1421710272168569 169139989
1241490 300 0.14273046532045655 165875549
1241790 300 0.14331834942932395 165498252
1242090 300 0.1458215978928885 165990378
1242390 300 0.1571620719929763 180311264
1242690 300 0.1489222124670764 170977262
1242990 300 0.14740509218612818 165859144
1243290 300 0.14879894644424935 165990378
1243590 300 0.14949113257243196 165859144
1243890 300 0.14653274802458296 166039591
1244190 300 0.14699736611062336 166302058
1244490 300 0.1490739244951712 166449696
1244790 300 0.1548294995610184 172355217
1245090 300 0.16169446883230904 184297490
1245390 300 0.1545545215100966 180229243
1245690 300 0.1468266900790167 174323723
1245990 300 0.14908340649692714 169845370
1246290 300 0.1495480245829675 169861774
1246590 300 0.14651378402107113 169582903
1246890 300 0.14908340649692714 169845370
1247190 300 0.15694398595259 174471361
1247490 300 0.1665587357330992 185626232
1247790 300 0.15456400351185254 176308634
1248090 300 0.14702581211589114 173159023
1248390 300 0.15068586479367868 172765322
1248690 300 0.1437260755048288 172109153
1248990 300 0.1450345917471466 169057968
1249290 300 0.14428551360842845 167909672
1249590 300 0.14731027216856893 168713479
1249890 300 0.1623297629499561 187069804
1250190 300 0.1480972783143108 177752206
1250490 300 0.14437085162423177 171436580
1250790 300 0.14787919227392451 171452984
1251090 300 0.14645689201053555 171436580
1251390 300 0.1511315188762072 170517943
1251690 300 0.15117892888498685 166728568
1251990 300 0.15380544337137841 163825021
1252290 300 0.16031957857769974 184822425
1252590 300 0.15304688323090432 180918220
1252890 300 0.1546019315188762 175143934
1253190 300 0.15182370500438983 174865062
1253490 300 0.15440280948200175 174471361
1253790 300 0.14677928007023705 171584218
1254090 300 0.15050570676031605 168565841
1254390 300 0.15440280948200175 167384737
1254690 300 0.15740860403863038 170534348
1254990 300 0.16333485513608428 174865062
1255290 300 0.1555690956979807 167909672
1255590 300 0.15212712906057943 166466101
1255890 300 0.15368217734855139 166334867
1256190 300 0.1531227392449517 165941166
1256490 300 0.15375803336259877 165678698
1256790 300 0.15618542581211592 165809932
1257090 300 0.1559009657594381 165957570
1257390 300 0.16506057945566285 172502854
1257690 300 0.16160913081650571 188136078
1257990 300 0.1554647936786655 175800103
1258290 300 0.15677330992098332 173848000
1258590 300 0.16383740122914836 172109153
