623607 300 0.11977453906935909 154753486
623907 300 0.11894012291483759 154769890
624207 300 0.1279859525899912 163316490
624507 300 0.12815662862159788 180114414
624807 300 0.1250275680421422 170403114
625107 300 0.12119683933274802 167614396
625407 300 0.1223441615452151 160937878
625707 300 0.11871255487269534 158559265
626007 300 0.12078911325724319 156328291
626307 300 0.11798244073748902 155163592
626607 300 0.1197460930640913 155179996
626907 300 0.12137699736611063 155048762
627207 300 0.1187694468832309 155048762
627507 300 0.13182616330114136 174733828
627807 300 0.13150377524143986 178933309
628107 300 0.12392765583845479 164497594
628407 300 0.1229604916593503 164366360
628707 300 0.12681018437225638 163431319
629007 300 0.12254328358208955 161725281
629307 300 0.12163301141352063 160544176
629607 300 0.12052361720807726 160806644
629907 300 0.11640842844600525 160659006
630207 300 0.12004951712028095 159100605
630507 300 0.1255870061457419 158050735
630807 300 0.14045478489903424 163693787
631107 300 0.12589991220368743 158854542
631407 300 0.12105460930640914 157017269
631707 300 0.12416470588235294 157148503
632007 300 0.12211659350307286 157000864
632307 300 0.12395610184372256 157132098
632607 300 0.12771097453906935 156853227
632907 300 0.12318805970149253 156721993
633207 300 0.12405092186128183 157246928
633507 300 0.12491378402107112 157263332
633807 300 0.13491729587357332 165416230
634107 300 0.14020825285338015 176571102
634407 300 0.1278721685689201 165547464
634707 300 0.12820403863037752 164366360
635007 300 0.12637401229148376 163185256
635307 300 0.12831782265144862 158460840
635607 300 0.12731273046532046 157148503
635907 300 0.12456294995610184 157279736
636207 300 0.13010043898156276 157263332
636507 300 0.128526426690079 157132098
636807 300 0.12726532045654085 157788267
637107 300 0.12892467076382794 163168852
637407 300 0.1373636523266023 181033050
637707 300 0.1250275680421422 172486450
638007 300 0.12221141352063214 172240387
638307 300 0.12196488147497805 171452984
638607 300 0.12594732221246707 164760061
638907 300 0.12500860403863037 160954282
639207 300 0.12268551360842846 160954282
639507 300 0.12445864793678665 160150475
639807 300 0.12095978928884987 158198373
640107 300 0.12196488147497805 157935905
640407 300 0.1323476733977173 159658348
640707 300 0.13932642669007902 179491053
641007 300 0.1299582089552239 176997612
641307 300 0.12442071992976295 173191832
641607 300 0.12400351185250219 171223325
641907 300 0.12503705004389815 165071742
642207 300 0.12500860403863037 159018584
642507 300 0.12602317822651446 158756116
642807 300 0.1271515364354697 158493649
643107 300 0.12505601404741 158887350
643407 300 0.12371905179982441 159149818
643707 300 0.12961685689201052 166892610
644007 300 0.13618788410886742 185002872
644307 300 0.1284126426690079 179376223
644607 300 0.12381387181738367 174258106
644907 300 0.12789113257243195 172552067
645207 300 0.12354837576821774 166925419
645507 300 0.12351044776119403 159970029
645807 300 0.12115891132572432 159691157
646107 300 0.12112098331870061 159543519
646407 300 0.1228087796312555 159412285
646707 300 0.12307427568042141 159674753
647007 300 0.1307262510974539 171354559
647307 300 0.12838419666374012 181311922
647607 300 0.12773942054433712 173585533
647907 300 0.1225622475856014 173454300
648207 300 0.12514135206321333 182000899
648507 300 0.12569130816505705 165990378
648807 300 0.12354837576821774 159805986
649107 300 0.12188902546093065 159281052
649407 300 0.1266774363476734 159953625
649707 300 0.12536892010535558 160068454
650007 300 0.1271799824407375 159691157
650307 300 0.13022370500438982 165695102
650607 300 0.1348414398595259 164924104
650907 300 0.12789113257243195 160314517
651207 300 0.12351044776119403 160052050
651507 300 0.1263834942932397 160068454
651807 300 0.1198503950834065 159822391
652107 300 0.12366215978928885 160084858
652407 300 0.12307427568042141 159970029
652707 300 0.12150026338893766 159707561
653007 300 0.1262507462686567 160101262
653307 300 0.1261369622475856 160232496
653607 300 0.13799894644424934 175718082
653907 300 0.13768604038630378 180819795
654207 300 0.12994872695346796 173995639
654507 300 0.12505601404741 173716767
654807 300 0.12387076382791923 193270600
655107 300 0.11751782265144865 166498909
655407 300 0.15984547848990344 163907042
655707 300 0.18863283582089552 161938536
656007 300 0.12195539947322212 161676068
656307 300 0.1233208077260755 161528430
656607 300 0.11868410886742758 161659663
656907 300 0.13020474100087795 180573732
657207 300 0.1330683055311677 168237757
657507 300 0.12616540825285338 166269250
657807 300 0.12409833187006145 164710849
