1454722 300 0.12073222124670764 161134728
1455022 300 0.13835926251097455 172158366
1455322 300 0.1253025460930641 172158366
1455622 300 0.12694293239683932 161134728
1455922 300 0.12827989464442494 161249558
1456222 300 0.12553959613696225 161265962
1456522 300 0.12496119402985074 161265962
1456822 300 0.12329236172080772 161659663
1457122 300 0.12229675153643547 161397196
1457422 300 0.11842809482001757 161265962
1457722 300 0.12191747146619841 162168195
1458022 300 0.13399754170324846 175947741
1458322 300 0.12092186128182617 164792870
1458622 300 0.11759367866549605 161512026
1458922 300 0.11697734855136085 161512026
1459222 300 0.117214398595259 161512026
1459522 300 0.12138647936786656 161905727
1459822 300 0.12214503950834066 161922131
1460122 300 0.11586795434591746 161790897
1460422 300 0.11704372256365232 161922131
1460722 300 0.11507146619841965 161922131
1461022 300 0.12831782265144862 176095379
1461322 300 0.1254921861281826 167302716
1461622 300 0.11941422300263388 162315832
1461922 300 0.1233492537313433 162184599
1462222 300 0.12182265144863914 162447066
1462522 300 0.12042879719051801 162463470
1462822 300 0.11803933274802458 162447066
1463122 300 0.11999262510974538 161922131
1463422 300 0.12094082528533802 161922131
1463722 300 0.12480948200175593 161922131
1464022 300 0.1389281826163301 175045509
1464322 300 0.13016681299385427 173077002
1464622 300 0.12362423178226514 163234469
1464922 300 0.12901000877963126 163513341
1465222 300 0.13118138718173836 162725938
1465522 300 0.13016681299385427 162201003
1465822 300 0.12833678665496048 162857172
1466122 300 0.12998665496049167 163250873
1466422 300 0.1304797190517998 162840768
1466722 300 0.12528358208955223 162463470
1467022 300 0.1279859525899912 165104550
1467322 300 0.13901352063213346 175882124
1467622 300 0.12897208077260755 165891953
1467922 300 0.12470517998244074 163136044
1468222 300 0.12505601404741 162988405
1468522 300 0.12708516242317822 162988405
1468822 300 0.1334286215978929 163103235
1469122 300 0.1327459174714662 163250873
1469422 300 0.12448709394205444 162972001
1469722 300 0.12507497805092185 162578300
1470022 300 0.1251603160667252 162184599
1470322 300 0.14145987708516242 179769925
1470622 300 0.12975908691834945 179507457
1470922 300 0.1254542581211589 163365703
1471222 300 0.12070377524143985 163103235
1471522 300 0.11955645302897279 163103235
1471822 300 0.1229604916593503 162972001
1472122 300 0.12503705004389815 163234469
1472422 300 0.12257172958735733 163103235
1472722 300 0.12116839332748025 162709534
1473022 300 0.12771097453906935 162972001
1473322 300 0.12889622475856014 164431977
1473622 300 0.1765148375768218 182279771
1473922 300 0.17885689201053556 180836199
1474222 300 0.14721545215100967 175865720
1474522 300 0.13429148375768218 175718082
1474822 300 0.22354556628621597 173487108
1475122 300 0.27471992976294995 165219380
1475422 300 0.2554809482001756 163119639
1475722 300 0.26995048287971907 163644574
1476022 300 0.2592453028972783 163759404
1476322 300 0.23798665496049165 163365703
1476622 300 0.27376224758560147 169927392
1476922 300 0.28631641791044776 186479252
1477222 300 0.2748052677787533 179507457
1477522 300 0.27630342405618963 177555355
1477822 300 0.18423318700614574 177424121
1478122 300 0.1698774363476734 172945768
1478422 300 0.1980674275680421 169271223
1478722 300 0.23183283582089553 164825679
1479022 300 0.2570265144863916 164678040
1479322 300 0.26818683055311676 165219380
1479622 300 0.28258050921861283 165727911
1479922 300 0.2742837576821774 165465443
1480222 300 0.27761194029850744 170714794
1480522 300 0.2746345917471466 184904446
1480822 300 0.27715680421422295 175586848
1481122 300 0.25604986830553117 174536978
1481422 300 0.16589499561018436 172322408
1481722 300 0.1937057067603161 170862432
1482022 300 0.20424021071115014 168516628
1482322 300 0.2505692712906058 166941823
1482622 300 0.26387251975417036 164563211
1482922 300 0.2629906935908692 164956912
1483222 300 0.2622605794556629 164842083
1483522 300 0.27809552238805973 181098667
1483822 300 0.2768818261633011 186758124
1484122 300 0.26098999122036876 177949056
1484422 300 0.27063318700614575 177686589
1484722 300 0.25881861281826163 177817822
1485022 300 0.2600702370500439 177834226
1485322 300 0.26391044776119404 176374251
1485622 300 0.2672860403863038 169943796
1485922 300 0.26059174714661987 168795500
1486222 300 0.269049692712906 168664266
1486522 300 0.27848428446005263 174799446
1486822 300 0.2828744512730465 183838172
1487122 300 0.27540263388937664 169681328
1487422 300 0.26766532045654085 169664924
1487722 300 0.2604684811237928 177949056
1488022 300 0.26243125548726953 172568472
1488322 300 0.2049134328358209 178736459
1488622 300 0.14269253731343284 179917563
1488922 300 0.13871009657594383 171108496
1489222 300 0.13414925373134326 169139989
1489522 300 0.13165548726953466 165596677
1489822 300 0.1299297629499561 164809274
1490122 300 0.12665847234416153 164940508
1490422 300 0.1315227392449517 164940508
1490722 300 0.1341208077260755 169008755
1491022 300 0.1307926251097454 172453642
1491322 300 0.1268670763827919 170616369
1491622 300 0.12189850746268655 170353902
1491922 300 0.12463880597014926 168401799
1492222 300 0.11748937664618085 164579615
1492522 300 0.12085548726953468 164317147
1492822 300 0.12327339771729585 164448381
1493122 300 0.11675926251097454 164448381
1493422 300 0.11855136084284461 163907042
1493722 300 0.12590939420544336 164579615
1494022 300 0.1281661106233538 184133448
1494322 300 0.12600421422300265 189497629
1494622 300 0.1209028972783143 177588163
1494922 300 0.12381387181738367 175472019
1495222 300 0.11784021071115014 170337497
1495522 28 0.1239655838454785 165891953
1495550 1 0.12486637401229148 163300086
1495551 4 0.09450500438981563 161725281
1495555 3 0.09582300263388938 156311887
1495558 1 0.0928361720807726 156311887
1495559 8 0.0928361720807726 156311887
1495567 1 0.0928361720807726 156311887
1495568 168 0.09419209833187006 163972659
1495736 5 0.09216294995610184 91269146
1495741 8 0.09091132572431958 91269146
1495749 73 0.10553257243195786 104261290
1495822 300 0.0984305531167691 143204914
1496122 300 0.1261369622475856 159674753
1496422 300 0.12127269534679544 160347326
1496722 300 0.1271894644424934 163759404
1497022 300 0.13481299385425813 174110468
1497322 300 0.12462932396839332 168746287
1497622 9 0.1226286215978929 168500224
1497631 6 0.09389815627743635 164481190
1497637 3 0.09442914837576823 159067797
1497640 2 0.09240948200175593 159067797
1497642 10 0.09240948200175593 159067797
1497652 165 0.09370851624231781 166810590
1497817 6 0.09161299385425813 93188440
1497823 9 0.09098718173836699 93188440
1497832 90 0.10714451273046534 105114310
1497922 300 0.10539034240561897 174717424
1498222 300 0.11581106233538192 159707561
1498522 297 0.11644635645302896 156443121
1498819 3 0.0966953467954346 156443121
1498822 3 0.08980193151887621 148323031
1498825 2 0.08947006145741879 147125523
1498827 1 0.08732712906057946 147125523
1498828 7 0.08732712906057946 147125523
1498835 1 0.08732712906057946 147125523
1498836 168 0.08861668129938542 154983145
1499004 3 0.086871992976295 86479113
1499007 1 0.08568674275680423 86479113
1499008 8 0.08568674275680423 86479113
1499016 1 0.08568674275680423 86495518
1499017 105 0.0984305531167691 101193700
1499122 300 0.10298191395961372 151341408
1499422 300 0.11451202809482003 156426717
1499722 300 0.11984091308165057 158378819
1500022 300 0.1289910447761194 176374251
1500322 300 0.1253025460930641 161151133
1500622 300 0.12031501316944689 161052708
1500922 300 0.11784021071115014 160265305
1501222 253 0.11937629499561019 157657033
1501475 5 0.08991571553994732 154737082
1501480 4 0.0896881474978051 149405710
1501484 9 0.08841755926251096 149405710
1501493 29 0.09386971027216857 155868973
1501522 139 0.08773485513608428 154540231
1501661 4 0.08624618086040386 86823602
1501665 14 0.08533590869183494 86823602
1501679 143 0.11256821773485513 100832808
1501822 300 0.10172080772607552 151669492
1502122 300 0.11736611062335381 156131441
1502422 300 0.11817208077260755 155606506
1502722 300 0.1140758560140474 156000207
1503022 300 0.11269148375768218 155868973
1503322 300 0.11810570676031606 155885377
1503622 254 0.1319494293239684 172945768
1503876 6 0.09896154521510096 182558643
1503882 3 0.10050711150131694 177817822
1503885 12 0.0970935908691835 177817822
1503897 25 0.10274486391571554 184297490
1503922 137 0.0883511852502195 168811905
1504059 1 0.16366672519754172 92565080
1504060 4 0.08599016681299386 92565080
1504064 3 0.08599016681299386 92565080
1504067 155 0.09801334503950834 117499497
1504222 22 0.11365864793678665 153736424
1504244 6 0.08598068481123794 148634711
1504250 4 0.08555399473222125 144238380
1504254 1 0.08394205443371379 144238380
1504255 11 0.08394205443371379 144238380
1504266 164 0.08505144863915716 151751514
1504430 8 0.0823206321334504 78391832
1504438 7 0.0823206321334504 78391832
1504445 1 0.0823206321334504 78391832
1504446 76 0.09832625109745391 90006021
1504522 300 0.09751079894644425 138021180
1504822 300 0.1153369622475856 147453607
1505122 300 0.1157352063213345 147502820
1505422 300 0.11830482879719052 148158989
1505722 300 0.11415171202809482 148437861
1506022 300 0.11413274802458297 148585498
1506322 300 0.1129474978050922 148716732
1506622 300 0.11973661106233537 156065824
1506922 300 0.12510342405618965 175882124
1507222 300 0.11485338015803336 166187229
1507522 300 0.11301387181738368 164760061
1507822 300 0.11344056189640037 158362415
1508122 300 0.11564986830553117 154277764
1508422 300 0.11360175592625109 150504793
1508722 300 0.10927796312554873 150389963
1509022 300 0.11501457418788412 150914898
1509322 300 0.11652221246707639 150652431
1509622 300 0.1197081650570676 150652431
1509922 300 0.12394661984196664 153802041
1510222 300 0.12644986830553115 168106523
1510522 300 0.11753678665496048 168221352
1510822 300 0.11676874451273048 165334209
1511122 300 0.11830482879719052 154310572
1511422 300 0.1151188762071993 151062536
1511722 300 0.11729973661106234 151571067
1512022 300 0.10920210711150131 151718705
1512322 300 0.11309920983318701 151472641
1512622 300 0.11103213345039507 151357812
1512922 300 0.11816259877085161 153063851
1513222 300 0.12585250219490782 166580930
1513522 300 0.1196702370500439 166433292
1513822 300 0.11267251975417032 152784979
1514122 300 0.11665496049165934 152391278
1514422 300 0.11110798946444249 151603875
1514722 300 0.11776435469710272 151357812
1515022 300 0.11536540825285338 151374216
1515322 300 0.1153369622475856 152178023
1515622 300 0.11521369622475856 152571724
1515922 300 0.11568779631255487 153211489
1516222 300 0.12529306409130817 175652465
1516522 300 0.12557752414398596 174865062
1516822 300 0.11507146619841965 162791555
1517122 300 0.11814363476733979 159773178
1517422 300 0.12022967515364355 157542204
1517722 300 0.11946163301141352 155573697
1518022 300 0.11697734855136085 152949022
1518322 300 0.11565935030728708 152834192
1518622 300 0.11455943810359966 152719363
1518922 300 0.11795399473222123 153113064
1519222 300 0.11588691834942932 153506765
1519522 300 0.12687655838454784 167696418
1519822 300 0.11965127304653204 161659663
1520122 300 0.11386725197541704 153900466
1520422 300 0.11566883230904301 153621595
1520722 300 0.11615241439859526 153752829
1521022 300 0.11287164179104477 153490361
1521322 300 0.1097710272168569 153359127
1521622 300 0.1185892888498683 153621595
1521922 300 0.13191150131694468 154556635
1522222 300 0.12237260755048288 154573039
1522522 300 0.12847901668129938 167171482
1522822 300 0.11558349429323968 162463470
1523122 300 0.11454047410008779 160347326
1523422 300 0.11689201053555752 160363730
1523722 300 0.11452151009657593 158247585
1524022 300 0.11611448639157154 156279079
1524322 300 0.11590588235294118 154966741
1524622 300 0.11829534679543459 154294168
1524922 300 0.12015381913959614 154294168
1525222 300 0.11943318700614573 154162934
1525522 300 0.12941773485513608 162184599
1525822 300 0.12643090430201934 167958885
1526122 300 0.12112098331870061 155229208
1526422 300 0.11996417910447761 154851912
1526722 300 0.1198124670763828 173864405
1527022 300 0.11351641791044777 154704273
1527322 300 0.11512835820895523 154458210
1527622 300 0.11245443371378401 154474614
1527922 300 0.12035294117647058 154589444
1528222 300 0.11648428446005268 154687869
1528522 300 0.1185134328358209 154425402
1528822 300 0.12943669885864795 167171482
1529122 300 0.12947462686567163 160084858
1529422 300 0.12527410008779633 155360442
1529722 300 0.11888323090430203 155508080
1530022 300 0.11952800702370499 166941823
1530322 300 0.11782124670763827 154737082
1530622 300 0.11563090430201932 154737082
1530922 300 0.11386725197541704 154737082
1531222 300 0.11706268656716418 154589444
1531522 300 0.11768849868305531 154474614
1531822 300 0.11371553994732221 154326976
1532122 300 0.1263550482879719 164415573
1532422 300 0.12466725197541703 154441806
1532722 300 0.11469218612818262 154310572
1533022 300 0.11400948200175592 154048105
1533322 300 0.11509991220368745 154310572
1533622 300 0.11702475856014047 154441806
1533922 300 0.11304231782265145 154195743
1534222 300 0.1153369622475856 154212147
1534522 300 0.11979350307287094 154080913
1534822 300 0.11973661106233537 153949679
1535122 300 0.13320105355575065 166433292
1535422 300 0.1254163301141352 163267278
1535722 300 0.1171764705882353 154737082
1536022 300 0.11836172080772606 154737082
1536322 300 0.11575417032484636 154737082
1536622 300 0.11716698858647936 154638657
1536922 300 0.11705320456540826 154901124
1537222 300 0.11692045654082528 154901124
1537522 300 0.11611448639157154 154753486
1537822 300 0.11827638279192274 155262017
1538122 300 0.12614644424934152 175472019
1538422 300 0.1201443371378402 175340785
1538722 300 0.11373450395083406 170501539
1539022 300 0.11692045654082528 169845370
1539322 300 0.12137699736611063 163398511
1539622 300 0.1173945566286216 159477902
1539922 300 0.1167118525021949 156459525
1540222 300 0.1225243195785777 154507423
1540522 300 0.11943318700614573 154769890
1540822 300 0.11977453906935909 154753486
1541122 300 0.11894012291483759 154769890
1541422 300 0.1279859525899912 163316490
1541722 300 0.12815662862159788 180114414
1542022 300 0.1250275680421422 170403114
1542322 300 0.12119683933274802 167614396
1542622 300 0.1223441615452151 160937878
1542922 300 0.11871255487269534 158559265
1543222 300 0.12078911325724319 156328291
1543522 300 0.11798244073748902 155163592
1543822 300 0.1197460930640913 155179996
1544122 300 0.12137699736611063 155048762
1544422 300 0.1187694468832309 155048762
1544722 300 0.13182616330114136 174733828
1545022 300 0.13150377524143986 178933309
1545322 300 0.12392765583845479 164497594
1545622 300 0.1229604916593503 164366360
1545922 300 0.12681018437225638 163431319
1546222 300 0.12254328358208955 161725281
1546522 300 0.12163301141352063 160544176
1546822 300 0.12052361720807726 160806644
1547122 300 0.11640842844600525 160659006
1547422 300 0.12004951712028095 159100605
1547722 300 0.1255870061457419 158050735
1548022 300 0.14045478489903424 163693787
1548322 300 0.12589991220368743 158854542
1548622 300 0.12105460930640914 157017269
1548922 300 0.12416470588235294 157148503
1549222 300 0.12211659350307286 157000864
1549522 300 0.12395610184372256 157132098
1549822 300 0.12771097453906935 156853227
1550122 300 0.12318805970149253 156721993
1550422 300 0.12405092186128183 157246928
1550722 300 0.12491378402107112 157263332
1551022 300 0.13491729587357332 165416230
1551322 300 0.14020825285338015 176571102
1551622 300 0.1278721685689201 165547464
1551922 300 0.12820403863037752 164366360
1552222 300 0.12637401229148376 163185256
1552522 300 0.12831782265144862 158460840
1552822 300 0.12731273046532046 157148503
1553122 300 0.12456294995610184 157279736
1553422 300 0.13010043898156276 157263332
1553722 300 0.128526426690079 157132098
1554022 300 0.12726532045654085 157788267
1554322 300 0.12892467076382794 163168852
1554622 300 0.1373636523266023 181033050
1554922 300 0.1250275680421422 172486450
1555222 300 0.12221141352063214 172240387
1555522 300 0.12196488147497805 171452984
1555822 300 0.12594732221246707 164760061
1556122 300 0.12500860403863037 160954282
1556422 300 0.12268551360842846 160954282
1556722 300 0.12445864793678665 160150475
1557022 300 0.12095978928884987 158198373
1557322 300 0.12196488147497805 157935905
1557622 300 0.1323476733977173 159658348
1557922 300 0.13932642669007902 179491053
1558222 300 0.1299582089552239 176997612
1558522 300 0.12442071992976295 173191832
1558822 300 0.12400351185250219 171223325
1559122 300 0.12503705004389815 165071742
1559422 300 0.12500860403863037 159018584
1559722 300 0.12602317822651446 158756116
1560022 300 0.1271515364354697 158493649
1560322 300 0.12505601404741 158887350
1560622 300 0.12371905179982441 159149818
1560922 300 0.12961685689201052 166892610
1561222 300 0.13618788410886742 185002872
1561522 300 0.1284126426690079 179376223
1561822 300 0.12381387181738367 174258106
1562122 300 0.12789113257243195 172552067
1562422 300 0.12354837576821774 166925419
1562722 300 0.12351044776119403 159970029
1563022 300 0.12115891132572432 159691157
1563322 300 0.12112098331870061 159543519
1563622 300 0.1228087796312555 159412285
1563922 300 0.12307427568042141 159674753
1564222 300 0.1307262510974539 171354559
1564522 300 0.12838419666374012 181311922
1564822 300 0.12773942054433712 173585533
1565122 300 0.1225622475856014 173454300
1565422 300 0.12514135206321333 182000899
1565722 300 0.12569130816505705 165990378
1566022 300 0.12354837576821774 159805986
1566322 300 0.12188902546093065 159281052
1566622 300 0.1266774363476734 159953625
1566922 300 0.12536892010535558 160068454
1567222 300 0.1271799824407375 159691157
1567522 300 0.13022370500438982 165695102
1567822 300 0.1348414398595259 164924104
1568122 300 0.12789113257243195 160314517
1568422 300 0.12351044776119403 160052050
1568722 300 0.1263834942932397 160068454
1569022 300 0.1198503950834065 159822391
1569322 300 0.12366215978928885 160084858
1569622 300 0.12307427568042141 159970029
1569922 300 0.12150026338893766 159707561
1570222 300 0.1262507462686567 160101262
1570522 300 0.1261369622475856 160232496
1570822 300 0.13799894644424934 175718082
1571122 300 0.13768604038630378 180819795
1571422 300 0.12994872695346796 173995639
1571722 300 0.12505601404741 173716767
1572022 300 0.12387076382791923 193270600
1572322 300 0.11751782265144865 166498909
1572622 300 0.15984547848990344 163907042
1572922 300 0.18863283582089552 161938536
1573222 300 0.12195539947322212 161676068
1573522 300 0.1233208077260755 161528430
1573822 300 0.11868410886742758 161659663
1574122 300 0.13020474100087795 180573732
1574422 300 0.1330683055311677 168237757
1574722 300 0.12616540825285338 166269250
1575022 300 0.12409833187006145 164710849
1575322 300 0.12067532923617208 164448381
1575622 300 0.11965127304653204 162217407
1575922 300 0.11724284460052677 161052708
1576222 300 0.11915820895522387 160773835
1576522 300 0.11666444249341527 161413600
1576822 300 0.11802036874451274 161561238
1577122 300 0.1190918349429324 161298771
1577422 300 0.1294935908691835 168254161
1577722 300 0.13536294995610185 184395916
1578022 300 0.12455346795434592 174815850
1578322 300 0.1208270412642669 172059940
1578622 300 0.12248639157155398 170747602
1578922 300 0.11610500438981562 162725938
1579222 300 0.11337418788410886 161019899
1579522 300 0.1152990342405619 160642602
1579822 300 0.11677822651448638 160511368
1580122 300 0.11891167690956979 161430004
1580422 300 0.11768849868305531 161151133
1580722 300 0.11756523266022828 160773835
1581022 300 0.13178823529411765 178884097
1581322 300 0.12771097453906935 180491710
1581622 300 0.12187006145741879 174848658
1581922 300 0.12207866549604916 172223983
1582222 300 0.12531202809482 163956255
1582522 300 0.11727129060579455 161216749
1582822 300 0.11707216856892011 161331579
1583122 300 0.11387673397717296 160937878
1583422 300 0.11938577699736612 161052708
1583722 300 0.11700579455662863 161577642
1584022 300 0.10978999122036874 161708876
1584322 300 0.12041931518876207 166712164
1584622 300 0.12199332748024583 174602595
1584922 300 0.1098089552238806 167237099
1585222 300 0.10913573309920983 161200345
1585522 300 0.10744793678665497 179048139
1585822 300 0.10725829675153643 167893268
1586122 300 0.10707813871817383 167762034
1586422 300 0.10755223880597016 164743657
1586722 300 0.10868059701492538 161347983
1587022 300 0.10632906057945567 161069112
1587322 300 0.11035891132572434 167253504
1587622 300 0.11711957857769972 173044194
1587922 300 0.11124073748902547 168024502
1588222 300 0.108471992976295 167893268
1588522 300 0.10695487269534679 166203633
1588822 300 0.10660403863037753 163431319
1589122 300 0.1102071992976295 161594047
1589422 300 0.10579806848112379 161479217
1589722 300 0.10465074626865674 161446409
1590022 300 0.10720140474100087 161708876
1590322 300 0.1116579455662862 161987748
1590622 300 0.1265731343283582 176160996
1590922 300 0.11319402985074627 166712164
1591222 300 0.10935381913959613 162906384
1591522 300 0.10953397717295875 162381450
1591822 300 0.11111747146619842 162758746
1592122 300 0.10582651448639156 162906384
1592422 300 0.11101316944688323 162627513
1592722 300 0.10524811237928007 162102577
1593022 300 0.10741949078138718 161971344
1593322 300 0.1052196663740123 161856514
1593622 300 0.10848147497805093 162233811
1593922 300 0.11791606672519754 168155736
1594222 300 0.1225622475856014 181016646
1594522 300 0.11211308165057068 181820452
1594822 300 0.11008393327480245 175521231
1595122 300 0.11229323968393327 174094064
1595422 300 0.11239754170324848 167926077
1595722 300 0.11127866549604916 162266620
1596022 300 0.10911676909569797 162151790
1596322 300 0.1100270412642669 162529087
1596622 300 0.11308972783143108 162151790
1596922 300 0.11070974539069359 162135386
1597222 300 0.12467673397717297 172355217
1597522 300 0.11703424056189639 178523204
1597822 300 0.1153369622475856 175373593
1598122 300 0.11476804214223003 174996296
1598422 300 0.11121229148375768 165547464
1598722 300 0.11215100965759438 161889323
1599022 300 0.11101316944688323 162135386
1599322 300 0.11061492537313432 162004152
1599622 300 0.11231220368744514 161610451
1599922 300 0.11386725197541704 162397854
1600222 300 0.1274644424934153 182739089
1600522 300 0.12181316944688322 177112441
1600822 300 0.11268200175592626 163726596
1601122 300 0.11498612818261633 163595362
1601422 300 0.11477752414398595 163480532
1601722 300 0.11417067603160667 163989063
1602022 300 0.11368709394205445 164136701
1602322 300 0.11225531167690957 164136701
1602622 300 0.11463529411764706 164153106
1602922 300 0.11839964881474978 165727911
1603222 300 0.12728428446005266 178720054
1603522 300 0.11718595258999123 169254819
1603822 300 0.11445513608428445 163743000
1604122 300 0.11395258999122036 163611766
1604422 300 0.11169587357330993 163464128
1604722 300 0.11180017559262512 163332894
1605022 300 0.11405689201053557 163480532
1605322 300 0.11266303775241439 163349298
1605622 300 0.11235961369622476 162955597
1605922 300 0.1141043020193152 162824364
1606222 300 0.12507497805092185 175701678
1606522 300 0.12036242317822651 172666897
1606822 300 0.11091834942932396 163496937
1607122 300 0.11314661984196664 163726596
1607422 300 0.11196136962247585 163857829
1607722 300 0.1124449517120281 163726596
1608022 300 0.1096667251975417 163726596
1608322 300 0.10719192273924495 163332894
1608622 300 0.11057699736611061 163365703
1608922 300 0.11192344161545216 163743000
1609222 300 0.11117436347673398 163628170
1609522 300 0.11116488147497805 163611766
1609822 300 0.12289411764705882 177407717
1610122 300 0.11681615452151009 177407717
1610422 300 0.1132793678665496 162972001
1610722 300 0.10875645302897279 169517286
1611022 300 0.11424653204565408 163365703
1611322 300 0.11378191395961368 162840768
1611622 300 0.11209411764705883 162840768
1611922 300 0.1149766461808604 162840768
1612222 300 0.1160955223880597 162972001
1612522 300 0.11817208077260755 164415573
1612822 300 0.12370008779631254 166777781
1613122 300 0.11621878841088674 163103235
1613422 300 0.11418015803336261 163103235
1613722 300 0.11587743634767339 163103235
1614022 300 0.11026409130816507 163103235
1614322 300 0.1097046532045654 163234469
1614622 300 0.1110036874451273 163103235
1614922 300 0.10835820895522388 163103235
1615222 300 0.1124828797190518 163234469
1615522 300 0.11277682177348551 165071742
1615822 300 0.12373801580333625 185937912
1616122 300 0.12156663740122914 175832911
1616422 300 0.11784969271290607 163496937
1616722 300 0.11250184372256365 163628170
1617022 300 0.11268200175592626 177292887
1617322 300 0.11235013169446885 163496937
1617622 300 0.11317506584723441 163103235
1617922 300 0.11538437225636523 162955597
1618222 300 0.11393362598770851 162315832
1618522 300 0.1098089552238806 162315832
1618822 300 0.11866514486391572 163234469
1619122 300 0.11942370500438981 174126873
1619422 300 0.12163301141352063 162594704
1619722 300 0.11395258999122036 162578300
1620022 300 0.1142180860403863 162201003
1620322 300 0.11426549604916594 162086173
1620622 300 0.11102265144863917 161938536
1620922 300 0.11037787532923617 161676068
1621222 300 0.11085197541703248 161676068
1621522 300 0.11486286215978929 162184599
1621822 300 0.12134855136084285 164284339
1622122 300 0.1250844600526778 178195120
1622422 300 0.11613345039508341 168483820
1622722 300 0.1151473222124671 162332237
1623022 300 0.11339315188762072 162201003
1623322 300 0.11496716417910448 162168195
1623622 300 0.11401896400351186 162315832
1623922 300 0.11278630377524143 162069769
1624222 300 0.11370605794556628 162332237
1624522 300 0.11611448639157154 162069769
1624822 300 0.11136400351185251 161676068
1625122 300 0.12665847234416153 173995639
1625422 300 0.1233492537313433 174126873
1625722 300 0.11662651448639157 162184599
1626022 300 0.11911079894644425 162332237
1626322 300 0.11791606672519754 162332237
1626622 300 0.11466374012291483 162201003
1626922 300 0.11675926251097454 162184599
1627222 300 0.11818156277436348 161938536
1627522 300 0.11508094820017559 161676068
1627822 300 0.11632309043020192 161692472
1628122 300 0.12744547848990342 172584876
1628422 300 0.12278033362598771 172568472
1628722 300 0.11612396839332748 162069769
1629022 300 0.11432238805970149 162069769
1629322 300 0.11866514486391572 176767952
1629622 300 0.11621878841088674 163398511
1629922 300 0.11572572431957859 163529745
1630222 300 0.11666444249341527 163546149
1630522 300 0.11828586479367866 163398511
1630822 300 0.11651273046532046 163414915
1631122 300 0.11917717295873574 164858487
1631422 300 0.12668691834942933 174290914
1631722 300 0.12338718173836699 164481190
1632022 300 0.11844705882352942 164218722
1632322 300 0.12164249341527657 164218722
1632622 300 0.11586795434591746 164349956
1632922 300 0.11794451273046533 164054680
1633222 300 0.11963230904302019 163939851
1633522 300 0.11884530289727832 164087488
1633822 300 0.12095030728709394 164202318
1634122 300 0.12453450395083406 164071084
1634422 300 0.13421562774363477 180065201
