418598 300 0.20544442493415277 261873057
418898 300 0.19589604916593503 258198511
419198 300 0.19544091308165057 254277902
419498 300 0.20203090430201934 253884201
419798 300 0.19417032484635646 254015434
420098 300 0.19872168568920104 252161757
420398 300 0.18551325724319578 250455718
420698 300 0.19918630377524144 251915694
420998 300 0.20607023705004388 265826475
421298 300 0.20541597892888497 255196539
421598 300 0.19494784899034243 248766084
421898 300 0.1937910447761194 248618445
422198 300 0.19319367866549605 248634850
422498 300 0.19189464442493415 248766084
422798 300 0.19004565408252855 248766084
423098 300 0.19517541703248462 249553486
423398 300 0.20598489903424058 269369787
423698 300 0.20069394205443372 263333032
423998 300 0.19041545215100966 257821214
424298 300 0.1919515364354697 257689980
424598 300 0.1923213345039508 257689980
424898 300 0.1886897278314311 255983941
425198 300 0.18376856892010535 251521993
425498 300 0.18808287971905183 250357293
425798 300 0.2082321334503951 279999723
426098 300 0.20479016681299383 280130956
426398 300 0.19951817383669887 250865824
426698 300 0.1863097453906936 250865824
426998 300 0.1869924495171203 251259525
427298 300 0.17965338015803337 250997058
427598 300 0.17475118525021952 248372382
427898 300 0.17317717295873572 247453746
428198 300 0.17403055311676907 247191278
428498 300 0.19044389815627744 252703097
428798 300 0.19347813871817388 264924242
429098 300 0.18005162423178225 263349437
429398 300 0.17604073748902546 257443917
429698 300 0.1808955223880597 257706384
429998 300 0.17738718173836698 255983941
430298 300 0.17403055311676907 254556774
430598 300 0.17111957857769974 253506904
430898 300 0.1688249341527656 252571863
431198 300 0.18247901668129943 263710330
431498 300 0.17712168568920106 268959681
431798 300 0.18023178226514486 259133552
432098 300 0.17454258121158908 259133552
432398 300 0.17240913081650572 257968852
432698 300 0.16850254609306412 253900605
432998 300 0.16813274802458295 253375670
433298 300 0.16931799824407376 251915694
433598 300 0.1716884986830553 249832358
433898 300 0.17393573309920982 247601383
434198 300 0.17709323968393326 260724762
434498 300 0.17260825285338016 260052188
434798 300 0.17387884108867427 247847447
435098 300 0.16980158033362597 247716213
435398 300 0.17198244073748903 247453746
435698 300 0.17063599648814748 247322512
435998 300 0.17012396839332747 247060044
436298 300 0.1698489903424056 247060044
436598 300 0.16869218612818263 247060044
436898 300 0.16899561018437223 247338916
437198 300 0.18294363476733974 260445889
437498 300 0.17202985074626867 262414396
437798 300 0.16776294995610183 260052188
438098 300 0.17119543459174716 258871084
438398 300 0.17342370500438983 255327772
438698 300 0.172371202809482 254277902
438998 300 0.17551922739244952 253359265
439298 300 0.17310131694468836 253375670
439598 300 0.16574328358208956 253113202
439898 300 0.17746303775241437 278835022
440198 300 0.18145496049165935 286446582
440498 300 0.17755785776997365 297601453
440798 300 0.1700007023705004 260855995
441098 300 0.1771690956979807 260577123
441398 300 0.17417278314310797 260314656
441698 300 0.1731297629499561 257427513
441998 300 0.17266514486391574 256902577
442298 300 0.17047480245829674 253884201
442598 300 0.17052221246707638 251407163
442898 300 0.17784231782265147 267811386
443198 300 0.1725798068481124 272929503
443498 300 0.16466233538191397 258346149
443798 300 0.16445373134328356 257837618
444098 300 0.16177980684811238 257165045
444398 300 0.16200737489025463 253752967
444698 300 0.1609169446883231 252309396
444998 300 0.16311676909569797 251784460
445298 300 0.16675785776997365 251653227
445598 300 0.15791115013169446 269238553
445898 300 0.15699139596136963 256771344
446198 300 0.15609060579455664 256246409
446498 300 0.15726637401229152 256115175
446798 300 0.1594756804214223 257837618
447098 300 0.16780087796312557 268992489
447398 300 0.1630124670763828 255065305
447698 300 0.15653625987708517 255212943
447998 300 0.15884038630377526 255065305
448298 300 0.1615332748024583 252178162
448598 300 0.16197892888498683 252457033
448898 300 0.15880245829675152 249569890
449198 300 0.1595420544337138 248913721
449498 300 0.15737067603160668 249291019
449798 300 0.15913432835820898 249028551
450098 300 0.15913432835820898 249159785
450398 300 0.1548294995610184 249438657
450698 300 0.15696294995610183 249044955
450998 300 0.15445970149253732 249044955
451298 300 0.1589731343283582 249044955
451598 300 0.1602626865671642 248766084
451898 300 0.16332537313432835 248651254
452198 300 0.15570184372256365 249028551
452498 300 0.15691553994732219 249044955
452798 300 0.15928604038630378 248897317
453098 300 0.1556449517120281 249028551
453398 300 0.1664923617208077 279064682
453698 300 0.16508902546093063 293943311
453998 300 0.1643115013169447 289989894
454298 300 0.16304091308165058 260855995
454598 300 0.15887831431079896 260855995
454898 300 0.1575982440737489 272535801
455198 300 0.15376751536435468 257033811
455498 300 0.15846110623353818 256918982
455798 300 0.15953257243195787 255869112
456098 300 0.1599877085162423 252194566
456398 300 0.16823705004389816 264645370
456698 300 0.16920421422300264 253900605
456998 300 0.15832835820895522 253621733
457298 300 0.15618542581211592 251407163
457598 300 0.15640351185250223 249307423
457898 300 0.15126426690079015 247601383
458198 300 0.15073327480245832 247617788
458498 300 0.15031606672519754 248011489
458798 300 0.15990237050043898 267827790
459098 300 0.15962739244951712 266105346
459398 300 0.14750939420544337 260724762
459698 300 0.15158665496049167 260724762
459998 300 0.15483898156277437 259166360
460298 300 0.14804038630377525 258100086
460598 300 0.14888428446005267 256541685
460898 300 0.15218402107111503 253392074
461198 300 0.14866619841966636 253785775
461498 300 0.15457348551360842 263234607
461798 300 0.15079964881474975 261003633
462098 300 0.14661808604038631 258772659
462398 300 0.14589745390693593 258641425
462698 300 0.14887480245829676 258510192
462998 300 0.15234521510096574 254704412
463298 300 0.14920667251975417 249455061
463598 300 0.14722493415276558 247749022
463898 300 0.1619694468832309 256672918
464198 300 0.1641787532923617 264136840
464498 300 0.15702932396839334 260593528
464798 300 0.1552941176470588 260593528
465098 300 0.1557492537313433 260462294
465398 300 0.16379947322212468 256000345
465698 300 0.15302791922739245 252719501
465998 300 0.16066093064091308 254556774
466298 300 0.164529587357331 260593528
466598 300 0.1582050921861282 255852708
466898 300 0.1559768217734855 251521993
467198 300 0.15296154521510097 300390171
467498 300 0.14812572431957857 257066620
467798 300 0.1468741000877963 257066620
468098 300 0.15202282704126427 256918982
468398 300 0.1506289727831431 257181450
468698 300 0.15930500438981565 291695933
468998 300 0.15920070237050044 278441322
469298 300 0.1625857769973661 260199826
469598 300 0.15793011413520633 260084997
469898 300 0.15786374012291485 259674891
470198 300 0.15567339771729588 255229347
470498 300 0.15176681299385428 253917009
470798 300 0.15142546093064094 251817269
471098 300 0.15235469710272168 252178162
471398 300 0.14901703248463566 251538397
471698 300 0.15157717295873574 251259525
471998 300 0.15356839332748023 251538397
472298 300 0.160803160667252 263611905
472598 300 0.15764565408252854 263497075
472898 300 0.15280983318700614 250373697
473198 300 0.1479171202809482 250373697
473498 300 0.15202282704126427 250242463
473798 300 0.15493380158033365 250111230
474098 300 0.15021176470588235 249586294
474398 300 0.14824899034240563 249569890
474698 300 0.1483153643546971 250898632
474998 300 0.16094539069359087 269533828
475298 300 0.1551044776119403 272027271
475598 300 0.14854293239683933 262693268
475898 300 0.14789815627743633 262562034
476198 300 0.15042036874451273 260987229
476498 300 0.14806883230904302 259937359
476798 300 0.14790763827919226 259920954
477098 300 0.14659912203687445 257443917
477398 300 0.15511395961369623 268877660
477698 300 0.15216505706760317 268746426
477998 300 0.14970921861281825 255229347
478298 300 0.14644741000877964 255639453
478598 300 0.1516056189640035 255475410
478898 300 0.14544231782265146 254966880
479198 300 0.1541373134328358 255114517
479498 300 0.15438384547848988 254720816
479798 300 0.15960842844600526 257870427
480098 300 0.16129622475856015 268090257
480398 300 0.15676382791922738 261791036
480698 300 0.1491402985074627 261659802
480998 300 0.15599578577699738 261528568
481298 300 0.14598279192273925 258772659
481598 223 0.1530753292361721 255606644
481821 77 0.11115539947322212 255606644
481898 107 0.10945812115891132 251259525
482005 2 0.1057601404741001 166859802
482007 1 0.1057601404741001 160183284
482008 14 0.1057601404741001 160183284
482022 2 0.1057601404741001 160183284
482024 1 0.1057601404741001 160183284
482025 173 0.11784021071115014 192237134
482198 300 0.13660509218612818 245632877
482498 300 0.16122036874451276 266384218
482798 300 0.15813871817383668 269123723
483098 300 0.15719051799824407 257050216
483398 300 0.1622918349429324 255737878
483698 186 0.1659329236172081 256000345
483884 114 0.12244846356453029 255737878
483998 71 0.12617489025460932 251538397
484069 4 0.12374749780509219 158099947
484073 9 0.12175627743634768 158099947
484082 216 0.13182616330114136 197666931
484298 300 0.15708621597892888 245239176
484598 44 0.1589731343283582 246042982
484642 184 0.11888323090430203 244599411
484826 2 0.11550763827919228 151571067
484828 1 0.11550763827919228 150258729
484829 8 0.11550763827919228 150242325
484837 61 0.12482844600526777 167401141
484898 211 0.13880491659350308 251161100
485109 89 0.09772888498683056 251029866
485198 95 0.12326391571553996 268090257
485293 5 0.12022967515364355 175783699
485298 1 0.11912028094820017 174783042
485299 8 0.11912028094820017 174783042
485307 1 0.11912028094820017 174783042
485308 190 0.13046075504828797 211134798
485498 300 0.14500614574187884 233444540
485798 300 0.16020579455662862 234117113
486098 300 0.16365724319578578 234002283
486398 300 0.1553604916593503 234379581
486698 300 0.15742756804214222 234248347
486998 300 0.16696646180860406 234625644
487298 300 0.1658665496049166 237512787
487598 300 0.16553467954345918 241991140
487898 300 0.15612853380158034 239514102
488198 300 0.1501169446883231 235429451
488498 300 0.14944372256365235 235150579
488798 300 0.15021176470588235 235166983
489098 300 0.15661211589113258 235544280
489398 300 0.15063845478489904 235265409
489698 300 0.159646356453029 236971447
489998 300 0.16397963125548726 252342204
490298 300 0.15916277436347673 247224087
490598 300 0.15259174714661983 236200449
490898 300 0.1575318700614574 235806748
491198 300 0.15407093942054434 235823152
491498 300 0.15423213345039508 235954386
491798 300 0.15224091308165058 237397957
492098 300 0.1522883230904302 236479321
492398 300 0.1538338893766462 236741788
492698 300 0.165686391571554 255901920
492998 300 0.16136259877085163 263251012
493298 300 0.16468129938542583 248946530
493598 300 0.15583459174714662 241203737
493898 300 0.16453906935908694 237529191
494198 300 0.1654019315188762 237529191
494498 300 0.17025671641791046 238185360
494798 300 0.17776646180860403 237922893
495098 300 0.18569341527655836 237906489
495398 300 0.19802001755926252 254310711
495698 300 0.19038700614574186 259428828
495998 300 0.185873573309921 259428828
496298 300 0.17724495171202806 253014777
496598 300 0.17567093942054432 251308738
496898 300 0.1775009657594381 242532479
497198 300 0.17739666374012292 238989167
497498 300 0.17747251975417036 238857933
497798 300 0.17915083406496926 239251635
498098 300 0.1881208077260755 271781207
498398 300 0.18648042142230026 280048935
498698 300 0.18639508340649694 271666378
498998 300 0.18630026338893765 254999688
499298 300 0.1843469710272169 254852050
499598 300 0.18307638279192276 253277244
499898 300 0.18666057945566286 245009517
500198 300 0.1784017559262511 240022633
500498 300 0.17815522388059699 239760165
500798 300 0.18593046532045654 256312026
501098 300 0.18612010535557508 264464924
501398 300 0.17968182616330117 256197196
501698 300 0.17864828797190518 256049558
501998 300 0.1787336259877085 268910468
502298 300 0.18024126426690076 245157154
502598 300 0.17942581211589112 241088907
502898 300 0.18657524143985954 240563973
503198 300 0.18127480245829675 240826440
503498 300 0.18947673397717296 258936701
503798 300 0.18623388937664617 248700466
504098 300 0.1876467076382792 248569233
504398 300 0.18058261633011416 248552829
504698 300 0.17705531167690955 248437999
504998 300 0.17534855136084285 244369752
505298 300 0.17734925373134328 240826440
505598 300 0.1762777875329236 240826440
505898 300 0.18025074626865673 240957673
506198 300 0.182915188762072 240957673
506498 300 0.1761260755048288 240957673
506798 300 0.17296856892010534 240826440
507098 300 0.17521580333625988 240826440
507398 300 0.17604073748902546 240957673
507698 300 0.18099034240561898 242270011
507998 300 0.1867079894644425 261823844
508298 300 0.1722669007901668 265104688
508598 300 0.17466584723441617 257099428
508898 300 0.17364179104477612 254868454
509198 300 0.1693843722563652 250668973
509498 300 0.17330992098331868 247010832
509798 300 0.17632519754170325 241482609
510098 300 0.17249446883230904 244369752
510398 300 0.1792646180860404 257755597
510698 300 0.1755097453906936 248946530
510998 300 0.16678630377524145 242516075
511298 300 0.17681826163301143 242253607
511598 300 0.1800990342405619 242007544
511898 300 0.1819100965759438 241876310
512198 300 0.18154978050921863 242007544
512498 300 0.18549429323968392 242122374
512798 300 0.19649341527655836 274668350
513098 300 0.19511852502194907 273618480
513398 300 0.192558384547849 251046270
513698 300 0.18712519754170326 243844817
513998 300 0.18601580333625986 243319882
514298 300 0.18191957857769975 243319882
514598 300 0.1796723441615452 243319882
514898 300 0.1795111501316945 243303477
515198 300 0.17597436347673398 243319882
515498 300 0.17928358208955222 243319882
515798 300 0.18737172958735734 259986571
516098 300 0.18516242317822654 267204429
516398 300 0.1765906935908692 258280532
516698 300 0.17332888498683055 257493130
516998 300 0.1816635645302897 254343519
517298 300 0.18538999122036873 254343519
517598 300 0.2759431079894644 252128949
517898 300 0.23590061457418787 251308738
518198 300 0.18820614574187886 246584322
518498 300 0.18554170324846356 261282505
518798 300 0.18582616330114135 252621076
519098 300 0.17372712906057944 245157154
519398 300 0.18008007023705006 245140750
519698 300 0.1835694468832309 262217545
519998 300 0.1807532923617208 251981311
520298 300 0.1802886742756804 251981311
520598 300 0.17925513608428448 248815296
520898 300 0.17197295873573312 246584322
521198 300 0.18083863037752415 258510192
521498 300 0.17703634767339774 252358608
521798 300 0.17471325724319578 252358608
522098 300 0.17684670763827917 250258867
522398 300 0.17897067603160668 244878283
522698 300 0.17127129060579455 245009517
522998 300 0.17204881474978054 245419622
523298 300 0.17004811237928005 244878283
523598 300 0.1685404741000878 245025921
523898 300 0.17764319578577703 262348779
524198 300 0.1756519754170325 266006921
524498 300 0.16980158033362597 259445232
524798 300 0.19687269534679544 259182765
525098 300 0.1710626865671642 252489842
525398 300 0.16783880597014925 249602699
525698 300 0.173271992976295 248831700
525998 300 0.16225390693590871 245928153
526298 300 0.16193151887620721 246338259
526598 300 0.16527866549604917 246338259
526898 300 0.15944723441615452 298159197
527198 300 0.1544502194907814 254868454
527498 300 0.2651810359964882 296075860
527798 300 0.16170395083406494 344632358
528098 300 0.1634770851624232 284248416
528398 300 0.15976014047410006 272568610
528698 300 0.1592291483757682 265088284
528998 300 0.15581562774363475 265235922
529298 300 0.1640270412642669 265219518
529598 300 0.15644143985952588 264825817
529898 300 0.16342967515364357 294894756
530198 300 0.16483301141352064 308936770
530498 300 0.163628797190518 294501055
530798 300 0.15893520632133454 273897352
531098 300 0.2231283582089552 274159819
531398 300 0.1658760316066725 286495794
531698 300 0.16020579455662862 273241183
531998 300 0.16006356453028975 272978715
532298 300 0.15724741000877965 272322546
532598 300 0.16055662862159792 269566637
532898 300 0.1654019315188762 276915729
533198 300 0.16620790166812996 269550233
533498 300 0.15942827041264268 269435403
533798 300 0.15777840210711153 269041702
534098 300 0.15838525021949076 266285793
534398 300 0.15852748024582966 266417026
534698 300 0.1637236172080773 266417026
534998 300 0.16076523266022827 264842221
535298 300 0.16137208077260756 263529883
535598 300 0.16902405618964006 281098806
535898 300 0.1648519754170325 283461013
536198 300 0.1603385425812116 275078456
536498 300 0.15985496049165934 274815988
536798 300 0.16098331870061458 272437376
537098 300 0.15913432835820898 271272676
537398 300 0.16070834064969272 267204429
537698 300 0.15846110623353818 262873714
537998 300 0.16492783143107992 263004948
538298 300 0.17041791044776117 280721508
538598 300 0.16595188762071994 286495794
538898 300 0.16107813871817384 275603391
539198 300 0.17495978928884984 275865858
539498 300 0.1803171202809482 275603391
539798 300 0.17671395961369624 271010209
540098 300 0.18109464442493414 269172936
540398 300 0.1746468832309043 267729364
540698 300 0.18429956101843725 295419691
540998 300 0.1880923617208077 298306834
541298 300 0.18155926251097454 287676898
541598 300 0.17995680421422303 263923585
541898 300 0.17921720807726077 263792351
542198 300 0.17495030728709396 263661117
542498 300 0.18022230026338895 264054819
542798 300 0.1762777875329236 264300882
543098 300 0.18091448639157157 264432115
543398 300 0.17725443371378405 280196573
543698 300 0.18084811237928006 272191312
543998 300 0.17078770851624234 264710988
544298 300 0.1660182616330114 264317286
544598 300 0.171081650570676 264054819
544898 300 0.16126777875329235 263792351
545198 300 0.1598075504828797 264186052
545498 300 0.1616470588235294 264710988
545798 300 0.1663690956979807 266006921
546098 300 0.16950763827919227 281640145
546398 300 0.16802844600526778 270485274
546698 300 0.16221597892888498 264842221
546998 300 0.16066093064091308 264448520
547298 300 0.16177032484635645 264186052
547598 300 0.16100228270412645 264186052
547898 300 0.15921966637401228 264054819
548198 300 0.15449762949956103 264317286
548498 300 0.15486742756804214 265760857
548798 300 0.1643589113257243 272847481
549098 300 0.15895417032484632 264054819
549398 300 0.15311325724319577 263923585
549698 300 0.15812923617208077 263792351
549998 300 0.15756031606672521 263382246
550298 300 0.1562328358208955 263251012
550598 300 0.16094539069359087 263119778
550898 300 0.1621875329236172 266269389
551198 300 0.1654398595258999 276899325
551498 300 0.1540235294117647 275340924
551798 300 0.1564793678665496 274684755
552098 300 0.1559294117647059 274553521
552398 300 0.15225039508340651 273372417
552698 300 0.1549717295873573 270878975
552998 300 0.1560526777875329 268385533
553298 300 0.15634661984196663 266941962
553598 300 0.16105917471466197 278359300
553898 300 0.16176084284460054 271010209
554198 300 0.15486742756804214 262463609
554498 300 0.15659315188762074 262463609
554798 300 0.15161510096575948 262496418
555098 300 0.15065741878841088 262496418
555398 300 0.15225039508340651 262890118
555698 300 0.15305636523266022 265646028
555998 300 0.16489938542581214 295042394
556298 300 0.16690956979806848 297798304
556598 300 0.16000667251975417 264858625
556898 300 0.16190307287093944 264579754
557198 300 0.15701035996488147 264448520
557498 300 0.15355891132572433 264317286
557798 300 0.1495006145741879 264186052
558098 300 0.15057208077260756 263923585
558398 300 0.15769306409130815 266433430
558698 300 0.16656821773485514 271026613
558998 300 0.15793959613696223 266564664
559298 300 0.1506953467954346 279540404
559598 300 0.14667497805092186 264054819
559898 300 0.15001264266900788 264317286
560198 300 0.14829640035118527 263923585
560498 300 0.15132115891132572 264054819
560798 300 0.1606324846356453 277325834
561098 300 0.15576821773485516 264448520
561398 300 0.14761369622475856 264317286
561698 300 0.1535873573309921 264317286
561998 300 0.1450345917471466 264300882
562298 300 0.14585004389815628 264054819
562598 300 0.14646637401229148 263513479
562898 300 0.15178577699736612 266269389
563198 300 0.16035750658472345 272568610
563498 300 0.152060755048288 265088284
563798 300 0.14521474978050922 265088284
564098 300 0.15097032484635645 278080428
564398 300 0.16487093942054432 265613220
564698 300 0.16111606672519754 265219518
564998 300 0.16209271290605795 264710988
565298 300 0.16487093942054432 266810728
565598 300 0.17221000877963125 273372417
565898 300 0.17632519754170325 264973455
566198 300 0.16182721685689203 265104688
566498 300 0.1607273046532046 264710988
566798 300 0.1577404741000878 264710988
567098 300 0.15771202809482002 264842221
567398 300 0.16107813871817384 264710988
567698 300 0.16805689201053556 264432115
567998 300 0.17872414398595257 279277936
568298 300 0.16944126426690082 275455753
568598 300 0.16469078138718174 263923585
568898 300 0.16365724319578578 263792351
569198 300 0.1639132572431958 263661117
569498 300 0.16126777875329235 263923585
569798 300 0.15934293239683936 264186052
570098 300 0.15737067603160668 263923585
570398 300 0.14896962247585602 263677521
570698 300 0.16631220368744512 293319951
570998 300 0.17170746268656717 301325211
571298 300 0.16512695346795436 309855407
571598 300 0.16379947322212468 267598131
571898 300 0.16031009657594383 266548260
572198 300 0.16057559262510976 266417026
572498 300 0.15778788410886743 266154559
572798 300 0.16200737489025463 266285793
573098 300 0.1638089552238806 266023325
573398 300 0.1701524143985953 268779234
573698 300 0.16891027216856894 274044990
573998 300 0.16676733977172958 265646028
574298 300 0.16470026338893767 265481986
574598 300 0.16902405618964006 265613220
574898 300 0.1703041264266901 265350752
575198 300 0.16526918349429326 265219518
575498 300 0.1627943810359965 265104688
575798 300 0.1627564530289728 265760857
576098 300 0.1694791922739245 285724796
576398 300 0.16772502194907812 284166395
576698 300 0.16314521510096575 277473472
576998 300 0.1663690956979807 277473472
577298 300 0.16443476733977175 277473472
577598 300 0.16415978928884986 275882263
577898 300 0.16653977172958734 271814016
578198 300 0.16261422300263392 271551548
578498 300 0.16342967515364357 271272676
578798 300 0.17243757682177352 285577158
579098 300 0.16762071992976293 274684755
579398 300 0.163628797190518 268385533
579698 300 0.16152379280070236 275078456
579998 300 0.1597980684811238 268385533
580298 300 0.16016786654960494 268385533
580598 300 0.1591912203687445 268648000
580898 300 0.16493731343283582 270354040
581198 300 0.16764916593503076 272585014
581498 300 0.16737418788410888 268779234
581798 300 0.16453906935908694 268516767
582098 300 0.16262370500438983 268516767
582398 300 0.16414082528533805 268779234
582698 300 0.1608884986830553 268648000
582998 300 0.2374556628621598 284264820
583298 300 0.16657769973661107 295025990
583598 300 0.17761474978050923 300275341
583898 300 0.1664923617208077 291367848
584198 300 0.1657527655838455 273897352
584498 300 0.16530711150131694 273766118
584798 300 0.163628797190518 273634884
585098 300 0.1700007023705004 273503650
585398 300 0.1731676909569798 273520054
585698 300 0.1678198419666374 273257587
585998 300 0.17310131694468836 273388821
586298 300 0.17751992976294995 305541096
586598 300 0.17889482001755927 315252396
586898 300 0.1784017559262511 298192005
587198 300 0.16214960491659353 273257587
587498 300 0.15325548726953467 273109949
587798 300 0.15325548726953467 273109949
588098 300 0.16177032484635645 272995120
588398 300 0.16174187884108868 272913099
588698 300 0.15930500438981565 272781865
588998 300 0.16093590869183494 273667693
589298 300 0.1686163301141352 290203149
589598 300 0.16198841088674276 279064682
589898 300 0.1614194907813872 272634226
590198 300 0.15607164179104477 272502993
590498 300 0.15952309043020194 272371759
590798 300 0.16031009657594383 272371759
591098 300 0.1587360842844601 272388163
591398 300 0.16000667251975417 272388163
591698 300 0.15900158033362596 272388163
591998 300 0.15844214223002637 272256930
592298 300 0.16147638279192272 272125696
592598 300 0.15628972783143108 272109292
592898 300 0.1577404741000878 271978058
593198 300 0.1639132572431958 271321889
593498 300 0.17054117647058825 286938708
593798 300 0.17048428446005268 278146045
594098 300 0.166331167690957 271715590
594398 300 0.16780087796312557 271584357
594698 300 0.16006356453028975 271567952
594998 300 0.1604807726075505 271551548
595298 300 0.16370465320456543 271551548
595598 300 0.16351501316944686 271682782
595898 300 0.17172642669007904 279950510
596198 300 0.1690050921861282 274291053
596498 300 0.166710447761194 271535144
596798 300 0.1709204565408253 332821318
597098 300 0.15796804214223004 272322546
597398 300 0.15762669007901667 272470185
597698 300 0.16151431079894643 272338951
597998 300 0.16068937664618085 272224121
598298 300 0.1656294995610184 303326526
598598 300 0.16475715539947325 288234642
598898 300 0.1682844600526778 272880290
599198 300 0.16349604916593505 272880290
599498 300 0.16441580333625988 272732652
599798 300 0.16155223880597014 289530576
600098 300 0.1651079894644425 277457068
600398 300 0.1684361720807726 278096833
600698 300 0.16215908691834943 278129641
600998 300 0.1584326602282704 278014812
601298 300 0.1726841088674276 293483993
601598 300 0.17262721685689203 283264162
601898 300 0.18336084284460052 283247758
602198 300 0.21214820017559263 283001695
602498 300 0.25539561018437223 283395396
602798 300 0.16737418788410888 282722823
603098 300 0.17177383669885865 282591589
603398 300 0.17396417910447762 282575185
603698 300 0.17910342405618965 282575185
603998 300 0.19002669007901668 294779926
604298 300 0.18697348551360843 294911160
604598 300 0.17585109745390695 280590274
604898 300 0.1684741000877963 279802872
605198 300 0.16755434591747148 276932133
605498 300 0.16507954345917472 274717563
605798 300 0.16821808604038632 274865201
606098 300 0.16522177348551362 274717563
606398 300 0.16513643546971027 275111264
606698 300 0.16617945566286219 275357328
606998 300 0.1655062335381914 275094860
607298 300 0.17221000877963125 288874407
607598 300 0.16827497805092187 290186745
607898 300 0.16032906057945565 275357328
608198 300 0.15865074626865672 275242498
608498 300 0.16286075504828798 275111264
608798 300 0.16308832309043023 274455096
609098 300 0.16302194907813872 274192628
609398 300 0.1595041264266901 274192628
609698 300 0.1625762949956102 274061394
609998 300 0.16930851624231782 291909188
610298 300 0.16713713784021073 289809447
610598 300 0.16111606672519754 284428863
610898 300 0.1597316944688323 283887523
611198 300 0.16452010535557507 280606678
611498 300 0.16386584723441616 278900640
611798 300 0.1608790166812994 276292368
612098 300 0.16436839332748024 276423602
612398 300 0.1614953467954346 276833707
612698 300 0.16559157155399476 311085723
612998 300 0.17502616330114135 312529295
613298 300 0.17285478489903428 293369164
613598 300 0.16340122914837577 286413774
613898 300 0.16419771729587357 286545007
614198 300 0.16108762071992974 286397369
614498 300 0.16281334503950837 286266135
614798 300 0.2005043020193152 282722823
615098 300 0.20476172080772606 278785810
615398 300 0.15682071992976296 277211005
615698 300 0.16880597014925375 291663124
615998 300 0.16767761194029848 296518774
616298 300 0.16004460052677788 286282540
616598 300 0.16296505706760317 286413774
616898 300 0.1632589991220369 286282540
617198 300 0.16526918349429326 281689357
617498 300 0.170702370500439 276702474
617798 300 0.16603722563652326 275127669
618098 300 0.16459596136962246 275258902
618398 300 0.16637857769973663 275390136
618698 300 0.16950763827919227 275127669
618998 300 0.16514591747146623 275390136
619298 300 0.15537945566286218 275521370
619598 300 0.15913432835820898 275258902
619898 300 0.16185566286215983 274996435
620198 300 0.15906795434591747 275652604
620498 300 0.16733625987708517 292056826
620798 300 0.17052221246707638 281426890
621098 300 0.16503213345039508 275636199
621398 300 0.15992133450395085 275521370
621698 300 0.16240561896400352 275390136
621998 300 0.16187462686567164 275521370
622298 300 0.16467181738366987 275258902
622598 300 0.16142897278314308 274996435
622898 300 0.1676396839332748 287069942
623198 300 0.1635529411764706 287069942
623498 300 0.168 274733967
623798 300 0.16182721685689203 274848796
624098 300 0.16232028094820017 274569925
624398 300 0.16816119402985075 274586329
624698 300 0.16378999122036872 274848796
624998 300 0.15765513608428447 274832392
625298 300 0.1579964881474978 274832392
625598 300 0.16079367866549601 275242498
625898 300 0.1664923617208077 289530576
626198 300 0.15967480245829677 288497110
626498 300 0.1550286215978929 275111264
626798 300 0.15884038630377526 274996435
627098 300 0.15729482001755926 275111264
627398 300 0.1604523266022827 275111264
627698 300 0.1637710272168569 275111264
627998 300 0.16113503072870938 275111264
628298 300 0.16277541703248463 275258902
628598 300 0.16480456540825286 303326526
628898 300 0.16428305531167692 313185464
629198 300 0.15939034240561895 293894098
629498 300 0.1592291483757682 274865201
629798 300 0.16113503072870938 274996435
630098 300 0.16165654082528533 274996435
630398 300 0.16246251097453904 274980030
630698 300 0.16541141352063213 274996435
630998 300 0.16514591747146623 274865201
631298 300 0.15883090430201932 274602733
631598 300 0.1658760316066725 280639487
631898 300 0.16758279192273925 292056826
632198 300 0.15570184372256365 290728084
632498 300 0.15456400351185254 284691330
632798 300 0.15915329236172085 282345526
633098 300 0.15921018437225637 282345526
633398 300 0.15354942932396837 282197888
633698 300 0.155398419666374 281672953
633998 300 0.15821457418788412 279704446
634298 300 0.1639132572431958 288251046
634598 75 0.16375206321334504 282476760
634673 5 0.12219244951712029 278621768
634678 7 0.12137699736611063 273520054
634685 1 0.11993573309920985 273077140
634686 11 0.11993573309920985 273077140
634697 160 0.12151922739244951 280770721
634857 4 0.1336182616330114 179917563
634861 1 0.11766953467954346 177227271
634862 8 0.11766953467954346 177227271
634870 28 0.1266110623353819 186741720
634898 300 0.12199332748024583 237283128
635198 300 0.15653625987708517 266170963
635498 300 0.1572758560140474 263283820
635798 300 0.15079016681299387 263037757
636098 300 0.15378647936786655 263415054
636398 296 0.16165654082528533 266581069
636694 4 0.14426654960491658 264907838
636698 2 0.14728182616330113 272667035
636700 3 0.14588797190518 271338293
636703 9 0.1426451273046532 271338293
636712 165 0.14391571553994734 279294341
636877 3 0.14837225636523266 175619656
636880 1 0.12974960491659351 175619656
636881 9 0.12974960491659351 175619656
636890 108 0.14279683933274803 200061948
636998 300 0.13204424934152767 254195881
637298 207 0.1565457418788411 266154559
637505 5 0.11478700614574187 261955078
637510 4 0.11538437225636523 257525938
637514 8 0.11293801580333626 257525938
637522 1 0.11293801580333626 257525938
637523 1 0.11310869183494295 257525938
637524 74 0.11530851624231782 265055476
637598 92 0.11621878841088674 261758227
637690 4 0.11170535557506585 161708876
637694 9 0.11170535557506585 157821076
637703 1 0.11170535557506585 157821076
637704 194 0.12217348551360843 194894618
637898 70 0.10819701492537312 148536286
637968 5 0.06424793678665495 145091399
637973 4 0.0648358208955224 139218688
637977 9 0.06215241439859526 139218688
637986 3 0.06222827041264267 139218688
637989 162 0.06359367866549605 147305969
638151 2 0.09432484635645304 55655580
638153 1 0.06 47830766
638154 8 0.06 47830766
638162 1 0.06439016681299385 54080775
638163 35 0.07533239683933275 65088007
638198 140 0.06443757682177349 123060529
638338 160 0.07678314310798946 152391278
638498 300 0.13544828797190517 231065928
638798 300 0.1559294117647059 240285100
639098 300 0.15739912203687445 240563973
639398 300 0.15319859525899912 240760823
639698 300 0.15141597892888495 240777227
639998 300 0.15187111501316944 241302162
640298 300 0.14916874451273046 241302162
640598 300 0.1531606672519754 241679460
640898 300 0.162984021071115 262266758
641198 300 0.1609548726953468 263595500
641498 300 0.15796804214223004 249192593
641798 300 0.1585369622475856 244254922
642098 300 0.15619490781387182 243467520
642398 300 0.15258226514486392 244107284
642698 300 0.1544217734855136 244894687
642998 300 0.14763266022827043 244369752
643298 300 0.16021527655838455 281902612
643598 300 0.16159964881474978 292270081
643898 300 0.16142897278314308 275340924
644198 300 0.15991185250219492 258264128
644498 300 0.15544582967515364 257870427
644798 300 0.16208323090430202 254753625
645098 300 0.15672589991220368 253851392
645398 300 0.15677330992098332 247322512
645698 300 0.16031009657594383 246403875
645998 300 0.15818612818261632 246912406
646298 300 0.16807585601404743 268828447
646598 300 0.16398911325724322 266859940
646898 300 0.15389078138718174 261216888
647198 300 0.15449762949956103 262397992
647498 300 0.15967480245829677 251128291
647798 300 0.15659315188762074 247338916
648098 300 0.15739912203687445 247207682
648398 300 0.16207374890254608 250094826
648698 300 0.1638753292361721 257197854
648998 300 0.15809130816505704 255508219
649298 300 0.15374855136084284 255081709
649598 300 0.15784477611940298 249553486
649898 300 0.15846110623353818 247732617
650198 300 0.1539097453906936 247601383
650498 300 0.14357436347673397 247601383
650798 300 0.15169095697980683 248520020
651098 300 0.16008252853380156 270042360
651398 300 0.1526107111501317 268976085
651698 300 0.14763266022827043 264268074
651998 300 0.15111255487269534 272142100
652298 300 0.15536997366110625 261266101
652598 300 0.15386233538191396 250406506
652898 300 0.15080913081650574 248306765
653198 300 0.155275153643547 252096141
653498 300 0.16523125548726952 261134867
653798 300 0.16183669885864796 258378958
654098 300 0.15418472344161543 253260840
654398 300 0.15209868305531166 249323827
654698 300 0.1479550482879719 248798892
654998 300 0.15493380158033365 248798892
655298 300 0.15808182616330116 248913721
655598 300 0.1622633889376646 249208998
655898 300 0.1687964881474978 286102093
656198 300 0.1717928007023705 296732029
656498 300 0.1629460930640913 304081120
656798 300 0.1582430201931519 278884236
657098 300 0.15086602282704126 265892091
657398 300 0.15841369622475857 265760857
657698 300 0.15211764705882352 265728049
657998 300 0.1525064091308165 262315971
658298 300 0.15299947322212468 261528568
658598 300 0.15765513608428447 256033154
658898 300 0.1661889376646181 269812701
659198 300 0.1644252853380158 268910468
659498 300 0.15310377524143984 266417026
659798 300 0.1516056189640035 261298909
660098 300 0.15499069359086917 258018065
660398 300 0.15348305531167694 249750337
660698 300 0.15427954345917472 249619103
660998 300 0.1555406496927129 249487869
661298 300 0.15591992976294997 249750337
661598 300 0.16998173836698857 270091572
661898 300 0.16051870061457418 269681467
662198 300 0.15591044776119403 264448520
662498 300 0.15926707638279192 267335663
662798 300 0.1588877963125549 259724104
663098 300 0.15584407374890255 254753625
663398 300 0.1565836698858648 252424225
663698 300 0.16031957857769974 252292991
663998 300 0.16834135206321335 259756912
664298 300 0.16262370500438983 257788405
664598 300 0.15694398595259 257624364
664898 300 0.15618542581211592 256443259
665198 300 0.15777840210711153 253670946
665498 300 0.1614953467954346 250668973
665798 300 0.1593998244073749 250258867
666098 300 0.1635624231782265 250537740
666398 300 0.1720867427568042 268779234
666698 300 0.16293661106233537 272338951
666998 300 0.16140052677787534 265301539
667298 300 0.1586412642669008 264251669
667598 300 0.15681123792800702 258592212
667898 300 0.15614749780509218 256607302
668198 300 0.163628797190518 254245093
668498 300 0.16521229148375766 252407821
668798 300 0.1674690079016681 251620418
669098 300 0.17353748902546093 272617822
669398 300 0.1715367866549605 270518082
669698 300 0.16868270412642672 265678836
669998 300 0.17003863037752415 265416369
670298 300 0.16782932396839334 262922927
670598 300 0.1596653204565408 258641425
670898 300 0.16462440737489026 253670946
671198 300 0.16310728709394204 251817269
671498 300 0.1673172958735733 252210970
671798 300 0.17133766461808606 259806125
672098 300 0.173271992976295 285003010
672398 300 0.17536751536435471 279228724
672698 300 0.16889130816505707 252178162
672998 300 0.1638753292361721 252161757
673298 300 0.16595188762071994 252030523
673598 300 0.16607515364354697 251784460
673898 300 0.16651132572431956 251800864
674198 300 0.1723048287971905 251833673
674498 300 0.1733857769973661 252096141
674798 300 0.17513046532045656 273339608
675098 300 0.17558560140474103 270977400
675398 300 0.17162212467076385 266367814
675698 300 0.1729116769095698 264793008
675998 300 0.17315820895522388 256640110
676298 300 0.1757278314310799 252834330
676598 300 0.17738718173836698 252834330
676898 300 0.18478314310798943 253884201
677198 300 0.1909464442493415 262020695
677498 300 0.18784582967515365 259412424
677798 300 0.17947322212467076 254064647
678098 300 0.18216611062335383 254048243
678398 300 0.1772828797190518 254048243
678698 300 0.1773587357330992 253654542
678998 300 0.17686567164179104 253506904
679298 300 0.1734616330114135 253506904
679598 300 0.18189113257243195 264104031
679898 300 0.1835315188762072 264235265
680198 300 0.17768112379280068 253080394
680498 300 0.17259877085162423 253096798
680798 300 0.17471325724319578 252834330
681098 300 0.1752632133450395 253113202
681398 300 0.16852151009657593 252752310
681698 300 0.17466584723441617 252621076
681998 300 0.1756045654082529 252735905
682298 300 0.18958103599648815 266515452
682598 300 0.18682177348551357 262053504
682898 300 0.17686567164179104 253654542
683198 300 0.1702377524143986 253523308
683498 300 0.17184969271290604 253375670
683798 300 0.16374258121158908 253900605
684098 300 0.16945074626865672 253769371
684398 300 0.17343318700614574 253769371
684698 300 0.16896716417910446 253802179
684998 300 0.17668551360842844 264858625
685298 300 0.18302897278314312 287545665
685598 300 0.17964389815627743 286134901
685898 300 0.1755097453906936 256344834
686198 300 0.1697067603160667 256065962
686498 300 0.18297208077260757 256082367
686798 300 0.1742201931518876 256082367
687098 300 0.19048182616330114 255951133
687398 300 0.18292467076382793 256328430
687698 300 0.17128077260755045 256328430
687998 300 0.17754837576821775 261709015
688298 300 0.17509253731343286 273126354
688598 300 0.16773450395083406 256984599
688898 300 0.1669854258121159 256722131
689198 300 0.1669190517998244 272749056
689498 300 0.16940333625987708 263283820
689798 300 0.17136611062335383 263152586
690098 300 0.169412818261633 263021352
690398 300 0.17610711150131694 264071223
690698 300 0.1869545215100966 272732652
690998 300 0.17850605794556632 262873714
691298 300 0.17128077260755045 257640768
691598 300 0.17083511852502192 265514794
691898 300 0.16515539947322214 255672261
692198 300 0.16390377524143987 256065962
692498 300 0.16615100965759438 256065962
692798 300 0.16359086918349428 255819899
693098 300 0.17592695346795434 261200484
693398 300 0.17189710272168568 255951133
693698 300 0.16825601404741003 256213600
693998 300 0.1763726075504829 269058106
694298 300 0.1711764705882353 256476068
694598 300 0.17301597892888498 256344834
694898 300 0.17364179104477612 255934728
695198 300 0.16853099209833186 255918324
695498 300 0.17354697102721686 257132237
695798 300 0.17646742756804215 266449835
696098 300 0.18176786654960495 256082367
696398 300 0.1712902546093064 256082367
696698 300 0.1769889376646181 255819899
696998 300 0.16817067603160668 255819899
697298 300 0.16119192273924499 255819899
697598 300 0.16397963125548726 255951133
697898 300 0.16468129938542583 256344834
698198 300 0.17647690956979806 276686070
698498 300 0.17315820895522388 275898667
698798 300 0.16862581211589112 269993147
699098 300 0.16877752414398597 306476137
699398 300 0.16825601404741003 269484616
699698 300 0.16479508340649693 265678836
699998 300 0.16889130816505707 261085654
700298 300 0.171470412642669 260429485
700598 300 0.17534855136084285 290350786
700898 300 0.17512098331870063 262791693
701198 300 0.17825952589991223 263054161
701498 300 0.17593643546971027 263054161
701798 300 0.17225741878841086 262922927
702098 300 0.18063002633889375 262922927
702398 300 0.17437190517998244 260954421
702698 300 0.1697731343283582 257673576
702998 300 0.16379947322212468 256754940
703298 300 0.18115153643546972 271453123
703598 300 0.18347462686567165 267516109
703898 300 0.18160667251975418 256361238
704198 300 0.17456154521510095 256492472
704498 300 0.17242809482001756 256098771
704798 300 0.1819669885864794 255836303
705098 300 0.17852502194907813 255442602
705398 300 0.17804143985952592 255048900
705698 300 0.1951564530289728 266072538
705998 300 0.18848112379280071 267122408
706298 300 0.17703634767339774 256230004
706598 300 0.18238419666374014 256230004
706898 300 0.18000421422300264 255967537
707198 300 0.18024126426690076 255967537
707498 300 0.17891378402107108 255967537
707798 300 0.17370816505706763 255442602
708098 300 0.1779750658472344 255442602
708398 300 0.17807936786654963 267647343
708698 300 0.16710869183494292 278277279
708998 300 0.16762071992976293 269747083
709298 300 0.16104969271290606 269730679
709598 300 0.1678198419666374 266449835
709898 300 0.16598981562774365 262775289
710198 300 0.16308832309043023 260281848
710498 300 0.15846110623353818 258838276
710798 300 0.15685864793678664 257525938
711098 300 0.16955504828797188 270009551
711398 300 0.16204530289727834 272502993
711698 300 0.15829991220368747 270009551
711998 300 0.1720014047410009 265137497
712298 300 0.1670233538191396 259888146
712598 300 0.160670412642669 257394704
712898 300 0.161571202809482 256213600
713198 300 0.16870166812993856 256082367
713498 300 0.17614503950834065 267893406
713798 300 0.16567690956979805 268155874
714098 300 0.16686215978928884 257394704
714398 300 0.16215908691834943 256869769
714698 300 0.1683318700614574 257001003
714998 300 0.16834135206321335 256886173
715298 300 0.16456751536435468 256738536
715598 300 0.1587360842844601 256607302
715898 300 0.1612014047410009 256476068
716198 300 0.16460544337137842 256476068
716498 300 0.16929903424056192 256623706
716798 300 0.17192554872695348 283789098
717098 300 0.17340474100087797 302686762
717398 300 0.16075575065847236 305311437
717698 300 0.1594756804214223 285363903
717998 300 0.1680853380158033 270665720
718298 300 0.1715747146619842 269090914
718598 300 0.16151431079894643 265153902
718898 300 0.16484249341527657 260691953
719198 300 0.16729833187006143 258067278
719498 300 0.17086356453028972 257673576
719798 300 0.1743150131694469 269353382
720098 300 0.17781387181738367 269747083
720398 300 0.18138858647936787 264760200
720698 300 0.1789801580333626 256377642
720998 300 0.1778233538191396 256787748
721298 300 0.1645580333625988 256525281
721598 300 0.16235820895522388 256525281
721898 300 0.17091097453906937 259149956
722198 300 0.17706479367866548 263480671
722498 300 0.17147989464442495 260331060
722798 300 0.16415030728709393 256771344
723098 300 0.1674690079016681 256640110
723398 300 0.16099280070237046 256361238
723698 300 0.16232028094820017 255967537
723998 300 0.16415030728709393 256098771
724298 300 0.16154275680421423 256098771
724598 300 0.17126180860403864 262299567
724898 300 0.17051273046532045 263185395
725198 300 0.16375206321334504 255967537
725498 300 0.16184618086040384 262397992
725798 300 0.1668337137840211 256361238
726098 300 0.16651132572431956 256525281
726398 300 0.1600161545215101 256541685
726698 300 0.16037647058823526 259018722
726998 300 0.17196347673397716 259412424
727298 300 0.17344266900790167 256394047
727598 300 0.16614152765583845 256508876
727898 300 0.1702377524143986 256525281
728198 300 0.16726988586479366 256558089
728498 300 0.16107813871817384 256394047
728798 300 0.16037647058823526 256672918
729098 300 0.16212115891132572 257066620
729398 300 0.17115750658472345 290662467
729698 300 0.16942230026338895 295255649
729998 300 0.16903353819139597 268221491
730298 300 0.16336330114135206 257312683
730598 300 0.16122036874451276 257181450
730898 300 0.1654398595258999 257050216
731198 300 0.1657527655838455 256804152
731498 300 0.12392765583845479 151144557
731798 131 0.13113397717295874 151275791
731929 6 0.13114345917471465 151292195
731935 13 0.13113397717295874 151292195
731948 1 0.13113397717295874 151292195
731949 149 0.1326036874451273 158706904
732098 21 0.11846602282704127 160445751
732119 279 0.1331820895522388 213595431
732398 300 0.17800351185250218 258756255
732698 300 0.16787673397717298 252719501
732998 300 0.1685404741000878 250668973
733298 300 0.16250992098331868 250915036
733598 300 0.16052818261633015 250783803
733898 300 0.16752589991220368 250931441
734198 300 0.16692853380158032 250947845
734498 300 0.17415381913959613 263021352
734798 300 0.17024723441615452 263939989
735098 300 0.16238665496049165 251472780
735398 300 0.16891027216856894 251341546
735698 300 0.1629460930640913 251210313
735998 300 0.168 251866482
736298 300 0.164529587357331 252522650
736598 300 0.16851202809482005 252128949
736898 300 0.1697067603160667 252260183
737198 300 0.16473819139596138 251604014
737498 300 0.16263318700614574 251439972
737798 300 0.16505109745390695 251702439
738098 300 0.15685864793678664 251702439
738398 300 0.160025636523266 251439972
738698 300 0.16707076382791922 251308738
738998 300 0.16748797190517997 251193908
739298 300 0.1666630377524144 251193908
739598 300 0.1612014047410009 251587609
739898 300 0.16306935908691836 251587609
740198 300 0.1619694468832309 251423568
740498 300 0.16893871817383668 267040387
740798 300 0.1650700614574188 274405882
741098 300 0.1578068481123793 264563349
741398 300 0.15724741000877965 264022010
741698 300 0.15274345917471466 259166360
741998 300 0.1559009657594381 255229347
742298 300 0.15830939420544335 252079736
742598 300 0.16074626865671643 251571205
742898 300 0.1608790166812994 284264820
743198 300 0.16451062335381916 284543692
743498 300 0.15416575943810357 253802179
743798 300 0.14772748024582968 253408478
744098 300 0.15020228270412642 253146011
744398 300 0.15012642669007903 252752310
744698 300 0.1518426690079017 252883543
744998 300 0.15215557506584723 252735905
745298 300 0.15294258121158913 252752310
745598 300 0.16583810359964882 264563349
745898 300 0.16141000877963127 264563349
746198 300 0.15974117647058825 252752310
746498 300 0.1485618964003512 252883543
746798 300 0.1468741000877963 252621076
747098 300 0.14702581211589114 252096141
747398 300 0.15026865671641793 251964907
747698 300 0.15075223880597013 251948503
747998 300 0.15372010535557504 252342204
748298 300 0.15983599648814747 268500363
748598 300 0.1679241439859526 259576466
748898 300 0.1397246707638279 254310711
749198 300 0.15242107111501318 267188025
749498 300 0.15545531167690957 254704412
749798 300 0.15098928884986831 254737220
750098 300 0.15417524143985953 254605986
750398 300 0.1540899034240562 254605986
750698 300 0.1595041264266901 260117805
750998 300 0.16140052677787534 259855338
751298 300 0.16044284460052677 255130921
751598 300 0.15284776119402987 255524623
751898 300 0.1557113257243196 255393389
752198 300 0.15235469710272168 255393389
752498 300 0.1560526777875329 255393389
752798 300 0.1557113257243196 255409794
753098 300 0.15794907813871817 257493130
753398 300 0.16671992976294997 268385533
753698 300 0.16175136084284458 268139470
753998 300 0.15642247585601401 264202456
754298 300 0.1623297629499561 261446547
754598 300 0.15868867427568045 256443259
754898 300 0.15975065847234418 254474753
755198 300 0.16269007901668128 253556116
755498 300 0.16745952589991223 253818584
755798 300 0.17231431079894644 269435403
756098 300 0.1696593503072871 261298909
756398 300 0.16926110623353818 253310053
756698 300 0.16223494293239685 253703754
756998 300 0.16599929762949958 308018134
757298 300 0.16523125548726952 260002975
757598 266 0.12005899912203688 152440491
757864 4 0.12005899912203688 152440491
757868 11 0.12005899912203688 152473299
757879 1 0.12005899912203688 152473299
757880 18 0.12872554872695346 158411628
757898 154 0.12195539947322212 159838795
758052 146 0.13612151009657594 189136736
758198 300 0.15042036874451273 243057414
758498 300 0.16832238805970148 304097525
758798 300 0.16188410886742757 255278560
759098 300 0.16635961369622476 254228689
759398 300 0.16592344161545214 252391417
759698 300 0.17700790166812996 252260183
759998 300 0.17438138718173837 252260183
760298 300 0.17465636523266023 252522650
760598 300 0.18058261633011416 283132929
760898 300 0.17907497805092187 294681501
761198 300 0.1766665496049166 279589617
761498 300 0.18106619841966637 258477383
761798 300 0.17935943810359964 258329745
762098 300 0.18026971027216857 258460979
762398 300 0.18254539069359085 258067278
762698 300 0.1871062335381914 253999030
762998 300 0.17910342405618965 251636822
763298 300 0.18597787532923618 251636822
763598 300 0.19362036874451274 264120435
763898 300 0.1917050043898156 263857968
764198 300 0.18688814749780508 251521993
764498 300 0.17726391571553993 251390759
764798 300 0.17776646180860403 251784460
765098 300 0.1793878841088674 252079736
765398 300 0.17758630377524143 251521993
765698 300 0.17984302019315188 251521993
765998 300 0.18601580333625986 251653227
766298 300 0.19487199297629498 268057449
766598 300 0.18491589113257245 274619137
766898 300 0.18586409130816506 266482644
767198 300 0.1847926251097454 263611905
767498 300 0.18500122914837575 262562034
767798 300 0.18737172958735734 262709672
768098 300 0.18821562774363476 259937359
768398 300 0.1835315188762072 258887488
768698 300 0.18885092186128183 259166360
768998 300 0.19423669885864794 275422944
769298 300 0.18798805970149254 265055476
769598 300 0.18561755926251097 258756255
769898 300 0.18213766461808603 258772659
770198 300 0.17768112379280068 258625021
770498 300 0.1725798068481124 258083682
770798 300 0.1865562774363477 254950475
771098 300 0.18454609306409134 254671603
771398 300 0.17961545215100966 254704412
771698 300 0.18556066725197543 259822529
771998 300 0.1831048287971905 265203114
772298 300 0.17389780509218614 256295622
772598 300 0.17570886742756806 256164388
772898 300 0.17177383669885865 256164388
773198 300 0.17199192273924493 256164388
773498 300 0.16918525021949077 256164388
773798 300 0.16729833187006143 255623048
774098 300 0.17454258121158908 270846166
774398 300 0.1781172958735733 274815988
774698 300 0.1712902546093064 270337636
774998 300 0.17001018437225637 266417026
775298 300 0.16930851624231782 262988544
775598 300 0.1726841088674276 259576466
775898 300 0.1716790166812994 256574493
776198 300 0.171470412642669 256049558
776498 300 0.17318665496049165 256197196
776798 300 0.17819315188762072 272863886
777098 300 0.1740684811237928 277982003
777398 300 0.17048428446005268 267991832
777698 300 0.17075926251097454 264317286
777998 300 0.1672509218612818 263775946
778298 300 0.16563898156277435 258510192
778598 300 0.16776294995610183 254310711
778898 300 0.16893871817383668 253260840
779198 300 0.16794310798946444 253277244
779498 300 0.1785913959613696 262578438
779798 300 0.17804143985952592 264546945
780098 300 0.17704582967515362 259166360
780398 300 0.17657172958735734 258116490
780698 300 0.17396417910447762 257739193
780998 300 0.17608814749780508 256558089
781298 300 0.1748649692712906 253670946
781598 300 0.1759079894644425 252621076
781898 300 0.17655276558384547 252752310
782198 300 0.1824979806848112 266810728
782498 300 0.17097734855136085 264579754
782798 300 0.17128077260755045 253277244
783098 300 0.16989640035118525 253310053
783398 300 0.16677682177348552 253178819
783698 300 0.16769657594381035 253047585
783998 300 0.12453450395083406 150882090
784298 32 0.11990728709394205 150865686
784330 268 0.16686215978928884 253014777
784598 300 0.16563898156277435 253014777
784898 300 0.17220052677787534 253031181
785198 300 0.17632519754170325 269845509
785498 300 0.17365127304653205 269189340
785798 300 0.1679336259877085 260413081
786098 300 0.16631220368744512 259215573
786398 300 0.1644916593503073 258428170
786698 300 0.1686163301141352 257378300
