2588281 300 0.49328955223880594 162676725
2588581 300 0.500875153643547 176078975
2588881 300 0.489563125548727 163086831
2589181 300 0.49220860403863037 162939193
2589481 300 0.4870788410886743 163070427
2589781 300 0.4839497805092186 164382765
2590081 300 0.4863202809482001 175800103
2590381 300 0.475283230904302 165580273
2590681 300 0.47632625109745386 165727911
2590981 300 0.45652783143107983 165711507
2591281 300 0.46083266022827046 165973974
2591581 300 0.4512084284460053 167023844
2591881 300 0.4568881474978051 167007440
2592181 300 0.45052572431957855 166876206
2592481 300 0.44799402985074627 167056653
2592781 300 0.460756804214223 178080290
2593081 300 0.45465039508340643 178342758
2593381 300 0.45066795434591744 167187886
2593681 300 0.4388533801580334 167319120
2593981 300 0.42557857769973656 168368991
2594281 300 0.4263276558384547 168368991
2594581 300 0.41455100965759434 168368991
2594881 300 0.4009158911325724 168631458
2595181 300 0.4021485513608428 168500224
2595481 300 0.398526426690079 168500224
2595781 300 0.430404916593503 174389340
2596081 300 0.4047086918349429 184658383
2596381 300 0.3940414398595259 178605225
2596681 300 0.4002900790166813 169287627
2596981 300 0.38835223880597014 169271223
2597281 300 0.38335522388059695 168762692
2597581 300 0.3734465320456541 167844055
2597881 300 0.40054609306409134 167844055
2598181 300 0.3868446005267779 171649835
2598481 300 0.3853654082528534 180573732
2598781 300 0.371910447761194 167975289
2599081 300 0.39347251975417036 163529745
2599381 300 0.3906184372256365 177309292
2599681 300 0.3887599648814749 163660979
2599981 300 0.39559648814749776 163529745
2600281 300 0.37064934152765583 163792212
2600581 300 0.37365513608428447 165088146
2600881 300 0.3782633889376646 174274510
2601181 300 0.3810890254609306 163907042
2601481 300 0.3676056189640035 163907042
2601781 300 0.37131308165057064 163907042
2602081 300 0.3649885864793678 163907042
2602381 300 0.36271290605794554 163513341
2602681 300 0.3661928007023704 162463470
2602981 300 0.3685538191395961 162594704
2603281 300 0.3742050921861282 162594704
2603581 300 0.36801334503950833 162725938
2603881 300 0.38348797190517997 175586848
2604181 300 0.3819708516242318 174126873
2604481 300 0.36525408252853375 162725938
2604781 300 0.3624948200175592 162594704
2605081 300 0.3644670763827919 162578300
2605381 300 0.3590718173836699 162594704
2605681 300 0.36364214223002633 162857172
2605981 300 0.364580860403863 162857172
2606281 300 0.3665910447761194 162857172
2606581 300 0.38614293239683933 179261394
2606881 300 0.3814777875329236 168910330
2607181 300 0.36839262510974535 163398511
2607481 300 0.37314310798946443 164563211
2607781 300 0.36582300263388934 164169510
2608081 300 0.3692839332748024 164300743
2608381 300 0.2796695346795435 83624779
2608681 101 0.274454433713784 82574908
2608782 1 0.2745208077260755 82574908
2608783 3 0.2745208077260755 82591312
2608786 11 0.274454433713784 82591312
2608797 1 0.274454433713784 82591312
2608798 173 0.2766068481123793 89694341
2608971 1 0.2766068481123793 89694341
2608972 9 0.30490114135206325 92089357
2608981 300 0.2996481123792801 136561204
2609281 300 0.36368007023705 166958227
2609581 300 0.3457116769095698 162381450
2609881 300 0.34428937664618087 159592732
2610181 300 0.35021562774363474 159461498
2610481 300 0.34230763827919225 159609136
2610781 300 0.3475891132572432 159625540
2611081 300 0.3523870061457419 159756774
2611381 300 0.33753819139596136 159625540
2611681 300 0.3568056189640035 178802076
2611981 300 0.34477295873573305 179195777
2612281 300 0.337073573309921 162020556
2612581 300 0.34072414398595263 162693130
2612881 300 0.3415395961369623 162824364
2613181 300 0.3470012291483758 162807959
2613481 300 0.3436540825285338 162824364
2613781 300 0.34017418788410886 162561896
2614081 300 0.3423550482879719 161905727
2614381 300 0.3458918349429324 168598650
2614681 300 0.3414352941176471 179228586
2614981 300 0.3348168568920105 162676725
2615281 300 0.33144126426690074 162020556
2615581 300 0.32774328358208954 184855234
2615881 300 0.3260649692712906 170452327
2616181 300 0.32174117647058825 168615054
2616481 300 0.31972151009657596 166777781
2616781 300 0.3248892010535558 167548779
2617081 300 0.3190103599648815 184494341
2617381 300 0.3182897278314311 166515313
2617681 300 0.32458577699736607 165990378
2617981 300 0.3158812993854258 165990378
2618281 300 0.3156442493415276 166515313
2618581 300 0.3234289727831431 167302716
2618881 300 0.32598911325724317 183854576
2619181 300 0.34189991220368743 186331614
2619481 300 0.3320196663740123 176111784
2619781 300 0.32614082528533805 170468731
2620081 300 0.32908024582967516 170731198
2620381 300 0.32908024582967516 168237757
2620681 300 0.33463669885864794 166400484
2620981 300 0.3324179104477612 166679356
2621281 300 0.33122317822651454 167204290
2621581 300 0.3545109745390694 183739747
2621881 300 0.3467357330992098 183870981
2622181 300 0.3407620719929763 176505484
