1379581 300 0.1792646180860404 167335524
1379881 300 0.17715961369622477 157755459
1380181 300 0.16963090430201933 157755459
1380481 300 0.17498823529411764 157640629
1380781 300 0.1697731343283582 157509396
1381081 300 0.1687585601404741 157640629
1381381 300 0.16505109745390695 157476587
1381681 300 0.16866374012291485 157509396
1381981 300 0.17770956979806846 174290914
1382281 300 0.17243757682177352 164448381
1382581 300 0.16814223002633888 158411628
1382881 300 0.1686163301141352 158428032
1383181 300 0.16866374012291485 158296798
1383481 300 0.17163160667251978 158149160
1383781 300 0.173916769095698 158149160
1384081 300 0.1666914837576822 158165564
1384381 300 0.1743150131694469 158050735
1384681 300 0.19373415276558384 166449696
1384981 300 0.1724565408252853 163431319
1385281 300 0.1724660228270413 158165564
1385581 300 0.18175838454784898 158854542
1385881 300 0.1772828797190518 158198373
1386181 300 0.17054117647058825 158313202
1386481 300 0.16887234416154523 158706904
1386781 300 0.17367971905179982 157886692
1387081 300 0.17784231782265147 163660979
1387381 300 0.1809713784021071 175209551
1387681 300 0.16953608428446007 158821733
1387981 300 0.16929903424056192 158444436
1388281 300 0.17136611062335383 158985775
1388581 300 0.17418226514486393 158854542
1388881 300 0.16894820017559262 158460840
1389181 300 0.16519332748024582 158706904
1389481 300 0.16755434591747148 160412943
1389781 300 0.1768846356453029 173913618
1390081 300 0.16631220368744512 164596020
1390381 300 0.15784477611940298 158296798
1390681 300 0.16888182616330116 158428032
1390981 300 0.16706128182616328 158165564
1391281 300 0.16484249341527657 158181969
1391581 300 0.17062651448639157 158198373
1391881 300 0.170702370500439 158198373
1392181 300 0.1831996488147498 171715452
1392481 300 0.17773801580333626 165153763
1392781 300 0.16948867427568043 156098632
1393081 300 0.17213415276558383 156065824
1393381 300 0.17722598770851627 155950994
1393681 300 0.17037998244073752 155803356
1393981 300 0.17144196663740122 155540889
1394281 300 0.1652597014925373 155294826
1394581 300 0.16441580333625988 156213462
1394881 300 0.18237471466198418 169615711
1395181 300 0.17558560140474103 163857829
1395481 300 0.16541141352063213 155311230
1395781 300 0.16574328358208956 154933933
1396081 300 0.16946022827041263 155065166
1396381 300 0.1641787532923617 156361100
1396681 300 0.16351501316944686 156098632
1396981 300 0.16849306409130818 155967399
1397281 300 0.1666630377524144 156098632
1397581 300 0.17899912203687446 161085516
1397881 300 0.17272203687445126 162660321
1398181 300 0.16610359964881474 156361100
1398481 300 0.16542089552238806 156098632
1398781 300 0.16567690956979805 155983803
1399081 300 0.223156804214223 156246270
1399381 300 0.29558033362598773 156639972
1399681 300 0.3069587357330992 156886035
1399981 300 0.29866198419666373 158050735
1400281 300 0.30931975417032487 163168852
1400581 300 0.30505285338015803 163431319
1400881 300 0.30230307287093944 158346011
1401181 300 0.2965854258121159 158198373
1401481 300 0.29716382791922735 157919501
1401781 300 0.22606777875329237 158181969
1402081 300 0.15815768217734855 157935905
1402381 300 0.15456400351185254 157804671
1402681 300 0.15339771729587356 157558608
1402981 201 0.11834275680421423 77752067
1403182 7 0.11838068481123792 77752067
1403189 9 0.11834275680421423 77768472
1403198 1 0.11834275680421423 77768472
1403199 82 0.12113046532045654 85215988
1403281 94 0.12439227392449519 93385291
1403375 1 0.12439227392449519 93385291
1403376 205 0.1419908691834943 123864336
1403581 300 0.15757928007023703 159034988
1403881 300 0.15696294995610183 155376847
1404181 300 0.16038595258999125 155508080
1404481 300 0.15685864793678664 156033015
1404781 300 0.1565078138718174 155491676
1405081 300 0.15745601404741003 155262017
1405381 300 0.15707673397717295 155409655
1405681 300 0.16195048287971905 158296798
1405981 300 0.16598033362598774 181787644
1406281 300 0.16051870061457418 171945111
1406581 300 0.1600540825285338 160150475
1406881 300 0.1569724319578578 160166880
1407181 300 0.16569587357330992 159904412
1407481 300 0.1591058823529412 159773178
1407781 300 0.1593239683933275 159510711
1408081 300 0.15804389815627742 159248243
1408381 300 0.15933345039508343 159248243
1408681 300 0.16926110623353818 171059283
1408981 300 0.16353397717295873 169878179
1409281 300 0.15887831431079896 159231839
1409581 300 0.1548200175592625 158952967
1409881 300 0.16014890254609307 174979892
1410181 300 0.15548375768217734 159625540
1410481 300 0.1645011413520632 159510711
1410781 300 0.15959894644424935 159248243
1411081 300 0.16146690079016682 159231839
1411381 300 0.16927058823529412 171059283
1411681 300 0.16596136962247587 159773178
1411981 300 0.15751290605794557 159625540
1412281 300 0.157588762071993 159641944
1412581 300 0.15981703248463566 159773178
1412881 300 0.15660263388937667 160035646
1413181 300 0.15238314310798948 159904412
1413481 300 0.15333134328358208 159904412
1413781 300 0.15508551360842845 159658348
1414081 300 0.16622686567164183 171863090
1414381 300 0.16254784899034241 172912960
1414681 300 0.15417524143985953 160691814
1414981 300 0.15010746268656716 160708219
1415281 300 0.15244003511852502 160445751
1415581 300 0.15139701492537316 160183284
1415881 300 0.15006005267778752 160183284
1416181 300 0.1504393327480246 160314517
1416481 300 0.15870763827919224 160314517
1416781 300 0.17178331870061458 167532375
1417081 300 0.1674500438981563 166088803
1417381 300 0.1570482879719052 160052050
1417681 300 0.16304091308165058 160052050
