1388339 300 0.1690050921861282 282919674
1388639 300 0.17470377524143987 282788440
1388939 300 0.17567093942054432 282919674
1389239 300 0.17687515364354695 282657207
1389539 300 0.19148691834942932 288415089
1389839 300 0.18708726953467952 286069285
1390139 300 0.1762114135206321 282132271
1390439 300 0.173916769095698 281869804
1390739 300 0.17673292361720808 282378334
1391039 300 0.18138858647936787 282542377
1391339 300 0.17540544337137837 282263505
1391639 300 0.1741443371378402 282525973
1391939 300 0.17855346795434593 283690672
1392239 300 0.18029815627743637 297092922
1392539 300 0.1729116769095698 294205779
1392839 300 0.17379350307287095 293566014
1393139 300 0.17057910447761196 305491884
1393439 300 0.17752941176470588 290924934
1393739 300 0.17831641791044775 288169025
1394039 300 0.1695171202809482 288054196
1394339 300 0.1742770851624232 288316663
1394639 300 0.17260825285338016 301686104
1394939 300 0.17724495171202806 290793700
1395239 300 0.17144196663740122 290285170
1395539 300 0.16651132572431956 287791728
1395839 300 0.1705601404741001 287119155
1396139 300 0.16520280948200175 285265478
1396439 300 0.17007655838454785 281492506
1396739 300 0.17364179104477612 281230039
1397039 300 0.1671655838454785 284379650
1397339 300 0.18008955223880596 247486554
1397639 300 0.17334784899034242 166777781
1397939 300 0.16765864793678667 156115036
1398239 300 0.16278489903424057 168598650
1398539 300 0.16563898156277435 155606506
1398839 300 0.1622633889376646 155458867
1399139 300 0.16466233538191397 155212804
1399439 300 0.17704582967515362 155606506
1399739 300 0.1824884986830553 165449039
1400039 300 0.17281685689201054 155491676
1400339 300 0.16505109745390695 155344038
1400639 300 0.16630272168568921 155655718
1400939 300 0.15826198419666374 155376847
1401239 300 0.15791115013169446 172158366
1401539 300 0.1548105355575066 162430662
1401839 300 0.15249692712906057 162840768
1402139 300 0.15523722563652326 162578300
1402439 300 0.15822405618964006 162578300
1402739 300 0.1646433713784021 173995639
1403039 300 0.1654019315188762 164809274
1403339 300 0.1647192273924495 163496937
1403639 300 0.16152379280070236 163628170
1403939 300 0.16154275680421423 161528430
1404239 300 0.16570535557506585 161397196
1404539 300 0.15957050043898155 161397196
1404839 300 0.160670412642669 161134728
1405139 300 0.16364776119402985 161265962
1405439 300 0.1619978928884987 161790897
1405739 300 0.17287374890254606 175570444
1406039 300 0.16160913081650571 168221352
1406339 300 0.16204530289727834 167433950
1406639 300 0.16552519754170325 167302716
1406939 300 0.1653165935030729 167171482
1407239 300 0.1669474978050922 163119639
1407539 300 0.16690956979806848 159707561
1407839 300 0.17332888498683055 158657691
1408139 300 0.1757562774363477 171108496
1408439 300 0.16696646180860406 170058625
1408739 300 0.16825601404741003 165727911
1409039 300 0.17072133450395086 165727911
1409339 300 0.16728884986830553 163365703
1409639 300 0.16600877963125552 161151133
1409939 300 0.16976365232660226 160757431
1410239 300 0.17212467076382792 160626198
1410539 300 0.1751494293239684 161134728
1410839 300 0.18344618086040387 181623602
1411139 300 0.1759459174714662 184379511
1411439 300 0.1759459174714662 168500224
1411739 300 0.1749787532923617 168483820
1412039 300 0.1672509218612818 168467416
1412339 300 0.17158419666374014 180540924
1412639 300 0.17344266900790167 161397196
1412939 300 0.1726177348551361 160363730
1413239 300 0.17281685689201054 160494964
1413539 300 0.16989640035118525 159445093
1413839 300 0.17910342405618965 172437238
1414139 300 0.17660965759438105 163644574
1414439 300 0.17607866549604917 163644574
1414739 300 0.16681474978050922 163644574
1415039 300 0.1685499561018437 161151133
1415339 300 0.16764916593503076 158378819
1415639 300 0.16647339771729588 158378819
1415939 300 0.17079719051799827 158526457
1416239 300 0.17275048287971903 158657691
1416539 300 0.1742201931518876 164825679
1416839 300 0.17019034240561895 176095379
1417139 300 0.16556312554872699 172552067
1417439 300 0.1674215978928885 167958885
1417739 300 0.16762071992976293 167827651
1418039 300 0.16630272168568921 167319120
1418339 300 0.16335381913959612 164563211
1418639 300 0.16598033362598774 160609794
1418939 300 0.1637141352063213 158378819
1419239 300 0.16460544337137842 156410313
1419539 300 0.17259877085162423 171370963
1419839 300 0.16926110623353818 166105208
1420139 300 0.1663406496927129 156672780
1420439 300 0.16979209833187006 156689184
1420739 300 0.1679241439859526 156689184
1421039 300 0.16651132572431956 156541546
1421339 300 0.16667251975417033 156410313
1421639 300 0.16840772607550483 156689184
1421939 300 0.1763726075504829 156426717
1422239 300 0.1819764705882353 166925419
1422539 300 0.17642001755926254 161019899
1422839 300 0.16825601404741003 157985118
1423139 300 0.1766001755926251 158001522
1423439 300 0.16803792800702372 157739055
1423739 300 0.16212115891132572 157476587
1424039 300 0.1610402107111501 157607821
1424339 300 0.16479508340649693 157870288
1424639 300 0.1707782265144864 179130160
1424939 300 0.174684811237928 183592108
1425239 300 0.1804972783143108 168237757
1425539 300 0.17578472344161547 167319120
1425839 300 0.17349007901668131 165481848
1426139 300 0.17410640913081651 179917563
1426439 300 0.17262721685689203 162725938
1426739 300 0.1677819139596137 159838795
1427039 300 0.17349956101843725 158657691
1427339 300 0.1734616330114135 158526457
1427639 300 0.17971027216856894 171124900
1427939 300 0.17799402985074628 161019899
1428239 300 0.17570886742756806 161151133
1428539 300 0.17510201931518876 161019899
1428839 300 0.17894223002633888 160888665
1429139 300 0.1788379280070237 159970029
1429439 300 0.17334784899034242 156164249
1429739 300 0.18189113257243195 155376847
1430039 300 0.17768112379280068 156295483
1430339 300 0.18857594381035997 175455615
1430639 300 0.18390131694468834 175718082
1430939 300 0.1798809482001756 167581588
1431239 300 0.17865776997366112 167450354
1431539 300 0.18271606672519752 164825679
1431839 300 0.18014644424934154 162201003
1432139 300 0.1819669885864794 160888665
1432439 300 0.18835785776997366 162069769
1432739 300 0.1892396839332748 166006782
1433039 300 0.18802598770851625 164038276
1433339 300 0.19084214223002632 159576327
1433639 300 0.1885474978050922 171797473
1433939 300 0.1937057067603161 157214119
1434239 300 0.18723898156277438 156820418
1434539 300 0.18766567164179107 156689184
1434839 300 0.191268832309043 156426717
1435139 300 0.20315926251097455 163644574
1435439 300 0.20192660228270415 163250873
1435739 300 0.198219139596137 156426717
1436039 300 0.1963796312554873 156164249
1436339 300 0.196929587357331 173093406
1436639 300 0.19417980684811237 161544834
1436939 300 0.19214117647058823 161413600
1437239 300 0.19996382791922737 161151133
1437539 300 0.20004916593503072 161151133
1437839 300 0.20900965759438103 172059940
1438139 300 0.20309288849868304 166810590
1438439 300 0.20489446883230902 164825679
1438739 300 0.19979315188762073 164694445
1439039 300 0.20371870061457423 164710849
1439339 300 0.19830447761194028 164185914
1439639 300 0.19629429323968392 161692472
1439939 300 0.20014398595259 159592732
1440239 300 0.20065601404741001 160232496
1440539 300 0.2134851624231782 175455615
1440839 300 0.20332993854258122 178080290
1441139 300 0.20181281826163303 167187886
1441439 300 0.19926215978928885 167187886
1441739 300 0.2032066725197542 166794185
1442039 300 0.20439192273924495 163382107
1442339 300 0.19849411764705885 158788925
1442639 300 0.20141457418788414 158657691
1442939 300 0.2097966637401229 178211524
1443239 300 0.2094268656716418 175324381
1443539 300 0.1996035118525022 167187886
1443839 300 0.19905355575065847 179917563
1444139 300 0.20204038630377522 165219380
1444439 300 0.2003715539947322 165088146
1444739 300 0.19867427568042142 165350614
1445039 300 0.20858296751536437 164071084
1445339 300 0.20887690956979807 175357189
1445639 300 0.20146198419666375 165252188
1445939 300 0.20193608428446005 165120954
1446239 300 0.20488498683055312 164858487
1446539 300 0.20270412642669006 161183941
1446839 300 0.20746409130816504 156197058
1447139 300 0.20892431957857768 155803356
1447439 300 0.20775803336259877 156197058
1447739 300 0.22281545215100965 161315175
1448039 300 0.22412396839332752 172863747
1448339 300 0.20720807726075507 167614396
1448639 300 0.20769165935030726 167630800
1448939 300 0.21207234416154522 167630800
1449239 300 0.24863494293239685 167122270
1449539 300 0.380776119402985 164612424
1449839 300 0.2832442493415277 161594047
1450139 300 0.2166237050043898 160281709
1450439 300 0.2203880597014925 170501539
1450739 300 0.21780895522388063 181279113
1451039 300 0.21506865671641792 168139332
1451339 300 0.20882949956101846 168008098
1451639 300 0.21274556628621596 165006125
1451939 300 0.21188270412642668 162496279
1452239 300 0.2096449517120281 161430004
1452539 300 0.21528674275680423 159067797
1452839 300 0.22575487269534678 159592732
1453139 300 0.23154837576821774 170764007
1453439 300 0.23760737489025463 183477279
1453739 300 0.22717717295873574 183477279
1454039 300 0.21740122914837579 169714137
1454339 300 0.21281194029850747 167220695
1454639 300 0.21797014925373134 167204290
1454939 300 0.2143290605794557 167204290
1455239 300 0.21446180860403863 165760719
1455539 300 0.21453766461808602 165235784
1455839 300 0.22053977172958739 163923446
1456139 300 0.22243617208077263 168516628
1456439 300 0.2209095697980685 179277798
1456739 300 0.22205689201053552 172978577
1457039 300 0.21633924495171206 165613081
1457339 300 0.21501176470588237 179523862
1457639 300 0.2170124670763828 166531717
1457939 300 0.22449376646180863 164431977
1458239 300 0.2209190517998244 160494964
1458539 300 0.21207234416154522 157345353
1458839 300 0.22952870939420544 163398511
1459139 300 0.22265425812115894 164038276
1459439 300 0.21873819139596135 157886692
1459739 300 0.22360245829675152 157886692
1460039 300 0.21703143107989467 157886692
1460339 300 0.20916136962247583 158017926
1460639 300 0.19953713784021068 157755459
1460939 300 0.2024955223880597 157886692
1461239 300 0.2160073748902546 157886692
1461539 300 0.21329552238805974 157755459
1461839 300 0.22267322212467072 167335524
1462139 300 0.2113422300263389 173503512
1462439 300 0.20980614574187884 168762692
1462739 300 0.21038454784899033 168631458
1463039 300 0.20578577699736614 167204290
1463339 300 0.20550131694468832 166023187
1463639 300 0.20251448639157155 163004810
1463939 300 0.20786233538191393 160642602
1464239 300 0.21322914837576823 162742342
1464539 300 0.21826409130816507 168779096
1464839 300 0.21665215100965757 160117667
1465139 300 0.2051220368744513 160101262
1465439 300 0.20208779631255486 159970029
1465739 300 0.20153784021071117 159707561
1466039 300 0.20417383669885864 159707561
1466339 300 0.19618050921861285 159822391
1466639 300 0.1995276558384548 159970029
1466939 300 0.2069805092186128 160101262
1467239 300 0.20901913959613694 175340785
1467539 300 0.20215417032484637 179671500
1467839 300 0.2174676031606673 169582903
1468139 300 0.20147146619841966 169304031
1468439 300 0.19922423178226514 169435265
1468739 300 0.19497629499561017 169304031
1469039 300 0.20782440737489027 169304031
1469339 300 0.1981338015803336 169172797
1469639 300 0.20186022827041264 169172797
1469939 300 0.2055771729587357 176899186
1470239 300 0.21229043020193153 184937255
1470539 300 0.19597190517998245 174963488
1470839 300 0.1996793678665496 168008098
1471139 300 0.20023880597014926 179031735
1471439 300 0.2016611062335382 164464786
1471739 300 0.20329201053555748 162348641
1472039 300 0.1975459174714662 161954940
1472339 300 0.19712870939420543 161823706
1472639 300 0.2014525021949078 161823706
1472939 300 0.2058521510096576 174815850
1473239 300 0.2096449517120281 164596020
1473539 300 0.20070342405618966 164464786
1473839 300 0.19452115891132574 162086173
1474139 300 0.19198946444249343 161840110
1474439 300 0.1959150131694469 162233811
1474739 300 0.18994135206321336 161987748
1475039 300 0.19235926251097454 160806644
1475339 300 0.1969011413520632 159363072
1475639 300 0.20164214223002633 173536320
1475939 300 0.19117401229148379 179310607
1476239 300 0.19302300263388938 169861774
1476539 300 0.1815877085162423 169746945
1476839 300 0.18309534679543463 169714137
1477139 300 0.18167304653204566 168401799
1477439 300 0.18478314310798943 159871603
1477739 300 0.18472625109745391 158969371
1478039 300 0.19701492537313434 160412943
1478339 300 0.1967209833187006 176423464
1478639 300 0.19587708516242316 165268593
1478939 300 0.1869640035118525 159609136
1479239 300 0.18937243195785775 159609136
1479539 300 0.18513397717295876 159477902
1479839 300 0.1903301141352063 159330264
1480139 300 0.18507708516242316 159067797
1480439 300 0.1826212467076383 158952967
1480739 300 0.18044986830553117 158952967
1481039 300 0.19004565408252855 162627513
1481339 300 0.19110763827919228 174586191
1481639 300 0.18437541703248464 169336840
1481939 300 0.18267813871817387 169189201
1482239 300 0.18143599648814748 166958227
1482539 300 0.17333836698858646 166695760
1482839 300 0.18119894644424936 166695760
1483139 300 0.17080667251975415 165662294
1483439 300 0.17806040386303776 164333552
1483739 300 0.18073432835820896 169320435
1484039 300 0.19226444249341526 183641322
1484339 300 0.18549429323968392 173667554
1484639 300 0.18246953467954344 172092749
1484939 300 0.18802598770851625 170255476
1485239 300 0.1729875329236172 167499567
1485539 300 0.18935346795434596 165777123
1485839 300 0.17202036874451274 161069112
1486139 300 0.17845864793678667 160937878
1486439 300 0.19589604916593503 171682644
1486739 300 0.19848463564530286 180114414
1487039 300 0.17935943810359964 169484478
1487339 300 0.17063599648814748 165284997
1487639 300 0.17452361720807727 180508115
1487939 300 0.17618296751536436 169615711
1488239 300 0.17917928007023703 168943138
1488539 300 0.1792646180860404 168155736
1488839 300 0.17865776997366112 166449696
1489139 300 0.1818152765583846 177210866
1489439 300 0.18454609306409134 168040906
1489739 300 0.17459947322212466 167909672
1490039 300 0.16710869183494292 167778438
1490339 300 0.16940333625987708 166449696
1490639 300 0.16583810359964882 162922789
1490939 300 0.16160913081650571 162660321
1491239 300 0.1665208077260755 162397854
1491539 300 0.17412537313432833 163956255
1491839 300 0.18448920105355576 177210866
1492139 300 0.17587006145741876 173273853
1492439 300 0.17625882352941175 171945111
1492739 300 0.17583213345039508 170895241
1493039 300 0.16859736611062334 164218722
1493339 300 0.17929306409130819 164218722
1493639 300 0.17160316066725198 164218722
1493939 300 0.18005162423178225 165006125
1494239 300 0.18069640035118525 175636061
1494539 300 0.17199192273924493 174192489
1494839 300 0.1704653204565408 172240387
1495139 300 0.16976365232660226 171190516
1495439 300 0.16868270412642672 169615711
1495739 300 0.16850254609306412 167647204
1496039 300 0.16585706760316066 167515971
1496339 300 0.17196347673397716 167778438
1496639 300 0.18275399473222126 184313895
1496939 300 0.17634416154521512 178933309
1497239 300 0.17212467076382792 164103893
1497539 300 0.17148937664618086 163841425
1497839 300 0.18083863037752415 162791555
1498139 300 0.17133766461808606 161856514
1498439 300 0.16964986830553117 161069112
1498739 300 0.17661913959613698 161594047
1499039 300 0.17480807726075503 160937878
1499339 300 0.18287726075504832 172748918
1499639 300 0.1789801580333626 165006125
1499939 300 0.17571834942932396 159494306
1500239 300 0.17850605794556632 169746945
1500539 300 0.17823107989464443 164628828
1500839 300 0.17305390693590872 164366360
1501139 300 0.17609762949956104 164218722
1501439 300 0.17754837576821775 163956255
1501739 300 0.18253590869183495 171190516
1502039 300 0.17908446005267778 167253504
1502339 300 0.1688249341527656 165268593
1502639 300 0.17393573309920982 165006125
1502939 300 0.17396417910447762 164349956
1503239 300 0.17234275680421424 160412943
1503539 300 0.17264618086040387 160035646
1503839 300 0.17478911325724317 159773178
1504139 300 0.1728358208955224 160035646
1504439 300 0.16653028972783143 160035646
1504739 300 0.1641692712906058 160019241
1505039 300 0.16704231782265147 160019241
1505339 300 0.17487445127304654 160035646
1505639 300 0.17254187884108868 159904412
1505939 300 0.18377805092186128 172634088
1506239 300 0.17275048287971903 173683959
1506539 300 0.17062651448639157 160937878
1506839 300 0.1704653204565408 160675410
1507139 300 0.16911887620719931 160560581
1507439 300 0.16826549604916596 160429347
1507739 300 0.1817204565408253 160298113
1508039 300 0.18667006145741877 160035646
1508339 300 0.1956969271290606 172765322
1508639 300 0.18374960491659348 173159023
1508939 300 0.180345566286216 170271880
1509239 300 0.18328498683055314 170255476
1509539 300 0.1823083406496927 170255476
1509839 300 0.17847761194029851 168040906
1510139 300 0.17761474978050923 164891295
1510439 300 0.17465636523266023 164366360
1510739 300 0.17227638279192273 163054023
1511039 300 0.17665706760316066 182722685
1511339 300 0.17580368744512734 164874891
1511639 300 0.18036453028972785 164612424
1511939 300 0.1777569798068481 164481190
1512239 300 0.17808884986830556 164218722
1512539 300 0.18693555750658472 182476621
1512839 300 0.19171448639157154 167647204
1513139 300 0.1869545215100966 168172140
1513439 300 0.18444179104477612 167893268
1513739 300 0.18247901668129943 174061255
1514039 300 0.18358841088674277 165006125
1514339 300 0.17609762949956104 164612424
1514639 300 0.17473222124670765 164891295
1514939 300 0.1909369622475856 166203633
1515239 300 0.18583564530289726 167122270
1515539 300 0.18528568920105357 159888007
1515839 300 0.1810756804214223 159789582
1516139 300 0.18726742756804218 160035646
1516439 300 0.18470728709394207 159920816
1516739 300 0.18537102721685692 159888007
1517039 300 0.1846124670763828 160019241
1517339 300 0.18436593503072868 161331579
1517639 300 0.1949383669885865 180901816
1517939 300 0.19196101843722566 175898529
1518239 300 0.18392976294995608 170271880
1518539 300 0.18385390693590872 170124242
1518839 300 0.18813977172958735 170009413
1519139 300 0.18324705882352943 169353244
1519439 300 0.18201439859525903 166334867
1519739 300 0.1890595258999122 160937878
1520039 300 0.19029218612818263 160150475
1520339 300 0.19301352063213348 179589478
1520639 300 0.19290921861281826 174602595
1520939 300 0.18007058823529412 169353244
1521239 300 0.1796723441615452 168811905
1521539 300 0.18007058823529412 168811905
1521839 300 0.1784017559262511 168828309
1522139 300 0.17961545215100966 167105865
1522439 300 0.18035504828797191 163562553
1522739 300 0.1855796312554873 163431319
1523039 300 0.193459174714662 172765322
1523339 300 0.18677436347673398 170435922
1523639 300 0.18375908691834944 169517286
1523939 300 0.18899315188762073 169500882
1524239 300 0.18913538191395965 168303373
1524539 300 0.18964741000877963 164103893
1524839 300 0.19211273046532046 159625540
1525139 300 0.1974605794556629 160166880
1525439 300 0.21815030728709392 178949714
1525739 300 0.20920877963125548 175800103
1526039 300 0.1994517998244074 158608478
1526339 300 0.19518489903424055 158608478
1526639 300 0.19771659350307286 159002179
1526939 300 0.19871220368744516 158838138
1527239 300 0.19384793678665496 158739712
1527539 300 0.1959529411764706 158838138
1527839 300 0.20723652326602285 158969371
1528139 300 0.21680386303775245 177735801
1528439 300 0.21027076382791926 177210866
1528739 300 0.20775803336259877 169336840
1529039 300 0.20961650570676033 169353244
1529339 300 0.2065443371378402 182345388
1529639 300 0.20076979806848114 168943138
1529939 300 0.20023880597014926 166449696
1530239 300 0.20566251097453908 166580930
1530539 300 0.20515996488147495 167105865
1530839 300 0.2102612818261633 177735801
1531139 300 0.21952519754170322 166991036
1531439 300 0.20963546971027217 166318463
1531739 300 0.2069710272168569 164087488
1532039 300 0.2052737489025461 164087488
1532339 300 0.21035610184372258 164218722
1532639 300 0.20821316944688323 164235126
1532939 300 0.20624091308165057 164366360
1533239 300 0.21377910447761192 163431319
1533539 300 0.21917436347673397 173536320
1533839 300 0.21014749780509215 171830281
1534139 300 0.21453766461808602 169336840
1534439 300 0.205928007023705 167499567
1534739 300 0.21214820017559263 166843398
1535039 300 0.2119490781387182 165006125
1535339 300 0.20886742756804214 164235126
1535639 300 0.20851659350307286 164366360
1535939 300 0.21553327480245832 174865062
1536239 300 0.21971483757682178 181951686
1536539 300 0.21410149253731348 168697075
1536839 300 0.2160168568920105 167023844
1537139 300 0.21677541703248462 165055338
1537439 300 0.21625390693590868 164005467
1537739 300 0.21191115013169445 164153106
1538039 300 0.2099578577699737 164005467
1538339 300 0.22267322212467072 164399169
1538639 300 0.22410500438981565 177801418
1538939 300 0.21892783143107988 177670185
1539239 300 0.21525829675153646 167548779
1539539 300 0.2128024582967515 167417545
1539839 300 0.21434802458296756 167417545
1540139 300 0.2080993854258121 167269908
1540439 300 0.21129482001755925 166613739
1540739 300 0.21224302019315192 164792870
1541039 300 0.21013801580333627 164924104
1541339 300 0.21815978928884988 182115729
1541639 300 0.22232238805970148 193254196
1541939 300 0.2101095697980685 175143934
1542239 300 0.21676593503072872 173191832
1542539 300 0.20593748902546094 173290257
1542839 300 0.20839332748024583 173306661
1543139 300 0.20746409130816504 173060598
1543439 300 0.2054633889376646 170698390
1543739 300 0.2057762949956102 170140647
1544039 300 0.21021387181738366 169238414
1544339 300 0.21341878841088677 173044194
1544639 300 0.21274556628621596 179474649
1544939 300 0.20364284460052678 176062570
1545239 300 0.2104035118525022 175931337
1545539 300 0.21177840210711152 174077660
1545839 300 0.20396523266022829 172765322
1546139 300 0.20462897278314313 170796816
1546439 300 0.20254293239683935 170419518
1546739 300 0.21301106233538192 177768610
1547039 300 0.22376365232660228 184067831
1547339 300 0.21229043020193153 177227271
1547639 300 0.21101035996488143 168959542
1547939 300 0.21562809482001757 168844713
1548239 300 0.20699947322212467 167663609
1548539 300 0.21411097453906938 166482505
1548839 300 0.2118068481123793 166236442
1549139 300 0.21489798068481125 166498909
1549439 300 0.2104793678665496 184724000
1549739 300 0.20428762071992979 183149194
1550039 300 0.20789078138718178 175554040
1550339 300 0.20891483757682175 175422806
1550639 128 0.1516056189640035 92154974
1550767 172 0.20846918349429325 172650492
1550939 300 0.20327304653204567 169910988
1551239 300 0.20153784021071117 167942481
1551539 120 0.1467982440737489 84510607
1551659 180 0.20159473222124671 167942481
1551839 300 0.20354802458296753 167811247
1552139 300 0.20401264266900793 183296833
1552439 300 0.2093320456540825 181722027
1552739 300 0.20737875329236174 175816507
1553039 300 0.2071985952589991 175668870
1553339 300 0.20760632133450396 175439210
1553639 300 0.20000175592625108 174635403
1553939 300 0.20648744512730463 171092091
1554239 300 0.20344372256365234 167958885
1554539 300 0.20236277436347672 169008755
1554839 300 0.2075209833187006 189349990
1555139 300 0.2191459174714662 185806678
1555439 300 0.20981562774363477 181607198
1555739 300 0.2052737489025461 195911680
1556039 300 0.19199894644424934 180951029
1556339 300 0.19365829675153645 178851288
1556639 300 0.20613661106233538 176095379
1556939 300 0.20352906057945566 173995639
1557239 300 0.20756839332748026 185412978
1557539 300 0.19931905179982443 174914275
1557839 114 0.1409004389815628 90186468
1557953 186 0.20064653204565408 172978577
1558139 300 0.19961299385425813 172716109
1558439 300 0.19608568920105357 172716109
1558739 300 0.19223599648814751 172716109
1559039 212 0.15269604916593502 90137255
1559251 88 0.19825706760316067 172830939
1559339 300 0.19037752414398593 172568472
1559639 300 0.19362985074626868 171912303
1559939 300 0.19983107989464444 187791589
1560239 300 0.19694855136084286 193713514
1560539 300 0.19243511852502196 177817822
1560839 300 0.1957633011413521 177571759
1561139 300 0.1968632133450395 175980550
1561439 300 0.1917334503950834 173093406
1561739 300 0.1958486391571554 172962172
1562039 300 0.1976122914837577 172978577
1562339 300 0.19604776119402983 172453642
1562639 300 0.1981338015803336 185445786
1562939 300 0.18822510974539072 183214812
1563239 300 0.18608217734855137 180327669
1563539 300 0.19846567164179107 178359162
1563839 300 0.1928902546093064 177178058
1564139 300 0.19057664618086037 170878836
1564439 300 0.19841826163301143 170993666
1564739 300 0.20309288849868304 170731198
1565039 300 0.20706584723441615 184264682
1565339 300 0.20087410008779633 191203668
1565639 300 0.1915817383669886 180590136
1565939 300 0.19110763827919228 180327669
1566239 300 0.1844038630377524 192401176
1566539 300 0.18863283582089552 180458902
1566839 300 0.19161018437225638 177702993
1567139 300 0.18622440737489024 174799446
1567439 300 0.17803195785776998 172584876
1567739 300 0.18413836698858646 176111784
1568039 300 0.18817769973661108 175209551
1568339 300 0.195772783143108 170321093
1568639 300 0.18301949078138718 170075029
1568939 300 0.18814925373134328 170206263
1569239 300 0.19181878841088676 170075029
1569539 300 0.18762774363476734 170222668
1569839 300 0.18344618086040387 170353902
1570139 300 0.19396172080772606 170337497
1570439 300 0.19566848112379281 183723342
1570739 300 0.1982949956101844 202227305
1571039 300 0.19011202809482003 196977954
1571339 300 0.18597787532923618 187414293
1571639 300 0.18798805970149254 187151825
1571939 300 0.19064302019315188 187135420
1572239 300 0.18709675153643548 186758124
1572539 300 0.19212221246707636 184789617
1572839 300 0.1919799824407375 182296175
1573139 300 0.19506163301141352 180065201
1573439 300 0.20342475856014047 194369683
1573739 300 0.19893028972783147 196338189
1574039 300 0.18874661984196664 186889357
1574339 300 0.19254890254609308 187151825
1574639 300 0.18611062335381914 186758124
1574939 300 0.18786479367866551 183214812
1575239 300 0.18702089552238807 179261394
1575539 300 0.18405302897278317 179277798
1575839 300 0.20544442493415277 188070462
1576139 300 0.19161018437225638 191876241
1576439 300 0.1856649692712906 187020591
1576739 300 0.1836358208955224 184920850
1577039 300 0.18011799824407376 184658383
1577339 300 0.18865179982440738 184395916
1577639 300 0.19285232660228271 182148537
1577939 300 0.19671150131694468 182279771
1578239 300 0.20583318700614575 186872953
1578539 300 0.19544091308165057 180180030
1578839 300 0.19104126426690077 177292887
1579139 300 0.18644249341527655 183329641
1579439 300 0.18666057945566286 177555355
1579739 300 0.19312730465320455 177161653
1580039 300 0.1936962247585601 177178058
1580339 300 0.19966040386303774 178342758
1580639 300 0.20401264266900793 182427409
1580939 300 0.19757436347673396 177817822
1581239 300 0.1917334503950834 177424121
1581539 300 0.1956969271290606 206033085
1581839 300 0.1918282704126427 182148537
1582139 300 0.19769762949956102 182148537
1582439 300 0.1948340649692713 182279771
1582739 300 0.19229288849868303 184773213
1583039 300 0.19406602282704127 206426786
1583339 300 0.19677787532923618 187397888
1583639 300 0.19701492537313434 187397888
1583939 300 0.19113608428446005 187135420
1584239 300 0.18974223002633891 187119016
1584539 300 0.19076628621597894 187102612
1584839 300 0.18639508340649694 187119016
1585139 300 0.18901211589113256 187004187
1585439 300 0.19079473222124668 187135420
1585739 300 0.20171799824407374 201554732
1586039 300 0.19724249341527658 194353278
1586339 300 0.19044389815627744 187004187
1586639 300 0.19205583845478494 198569164
1586939 300 0.1913636523266023 187151825
1587239 300 0.1924635645302897 187004187
1587539 300 0.18950517998244076 187004187
1587839 300 0.18673643546971028 186741720
1588139 300 0.20019139596136962 198027824
1588439 300 0.19403757682177347 187414293
1588739 300 0.19080421422300262 187545526
1589039 300 0.18789323968393326 187529122
1589339 300 0.19238770851624232 187529122
1589639 300 0.18703985952589988 187397888
1589939 300 0.1893819139596137 187414293
1590239 300 0.18776049165935033 187414293
1590539 300 0.18469780509218614 187529122
1590839 300 0.18050676031606672 187529122
1591139 300 0.17620193151887623 187381484
1591439 300 0.17794661984196664 187496314
1591739 300 0.17954907813871815 187643952
1592039 300 0.17719754170324847 188152482
1592339 300 0.18722001755926254 204294237
1592639 300 0.1798145741878841 194993043
1592939 300 0.17973871817383671 187397888
1593239 300 0.1796723441615452 187397888
1593539 300 0.17867673397717296 187381484
1593839 300 0.17146093064091308 187266654
1594139 300 0.17314872695346795 187266654
1594439 300 0.18481158911325724 189891330
1594739 300 0.18687866549604917 195009447
1595039 300 0.18046883230904304 187414293
1595339 300 0.17973871817383671 187119016
1595639 300 0.17213415276558383 187430697
1595939 300 0.17277892888498683 187283059
1596239 300 0.1731676909569798 187299463
1596539 300 0.175841615452151 187447101
1596839 300 0.18239367866549605 188611801
1597139 300 0.1929945566286216 214579684
1597439 300 0.1943789288849868 214596088
1597739 300 0.18155926251097454 195682020
1598039 300 0.17551922739244952 195682020
1598339 300 0.1791603160667252 195583595
1598639 300 0.18293415276558384 195583595
1598939 300 0.18578823529411762 195567191
1599239 300 0.191401580333626 195567191
1599539 300 0.1891638279192274 195829659
1599839 300 0.19524179104477613 211446478
1600139 300 0.1907188762071993 200291607
1600439 300 0.1819669885864794 194911022
1600739 300 0.18553222124670765 194943831
1601039 300 0.18261176470588236 194943831
1601339 300 0.19153432835820897 195075064
1601639 300 0.19417032484635646 195075064
1601939 300 0.1875803336259877 195058660
1602239 300 0.1955546971027217 197929399
1602539 300 0.19785882352941178 203047516
1602839 300 0.1917998244073749 195452361
1603139 300 0.1878742756804214 195173490
1603439 300 0.19106022827041264 195042256
1603739 300 0.1901689201053556 195173490
1604039 300 0.18943880597014925 194911022
1604339 300 0.187798419666374 194763384
1604639 300 0.1961330992098332 208821802
1604939 300 0.1888698858647937 203047516
1605239 300 0.18769411764705882 195173490
1605539 300 0.1852572431957858 195075064
1605839 300 0.18553222124670765 195075064
1606139 300 0.1860252853380158 195075064
1606439 300 0.17941633011413521 195189894
1606739 300 0.18370219490781384 195321127
1607039 300 0.17971975417032485 195321127
1607339 300 0.18325654082528534 195321127
1607639 300 0.19582019315188762 201079009
1607939 300 0.19738472344161548 209215504
1608239 300 0.19365829675153645 203703685
1608539 300 0.1873148375768218 195550786
1608839 300 0.1920084284460053 195550786
1609139 300 0.1832091308165057 195435957
1609439 300 0.19225496049165938 195452361
1609739 300 0.19063353819139597 195452361
1610039 300 0.19497629499561017 197420868
1610339 300 0.20741668129938542 210281778
1610639 300 0.19453064091308167 201243052
1610939 300 0.19284284460052678 195452361
1611239 300 0.19565899912203688 195468766
1611539 300 0.19300403863037752 195468766
1611839 300 0.20184126426690077 195468766
1612139 300 0.20796663740122914 195468766
1612439 300 0.1988354697102722 195452361
1612739 300 0.1966451273046532 195452361
1613039 300 0.19532712906057947 206869700
1613339 300 0.21369376646180863 221321820
1613639 300 0.20473327480245831 209773247
1613939 300 0.202201580333626 202949091
1614239 300 0.2000681299385426 203063920
1614539 300 0.19583915715539946 203063920
1614839 300 0.19828551360842842 202801453
1615139 215 0.20051378402107112 202817857
1615354 5 0.14877050043898157 201259456
1615359 5 0.14749043020193153 194714172
1615364 10 0.14623880597014924 194714172
1615374 65 0.1490454784899034 202325730
1615439 99 0.15446918349429326 201653157
1615538 3 0.1506953467954346 120288215
1615541 7 0.1506953467954346 120288215
