1686384 300 0.18680280948200179 254474753
1686684 300 0.18494433713784023 254491157
1686984 300 0.19062405618964 254359923
1687284 300 0.1921980684811238 253310053
1687584 300 0.18923020193151888 251341546
1687884 300 0.19199894644424934 249110572
1688184 300 0.19504266900790165 250537740
1688484 300 0.20264723441615454 264710988
1688784 300 0.19923371378402108 258411766
1689084 300 0.1931747146619842 252358608
1689384 300 0.18968533801580334 250652569
1689684 300 0.18827251975417034 249487869
1689984 300 0.18492537313432836 247913064
1690284 300 0.18250746268656717 244911091
1690584 300 0.18123687445127304 242401245
1690884 300 0.19536505706760313 248044297
1691184 300 0.19494784899034243 247256895
1691484 300 0.19429359086918352 242794947
1691784 300 0.19312730465320455 242663713
1692084 300 0.18844319578577698 242663713
1692384 300 0.18743810359964883 242532479
1692684 300 0.187798419666374 242663713
1692984 300 0.18523827919227392 243188648
1693284 300 0.19999227392449517 257903235
1693584 300 0.19881650570676032 254097456
1693884 300 0.18488744512730465 243073818
1694184 300 0.1910886742756804 243073818
1694484 300 0.18593046532045654 243073818
1694784 300 0.183427216856892 242942584
1695084 300 0.1785819139596137 242942584
1695384 300 0.18726742756804218 245960961
1695684 300 0.19987848990342405 257132237
1695984 300 0.1875803336259877 246748364
1696284 300 0.1816635645302897 244648624
1696584 300 0.18390131694468834 244386156
1696884 300 0.1785913959613696 244238518
1697184 300 0.19251097453906935 244386156
1697484 300 0.1895715539947322 244386156
1697784 300 0.18722001755926254 247010832
1698084 300 0.19526075504828797 258690638
1698384 300 0.18205232660228268 254359923
1698684 300 0.1819385425812116 254376327
1698984 300 0.1824979806848112 254359923
1699284 300 0.1848021071115013 254474753
1699584 300 0.18753292361720805 254359923
1699884 300 0.18081018437225635 255787090
1700184 300 0.19543143107989464 290039106
1700484 300 0.18838630377524143 286643433
1700784 300 0.18503915715539948 256869769
1701084 300 0.18292467076382793 256836961
1701384 300 0.18243160667251979 256574493
1701684 300 0.1821945566286216 256869769
1701984 300 0.18099982440737486 256738536
1702284 300 0.17856294995610184 256738536
1702584 300 0.18297208077260757 257788405
1702884 300 0.18905004389815627 266203771
1703184 300 0.18312379280070237 256623706
1703484 300 0.18118946444249343 249914379
1703784 300 0.18133169446883232 255934728
1704084 300 0.1769794556628622 250029208
1704384 300 0.17703634767339774 250045613
1704684 300 0.17601229148375766 250176847
1704984 300 0.1834651448639157 253063990
1705284 300 0.18246953467954344 257903235
1705584 300 0.17625882352941175 256065962
1705884 300 0.17192554872695348 255409794
1706184 300 0.17475118525021952 250685377
1706484 300 0.1757942054433714 251243121
1706784 300 0.17660965759438105 250718186
1707084 300 0.18098086040386305 250586952
1707384 300 0.19741316944688325 264891434
1707684 300 0.18365478489903422 261479356
1707984 300 0.1810377524143986 253178819
1708284 300 0.1853425812115891 253080394
1708584 300 0.17532010535557507 251079079
1708884 300 0.18004214223002632 247683405
1709184 300 0.17880000000000001 247404533
1709484 300 0.18473573309920985 250144038
1709784 300 0.19189464442493415 255130921
1710084 300 0.18081966637401228 248306765
1710384 300 0.18199543459174716 248306765
1710684 300 0.17881896400351185 248306765
1710984 300 0.17351852502194912 248306765
1711284 300 0.17596488147497805 248044297
1711584 300 0.17931202809482005 250931441
1711884 300 0.1875708516242318 254770029
1712184 300 0.17747251975417036 250062017
1712484 300 0.17925513608428448 247552171
1712784 300 0.1807532923617208 247552171
1713084 300 0.18066795434591748 247552171
1713384 300 0.18684073748902544 247552171
1713684 300 0.1806774363476734 247437342
1713984 300 0.17905601404741 247437342
1714284 300 0.2066865671641791 266302197
1714584 300 0.19350658472344165 265383561
1714884 300 0.17816470588235295 256344834
1715184 300 0.18229885864793677 256361238
1715484 300 0.17761474978050923 255705069
1715784 300 0.17980509218612817 252522650
1716084 300 0.17846812993854258 250816611
1716384 300 0.17971027216856894 250800207
1716684 300 0.18337980684811236 255787090
1716984 300 0.1871726075504829 292516144
1717284 300 0.18888884986830556 286495794
1717584 300 0.1813980684811238 271928845
1717884 300 0.1757562774363477 257493130
1718184 300 0.17592695346795434 257493130
1718484 300 0.1798809482001756 256049558
1718784 300 0.17768112379280068 251735248
1719084 300 0.1827445127304653 250800207
1719384 300 0.18338928884986833 251456376
1719684 300 0.1855796312554873 262365184
1719984 300 0.17879051799824408 255951133
1720284 300 0.17715013169446883 256065962
1720584 300 0.1727694468832309 255016092
1720884 300 0.1746468832309043 252768714
1721184 300 0.17768112379280068 251193908
1721484 300 0.18377805092186128 252899947
1721784 300 0.18909745390693591 266548260
1722084 300 0.18697348551360843 262233950
1722384 300 0.17975768217734858 256607302
1722684 300 0.17326251097453907 254130264
1722984 300 0.17278841088674277 250324485
1723284 300 0.17593643546971027 248487211
1723584 300 0.1749787532923617 246764768
1723884 300 0.1806395083406497 245042325
1724184 300 0.18032660228270414 265629624
1724484 300 0.18272554872695349 261052846
1724784 300 0.18046883230904304 255918324
1725084 300 0.1766381035996488 261561377
1725384 300 0.17458999122036872 254770029
1725684 300 0.17800351185250218 252145353
1725984 300 0.17253239683933275 250045613
1726284 300 0.18374960491659348 250439314
1726584 300 0.19356347673397717 255426198
1726884 300 0.19103178226514486 250570548
1727184 300 0.1862433713784021 250554144
1727484 300 0.19137313432835823 249487869
1727784 300 0.18553222124670765 245813323
1728084 300 0.18876558384547848 245173559
1728384 300 0.18421422300263388 245173559
1728684 300 0.19191360842844601 245419622
1728984 300 0.19328849868305534 279802872
1729284 300 0.19474872695346793 279950510
1729584 300 0.18734328358208954 258969510
1729884 300 0.1857977172958736 246912406
1730184 300 0.13146584723441615 146731821
1730484 205 0.12862124670763828 146715417
1730689 95 0.1903301141352063 246879598
1730784 300 0.18447023705004392 246781173
1731084 300 0.18176786654960495 246633535
1731384 300 0.18810184372256364 247158469
1731684 300 0.2004758560140474 262791693
1731984 300 0.19052923617208076 252817926
1732284 300 0.19192309043020192 247174874
1732584 300 0.19220755048287974 246781173
1732884 300 0.19380052677787532 246781173
1733184 300 0.19005513608428445 246764768
1733484 300 0.19096540825285338 246649939
1733784 300 0.19307041264266903 248602041
1734084 300 0.20070342405618966 253588925
1734384 300 0.19321264266900792 246371067
1734684 300 0.18859490781387184 246239833
1734984 300 0.19627532923617208 246239833
1735284 300 0.18914486391571553 246108600
1735584 300 0.19316523266022828 246125004
1735884 300 0.2046669007901668 246125004
1736184 300 0.19711922739244953 246125004
1736484 300 0.20101633011413525 263579096
1736784 300 0.19639859525899914 269222148
1737084 300 0.19088007023705006 257936044
1737384 300 0.18910693590869185 257558746
1737684 300 0.19247304653204564 257427513
1737984 300 0.1941892888498683 256623706
1738284 300 0.19075680421422303 255048900
1738584 300 0.18982756804214224 254917667
1738884 300 0.2062598770851624 270944592
1739184 300 0.19744161545215103 261741823
1739484 300 0.19554521510096579 252817926
1739784 300 0.19315575065847235 252555459
1740084 300 0.19401861281826163 249815953
1740384 300 0.1918282704126427 247962277
1740684 300 0.19109815627743634 248503616
1740984 300 0.19134468832309046 248372382
1741284 300 0.198598419666374 256640110
1741584 300 0.20041896400351183 253999030
1741884 300 0.19121194029850744 247831043
1742184 300 0.1933928007023705 247831043
1742484 300 0.19973625987708518 247962277
1742784 300 0.20065601404741001 247699809
1743084 300 0.1967494293239684 247568575
1743384 300 0.19362036874451274 249012147
1743684 300 0.20844073748902547 268057449
1743984 300 0.20041896400351183 264120435
1744284 300 0.19687269534679544 255852708
1744584 300 0.19166707638279193 255705069
1744884 300 0.19553573309920982 255459006
1745184 300 0.19307041264266903 252965564
1745484 300 0.1988354697102722 249947187
1745784 300 0.19979315188762073 247847447
1746084 300 0.19384793678665496 248241148
1746384 300 0.20507462686567166 278031216
1746684 300 0.2065443371378402 290104723
1746984 300 0.19893028972783147 272634226
1747284 300 0.19460649692712903 256115175
1747584 300 0.1956021071115013 254802837
1747884 300 0.195772783143108 254917667
1748184 300 0.18935346795434596 253342861
1748484 300 0.19068094820017562 249668316
1748784 300 0.19007410008779632 248880913
1749084 300 0.18867076382791925 248880913
1749384 300 0.20374714661984197 262004290
1749684 300 0.20511255487269534 265301539
1749984 300 0.20348165057067605 255196539
1750284 300 0.19911044776119405 254934071
1750584 300 0.19581071115013168 254802837
1750884 300 0.20055171202809485 254786433
1751184 300 0.19666409130816503 254671603
1751484 300 0.19307041264266903 252834330
1751784 300 0.19524179104477613 254261498
1752084 300 0.20544442493415277 261873057
1752384 300 0.19589604916593503 258198511
1752684 300 0.19544091308165057 254277902
1752984 300 0.20203090430201934 253884201
1753284 300 0.19417032484635646 254015434
1753584 300 0.19872168568920104 252161757
1753884 300 0.18551325724319578 250455718
1754184 300 0.19918630377524144 251915694
1754484 300 0.20607023705004388 265826475
1754784 300 0.20541597892888497 255196539
1755084 300 0.19494784899034243 248766084
1755384 300 0.1937910447761194 248618445
1755684 300 0.19319367866549605 248634850
1755984 300 0.19189464442493415 248766084
1756284 300 0.19004565408252855 248766084
1756584 300 0.19517541703248462 249553486
1756884 300 0.20598489903424058 269369787
1757184 300 0.20069394205443372 263333032
1757484 300 0.19041545215100966 257821214
1757784 300 0.1919515364354697 257689980
1758084 300 0.1923213345039508 257689980
1758384 300 0.1886897278314311 255983941
1758684 300 0.18376856892010535 251521993
1758984 300 0.18808287971905183 250357293
1759284 300 0.2082321334503951 279999723
1759584 300 0.20479016681299383 280130956
1759884 300 0.19951817383669887 250865824
1760184 300 0.1863097453906936 250865824
1760484 300 0.1869924495171203 251259525
1760784 300 0.17965338015803337 250997058
1761084 300 0.17475118525021952 248372382
1761384 300 0.17317717295873572 247453746
1761684 300 0.17403055311676907 247191278
1761984 300 0.19044389815627744 252703097
1762284 300 0.19347813871817388 264924242
1762584 300 0.18005162423178225 263349437
1762884 300 0.17604073748902546 257443917
1763184 300 0.1808955223880597 257706384
1763484 300 0.17738718173836698 255983941
1763784 300 0.17403055311676907 254556774
1764084 300 0.17111957857769974 253506904
1764384 300 0.1688249341527656 252571863
1764684 300 0.18247901668129943 263710330
1764984 300 0.17712168568920106 268959681
1765284 300 0.18023178226514486 259133552
1765584 300 0.17454258121158908 259133552
1765884 300 0.17240913081650572 257968852
1766184 300 0.16850254609306412 253900605
1766484 300 0.16813274802458295 253375670
1766784 300 0.16931799824407376 251915694
1767084 300 0.1716884986830553 249832358
1767384 300 0.17393573309920982 247601383
1767684 300 0.17709323968393326 260724762
1767984 300 0.17260825285338016 260052188
1768284 300 0.17387884108867427 247847447
1768584 300 0.16980158033362597 247716213
1768884 300 0.17198244073748903 247453746
1769184 300 0.17063599648814748 247322512
1769484 300 0.17012396839332747 247060044
1769784 300 0.1698489903424056 247060044
1770084 300 0.16869218612818263 247060044
1770384 300 0.16899561018437223 247338916
1770684 300 0.18294363476733974 260445889
1770984 300 0.17202985074626867 262414396
1771284 300 0.16776294995610183 260052188
1771584 300 0.17119543459174716 258871084
1771884 300 0.17342370500438983 255327772
1772184 300 0.172371202809482 254277902
1772484 300 0.17551922739244952 253359265
1772784 300 0.17310131694468836 253375670
1773084 300 0.16574328358208956 253113202
1773384 300 0.17746303775241437 278835022
1773684 300 0.18145496049165935 286446582
1773984 300 0.17755785776997365 297601453
1774284 300 0.1700007023705004 260855995
1774584 300 0.1771690956979807 260577123
1774884 300 0.17417278314310797 260314656
1775184 300 0.1731297629499561 257427513
1775484 300 0.17266514486391574 256902577
1775784 300 0.17047480245829674 253884201
1776084 300 0.17052221246707638 251407163
1776384 300 0.17784231782265147 267811386
1776684 300 0.1725798068481124 272929503
1776984 300 0.16466233538191397 258346149
1777284 300 0.16445373134328356 257837618
1777584 300 0.16177980684811238 257165045
1777884 300 0.16200737489025463 253752967
1778184 300 0.1609169446883231 252309396
1778484 300 0.16311676909569797 251784460
1778784 300 0.16675785776997365 251653227
1779084 300 0.15791115013169446 269238553
1779384 300 0.15699139596136963 256771344
1779684 300 0.15609060579455664 256246409
1779984 300 0.15726637401229152 256115175
1780284 300 0.1594756804214223 257837618
1780584 300 0.16780087796312557 268992489
1780884 300 0.1630124670763828 255065305
1781184 300 0.15653625987708517 255212943
1781484 300 0.15884038630377526 255065305
1781784 300 0.1615332748024583 252178162
1782084 300 0.16197892888498683 252457033
1782384 300 0.15880245829675152 249569890
1782684 300 0.1595420544337138 248913721
1782984 300 0.15737067603160668 249291019
1783284 300 0.15913432835820898 249028551
1783584 300 0.15913432835820898 249159785
1783884 300 0.1548294995610184 249438657
1784184 300 0.15696294995610183 249044955
1784484 300 0.15445970149253732 249044955
1784784 300 0.1589731343283582 249044955
1785084 300 0.1602626865671642 248766084
1785384 300 0.16332537313432835 248651254
1785684 300 0.15570184372256365 249028551
1785984 300 0.15691553994732219 249044955
1786284 300 0.15928604038630378 248897317
1786584 300 0.1556449517120281 249028551
1786884 300 0.1664923617208077 279064682
1787184 300 0.16508902546093063 293943311
1787484 300 0.1643115013169447 289989894
1787784 300 0.16304091308165058 260855995
1788084 300 0.15887831431079896 260855995
1788384 300 0.1575982440737489 272535801
1788684 300 0.15376751536435468 257033811
1788984 300 0.15846110623353818 256918982
1789284 300 0.15953257243195787 255869112
