597258 300 0.12409833187006145 164710849
597558 300 0.12067532923617208 164448381
597858 300 0.11965127304653204 162217407
598158 300 0.11724284460052677 161052708
598458 300 0.11915820895522387 160773835
598758 300 0.11666444249341527 161413600
599058 300 0.11802036874451274 161561238
599358 300 0.1190918349429324 161298771
599658 300 0.1294935908691835 168254161
599958 300 0.13536294995610185 184395916
600258 300 0.12455346795434592 174815850
600558 300 0.1208270412642669 172059940
600858 300 0.12248639157155398 170747602
601158 300 0.11610500438981562 162725938
601458 300 0.11337418788410886 161019899
601758 300 0.1152990342405619 160642602
602058 300 0.11677822651448638 160511368
602358 300 0.11891167690956979 161430004
602658 300 0.11768849868305531 161151133
602958 300 0.11756523266022828 160773835
603258 300 0.13178823529411765 178884097
603558 300 0.12771097453906935 180491710
603858 300 0.12187006145741879 174848658
604158 300 0.12207866549604916 172223983
604458 300 0.12531202809482 163956255
604758 300 0.11727129060579455 161216749
605058 300 0.11707216856892011 161331579
605358 300 0.11387673397717296 160937878
605658 300 0.11938577699736612 161052708
605958 300 0.11700579455662863 161577642
606258 300 0.10978999122036874 161708876
606558 300 0.12041931518876207 166712164
606858 300 0.12199332748024583 174602595
607158 300 0.1098089552238806 167237099
607458 300 0.10913573309920983 161200345
607758 300 0.10744793678665497 179048139
608058 300 0.10725829675153643 167893268
608358 300 0.10707813871817383 167762034
608658 300 0.10755223880597016 164743657
608958 300 0.10868059701492538 161347983
609258 300 0.10632906057945567 161069112
609558 300 0.11035891132572434 167253504
609858 300 0.11711957857769972 173044194
610158 300 0.11124073748902547 168024502
610458 300 0.108471992976295 167893268
610758 300 0.10695487269534679 166203633
611058 300 0.10660403863037753 163431319
611358 300 0.1102071992976295 161594047
611658 300 0.10579806848112379 161479217
611958 300 0.10465074626865674 161446409
612258 300 0.10720140474100087 161708876
612558 300 0.1116579455662862 161987748
612858 300 0.1265731343283582 176160996
613158 300 0.11319402985074627 166712164
613458 300 0.10935381913959613 162906384
613758 300 0.10953397717295875 162381450
614058 300 0.11111747146619842 162758746
614358 300 0.10582651448639156 162906384
614658 300 0.11101316944688323 162627513
614958 300 0.10524811237928007 162102577
615258 300 0.10741949078138718 161971344
615558 300 0.1052196663740123 161856514
615858 300 0.10848147497805093 162233811
616158 300 0.11791606672519754 168155736
616458 300 0.1225622475856014 181016646
616758 300 0.11211308165057068 181820452
617058 300 0.11008393327480245 175521231
617358 300 0.11229323968393327 174094064
617658 300 0.11239754170324848 167926077
617958 300 0.11127866549604916 162266620
618258 300 0.10911676909569797 162151790
618558 300 0.1100270412642669 162529087
618858 300 0.11308972783143108 162151790
619158 300 0.11070974539069359 162135386
619458 300 0.12467673397717297 172355217
619758 300 0.11703424056189639 178523204
620058 300 0.1153369622475856 175373593
620358 300 0.11476804214223003 174996296
620658 300 0.11121229148375768 165547464
620958 300 0.11215100965759438 161889323
621258 300 0.11101316944688323 162135386
621558 300 0.11061492537313432 162004152
621858 300 0.11231220368744514 161610451
622158 300 0.11386725197541704 162397854
622458 300 0.1274644424934153 182739089
622758 300 0.12181316944688322 177112441
623058 300 0.11268200175592626 163726596
623358 300 0.11498612818261633 163595362
623658 300 0.11477752414398595 163480532
623958 300 0.11417067603160667 163989063
624258 300 0.11368709394205445 164136701
624558 300 0.11225531167690957 164136701
624858 300 0.11463529411764706 164153106
625158 300 0.11839964881474978 165727911
625458 300 0.12728428446005266 178720054
625758 300 0.11718595258999123 169254819
626058 300 0.11445513608428445 163743000
626358 300 0.11395258999122036 163611766
626658 300 0.11169587357330993 163464128
626958 300 0.11180017559262512 163332894
627258 300 0.11405689201053557 163480532
627558 300 0.11266303775241439 163349298
627858 300 0.11235961369622476 162955597
628158 300 0.1141043020193152 162824364
628458 300 0.12507497805092185 175701678
628758 300 0.12036242317822651 172666897
629058 300 0.11091834942932396 163496937
629358 300 0.11314661984196664 163726596
629658 300 0.11196136962247585 163857829
629958 300 0.1124449517120281 163726596
630258 300 0.1096667251975417 163726596
630558 300 0.10719192273924495 163332894
630858 300 0.11057699736611061 163365703
631158 300 0.11192344161545216 163743000
631458 300 0.11117436347673398 163628170
631758 300 0.11116488147497805 163611766
632058 300 0.12289411764705882 177407717
632358 300 0.11681615452151009 177407717
632658 300 0.1132793678665496 162972001
632958 300 0.10875645302897279 169517286
633258 300 0.11424653204565408 163365703
633558 300 0.11378191395961368 162840768
633858 300 0.11209411764705883 162840768
634158 300 0.1149766461808604 162840768
634458 300 0.1160955223880597 162972001
634758 300 0.11817208077260755 164415573
635058 300 0.12370008779631254 166777781
635358 300 0.11621878841088674 163103235
635658 300 0.11418015803336261 163103235
635958 300 0.11587743634767339 163103235
636258 300 0.11026409130816507 163103235
636558 300 0.1097046532045654 163234469
636858 300 0.1110036874451273 163103235
637158 300 0.10835820895522388 163103235
637458 300 0.1124828797190518 163234469
637758 300 0.11277682177348551 165071742
638058 300 0.12373801580333625 185937912
638358 300 0.12156663740122914 175832911
638658 300 0.11784969271290607 163496937
638958 300 0.11250184372256365 163628170
639258 300 0.11268200175592626 177292887
639558 300 0.11235013169446885 163496937
639858 300 0.11317506584723441 163103235
