1026311 300 0.16111606672519754 284428863
1026611 300 0.1597316944688323 283887523
1026911 300 0.16452010535557507 280606678
1027211 300 0.16386584723441616 278900640
1027511 300 0.1608790166812994 276292368
1027811 300 0.16436839332748024 276423602
1028111 300 0.1614953467954346 276833707
1028411 300 0.16559157155399476 311085723
1028711 300 0.17502616330114135 312529295
1029011 300 0.17285478489903428 293369164
1029311 300 0.16340122914837577 286413774
1029611 300 0.16419771729587357 286545007
1029911 300 0.16108762071992974 286397369
1030211 300 0.16281334503950837 286266135
1030511 300 0.2005043020193152 282722823
1030811 300 0.20476172080772606 278785810
1031111 300 0.15682071992976296 277211005
1031411 300 0.16880597014925375 291663124
1031711 300 0.16767761194029848 296518774
1032011 300 0.16004460052677788 286282540
1032311 300 0.16296505706760317 286413774
1032611 300 0.1632589991220369 286282540
1032911 300 0.16526918349429326 281689357
1033211 300 0.170702370500439 276702474
1033511 300 0.16603722563652326 275127669
1033811 300 0.16459596136962246 275258902
1034111 300 0.16637857769973663 275390136
1034411 300 0.16950763827919227 275127669
1034711 300 0.16514591747146623 275390136
1035011 300 0.15537945566286218 275521370
1035311 300 0.15913432835820898 275258902
1035611 300 0.16185566286215983 274996435
1035911 300 0.15906795434591747 275652604
1036211 300 0.16733625987708517 292056826
1036511 300 0.17052221246707638 281426890
1036811 300 0.16503213345039508 275636199
1037111 300 0.15992133450395085 275521370
1037411 300 0.16240561896400352 275390136
1037711 300 0.16187462686567164 275521370
1038011 300 0.16467181738366987 275258902
1038311 300 0.16142897278314308 274996435
1038611 300 0.1676396839332748 287069942
1038911 300 0.1635529411764706 287069942
1039211 300 0.168 274733967
1039511 300 0.16182721685689203 274848796
1039811 300 0.16232028094820017 274569925
1040111 300 0.16816119402985075 274586329
1040411 300 0.16378999122036872 274848796
1040711 300 0.15765513608428447 274832392
1041011 300 0.1579964881474978 274832392
1041311 300 0.16079367866549601 275242498
1041611 300 0.1664923617208077 289530576
1041911 300 0.15967480245829677 288497110
1042211 300 0.1550286215978929 275111264
1042511 300 0.15884038630377526 274996435
1042811 300 0.15729482001755926 275111264
1043111 300 0.1604523266022827 275111264
1043411 300 0.1637710272168569 275111264
1043711 300 0.16113503072870938 275111264
1044011 300 0.16277541703248463 275258902
1044311 300 0.16480456540825286 303326526
1044611 300 0.16428305531167692 313185464
1044911 300 0.15939034240561895 293894098
1045211 300 0.1592291483757682 274865201
1045511 300 0.16113503072870938 274996435
1045811 300 0.16165654082528533 274996435
1046111 300 0.16246251097453904 274980030
1046411 300 0.16541141352063213 274996435
1046711 300 0.16514591747146623 274865201
1047011 300 0.15883090430201932 274602733
1047311 300 0.1658760316066725 280639487
1047611 300 0.16758279192273925 292056826
1047911 300 0.15570184372256365 290728084
1048211 300 0.15456400351185254 284691330
1048511 300 0.15915329236172085 282345526
1048811 300 0.15921018437225637 282345526
1049111 300 0.15354942932396837 282197888
1049411 300 0.155398419666374 281672953
1049711 300 0.15821457418788412 279704446
1050011 300 0.1639132572431958 288251046
1050311 75 0.16375206321334504 282476760
1050386 5 0.12219244951712029 278621768
1050391 7 0.12137699736611063 273520054
1050398 1 0.11993573309920985 273077140
1050399 11 0.11993573309920985 273077140
1050410 160 0.12151922739244951 280770721
1050570 4 0.1336182616330114 179917563
1050574 1 0.11766953467954346 177227271
1050575 8 0.11766953467954346 177227271
1050583 28 0.1266110623353819 186741720
1050611 300 0.12199332748024583 237283128
1050911 300 0.15653625987708517 266170963
1051211 300 0.1572758560140474 263283820
1051511 300 0.15079016681299387 263037757
1051811 300 0.15378647936786655 263415054
1052111 296 0.16165654082528533 266581069
1052407 4 0.14426654960491658 264907838
1052411 2 0.14728182616330113 272667035
1052413 3 0.14588797190518 271338293
1052416 9 0.1426451273046532 271338293
1052425 165 0.14391571553994734 279294341
1052590 3 0.14837225636523266 175619656
1052593 1 0.12974960491659351 175619656
1052594 9 0.12974960491659351 175619656
1052603 108 0.14279683933274803 200061948
1052711 300 0.13204424934152767 254195881
1053011 207 0.1565457418788411 266154559
1053218 5 0.11478700614574187 261955078
1053223 4 0.11538437225636523 257525938
1053227 8 0.11293801580333626 257525938
1053235 1 0.11293801580333626 257525938
1053236 1 0.11310869183494295 257525938
1053237 74 0.11530851624231782 265055476
1053311 92 0.11621878841088674 261758227
1053403 4 0.11170535557506585 161708876
1053407 9 0.11170535557506585 157821076
1053416 1 0.11170535557506585 157821076
1053417 194 0.12217348551360843 194894618
1053611 70 0.10819701492537312 148536286
1053681 5 0.06424793678665495 145091399
1053686 4 0.0648358208955224 139218688
1053690 9 0.06215241439859526 139218688
1053699 3 0.06222827041264267 139218688
1053702 162 0.06359367866549605 147305969
1053864 2 0.09432484635645304 55655580
1053866 1 0.06 47830766
1053867 8 0.06 47830766
1053875 1 0.06439016681299385 54080775
1053876 35 0.07533239683933275 65088007
1053911 140 0.06443757682177349 123060529
1054051 160 0.07678314310798946 152391278
1054211 300 0.13544828797190517 231065928
1054511 300 0.1559294117647059 240285100
1054811 300 0.15739912203687445 240563973
1055111 300 0.15319859525899912 240760823
1055411 300 0.15141597892888495 240777227
1055711 300 0.15187111501316944 241302162
1056011 300 0.14916874451273046 241302162
1056311 300 0.1531606672519754 241679460
1056611 300 0.162984021071115 262266758
1056911 300 0.1609548726953468 263595500
1057211 300 0.15796804214223004 249192593
1057511 300 0.1585369622475856 244254922
1057811 300 0.15619490781387182 243467520
1058111 300 0.15258226514486392 244107284
1058411 300 0.1544217734855136 244894687
1058711 300 0.14763266022827043 244369752
1059011 300 0.16021527655838455 281902612
1059311 300 0.16159964881474978 292270081
1059611 300 0.16142897278314308 275340924
1059911 300 0.15991185250219492 258264128
1060211 300 0.15544582967515364 257870427
1060511 300 0.16208323090430202 254753625
1060811 300 0.15672589991220368 253851392
1061111 300 0.15677330992098332 247322512
1061411 300 0.16031009657594383 246403875
1061711 300 0.15818612818261632 246912406
1062011 300 0.16807585601404743 268828447
1062311 300 0.16398911325724322 266859940
1062611 300 0.15389078138718174 261216888
1062911 300 0.15449762949956103 262397992
1063211 300 0.15967480245829677 251128291
1063511 300 0.15659315188762074 247338916
1063811 300 0.15739912203687445 247207682
1064111 300 0.16207374890254608 250094826
1064411 300 0.1638753292361721 257197854
1064711 300 0.15809130816505704 255508219
1065011 300 0.15374855136084284 255081709
1065311 300 0.15784477611940298 249553486
1065611 300 0.15846110623353818 247732617
1065911 300 0.1539097453906936 247601383
1066211 300 0.14357436347673397 247601383
1066511 300 0.15169095697980683 248520020
1066811 300 0.16008252853380156 270042360
1067111 300 0.1526107111501317 268976085
1067411 300 0.14763266022827043 264268074
1067711 300 0.15111255487269534 272142100
1068011 300 0.15536997366110625 261266101
1068311 300 0.15386233538191396 250406506
1068611 300 0.15080913081650574 248306765
1068911 300 0.155275153643547 252096141
1069211 300 0.16523125548726952 261134867
1069511 300 0.16183669885864796 258378958
1069811 300 0.15418472344161543 253260840
1070111 300 0.15209868305531166 249323827
1070411 300 0.1479550482879719 248798892
1070711 300 0.15493380158033365 248798892
1071011 300 0.15808182616330116 248913721
1071311 300 0.1622633889376646 249208998
1071611 300 0.1687964881474978 286102093
1071911 300 0.1717928007023705 296732029
1072211 300 0.1629460930640913 304081120
1072511 300 0.1582430201931519 278884236
1072811 300 0.15086602282704126 265892091
1073111 300 0.15841369622475857 265760857
1073411 300 0.15211764705882352 265728049
1073711 300 0.1525064091308165 262315971
1074011 300 0.15299947322212468 261528568
1074311 300 0.15765513608428447 256033154
1074611 300 0.1661889376646181 269812701
1074911 300 0.1644252853380158 268910468
1075211 300 0.15310377524143984 266417026
1075511 300 0.1516056189640035 261298909
1075811 300 0.15499069359086917 258018065
1076111 300 0.15348305531167694 249750337
1076411 300 0.15427954345917472 249619103
1076711 300 0.1555406496927129 249487869
1077011 300 0.15591992976294997 249750337
1077311 300 0.16998173836698857 270091572
1077611 300 0.16051870061457418 269681467
1077911 300 0.15591044776119403 264448520
1078211 300 0.15926707638279192 267335663
1078511 300 0.1588877963125549 259724104
1078811 300 0.15584407374890255 254753625
1079111 300 0.1565836698858648 252424225
1079411 300 0.16031957857769974 252292991
1079711 300 0.16834135206321335 259756912
1080011 300 0.16262370500438983 257788405
1080311 300 0.15694398595259 257624364
1080611 300 0.15618542581211592 256443259
1080911 300 0.15777840210711153 253670946
1081211 300 0.1614953467954346 250668973
1081511 300 0.1593998244073749 250258867
1081811 300 0.1635624231782265 250537740
1082111 300 0.1720867427568042 268779234
1082411 300 0.16293661106233537 272338951
1082711 300 0.16140052677787534 265301539
1083011 300 0.1586412642669008 264251669
1083311 300 0.15681123792800702 258592212
1083611 300 0.15614749780509218 256607302
1083911 300 0.163628797190518 254245093
1084211 300 0.16521229148375766 252407821
1084511 300 0.1674690079016681 251620418
1084811 300 0.17353748902546093 272617822
1085111 300 0.1715367866549605 270518082
1085411 300 0.16868270412642672 265678836
1085711 300 0.17003863037752415 265416369
1086011 300 0.16782932396839334 262922927
1086311 300 0.1596653204565408 258641425
1086611 300 0.16462440737489026 253670946
1086911 300 0.16310728709394204 251817269
1087211 300 0.1673172958735733 252210970
1087511 300 0.17133766461808606 259806125
1087811 300 0.173271992976295 285003010
1088111 300 0.17536751536435471 279228724
1088411 300 0.16889130816505707 252178162
1088711 300 0.1638753292361721 252161757
1089011 300 0.16595188762071994 252030523
1089311 300 0.16607515364354697 251784460
1089611 300 0.16651132572431956 251800864
1089911 300 0.1723048287971905 251833673
1090211 300 0.1733857769973661 252096141
1090511 300 0.17513046532045656 273339608
1090811 300 0.17558560140474103 270977400
1091111 300 0.17162212467076385 266367814
1091411 300 0.1729116769095698 264793008
1091711 300 0.17315820895522388 256640110
1092011 300 0.1757278314310799 252834330
1092311 300 0.17738718173836698 252834330
1092611 300 0.18478314310798943 253884201
1092911 300 0.1909464442493415 262020695
1093211 300 0.18784582967515365 259412424
1093511 300 0.17947322212467076 254064647
1093811 300 0.18216611062335383 254048243
1094111 300 0.1772828797190518 254048243
1094411 300 0.1773587357330992 253654542
1094711 300 0.17686567164179104 253506904
1095011 300 0.1734616330114135 253506904
1095311 300 0.18189113257243195 264104031
1095611 300 0.1835315188762072 264235265
1095911 300 0.17768112379280068 253080394
1096211 300 0.17259877085162423 253096798
1096511 300 0.17471325724319578 252834330
1096811 300 0.1752632133450395 253113202
1097111 300 0.16852151009657593 252752310
1097411 300 0.17466584723441617 252621076
1097711 300 0.1756045654082529 252735905
1098011 300 0.18958103599648815 266515452
1098311 300 0.18682177348551357 262053504
1098611 300 0.17686567164179104 253654542
1098911 300 0.1702377524143986 253523308
1099211 300 0.17184969271290604 253375670
1099511 300 0.16374258121158908 253900605
1099811 300 0.16945074626865672 253769371
1100111 300 0.17343318700614574 253769371
1100411 300 0.16896716417910446 253802179
1100711 300 0.17668551360842844 264858625
1101011 300 0.18302897278314312 287545665
1101311 300 0.17964389815627743 286134901
1101611 300 0.1755097453906936 256344834
1101911 300 0.1697067603160667 256065962
1102211 300 0.18297208077260757 256082367
1102511 300 0.1742201931518876 256082367
1102811 300 0.19048182616330114 255951133
1103111 300 0.18292467076382793 256328430
1103411 300 0.17128077260755045 256328430
1103711 300 0.17754837576821775 261709015
1104011 300 0.17509253731343286 273126354
1104311 300 0.16773450395083406 256984599
1104611 300 0.1669854258121159 256722131
1104911 300 0.1669190517998244 272749056
1105211 300 0.16940333625987708 263283820
1105511 300 0.17136611062335383 263152586
1105811 300 0.169412818261633 263021352
1106111 300 0.17610711150131694 264071223
1106411 300 0.1869545215100966 272732652
1106711 300 0.17850605794556632 262873714
1107011 300 0.17128077260755045 257640768
1107311 300 0.17083511852502192 265514794
1107611 300 0.16515539947322214 255672261
1107911 300 0.16390377524143987 256065962
1108211 300 0.16615100965759438 256065962
1108511 300 0.16359086918349428 255819899
1108811 300 0.17592695346795434 261200484
1109111 300 0.17189710272168568 255951133
1109411 300 0.16825601404741003 256213600
1109711 300 0.1763726075504829 269058106
1110011 300 0.1711764705882353 256476068
1110311 300 0.17301597892888498 256344834
1110611 300 0.17364179104477612 255934728
1110911 300 0.16853099209833186 255918324
1111211 300 0.17354697102721686 257132237
1111511 300 0.17646742756804215 266449835
1111811 300 0.18176786654960495 256082367
1112111 300 0.1712902546093064 256082367
1112411 300 0.1769889376646181 255819899
1112711 300 0.16817067603160668 255819899
1113011 300 0.16119192273924499 255819899
1113311 300 0.16397963125548726 255951133
1113611 300 0.16468129938542583 256344834
1113911 300 0.17647690956979806 276686070
1114211 300 0.17315820895522388 275898667
1114511 300 0.16862581211589112 269993147
1114811 300 0.16877752414398597 306476137
1115111 300 0.16825601404741003 269484616
1115411 300 0.16479508340649693 265678836
1115711 300 0.16889130816505707 261085654
1116011 300 0.171470412642669 260429485
1116311 300 0.17534855136084285 290350786
1116611 300 0.17512098331870063 262791693
1116911 300 0.17825952589991223 263054161
1117211 300 0.17593643546971027 263054161
1117511 300 0.17225741878841086 262922927
1117811 300 0.18063002633889375 262922927
1118111 300 0.17437190517998244 260954421
1118411 300 0.1697731343283582 257673576
1118711 300 0.16379947322212468 256754940
1119011 300 0.18115153643546972 271453123
1119311 300 0.18347462686567165 267516109
1119611 300 0.18160667251975418 256361238
1119911 300 0.17456154521510095 256492472
1120211 300 0.17242809482001756 256098771
1120511 300 0.1819669885864794 255836303
1120811 300 0.17852502194907813 255442602
1121111 300 0.17804143985952592 255048900
1121411 300 0.1951564530289728 266072538
1121711 300 0.18848112379280071 267122408
1122011 300 0.17703634767339774 256230004
1122311 300 0.18238419666374014 256230004
1122611 300 0.18000421422300264 255967537
1122911 300 0.18024126426690076 255967537
1123211 300 0.17891378402107108 255967537
1123511 300 0.17370816505706763 255442602
1123811 300 0.1779750658472344 255442602
1124111 300 0.17807936786654963 267647343
1124411 300 0.16710869183494292 278277279
1124711 300 0.16762071992976293 269747083
1125011 300 0.16104969271290606 269730679
1125311 300 0.1678198419666374 266449835
1125611 300 0.16598981562774365 262775289
1125911 300 0.16308832309043023 260281848
1126211 300 0.15846110623353818 258838276
1126511 300 0.15685864793678664 257525938
1126811 300 0.16955504828797188 270009551
1127111 300 0.16204530289727834 272502993
1127411 300 0.15829991220368747 270009551
1127711 300 0.1720014047410009 265137497
1128011 300 0.1670233538191396 259888146
1128311 300 0.160670412642669 257394704
1128611 300 0.161571202809482 256213600
1128911 300 0.16870166812993856 256082367
1129211 300 0.17614503950834065 267893406
1129511 300 0.16567690956979805 268155874
1129811 300 0.16686215978928884 257394704
1130111 300 0.16215908691834943 256869769
1130411 300 0.1683318700614574 257001003
1130711 300 0.16834135206321335 256886173
1131011 300 0.16456751536435468 256738536
1131311 300 0.1587360842844601 256607302
1131611 300 0.1612014047410009 256476068
1131911 300 0.16460544337137842 256476068
1132211 300 0.16929903424056192 256623706
1132511 300 0.17192554872695348 283789098
1132811 300 0.17340474100087797 302686762
1133111 300 0.16075575065847236 305311437
1133411 300 0.1594756804214223 285363903
1133711 300 0.1680853380158033 270665720
1134011 300 0.1715747146619842 269090914
1134311 300 0.16151431079894643 265153902
1134611 300 0.16484249341527657 260691953
1134911 300 0.16729833187006143 258067278
1135211 300 0.17086356453028972 257673576
1135511 300 0.1743150131694469 269353382
1135811 300 0.17781387181738367 269747083
1136111 300 0.18138858647936787 264760200
1136411 300 0.1789801580333626 256377642
1136711 300 0.1778233538191396 256787748
1137011 300 0.1645580333625988 256525281
1137311 300 0.16235820895522388 256525281
1137611 300 0.17091097453906937 259149956
1137911 300 0.17706479367866548 263480671
1138211 300 0.17147989464442495 260331060
1138511 300 0.16415030728709393 256771344
1138811 300 0.1674690079016681 256640110
1139111 300 0.16099280070237046 256361238
1139411 300 0.16232028094820017 255967537
1139711 300 0.16415030728709393 256098771
1140011 300 0.16154275680421423 256098771
1140311 300 0.17126180860403864 262299567
1140611 300 0.17051273046532045 263185395
1140911 300 0.16375206321334504 255967537
1141211 300 0.16184618086040384 262397992
1141511 300 0.1668337137840211 256361238
1141811 300 0.16651132572431956 256525281
1142111 300 0.1600161545215101 256541685
1142411 300 0.16037647058823526 259018722
1142711 300 0.17196347673397716 259412424
1143011 300 0.17344266900790167 256394047
1143311 300 0.16614152765583845 256508876
1143611 300 0.1702377524143986 256525281
1143911 300 0.16726988586479366 256558089
1144211 300 0.16107813871817384 256394047
1144511 300 0.16037647058823526 256672918
1144811 300 0.16212115891132572 257066620
1145111 300 0.17115750658472345 290662467
1145411 300 0.16942230026338895 295255649
1145711 300 0.16903353819139597 268221491
1146011 300 0.16336330114135206 257312683
1146311 300 0.16122036874451276 257181450
1146611 300 0.1654398595258999 257050216
1146911 300 0.1657527655838455 256804152
1147211 300 0.12392765583845479 151144557
1147511 131 0.13113397717295874 151275791
1147642 6 0.13114345917471465 151292195
1147648 13 0.13113397717295874 151292195
1147661 1 0.13113397717295874 151292195
1147662 149 0.1326036874451273 158706904
1147811 21 0.11846602282704127 160445751
1147832 279 0.1331820895522388 213595431
1148111 300 0.17800351185250218 258756255
1148411 300 0.16787673397717298 252719501
1148711 300 0.1685404741000878 250668973
1149011 300 0.16250992098331868 250915036
1149311 300 0.16052818261633015 250783803
1149611 300 0.16752589991220368 250931441
1149911 300 0.16692853380158032 250947845
1150211 300 0.17415381913959613 263021352
1150511 300 0.17024723441615452 263939989
1150811 300 0.16238665496049165 251472780
1151111 300 0.16891027216856894 251341546
1151411 300 0.1629460930640913 251210313
1151711 300 0.168 251866482
1152011 300 0.164529587357331 252522650
1152311 300 0.16851202809482005 252128949
1152611 300 0.1697067603160667 252260183
1152911 300 0.16473819139596138 251604014
1153211 300 0.16263318700614574 251439972
1153511 300 0.16505109745390695 251702439
1153811 300 0.15685864793678664 251702439
1154111 300 0.160025636523266 251439972
1154411 300 0.16707076382791922 251308738
1154711 300 0.16748797190517997 251193908
1155011 300 0.1666630377524144 251193908
1155311 300 0.1612014047410009 251587609
1155611 300 0.16306935908691836 251587609
1155911 300 0.1619694468832309 251423568
1156211 300 0.16893871817383668 267040387
1156511 300 0.1650700614574188 274405882
1156811 300 0.1578068481123793 264563349
1157111 300 0.15724741000877965 264022010
1157411 300 0.15274345917471466 259166360
1157711 300 0.1559009657594381 255229347
1158011 300 0.15830939420544335 252079736
1158311 300 0.16074626865671643 251571205
1158611 300 0.1608790166812994 284264820
1158911 300 0.16451062335381916 284543692
1159211 300 0.15416575943810357 253802179
1159511 300 0.14772748024582968 253408478
1159811 300 0.15020228270412642 253146011
1160111 300 0.15012642669007903 252752310
1160411 300 0.1518426690079017 252883543
1160711 300 0.15215557506584723 252735905
1161011 300 0.15294258121158913 252752310
1161311 300 0.16583810359964882 264563349
1161611 300 0.16141000877963127 264563349
1161911 300 0.15974117647058825 252752310
1162211 300 0.1485618964003512 252883543
1162511 300 0.1468741000877963 252621076
1162811 300 0.14702581211589114 252096141
1163111 300 0.15026865671641793 251964907
1163411 300 0.15075223880597013 251948503
1163711 300 0.15372010535557504 252342204
1164011 300 0.15983599648814747 268500363
1164311 300 0.1679241439859526 259576466
1164611 300 0.1397246707638279 254310711
1164911 300 0.15242107111501318 267188025
1165211 300 0.15545531167690957 254704412
1165511 300 0.15098928884986831 254737220
1165811 300 0.15417524143985953 254605986
1166111 300 0.1540899034240562 254605986
1166411 300 0.1595041264266901 260117805
1166711 300 0.16140052677787534 259855338
1167011 300 0.16044284460052677 255130921
1167311 300 0.15284776119402987 255524623
1167611 300 0.1557113257243196 255393389
1167911 300 0.15235469710272168 255393389
1168211 300 0.1560526777875329 255393389
1168511 300 0.1557113257243196 255409794
1168811 300 0.15794907813871817 257493130
1169111 300 0.16671992976294997 268385533
1169411 300 0.16175136084284458 268139470
1169711 300 0.15642247585601401 264202456
1170011 300 0.1623297629499561 261446547
1170311 300 0.15868867427568045 256443259
1170611 300 0.15975065847234418 254474753
1170911 300 0.16269007901668128 253556116
1171211 300 0.16745952589991223 253818584
1171511 300 0.17231431079894644 269435403
1171811 300 0.1696593503072871 261298909
1172111 300 0.16926110623353818 253310053
1172411 300 0.16223494293239685 253703754
1172711 300 0.16599929762949958 308018134
1173011 300 0.16523125548726952 260002975
1173311 266 0.12005899912203688 152440491
1173577 4 0.12005899912203688 152440491
1173581 11 0.12005899912203688 152473299
1173592 1 0.12005899912203688 152473299
1173593 18 0.12872554872695346 158411628
1173611 154 0.12195539947322212 159838795
1173765 146 0.13612151009657594 189136736
1173911 300 0.15042036874451273 243057414
1174211 300 0.16832238805970148 304097525
1174511 300 0.16188410886742757 255278560
1174811 300 0.16635961369622476 254228689
1175111 300 0.16592344161545214 252391417
1175411 300 0.17700790166812996 252260183
1175711 300 0.17438138718173837 252260183
1176011 300 0.17465636523266023 252522650
1176311 300 0.18058261633011416 283132929
1176611 300 0.17907497805092187 294681501
1176911 300 0.1766665496049166 279589617
1177211 300 0.18106619841966637 258477383
1177511 300 0.17935943810359964 258329745
1177811 300 0.18026971027216857 258460979
1178111 300 0.18254539069359085 258067278
1178411 300 0.1871062335381914 253999030
1178711 300 0.17910342405618965 251636822
1179011 300 0.18597787532923618 251636822
1179311 300 0.19362036874451274 264120435
1179611 300 0.1917050043898156 263857968
1179911 300 0.18688814749780508 251521993
1180211 300 0.17726391571553993 251390759
1180511 300 0.17776646180860403 251784460
1180811 300 0.1793878841088674 252079736
1181111 300 0.17758630377524143 251521993
1181411 300 0.17984302019315188 251521993
1181711 300 0.18601580333625986 251653227
1182011 300 0.19487199297629498 268057449
1182311 300 0.18491589113257245 274619137
1182611 300 0.18586409130816506 266482644
1182911 300 0.1847926251097454 263611905
1183211 300 0.18500122914837575 262562034
1183511 300 0.18737172958735734 262709672
1183811 300 0.18821562774363476 259937359
1184111 300 0.1835315188762072 258887488
1184411 300 0.18885092186128183 259166360
1184711 300 0.19423669885864794 275422944
1185011 300 0.18798805970149254 265055476
1185311 300 0.18561755926251097 258756255
1185611 300 0.18213766461808603 258772659
1185911 300 0.17768112379280068 258625021
1186211 300 0.1725798068481124 258083682
1186511 300 0.1865562774363477 254950475
1186811 300 0.18454609306409134 254671603
1187111 300 0.17961545215100966 254704412
1187411 300 0.18556066725197543 259822529
1187711 300 0.1831048287971905 265203114
1188011 300 0.17389780509218614 256295622
1188311 300 0.17570886742756806 256164388
1188611 300 0.17177383669885865 256164388
1188911 300 0.17199192273924493 256164388
1189211 300 0.16918525021949077 256164388
1189511 300 0.16729833187006143 255623048
1189811 300 0.17454258121158908 270846166
1190111 300 0.1781172958735733 274815988
1190411 300 0.1712902546093064 270337636
1190711 300 0.17001018437225637 266417026
1191011 300 0.16930851624231782 262988544
1191311 300 0.1726841088674276 259576466
1191611 300 0.1716790166812994 256574493
1191911 300 0.171470412642669 256049558
1192211 300 0.17318665496049165 256197196
1192511 300 0.17819315188762072 272863886
1192811 300 0.1740684811237928 277982003
1193111 300 0.17048428446005268 267991832
1193411 300 0.17075926251097454 264317286
1193711 300 0.1672509218612818 263775946
1194011 300 0.16563898156277435 258510192
1194311 300 0.16776294995610183 254310711
1194611 300 0.16893871817383668 253260840
1194911 300 0.16794310798946444 253277244
1195211 300 0.1785913959613696 262578438
1195511 300 0.17804143985952592 264546945
1195811 300 0.17704582967515362 259166360
1196111 300 0.17657172958735734 258116490
1196411 300 0.17396417910447762 257739193
1196711 300 0.17608814749780508 256558089
1197011 300 0.1748649692712906 253670946
1197311 300 0.1759079894644425 252621076
1197611 300 0.17655276558384547 252752310
1197911 300 0.1824979806848112 266810728
1198211 300 0.17097734855136085 264579754
1198511 300 0.17128077260755045 253277244
1198811 300 0.16989640035118525 253310053
1199111 300 0.16677682177348552 253178819
1199411 300 0.16769657594381035 253047585
1199711 300 0.12453450395083406 150882090
1200011 32 0.11990728709394205 150865686
1200043 268 0.16686215978928884 253014777
1200311 300 0.16563898156277435 253014777
1200611 300 0.17220052677787534 253031181
1200911 300 0.17632519754170325 269845509
1201211 300 0.17365127304653205 269189340
1201511 300 0.1679336259877085 260413081
1201811 300 0.16631220368744512 259215573
1202111 300 0.1644916593503073 258428170
1202411 300 0.1686163301141352 257378300
1202711 300 0.1715273046532046 256459663
1203011 300 0.16835083406496926 256590897
1203311 300 0.1781267778753292 269320574
1203611 300 0.1763820895522388 270632911
1203911 300 0.17039894644424938 260019380
1204211 300 0.168900790166813 257788405
1204511 300 0.1650700614574188 277850769
1204811 300 0.16690956979806848 259609274
1205111 133 0.06366953467954346 49602422
1205244 57 0.10289657594381035 152276449
1205301 110 0.1641692712906058 258838276
1205411 300 0.16400807726075503 258707042
1205711 300 0.16236769095697978 256738536
1206011 300 0.16949815627743636 271567952
1206311 300 0.16668200175592623 261462951
1206611 300 0.1637141352063213 261052846
1206911 300 0.16183669885864796 261069250
1207211 300 0.15801545215100965 258313341
1207511 300 0.16235820895522388 254376327
1207811 300 0.11986935908691834 151407025
1208111 44 0.12040983318700614 151407025
1208155 256 0.15921966637401228 254245093
1208411 300 0.15944723441615452 254622391
1208711 300 0.17546233538191397 280885551
1209011 300 0.17402107111501317 301489254
1209311 300 0.168 289284512
1209611 300 0.16658718173836698 267893406
1209911 300 0.16270904302019315 266318601
1210211 300 0.16122985074626864 266302197
1210511 300 0.16050921861281828 266417026
1210811 300 0.15551220368744512 266285793
1211111 300 0.15840421422300263 264464924
1211411 300 0.16803792800702372 258559404
1211711 300 0.1734616330114135 272502993
1212011 300 0.16381843722563652 280344211
1212311 300 0.1602721685689201 269730679
1212611 300 0.15870763827919224 269730679
1212911 300 0.1631641791044776 267237238
1213211 300 0.1590489903424056 264497733
1213511 300 0.15784477611940298 257132237
1213811 300 0.1575318700614574 256607302
1214111 300 0.1637805092186128 256607302
1214411 300 0.16891027216856894 262529226
1214711 300 0.17239016681299388 270501678
1215011 300 0.165041615452151 263710330
1215311 300 0.16830342405618962 257263470
1215611 300 0.17366075504828798 298864578
1215911 300 0.1657148375768218 257525938
1216211 300 0.1666345917471466 257657172
1216511 300 0.1637805092186128 257525938
1216811 300 0.1648614574187884 257279875
1217111 300 0.16953608428446007 267237238
1217411 300 0.17415381913959613 282739228
1217711 300 0.17749148375768214 257673576
1218011 300 0.17170746268656717 257542342
1218311 300 0.16405548726953467 257542342
1218611 300 0.16944126426690082 257542342
1218911 300 0.1647192273924495 257427513
1219211 300 0.1665492537313433 257263470
1219511 300 0.16647339771729588 257263470
1219811 300 0.1645011413520632 257279875
1220111 300 0.17333836698858646 268943277
1220411 300 0.17210570676031606 270386848
1220711 300 0.17320561896400352 258313341
1221011 148 0.169545566286216 258067278
1221159 152 0.1666630377524144 258067278
1221311 300 0.163372783143108 257657172
1221611 300 0.16747848990342404 257657172
1221911 300 0.16662510974539071 257657172
1222211 300 0.16558208955223877 257542342
1222511 300 0.16774398595259 257001003
1222811 204 0.175841615452151 277211005
1223015 96 0.17007655838454785 271567952
1223111 284 0.1657243195785777 276833707
1223395 16 0.16708972783143108 274865201
1223411 53 0.16934644424934156 270124381
1223464 247 0.16760175592625112 270124381
1223711 300 0.1643399473222125 270124381
1224011 300 0.16933696224758557 270009551
1224311 300 0.16563898156277435 267384876
1224611 300 0.16741211589113258 263972797
1224911 300 0.1712238805970149 263316628
1225211 300 0.16980158033362597 263447862
1225511 300 0.1739926251097454 271059421
1225811 300 0.16924214223002632 261610590
1226111 300 0.16773450395083406 259248381
1226411 300 0.1610971027216857 259248381
1226711 300 0.16262370500438983 259527253
1227011 300 0.16395118525021948 259527253
1227311 300 0.16573380158033363 259527253
1227611 300 0.16629323968393325 259543657
1227911 300 0.17350904302019313 270829762
1228211 300 0.172371202809482 263086969
1228511 300 0.15944723441615452 259773316
1228811 300 0.16052818261633015 259396020
1229111 300 0.15815768217734855 256787748
1229411 300 0.1581102721685689 256525281
1229711 300 0.158489552238806 256525281
1230011 300 0.16212115891132572 256508876
1230311 300 0.1634770851624232 256804152
1230611 300 0.17041791044776117 294468246
1230911 300 0.16887234416154523 295518117
1231211 300 0.17014293239683934 280442637
1231511 300 0.16491834942932396 257870427
1231811 300 0.16991536435469712 257870427
1232111 300 0.16429253731343285 257722789
1232411 300 0.16056611062335382 257722789
1232711 300 0.15929552238805972 257575151
1233011 300 0.16210219490781388 257460321
1233311 300 0.1625857769973661 257443917
1233611 300 0.17104372256365233 263086969
1233911 300 0.17169798068481124 270698529
1234211 300 0.16031009657594383 261774631
1234511 300 0.15701984196663743 257181450
1234811 300 0.15815768217734855 257066620
1235111 300 0.16147638279192272 256935386
1235411 300 0.160025636523266 256804152
1235711 300 0.1582714661984197 256672918
1236011 300 0.16411237928007025 256935386
1236311 300 0.16925162423178228 272814673
1236611 300 0.1684741000877963 264284478
1236911 300 0.15726637401229152 257197854
1237211 300 0.15723792800702371 257197854
1237511 300 0.15731378402107113 257181450
1237811 300 0.15702932396839334 257197854
1238111 300 0.15977910447761193 257197854
1238411 300 0.15809130816505704 257066620
1238711 300 0.16873959613696224 268221491
1239011 300 0.16628375768217735 267959023
1239311 300 0.1633443371378402 256541685
1239611 300 0.16224442493415278 256541685
1239911 300 0.16061352063213344 256279217
1240211 300 0.1597316944688323 256147983
1240511 300 0.1631926251097454 256147983
1240811 300 0.1656200175592625 256147983
1241111 300 0.15924811237928008 256049558
1241411 300 0.16625531167690957 255901920
1241711 300 0.16115399473222125 255754282
1242011 300 0.16161861281826165 255639453
1242311 300 0.15902054433713783 255639453
1242611 300 0.16302194907813872 255508219
1242911 300 0.16223494293239685 255508219
1243211 300 0.16180825285338019 255508219
1243511 300 0.1610307287093942 255508219
1243811 300 0.16207374890254608 255508219
1244111 300 0.16311676909569797 255508219
1244411 300 0.15756979806848112 255754282
1244711 300 0.16496575943810357 255524623
1245011 300 0.163628797190518 255508219
1245311 300 0.1605850746268657 255491814
1245611 300 0.1611065847234416 255491814
1245911 300 0.15921018437225637 255508219
1246211 300 0.15566391571553995 255508219
1246511 300 0.16130570676031605 255508219
1246811 300 0.15953257243195787 255508219
1247111 300 0.1548294995610184 255508219
1247411 300 0.15995926251097456 255491814
1247711 300 0.15667848990342406 255491814
1248011 300 0.16065144863915715 255491814
1248311 300 0.15701984196663743 255376985
1248611 300 0.1576646180860404 255393389
1248911 300 0.16261422300263392 276357985
1249211 300 0.16061352063213344 287906557
1249511 300 0.16458647936786655 257066620
1249811 300 0.16302194907813872 257066620
1250111 300 0.16615100965759438 257066620
1250411 300 0.17538647936786658 279770064
1250711 300 0.18011799824407376 281476102
1251011 300 0.1822798946444249 258903893
1251311 300 0.17232379280070237 258641425
1251611 300 0.16764916593503076 258657829
1251911 300 0.17458999122036872 258674233
1252211 300 0.16790517998244073 258395362
1252511 300 0.1693274802458297 258526596
1252811 300 0.16953608428446007 258411766
1253111 300 0.18167304653204566 264300882
1253411 300 0.18373064091308164 271912441
1253711 300 0.17158419666374014 262594843
1254011 300 0.17589850746268657 258001660
1254311 300 0.1753011413520632 257870427
1254611 300 0.17371764705882356 257870427
1254911 300 0.17826900790166814 258001660
1255211 300 0.1795964881474978 258001660
1255511 300 0.18596839332748025 260888803
1255811 300 0.1931083406496927 266663090
1256111 300 0.18287726075504832 258789063
1256411 300 0.17898964003511852 259313998
1256711 300 0.18359789288849868 259166360
1257011 300 0.18485899912203688 259035126
1257311 300 0.183427216856892 259166360
1257611 300 0.18354100087796313 259182765
1257911 300 0.18289622475856013 259560061
1258211 300 0.19611413520632134 275833050
1258511 300 0.18882247585601405 264678179
1258811 300 0.17802247585601405 258657829
1259111 300 0.18428059701492538 258657829
1259411 300 0.19098437225636525 258657829
1259711 300 0.18383494293239686 258657829
1260011 300 0.1875708516242318 258789063
1260311 300 0.19129727831431081 258789063
1260611 300 0.18823459174714663 258657829
1260911 300 0.21089657594381037 292663782
1261211 300 0.2074261633011414 298044367
1261511 300 0.20039051799824406 278490534
1261811 300 0.1919799824407375 259313998
1262111 300 0.19134468832309046 259182765
1262411 300 0.19205583845478494 259182765
1262711 300 0.1938194907813872 259067935
1263011 300 0.19157225636523267 259051531
1263311 300 0.18682177348551357 259051531
1263611 300 0.18903107989464443 259182765
1263911 300 0.1965692712906058 275308115
1264211 300 0.1980769095697981 264809413
1264511 300 0.19827603160667254 259166360
1264811 300 0.19980263388937664 259166360
1265111 300 0.19732783143107988 259051531
1265411 300 0.20279894644424934 259067935
1265711 300 0.20309288849868304 259182765
1266011 300 0.20286532045654085 261676206
1266311 300 0.21239473222124672 267450492
1266611 300 0.20170851624231784 259313998
1266911 300 0.2041548726953468 259313998
1267211 300 0.21065004389815628 271256272
1267511 300 0.20833643546971028 259445232
1267811 300 0.20532115891132574 259576466
1268111 300 0.20299806848112378 259445232
1268411 300 0.2096828797190518 259576466
1268711 300 0.2129257243195786 270337636
1269011 300 0.21288779631255486 259445232
1269311 300 0.20367129060579459 259445232
1269611 300 0.20771062335381912 259445232
1269911 300 0.20316874451273045 272453780
1270211 300 0.20919929762949957 259592870
1270511 300 0.2035764705882353 259724104
1270811 300 0.20165162423178226 259576466
1271111 300 0.20876312554872695 259576466
1271411 300 0.21558068481123796 270862570
1271711 300 0.20850711150131698 259707700
1272011 300 0.20900017559262513 259838934
1272311 300 0.19904407374890254 303539781
1272611 300 0.2085260755048288 260101401
1272911 300 0.2058900790166813 260101401
1273211 300 0.2136558384547849 260101401
1273511 300 0.2163866549604917 261184080
1273811 300 0.21917436347673397 291499082
1274111 300 0.22281545215100965 260117805
1274411 300 0.21248955223880597 259855338
1274711 300 0.2066865671641791 259986571
1275011 300 0.21778999122036877 260101401
1275311 300 0.2110862159789289 259855338
1275611 300 0.2140825285338016 260117805
1275911 300 0.21120948200175596 259855338
1276211 300 0.21738226514486392 259986571
1276511 300 0.22360245829675152 271912441
1276811 300 0.2182356453028973 269812701
1277111 300 0.21209130816505709 260002975
1277411 300 0.21046040386303774 259724104
1277711 300 0.21637717295873574 259724104
1278011 300 0.21187322212467077 259592870
1278311 300 0.2193165935030729 259707700
1278611 300 0.2131912203687445 259707700
1278911 300 0.2187571553994732 260495102
1279211 300 0.2246644424934153 274668350
1279511 300 0.21986654960491658 270206402
1279811 300 0.22208533801580335 260249039
1280111 300 0.2194019315188762 260117805
1280411 300 0.21565654082528535 259871742
1280711 300 0.20452467076382794 260134209
1281011 300 0.2078054433713784 260002975
1281311 300 0.2106215978928885 260134209
1281611 300 0.21052677787532925 260790378
1281911 300 0.2197717295873573 275751029
1282211 300 0.21651940298507463 265514794
1282511 300 0.21323863037752414 260002975
1282811 300 0.22025531167690957 265760857
1283111 300 0.20760632133450396 259724104
1283411 300 0.21192063213345042 259724104
1283711 300 0.20517892888498682 259740508
1284011 300 0.21439543459174712 262365184
1284311 300 0.22115610184372259 262611247
1284611 300 0.2199329236172081 259855338
1284911 300 0.21248955223880597 259724104
1285211 300 0.21568498683055312 259740508
1285511 300 0.2152393327480246 259756912
1285811 300 0.2156470588235294 259740508
1286111 300 0.2131912203687445 259724104
1286411 300 0.2167943810359965 259855338
1286711 300 0.22970886742756802 297388198
1287011 300 0.22204741000877962 300537808
1287311 300 0.2200846356453029 278096833
1287611 300 0.20858296751536437 261462951
1287911 300 0.20982510974539068 261577781
1288211 300 0.21360842844600525 261446547
1288511 300 0.2144902546093064 261315313
1288811 300 0.2071132572431958 261036442
1289111 300 0.20307392449517117 261052846
1289411 300 0.21341878841088677 261167676
1289711 300 0.22348867427568045 276144730
1290011 300 0.2187571553994732 267877002
1290311 300 0.2077675153643547 260511507
1290611 300 0.20495136084284463 260495102
1290911 300 0.20732186128182617 260495102
1291211 300 0.2088200175592625 259970167
1291511 300 0.20509359086918352 259855338
1291811 300 0.20406005267778754 259855338
1292111 300 0.21177840210711152 260396677
1292411 300 0.21466093064091307 276259560
1292711 300 0.21390237050043895 266269389
1293011 300 0.21228094820017557 260626336
1293311 300 0.20264723441615454 268500363
1293611 300 0.20433503072870943 260495102
1293911 300 0.21391185250219494 260511507
1294211 300 0.20959754170324846 260511507
1294511 300 0.215703950834065 262742481
1294811 300 0.21644354697102722 264973455
1295111 300 0.2311880597014925 260331060
1295411 300 0.21781843722563654 260445889
1295711 300 0.2190700614574188 277785153
1296011 300 0.20608920105355574 261233292
1296311 300 0.20873467954345917 261102058
1296611 300 0.20710377524143986 261085654
1296911 300 0.2120154521510097 261085654
1297211 300 0.21565654082528535 267778577
1297511 300 0.2166900790166813 265564007
1297811 300 0.2242946444249342 261479356
1298111 300 0.21082071992976295 261348122
1298411 300 0.21347568042142231 276177538
1298711 300 0.19647445127304652 261495760
1299011 300 0.20861141352063214 261364526
1299311 300 0.20061808604038628 261216888
1299611 300 0.21342827041264267 261479356
1299911 300 0.2023438103599649 273536459
1300211 300 0.2152393327480246 261200484
1300511 300 0.20784337137840214 261200484
1300811 300 0.21578928884986828 261069250
1301111 300 0.21122844600526774 261085654
1301411 300 0.21174047410008778 261085654
1301711 300 0.22950026338893761 293106696
1302011 300 0.22746163301141348 302014189
1302311 300 0.21433854258121157 284970202
1302611 300 0.2126412642669008 261889461
1302911 300 0.21359894644424934 261758227
1303211 300 0.21426268656716418 261758227
1303511 300 0.20927515364354699 261626994
1303811 300 0.2112758560140474 261741823
1304111 300 0.19996382791922737 261758227
1304411 300 0.2071511852502195 262135524
1304711 300 0.2133998244073749 277358643
1305011 300 0.20168955223880597 266072538
1305311 300 0.20196453028972783 260839591
1305611 300 0.20061808604038628 260970825
1305911 300 0.20076979806848114 260839591
1306211 300 0.20299806848112378 260970825
1306511 300 0.20067497805092185 261364526
1306811 300 0.20651589113257246 262808098
1307111 300 0.20614609306409132 278031216
1307411 300 0.20489446883230902 267401280
1307711 300 0.19959402985074629 261889461
1308011 300 0.20778647936786654 261889461
1308311 300 0.20709429323968392 261741823
1308611 300 0.20086461808604036 261889461
1308911 300 0.20450570676031607 261741823
1309211 300 0.2107922739244952 264875029
1309511 300 0.2237352063213345 270173593
1309811 300 0.21334293239683935 261774631
1310111 300 0.21347568042142231 261364526
1310411 300 0.2148410886742757 261102058
1310711 300 0.20750201931518875 261102058
1311011 300 0.20970184372256365 261102058
1311311 300 0.21215768217734854 261102058
1311611 300 0.21157928007023707 261102058
1311911 300 0.21941141352063215 269238553
1312211 300 0.21374117647058824 263447862
1312511 300 0.20839332748024583 260954421
1312811 300 0.21046040386303774 260954421
1313111 300 0.20714170324846357 260691953
1313411 300 0.20287480245829673 260724762
1313711 300 0.20784337137840214 260708357
1314011 300 0.21239473222124672 261512164
1314311 300 0.22248358208955224 277243813
1314611 300 0.2190795434591747 267270046
1314911 300 0.21342827041264267 261495760
1315211 300 0.20756839332748026 267155217
1315511 238 0.15644143985952588 156918843
1315749 6 0.15644143985952588 156935248
1315755 7 0.15644143985952588 156935248
1315762 1 0.15644143985952588 156935248
1315763 48 0.15968428446005267 164235126
1315811 300 0.150515188762072 164399169
1316111 300 0.15000316066725197 164399169
1316411 300 0.1548294995610184 166761377
1316711 300 0.164785601404741 164546807
1317011 300 0.15147287093942055 164431977
1317311 300 0.15089446883230903 164563211
1317611 300 0.15294258121158913 164546807
1317911 300 0.14992730465320456 164546807
1318211 300 0.15583459174714662 164546807
1318511 300 0.15772151009657592 164546807
1318811 300 0.15612853380158034 164661636
1319111 300 0.16488042142230028 203654472
1319411 300 0.15788270412642672 190957605
1319711 300 0.1590774363476734 164973316
1320011 300 0.16107813871817384 164973316
1320311 300 0.1580249341527656 164989721
1320611 300 0.15423213345039508 164842083
1320911 300 0.16213064091308166 164563211
1321211 300 0.15570184372256365 164563211
1321511 300 0.16427357330992098 164431977
1321811 300 0.16252888498683055 164431977
1322111 300 0.16013942054433714 164431977
1322411 300 0.1552467076382792 164431977
1322711 300 0.161959964881475 165481848
1323011 300 0.17368920105355576 180458902
1323311 300 0.16352449517120285 164481190
1323611 300 0.15700087796312556 164464786
1323911 300 0.16361931518876208 164448381
1324211 300 0.1599687445127305 164464786
1324511 300 0.15505706760316068 164333552
1324811 300 0.15914381035996486 164317147
1325111 300 0.15852748024582966 164317147
1325411 300 0.16457699736611062 180869008
1325711 300 0.15887831431079896 164710849
1326011 300 0.15715258999122036 164448381
1326311 300 0.1570482879719052 164317147
1326611 300 0.15367269534679542 163923446
1326911 300 0.16398911325724322 163792212
1327211 300 0.16430201931518876 163775808
1327511 300 0.16306935908691836 163792212
1327811 300 0.17221000877963125 166400484
1328111 300 0.16598981562774365 168910330
1328411 300 0.16127726075504828 164317147
1328711 300 0.16373309920983317 164317147
1329011 300 0.16169446883230904 164169510
1329311 300 0.15614749780509218 164169510
1329611 300 0.1552941176470588 164169510
1329911 300 0.1535209833187006 164185914
1330211 300 0.1562612818261633 164349956
1330511 300 0.17028516242317823 200980584
1330811 300 0.16835083406496926 198880844
1331111 300 0.16537348551360845 164481190
1331411 300 0.16192203687445125 164349956
1331711 300 0.16099280070237046 164349956
1332011 300 0.15754135206321335 164349956
1332311 300 0.157588762071993 164218722
1332611 300 0.16225390693590871 164087488
1332911 300 0.1613436347673398 164743657
1333211 300 0.17147989464442495 181016646
1333511 300 0.16216856892010534 164743657
1333811 300 0.16392273924495174 164103893
1334111 300 0.16155223880597014 164103893
1334411 300 0.15942827041264268 164103893
1334711 300 0.1606988586479368 164103893
1335011 300 0.15777840210711153 164103893
1335311 300 0.16268059701492535 166859802
1335611 300 0.16346760316066727 169746945
1335911 300 0.1594756804214223 164382765
1336211 300 0.15423213345039508 164513998
1336511 300 0.16115399473222125 164513998
1336811 300 0.15622335381913957 164382765
1337111 300 0.1585369622475856 164382765
1337411 300 0.1591058823529412 164513998
1337711 300 0.165942405618964 165038934
1338011 300 0.17347111501316947 179884755
1338311 300 0.16860684811237928 167023844
1338611 300 0.1650985074626866 164382765
1338911 300 0.16844565408252854 180262051
1339211 300 0.16194100087796312 164366360
1339511 300 0.16520280948200175 164251531
1339811 300 0.16543037752414397 164251531
1340111 300 0.1724660228270413 165038934
1340411 300 0.17573731343283583 168828309
1340711 300 0.1723048287971905 164366360
1341011 300 0.1629460930640913 164382765
1341311 300 0.1645011413520632 178031077
1341611 300 0.16672941176470588 164513998
1341911 300 0.16692853380158032 164513998
1342211 300 0.1686163301141352 164366360
1342511 300 0.17344266900790167 164235126
1342811 300 0.17037050043898153 170665582
1343111 300 0.17457102721685688 164235126
1343411 300 0.17173590869183494 164120297
1343711 300 0.1598739244951712 163972659
1344011 300 0.16592344161545214 164005467
1344311 300 0.16929903424056192 163989063
1344611 300 0.1724565408252853 164005467
1344911 300 0.1752252853380158 164005467
1345211 300 0.17297805092186128 164530402
1345511 300 0.18445127304653205 200357224
1345811 300 0.1772070237050044 182640664
1346111 300 0.17733028972783144 164924104
1346411 300 0.1694697102721686 164678040
1346711 300 0.17020930640913082 177670185
1347011 300 0.1729211589113257 164661636
1347311 300 0.1738883230904302 164645232
1347611 300 0.17176435469710272 164661636
1347911 300 0.1779086918349429 164792870
1348211 300 0.18292467076382793 170567156
1348511 300 0.1846883230904302 164792870
1348811 300 0.17757682177348552 164809274
1349111 300 0.1790465320456541 164645232
1349411 300 0.17096786654960494 164661636
1349711 300 0.17737769973661108 164792870
1350011 300 0.17362282704126428 164792870
1350311 300 0.18392976294995608 165842740
1350611 300 0.19091799824407374 179884755
1350911 300 0.18358841088674277 164399169
1351211 300 0.18117050043898156 164382765
1351511 300 0.18520983318700615 164382765
1351811 300 0.1862433713784021 164399169
1352111 300 0.18817769973661108 164267935
1352411 300 0.18589253731343286 164267935
1352711 300 0.19805794556628623 167417545
1353011 300 0.20640210711150134 169796158
1353311 300 0.197185601404741 164513998
1353611 300 0.19326953467954347 164792870
1353911 300 0.19077576821773487 164792870
1354211 300 0.18883195785777 164792870
1354511 300 0.20510307287093943 164792870
1354811 300 0.22092853380158037 165563868
1355111 300 0.23223107989464442 179474649
1355411 300 0.2384702370500439 165038934
1355711 300 0.1982949956101844 165038934
1356011 300 0.2101095697980685 165038934
1356311 300 0.2194588235294118 165022529
1356611 300 0.23918138718173837 165038934
1356911 300 0.22205689201053552 165038934
1357211 300 0.25694117647058823 166220037
1357511 300 0.304284811237928 179097352
1357811 300 0.27631290605794556 165301401
1358111 300 0.2634647936786655 165301401
1358411 300 0.2972776119402985 165432635
1358711 300 0.27920491659350305 165957570
1359011 300 0.33226619841966637 165957570
1359311 300 0.31955083406496926 165973974
1359611 300 0.370763125548727 169123585
1359911 300 0.4191877085162423 201538328
1360211 300 0.3979859525899912 182919535
1360511 300 0.38470166812993856 168615054
1360811 300 0.39868762071992975 168877521
1361111 300 0.4049362598770851 169008755
1361411 300 0.40919367866549605 168992351
1361711 300 0.41661808604038625 168992351
1362011 300 0.41926356453028973 168861117
1362311 300 0.41855241439859525 168992351
1362611 300 0.43971624231782264 184084236
1362911 300 0.4339891132572432 176735144
1363211 300 0.37117085162423175 169386052
1363511 300 0.38381035996488144 169517286
1363811 300 0.43083160667251974 169386052
1364111 300 0.43377102721685684 169648520
1364411 300 0.43976365232660225 169500882
1364711 300 0.4477474978050922 169369648
1365011 300 0.44444776119402984 171354559
1365311 300 0.4393464442493415 182903131
1365611 300 0.44477963125548725 169910988
1365911 300 0.44121439859525896 170042221
1366211 300 0.4428642669007902 170042221
1366511 300 0.43548726953467953 170304688
1366811 300 0.4466381035996488 170698390
1367111 300 0.4468087796312554 170829624
1367411 300 0.4424375768217735 170960857
1367711 300 0.44072133450395085 178703650
1368011 300 0.44368920105355575 170681986
1368311 300 0.44654328358208956 170681986
1368611 300 0.4454149253731343 170813220
1368911 300 0.4372888498683055 170681986
1369211 300 0.4438503950834065 170829624
1369511 300 0.44347111501316944 171075687
1369811 300 0.4479276558384548 171354559
1370111 300 0.440446356453029 187233846
1370411 300 0.4411764705882352 171617026
1370711 300 0.44419174714661985 171485793
1371011 300 0.44123336259877083 171502197
1371311 300 0.44545285338015805 171502197
1371611 300 0.44582265144863914 171485793
1371911 300 0.43579069359086914 171469389
1372211 300 0.44946374012291485 171469389
1372511 300 0.439289552238806 171469389
1372811 300 0.44098683055311677 207427443
1373111 300 0.44354697102721685 197863782
1373411 300 0.4427978928884987 172010728
1373711 300 0.4358570676031606 172010728
1374011 300 0.4425039508340649 172010728
1374311 300 0.4418402107111501 172010728
1374611 300 0.43401755926251095 172027132
1374911 300 0.44582265144863914 172027132
1375211 300 0.4491413520632133 172141962
1375511 300 0.44724495171202805 173323066
1375811 300 0.43862581211589113 192220729
1376111 300 0.4405601404741 181574389
1376411 300 0.4433383669885865 181443156
1376711 300 0.444950307287094 181459560
1377011 300 0.4463726075504829 181590793
1377311 300 0.4453201053555751 181590793
1377611 300 0.4459364354697103 181590793
1377911 300 0.4478138718173837 181459560
1378211 300 0.44705531167690954 181869666
1378511 300 0.43707076382791926 197076379
1378811 300 0.4444951712028094 182263366
1379111 300 0.44368920105355575 182263366
1379411 300 0.4418212467076383 182263366
1379711 300 0.44170746268656713 182263366
1380011 300 0.44461843722563654 182246962
1380311 300 0.4399153643546971 182246962
1380611 300 0.45121791044776116 182263366
1380911 300 0.45148340649692714 183428067
1381211 300 0.4393369622475856 188414950
1381511 300 0.44349007901668125 182132133
1381811 300 0.4399627743634767 182000899
1382111 300 0.4477380158033363 182000899
1382411 300 0.4457278314310799 182000899
1382711 300 0.43839824407374894 182000899
1383011 300 0.4419350307287094 182000899
1383311 300 0.45180579455662856 183165599
1383611 300 0.44692256365232663 198782418
1383911 300 0.444561545215101 182509430
1384211 300 0.4456993854258121 182509430
1384511 300 0.4451209833187006 182509430
1384811 300 0.43708024582967514 182509430
1385111 300 0.4437935030728709 182509430
1385411 300 0.44277892888498677 182525834
1385711 300 0.4452726953467955 182525834
1386011 300 0.4440969271290606 183296833
1386311 300 0.44501668129938543 196157743
1386611 300 0.44023775241439855 182246962
1386911 300 0.4518437225636523 182246962
1387211 300 0.43918525021949073 182378196
1387511 300 0.4482405618964003 182115729
1387811 300 0.44931202809482 181984495
1388111 300 0.4417548726953468 182132133
1388411 300 0.44611659350307287 182148537
1388711 300 0.4463915715539947 182148537
1389011 300 0.4388533801580334 205360512
1389311 300 0.4428927129060579 210084927
1389611 300 0.44076874451273046 182919535
1389911 300 0.4508670763827919 183050769
1390211 300 0.4453864793678665 182788302
1390511 300 0.4519385425812116 182903131
1390811 300 0.44606918349429325 181197092
1391111 300 0.4430444249341528 179901159
1391411 300 0.45001369622475856 176882782
1391711 300 0.4504783143107989 176505484
1392011 300 0.4436228270412643 191974666
1392311 300 0.44240913081650574 175718082
1392611 300 0.44782335381913957 175964145
1392911 300 0.4548021071115013 176111784
1393211 300 0.45060158033362596 176653123
1393511 300 0.46041545215100965 176767952
1393811 300 0.45089552238805963 176751548
1394111 300 0.4545081650570676 176751548
1394411 300 0.457419139596137 178457587
1394711 300 0.4549158911325724 184494341
1395011 300 0.45502967515364356 178851288
1395311 300 0.45724846356453025 178851288
1395611 300 0.45221352063213344 178736459
1395911 300 0.4554942932396839 178769268
1396211 300 0.4534366988586479 178752863
1396511 300 0.45519086918349433 178769268
1396811 300 0.45453661106233534 180081605
1397111 300 0.4575708516242317 186758124
1397411 300 0.4519290605794556 179031735
1397711 300 0.45301000877963127 179015331
1398011 300 0.4610223002633889 178884097
1398311 300 0.45458402107111495 178867693
1398611 300 0.45357892888498685 178884097
1398911 300 0.4526686567164179 178884097
1399211 300 0.4569829675153644 177309292
1399511 300 0.459334503950834 177194462
1399811 300 0.4577604916593503 186249592
1400111 300 0.4568122914837576 179031735
1400411 300 0.4547546971027217 179031735
1400711 300 0.45503915715539944 179031735
1401011 300 0.4586897278314311 178900501
1401311 300 0.4522988586479368 177981865
1401611 300 0.4540435469710272 177588163
1401911 300 0.45776997366110617 177588163
1402211 300 0.4573148375768218 177620972
1402511 300 0.4555985952589991 177604567
1402811 300 0.4555985952589991 177604567
1403111 300 0.45306690079016676 177620972
1403411 300 0.45969482001755924 177079632
1403711 300 0.45511501316944686 176817165
1404011 300 0.45400561896400354 176833569
1404311 300 0.45495381913959615 176833569
1404611 300 0.4556839332748024 176833569
1404911 300 0.4475578577699737 176931994
1405211 300 0.454849517120281 176931994
1405511 300 0.45287726075504825 176964803
1405811 300 0.4533703248463564 176948398
1406111 300 0.45348410886742757 176948398
1406411 300 0.4561485513608428 176948398
1406711 300 0.4570493415276558 176948398
1407011 300 0.45452712906057946 176931994
1407311 300 0.4535030728709394 176948398
1407611 300 0.4573243195785777 176948398
1407911 300 0.4677734855136084 213037687
1408211 300 0.4470837576821774 222486519
1408511 300 0.4469510096575943 189415608
1408811 300 0.4510661984196664 187955632
1409111 300 0.44934047410008776 187972036
1409411 300 0.45641404741000874 187955632
1409711 300 0.45471676909569797 187972036
1410011 300 0.4511325724319578 188103270
1410311 300 0.45647093942054434 187988440
1410611 300 0.4457373134328358 187972036
1410911 300 0.46014995610184367 190727946
1411211 300 0.45760877963125546 203178750
1411511 300 0.4584147497805092 188496971
1411811 300 0.45111360842844606 187709568
1412111 300 0.4627006145741879 187840802
1412411 300 0.461401580333626 187693164
1412711 300 0.45156874451273044 187693164
1413011 300 0.44654328358208956 187693164
1413311 300 0.4591164179104477 186249592
1413611 300 0.4476242317822651 184691191
1413911 300 0.46000772607550483 189940543
1414211 300 0.4520618086040386 187447101
1414511 300 0.4583578577699737 185216127
1414811 300 0.45851905179982433 185478594
1415111 300 0.4488 185478594
1415411 300 0.45906900790166816 185478594
1415711 300 0.45710623353819135 185609828
1416011 300 0.4534082528533801 185478594
1416311 300 0.4538349429323968 185101297
1416611 300 0.4608231782265145 199389375
1416911 300 0.45558911325724316 190842775
1417211 300 0.45892677787532926 184822425
1417511 300 0.45611062335381913 184838830
1417811 300 0.4566890254609306 184838830
1418111 267 0.4518247585601405 184970064
1418378 1 0.4518247585601405 184970064
1418379 32 0.46435996488147496 195862467
1418411 300 0.4157931518876207 249668316
1418711 300 0.20674345917471468 335101505
1419011 300 0.19488147497805092 280377019
1419311 300 0.1969011413520632 280377019
1419611 300 0.19780193151887623 280377019
1419911 300 0.198219139596137 280245786
1420211 300 0.1992052677787533 277883578
1420511 300 0.2030549604916594 276702474
1420811 300 0.1985320456540825 277096175
1421111 300 0.2054633889376646 318172347
1421411 300 0.19615206321334505 278277279
1421711 300 0.20461000877963126 277473472
1422011 300 0.20830798946444248 277604706
1422311 300 0.2030549604916594 276948537
1422611 300 0.20612712906057945 276571240
1422911 300 0.20619350307287096 276440006
1423211 300 0.20479964881474977 276308772
1423511 300 0.20427813871817382 276308772
1423811 300 0.20660122914837578 278539747
1424111 300 0.2147747146619842 290071915
1424411 300 0.20830798946444248 282476760
1424711 300 0.21061211589113255 276702474
1425011 300 0.20326356453028974 276440006
1425311 300 0.20612712906057945 276702474
1425611 300 0.19464442493415277 277621110
1425911 300 0.18599683933274805 277227409
1426211 300 0.19302300263388938 277096175
1426511 300 0.20012502194907814 276964941
1426811 300 0.20374714661984197 292466931
1427111 300 0.20134820017559263 282214293
1427411 300 0.20111115013169448 276440006
1427711 300 0.19817172958735735 276440006
1428011 300 0.20148094820017556 276440006
1428311 300 0.19578226514486388 276440006
1428611 300 0.19767866549604915 276440006
1428911 300 0.20171799824407374 276440006
1429211 300 0.20637366110623356 276981346
1429511 300 0.21064056189640037 298356047
1429811 300 0.20972080772607551 292056826
1430111 300 0.20322563652326603 285888838
1430411 300 0.20146198419666375 285757605
1430711 300 0.2072649692712906 286003668
1431011 300 0.2016611062335382 283018099
1431311 300 0.20430658472344163 275504965
1431611 300 0.20157576821773485 273831735
1431911 300 0.20101633011413525 274192628
1432211 300 0.20586163301141353 273667693
1432511 300 0.19648393327480246 271305484
1432811 300 0.20303599648814752 271453123
1433111 300 0.1990251097453907 271453123
1433411 300 0.20035258999122038 271453123
1433711 300 0.19722352941176471 271305484
1434011 300 0.20863037752414398 300685447
1434311 300 0.2058900790166813 318926941
1434611 300 0.20361439859525898 304376397
1434911 300 0.2060417910447761 284297629
1435211 300 0.20403160667251974 284412458
1435511 300 0.2034342405618964 284281224
1435811 300 0.20448674275680423 283772694
1436111 300 0.20899069359086916 280623083
1436411 300 0.20645899912203686 276686070
1436711 300 0.20365232660228272 274586329
1437011 300 0.22394381035996486 280754317
1437311 300 0.22741422300263392 275111264
1437611 300 0.2186907813871817 272224121
1437911 300 0.21805548726953464 272224121
1438211 300 0.21801755926251098 272486589
1438511 300 0.2170029850746269 272224121
1438811 300 0.21436698858647935 272092887
1439111 300 0.21728744512730463 273273991
1439411 300 0.22931062335381913 293254334
1439711 300 0.22125092186128184 289235299
1440011 300 0.21288779631255486 285085032
1440311 300 0.21105776997366107 284838968
1440611 300 0.21392133450395082 279327150
1440911 300 0.2097113257243196 277998408
1441211 300 0.2055771729587357 277604706
1441511 300 0.2203027216856892 275636199
1441811 300 0.22237928007023708 275997092
1442111 300 0.2258402107111501 294533863
1442411 300 0.21525829675153646 293730057
1442711 300 0.21553327480245832 284166395
1443011 300 0.21070693590869183 281656549
1443311 300 0.21144653204565406 279294341
1443611 300 0.2021352063213345 279048277
1443911 300 0.20898121158911326 278096833
1444211 300 0.21254644424934152 274947222
1444511 300 0.2079476733977173 272322546
1444811 300 0.21599789288849872 308411835
1445111 300 0.2119490781387182 322601487
1445411 300 0.2161780509218613 318926941
1445711 300 0.20454363476733975 287168368
1446011 300 0.19796312554872694 287168368
1446311 300 0.20493239683933276 286512199
1446611 300 0.201300790166813 283247758
1446911 300 0.1976122914837577 280623083
1447211 300 0.1979441615452151 276686070
1447511 300 0.19106971027216857 274455096
1447811 300 0.19561158911325724 281394081
1448111 300 0.2146988586479368 292434123
1448411 300 0.2147841966637401 275242498
1448711 300 0.19738472344161548 275340924
1449011 300 0.19979315188762073 275997092
1449311 300 0.20132923617208076 275603391
1449611 300 0.20063705004389815 275472157
1449911 300 0.19862686567164178 275078456
1450211 300 0.19709078138718175 275209690
1450511 300 0.2035195785776997 280721508
1450811 300 0.20890535557506587 286627028
1451111 300 0.20739771729587358 281115210
1451411 300 0.20402212467076383 275734624
1451711 300 0.1998215978928885 275701816
1452011 300 0.20247655838454784 275193285
1452311 300 0.19948972783143107 275193285
1452611 300 0.196540825285338 275324519
1452911 300 0.18385390693590872 275324519
1453211 300 0.18452712906057947 275324519
1453511 300 0.19600983318700618 284379650
1453811 300 0.1910886742756804 278211662
1454111 300 0.18225144863915713 275455753
1454411 300 0.1772165057067603 292516144
1454711 300 0.17807936786654963 280819933
1455011 300 0.17992835820895525 280836338
1455311 300 0.1781836698858648 281230039
1455611 300 0.18025074626865673 281098806
1455911 300 0.18956207199297628 293172313
1456211 300 0.1799473222124671 284117182
1456511 300 0.176742405618964 283985949
1456811 300 0.17341422300263387 284133586
1457111 300 0.18379701492537312 282575185
1457411 300 0.1677155399473222 281377677
1457711 300 0.18119894644424936 281246443
1458011 300 0.18293415276558384 276522027
1458311 300 0.17921720807726077 274947222
1458611 300 0.18551325724319578 280721508
1458911 300 0.19104126426690077 298700536
1459211 300 0.17624934152765584 287151963
1459511 300 0.17347111501316947 286741858
1459811 300 0.17918876207199297 286331752
1460111 300 0.17419174714661984 283985949
1460411 300 0.1795206321334504 281656549
1460711 300 0.1757942054433714 280705104
1461011 300 0.1706170324846356 278621768
1461311 300 0.2677885864793679 277046962
1461611 300 0.1775957857769974 281115210
1461911 300 0.17932151009657596 315892161
1462211 300 0.17569938542581212 317729433
1462511 300 0.1798525021949078 289120470
1462811 300 0.17422967515364357 288858003
1463111 300 0.17390728709394207 288858003
1463411 300 0.17646742756804215 287939366
1463711 300 0.1812653204565408 284658522
1464011 300 0.1704558384547849 283477417
1464311 300 0.1656579455662862 283608651
1464611 300 0.17583213345039508 280737912
1464911 300 0.18980860403863037 287545665
1465211 300 0.18134117647058823 288726769
1465511 300 0.18232730465320454 277178196
1465811 300 0.17307287093942056 276915729
1466111 300 0.16254784899034241 276390793
1466411 300 0.1753769973661106 276259560
1466711 300 0.175329587357331 276128326
1467011 300 0.17510201931518876 276522027
1467311 300 0.17039894644424938 276636857
1467611 300 0.1730823529411765 281623740
1467911 300 0.17356593503072873 282821248
1468211 300 0.17181176470588236 277046962
1468511 300 0.17126180860403864 277178196
1468811 300 0.17332888498683055 277309430
1469111 300 0.16645443371378402 277178196
1469411 240 0.17439086918349428 277178196
1469651 60 0.13008147497805092 277178196
1469711 125 0.12966426690079016 275472157
1469836 3 0.14337524143985952 176259421
1469839 2 0.12551115013169448 176259421
1469841 9 0.12551115013169448 176259421
1469850 161 0.1412323090430202 210314587
1470011 300 0.1584326602282704 266285793
1470311 300 0.18203336259877081 281640145
1470611 300 0.17512098331870063 281787783
1470911 300 0.1731676909569798 271912441
1471211 300 0.17309183494293237 271928845
1471511 189 0.18385390693590872 287020729
1471700 111 0.12800491659350308 277571898
1471811 72 0.13111501316944688 276800899
1471883 4 0.12713257243195786 183510088
1471887 2 0.12713257243195786 180344073
1471889 11 0.12713257243195786 180344073
1471900 211 0.13940228270412644 225947811
1472111 300 0.15325548726953467 269320574
1472411 23 0.1818721685689201 270107976
1472434 186 0.1258050921861282 268008236
1472620 4 0.12453450395083406 167876864
1472624 9 0.12187006145741879 167876864
1472633 1 0.12187006145741879 167876864
1472634 77 0.13322949956101843 191827028
1472711 140 0.15114100087796312 247781830
1472851 160 0.1059118525021949 247650596
1473011 24 0.12616540825285338 263136182
1473035 5 0.11709113257243196 166023187
1473040 1 0.11709113257243196 166023187
1473041 10 0.11709113257243196 166023187
1473051 260 0.1371171202809482 225209620
1473311 300 0.17086356453028972 255672261
1473611 300 0.16617945566286219 255672261
1473911 300 0.16366672519754172 256065962
1474211 300 0.15999719051799824 256197196
1474511 300 0.16475715539947325 255934728
1474811 300 0.1699912203687445 256197196
1475111 300 0.16939385425812117 256722131
1475411 300 0.16556312554872699 256459663
1475711 300 0.16794310798946444 256722131
1476011 300 0.15967480245829677 256853365
1476311 300 0.15732326602282704 256722131
1476611 300 0.16025320456540826 257509534
1476911 300 0.16129622475856015 258296937
1477211 300 0.15598630377524147 258034469
1477511 300 0.15740860403863038 258165703
1477811 300 0.1519943810359965 258034469
1478111 300 0.15535100965759438 257509534
1478411 300 0.1556165057067603 271026613
1478711 300 0.1639132572431958 300685447
1479011 300 0.15829043020193148 286512199
1479311 300 0.15409938542581214 260134209
1479611 300 0.15665004389815632 259740508
1479911 300 0.15878349429323968 259215573
1480211 300 0.1607273046532046 259478040
1480511 300 0.15866971027216858 259445232
1480811 300 0.15693450395083405 258789063
1481111 300 0.15701035996488147 258953106
1481411 300 0.1604902546093064 258953106
1481711 300 0.16889130816505707 272207717
1482011 300 0.1609548726953468 273520054
1482311 300 0.16159964881474978 260527911
1482611 300 0.1587266022827041 259592870
1482911 300 0.1581102721685689 259478040
1483211 300 0.1565836698858648 271453123
1483511 300 0.09906584723441615 154048105
1483811 112 0.11278630377524143 154441806
1483923 6 0.11282423178226515 154441806
1483929 1 0.1128052677787533 154458210
1483930 4 0.11278630377524143 154458210
1483934 1 0.11278630377524143 154458210
1483935 175 0.11434135206321334 162217407
1484110 1 0.11434135206321334 162217407
1484111 300 0.12242001755926252 217073126
1484411 300 0.15035399473222125 262758885
1484711 300 0.16415978928884986 268795639
1485011 300 0.16245302897278316 266170963
1485311 300 0.15577769973661107 261052846
1485611 300 0.15428902546093065 259363211
1485911 300 0.15563546971027215 259740508
1486211 300 0.14740509218612818 259478040
1486511 300 0.15366321334503952 259740508
1486811 300 0.14991782265144865 259724104
1487111 300 0.15368217734855139 259609274
1487411 300 0.1621875329236172 273175566
1487711 300 0.1635624231782265 276620452
1488011 300 0.15774995610184372 273602076
1488311 300 0.16241510096575942 272552206
1488611 300 0.1596653204565408 263989201
1488911 300 0.16598033362598774 260724762
1489211 300 0.1566974539069359 260855995
1489511 300 0.16182721685689203 260741166
1489811 300 0.15526567164179103 260609932
1490111 300 0.15939034240561895 260872399
1490411 300 0.1599877085162423 261003633
1490711 300 0.15305636523266022 260593528
1491011 300 0.14858086040386304 261134867
1491311 300 0.1495006145741879 261134867
1491611 300 0.15411834942932398 260741166
1491911 300 0.15576821773485516 260724762
1492211 300 0.1574465320456541 260872399
1492511 300 0.15523722563652326 260855995
1492811 300 0.15531308165057067 261118463
1493111 300 0.1517478489903424 261380930
1493411 300 0.1521460930640913 260987229
1493711 300 0.15515188762071994 261266101
1494011 300 0.15547427568042144 261134867
1494311 300 0.151283230904302 260872399
1494611 300 0.15916277436347673 261151271
1494911 300 0.15676382791922738 261151271
1495211 300 0.1505531167690957 261020037
1495511 300 0.14663705004389818 260872399
1495811 300 0.15668797190517997 261003633
1496111 300 0.15549323968393328 260872399
1496411 300 0.15363476733977174 317696625
1496711 300 0.15535100965759438 271125038
1497011 300 0.15370114135206325 270862570
1497311 300 0.15573028972783143 270862570
1497611 300 0.15881194029850745 287135559
1497911 300 0.14655171202809483 301964976
1498211 300 0.15339771729587356 261692610
1498511 300 0.15412783143107991 261823844
1498811 300 0.1550286215978929 261692610
1499111 300 0.1549527655838455 261413739
1499411 300 0.14737664618086038 261282505
1499711 300 0.15884038630377526 261266101
1500011 300 0.15978858647936786 261397335
1500311 300 0.15761720807726076 261528568
1500611 300 0.15612853380158034 261266101
1500911 300 0.15157717295873574 262053504
1501211 300 0.1548105355575066 263234607
1501511 300 0.15881194029850745 262709672
1501811 300 0.16430201931518876 270354040
1502111 300 0.16642598770851627 309740577
1502411 300 0.1644252853380158 315498459
1502711 300 0.1658760316066725 278359300
1503011 300 0.16906198419666374 273880948
1503311 300 0.16227287093942053 270452465
1503611 300 0.16454855136084282 268090257
1503911 300 0.16782932396839334 266367814
1504211 300 0.16300298507462688 263907180
1504511 300 0.1609548726953468 264563349
1504811 300 0.15771202809482002 264973455
1505111 300 0.16373309920983317 264579754
1505411 300 0.17260825285338016 274914414
1505711 300 0.173528007023705 313365910
1506011 300 0.17687515364354695 310741235
1506311 300 0.166331167690957 302342273
1506611 300 0.1700007023705004 276226752
1506911 300 0.15829043020193148 273618480
1507211 300 0.17022827041264266 281886208
1507511 300 0.16155223880597014 273749714
1507811 300 0.1657148375768218 267975427
1508111 300 0.16888182616330116 267712960
1508411 300 0.17546233538191397 266269389
1508711 300 0.1845650570676032 275062051
1509011 300 0.17502616330114135 272043675
1509311 300 0.1715462686567164 271896037
1509611 300 0.17830693590869187 268746426
1509911 300 0.16768709394205442 267155217
1510211 300 0.17048428446005268 264415711
1510511 300 0.16868270412642672 264432115
1510811 300 0.17885689201053556 264432115
1511111 300 0.1868597014925373 271387506
1511411 300 0.18882247585601405 281607336
1511711 300 0.18065847234416152 265728049
1512011 300 0.16931799824407376 265350752
1512311 300 0.1746089552238806 265186710
1512611 300 0.17055065847234419 265088284
1512911 300 0.17828797190518 264432115
1513211 300 0.17194451273046532 264432115
1513511 300 0.17889482001755927 264415711
1513811 300 0.18830096575943808 283198546
1514111 300 0.18086707638279192 291449869
1514411 300 0.17814574187884108 280032531
1514711 300 0.16955504828797188 279786468
1515011 300 0.17867673397717296 275439349
1515311 300 0.17366075504828798 272306142
1515611 300 0.17472273924495174 272174908
1515911 300 0.18106619841966637 266925558
1516211 300 0.18361685689201054 264825817
1516511 300 0.1844323090430202 285954455
1516811 300 0.18369271290605796 283723481
1517111 300 0.1800611062335382 278867831
1517411 300 0.17810781387181737 278851427
1517711 300 0.1791318700614574 278851427
1518011 300 0.17995680421422303 275176881
1518311 300 0.18041194029850743 270600103
1518611 300 0.18391079894644427 268369129
1518911 300 0.18084811237928006 268369129
1519211 300 0.17795610184372254 268631596
1519511 300 0.1929566286215979 301702509
1519811 300 0.19097489025460934 302621145
1520111 300 0.18316172080772605 265629624
1520411 300 0.18378753292361721 266023325
1520711 300 0.1863097453906936 266417026
1521011 300 0.18553222124670765 266285793
1521311 300 0.18514345917471467 266285793
1521611 300 0.18238419666374014 266285793
1521911 300 0.17971027216856894 266154559
1522211 300 0.18084811237928006 266417026
1522511 300 0.19009306409130816 266285793
1522811 300 0.19316523266022828 277571898
1523111 300 0.18894574187884108 276259560
1523411 300 0.19114556628621598 273651288
1523711 300 0.18773204565408252 270632911
1524011 300 0.18974223002633891 269829105
1524311 300 0.18447023705004392 269566637
1524611 300 0.19069043020193152 267335663
1524911 300 0.19406602282704127 267975427
1525211 300 0.1985320456540825 275980688
1525511 300 0.201300790166813 288579130
1525811 300 0.19373415276558384 277686727
1526111 300 0.18694503950834065 270583699
1526411 300 0.17899912203687446 269041702
1526711 300 0.18785531167690958 266531856
1527011 300 0.19804846356453032 266417026
1527311 300 0.20341527655838454 266285793
1527611 300 0.21364635645302898 268894064
1527911 300 0.21311536435469708 278605363
1528211 300 0.2087441615452151 274553521
1528511 300 0.19985004389815628 273634884
1528811 300 0.20123441615452148 269960338
1529111 300 0.19951817383669887 268123066
1529411 300 0.2031497805092186 266285793
1529711 300 0.20192660228270415 265892091
1530011 300 0.20705636523266022 265629624
1530311 300 0.20392730465320455 277555494
1530611 300 0.20026725197541703 276522027
1530911 300 0.19886391571553996 274028586
1531211 300 0.19424618086040388 273766118
1531511 300 0.1907093942054434 270485274
1531811 300 0.19395223880597015 266810728
1532111 300 0.19597190517998245 266941962
1532411 300 0.19851308165057072 266925558
1532711 300 0.19020684811237928 270993804
1533011 300 0.20012502194907814 307361965
1533311 300 0.21725899912203686 311282574
1533611 300 0.19904407374890254 293861290
1533911 300 0.19287129060579458 280606678
1534211 300 0.1918567164179104 279671638
1534511 300 0.1960667251975417 279540404
1534811 300 0.205804741000878 276915729
1535111 300 0.2067244951712028 274028586
1535411 300 0.19054820017559262 269566637
1535711 300 0.19849411764705885 269697871
1536011 300 0.20302651448639158 271666378
1536311 300 0.20017243195785775 290055511
1536611 300 0.20036207199297631 288480705
1536911 300 0.20016294995610187 283231354
1537211 300 0.19340228270412643 283231354
1537511 300 0.1943694468832309 282952482
1537811 300 0.18918279192273924 279671638
1538111 300 0.19587708516242316 272978715
1538411 300 0.19167655838454783 272453780
1538711 300 0.19500474100087797 272437376
1539011 300 0.19630377524143985 277555494
1539311 300 0.20024828797190516 283461013
1539611 300 0.19748902546093064 279917701
1539911 300 0.19403757682177347 279901297
1540211 300 0.1950900790166813 279770064
1540511 300 0.19666409130816503 274258245
1540811 300 0.1993569798068481 270583699
1541111 300 0.1937910447761194 270846166
1541411 300 0.19663564530289726 270485274
1541711 300 0.1939996488147498 270878975
1542011 300 0.2012154521510097 291088977
1542311 300 0.21223353819139593 288726769
1542611 300 0.20407901668129938 283887523
1542911 300 0.19828551360842842 283608651
1543211 300 0.19511852502194907 289661809
1543511 300 0.19733731343283584 278244471
1543811 300 0.1943694468832309 274307457
1544111 300 0.1864993854258121 272355355
1544411 300 0.19522282704126426 270124381
1544711 300 0.19143002633889375 270107976
1545011 300 0.20085513608428446 278113237
1545311 300 0.19517541703248462 277325834
1545611 300 0.18823459174714663 277063366
1545911 300 0.18668902546093064 277063366
1546211 300 0.17984302019315188 274176223
1546511 300 0.19203687445127307 273930160
1546811 300 0.18951466198419667 273913756
1547111 300 0.1957633011413521 271551548
1547411 300 0.18950517998244076 271289080
1547711 300 0.1905671641791045 277850769
1548011 300 0.19954661984196667 311315383
1548311 300 0.20172748024582968 311709084
1548611 300 0.19972677787532925 284428863
1548911 300 0.2065822651448639 284560096
1549211 300 0.19091799824407374 284428863
1549511 300 0.19088007023705006 289809447
1549811 300 0.19536505706760313 280623083
1550111 300 0.18960000000000002 280098148
1550411 300 0.20396523266022829 277079771
1550711 300 0.1971476733977173 274061394
1551011 300 0.19228340649692713 274323862
1551311 300 0.19395223880597015 279179511
1551611 300 0.209787181738367 273798927
1551911 300 0.20959754170324846 273667693
1552211 300 0.2088105355575066 273536459
1552511 300 0.20141457418788414 273536459
1552811 300 0.19805794556628623 274061394
1553111 300 0.19695803336259876 273930160
1553411 300 0.20040948200175593 273782522
1553711 300 0.19048182616330114 274438691
1554011 300 0.18706830553116766 282591589
1554311 300 0.1766760316066725 287184772
1554611 300 0.16948867427568043 281804187
1554911 300 0.18236523266022828 281804187
1555211 300 0.193459174714662 279966914
1555511 300 0.196929587357331 276817303
1555811 300 0.19712870939420543 274996435
1556111 300 0.19121194029850744 272371759
1556411 300 0.18740017559262512 272486589
1556711 300 0.2069330992098332 287184772
1557011 300 0.1986932396839333 293352759
1557311 300 0.19528920105355574 284691330
1557611 300 0.18838630377524143 284560096
1557911 300 0.19366777875329236 283510226
1558211 300 0.1924161545215101 277998408
1558511 300 0.18247901668129943 277473472
1558811 300 0.18402458296751537 273273991
1559111 300 0.19501422300263388 270911784
1559411 300 0.19953713784021068 274717563
1559711 300 0.20186971027216857 287955770
1560011 300 0.197830377524144 284658522
1560311 300 0.19878805970149255 284527288
1560611 300 0.1865278314310799 284002353
1560911 300 0.19290921861281826 279146703
1561211 300 0.18294363476733974 275997092
1561511 300 0.17911290605794558 273503650
1561811 300 0.18426163301141352 273536459
1562111 300 0.19037752414398593 281016784
1562411 300 0.1984087796312555 312135594
1562711 300 0.19996382791922737 318943346
1563011 300 0.18723898156277438 285216265
1563311 300 0.1915438103599649 284953798
1563611 300 0.19367726075504832 295731372
1563911 300 0.18476417910447765 278506938
1564211 300 0.18300052677787534 273520054
1564511 300 0.1756045654082529 272355355
1564811 300 0.18213766461808603 272355355
1565111 300 0.1980958735733099 286118497
1565411 300 0.18860438981562774 278523342
1565711 300 0.170958384547849 278785810
1566011 300 0.17763371378402107 278523342
1566311 300 0.17306338893766463 276686070
1566611 300 0.17503564530289728 273421629
1566911 300 0.17742510974539072 273027928
1567211 300 0.17669499561018437 273159162
1567511 300 0.1769889376646181 273027928
1567811 300 0.18020333625987708 272880290
1568111 300 0.18921123792800704 292040422
1568411 300 0.1781267778753292 290465616
1568711 300 0.1756899034240562 284822564
1569011 300 0.17429604916593502 284035161
1569311 300 0.17400210711150133 290071915
1569611 300 0.17439086918349428 283116525
1569911 300 0.17539596136962246 280098148
1570211 300 0.17079719051799827 275783838
1570511 300 0.175841615452151 275652604
1570811 300 0.17973871817383671 275636199
1571111 300 0.18077225636523267 286266135
1571411 300 0.18490640913081652 279835680
1571711 300 0.1713945566286216 279458383
1572011 300 0.1698110623353819 284822564
1572311 300 0.16982054433713784 276817303
1572611 300 0.16911887620719931 275767433
1572911 300 0.16389429323968396 273405225
1573211 300 0.17392625109745388 273536459
1573511 300 0.17035153643546974 280491849
1573811 300 0.17301597892888498 274077798
1574111 300 0.16992484635645302 274077798
1574411 300 0.17181176470588236 274471500
1574711 300 0.17382194907813872 274323862
1575011 300 0.17465636523266023 274323862
1575311 300 0.17121439859525903 274323862
1575611 300 0.1754338893766462 274192628
1575911 300 0.1801369622475856 303982695
1576211 300 0.18344618086040387 319074580
1576511 300 0.175329587357331 302539124
1576811 300 0.17159367866549605 287578473
1577111 300 0.17087304653204566 288103408
1577411 300 0.17411589113257245 288119812
1577711 300 0.17123336259877084 286020072
1578011 300 0.17202036874451274 284970202
1578311 300 0.17418226514486393 284970202
1578611 300 0.1778233538191396 282739228
1578911 300 0.17418226514486393 281820591
1579211 300 0.18337032484635646 286807474
1579511 300 0.18264969271290607 295452500
1579811 300 0.1751399473222125 288103408
1580111 300 0.16780087796312557 284970202
1580411 300 0.17293064091308163 284822564
1580711 300 0.1763726075504829 281935420
1581011 300 0.17258928884986832 276571240
1581311 300 0.1751494293239684 275652604
1581611 300 0.18144547848990342 276177538
1581911 300 0.19336435469710272 287988579
1582211 300 0.1812653204565408 290088319
1582511 300 0.17536751536435471 287578473
1582811 300 0.17555715539947325 287430835
1583111 300 0.17228586479367866 286922304
1583411 300 0.17033257243195787 284166395
1583711 300 0.1704653204565408 279441979
1584011 300 0.17737769973661108 277227409
1584311 300 0.17679929762949956 283920331
1584611 300 0.16760175592625112 276571240
1584911 300 0.17146093064091308 274996435
1585211 300 0.16798103599648814 274996435
1585511 300 0.17110061457418788 274996435
1585811 300 0.16456751536435468 274996435
1586111 300 0.17231431079894644 274996435
1586411 300 0.17669499561018437 274865201
1586711 300 0.1832375768217735 286938708
1587011 300 0.18421422300263388 289957086
1587311 300 0.17940684811237928 287726111
1587611 300 0.1764105355575066 287726111
1587911 300 0.1792646180860404 283789098
1588211 300 0.1696214223002634 280114552
1588511 300 0.17094890254609307 277489876
1588811 300 0.17577524143985954 276571240
1589111 300 0.1784396839332748 276554836
1589411 300 0.188955223880597 284953798
1589711 300 0.18446075504828796 280770721
1590011 300 0.1824410886742757 277096175
1590311 300 0.1813222124670764 276833707
1590611 300 0.1800326602282704 276833707
1590911 300 0.18585460930640912 276702474
1591211 300 0.18366426690079019 276702474
1591511 300 0.1760502194907814 277489876
1591811 300 0.19367726075504832 301636891
1592111 300 0.19222651448639158 313841633
1592411 300 0.19619947322212464 325258971
1592711 300 0.1891638279192274 291531891
1593011 300 0.1886233538191396 289169683
1593311 300 0.18374012291483757 289038449
1593611 300 0.18623388937664617 288907215
1593911 300 0.18175838454784898 286676241
1594211 300 0.18557014925373136 282870462
1594511 300 0.18424266900790168 282476760
1594811 300 0.19779244951712027 296125073
1595111 300 0.18761826163301143 294550267
1595411 300 0.18830096575943808 284707734
1595711 300 0.17848709394205445 284707734
1596011 300 0.1799757682177349 281951825
1596311 300 0.17850605794556632 281033188
1596611 300 0.1797766461808604 279195916
1596911 300 0.18101878841088673 277358643
1597211 300 0.18124635645302897 275783838
1597511 300 0.19031115013169447 287463643
1597811 300 0.18198595258999123 289432150
1598111 300 0.18309534679543463 287332410
1598411 300 0.17825004389815627 293237930
1598711 300 0.17662862159789286 281951825
1599011 300 0.17983353819139597 281033188
1599311 300 0.18883195785777 278802214
1599611 300 0.19009306409130816 279720850
1599911 300 0.19144899034240562 285495137
1600211 300 0.19633222124670766 281820591
1600511 300 0.18162563652326605 281689357
1600811 300 0.18781738366988587 279195916
1601111 300 0.18099982440737486 278802214
1601411 300 0.1834177348551361 278408513
1601711 300 0.18593046532045654 276571240
1602011 300 0.18810184372256364 279458383
1602311 300 0.19629429323968392 288775981
1602611 300 0.19102230026338893 289300917
1602911 300 0.19403757682177347 286807474
1603211 300 0.19561158911325724 284970202
1603511 300 0.187798419666374 281295656
1603811 300 0.18936294995610184 278539747
1604111 300 0.1815782265144864 276833707
1604411 300 0.18176786654960495 277489876
1604711 300 0.19033959613696225 316072607
1605011 300 0.18998876207199297 316728776
1605311 300 0.19138261633011414 305967606
1605611 300 0.19223599648814751 287594877
1605911 300 0.1878742756804214 287332410
1606211 300 0.19350658472344165 287463643
1606511 300 0.18920175592625108 286413774
1606811 300 0.19500474100087797 283132929
1607111 300 0.1924161545215101 283132929
1607411 300 0.19833292361720806 283264162
1607711 300 0.2058900790166813 301111956
1608011 300 0.1961046532045654 293369164
1608311 300 0.1783638279192274 285757605
1608611 300 0.1696593503072871 285888838
1608911 300 0.17768112379280068 283526630
1609211 300 0.17367023705004392 277227409
1609511 300 0.17059806848112383 277358643
1609811 300 0.17344266900790167 276964941
1610111 300 0.1710342405618964 276964941
1610411 300 0.18224196663740125 283789098
1610711 300 0.19149640035118526 300062086
1611011 300 0.18099034240561898 290875722
1611311 300 0.18018437225636522 289300917
1611611 300 0.1807153643546971 289300917
1611911 300 0.18292467076382793 286282540
1612211 300 0.18272554872695349 281016784
1612511 300 0.19031115013169447 278146045
1612811 300 0.18426163301141352 277473472
1613111 300 0.184716769095698 277998408
1613411 300 0.19702440737489027 284970202
1613711 300 0.1987406496927129 292450527
1614011 300 0.191268832309043 289038449
1614311 300 0.19620895522388063 288907215
1614611 300 0.19918630377524144 288119812
1614911 300 0.19876909569798068 285363903
1615211 300 0.19289973661106233 283395396
1615511 300 0.19362985074626868 283395396
1615811 300 0.1959244951712028 282607994
1616111 300 0.20139561018437227 291794358
1616411 300 0.19388586479367867 291794358
1616711 300 0.19779244951712027 287201176
1617011 300 0.20241966637401232 284445267
1617311 300 0.19191360842844601 281295656
1617611 300 0.19472028094820018 280639487
1617911 300 0.1966451273046532 279720850
1618211 300 0.19878805970149255 278014812
1618511 300 0.20932256365232663 292844229
1618811 300 0.20225847234416153 297962346
1619111 300 0.19732783143107988 288907215
1619411 300 0.197185601404741 288775981
1619711 300 0.19738472344161548 287857345
1620011 300 0.1919799824407375 283805502
1620311 300 0.19490992098331872 280918359
1620611 300 0.18883195785777 280787125
1620911 300 0.192558384547849 280655892
1621211 300 0.19927164179104478 317565391
1621511 300 0.2018791922739245 328605433
1621811 300 0.19304196663740125 313234677
1622111 300 0.1864140474100088 290793700
1622411 300 0.19214117647058823 290662467
1622711 300 0.19603827919227393 290121127
1623011 300 0.18739069359086918 286709049
1623311 300 0.1872579455662862 285134244
1623611 300 0.18850008779631258 285117840
1623911 300 0.18907848990342407 284084374
1624211 300 0.20053274802458299 293270738
1624511 300 0.2293485513608428 291679528
1624811 300 0.3018100087796312 290924934
1625111 300 0.21444284460052676 290400000
1625411 300 0.1916955223880597 288956428
1625711 300 0.19149640035118526 285527946
1626011 300 0.19458753292361722 285134244
1626311 300 0.20195504828797192 285134244
1626611 300 0.20150939420544337 294058141
1626911 300 0.19937594381035997 293270738
1627211 300 0.194227216856892 288398684
1627511 300 0.19102230026338893 288267450
1627811 300 0.17771905179982442 286052880
1628111 300 0.1807153643546971 282886866
1628411 300 0.19204635645302895 282903270
1628711 300 0.19522282704126426 281082401
1629011 300 0.19771659350307286 280163764
1629311 300 0.19836136962247586 285134244
1629611 300 0.19165759438103597 296141477
1629911 300 0.18691659350307285 291023360
1630211 300 0.19542194907813873 290892126
1630511 300 0.19401861281826163 287611282
1630811 300 0.1917334503950834 285511541
1631111 300 0.1939237928007024 283018099
1631411 300 0.20101633011413525 280262190
1631711 300 0.18913538191395965 279999723
1632011 300 0.1899508340649693 284871777
1632311 300 0.20665812115891133 294829139
1632611 300 0.20599438103599652 294451842
1632911 300 0.20091202809482 288562726
1633211 300 0.2011870061457419 288546322
1633511 300 0.19460649692712903 288529918
1633811 300 0.1960667251975417 288415089
1634111 300 0.18514345917471467 283821906
1634411 300 0.19100333625987706 283280567
1634711 300 0.1929566286215979 286955113
1635011 300 0.20131027216856892 321600830
1635311 300 0.19670201931518877 328293753
1635611 300 0.19618999122036876 293516802
1635911 300 0.19081369622475855 293385568
1636211 300 0.18684073748902544 293254334
1636511 300 0.1867459174714662 292335697
1636811 300 0.18105671641791046 290629659
1637111 300 0.1783733099209833 290629659
1637411 300 0.18025074626865673 289579788
1637711 300 0.18586409130816506 284199204
1638011 300 0.1976502194907814 297978750
1638311 300 0.18900263388937663 288415089
1638611 300 0.1814739244951712 283182142
1638911 300 0.17733028972783144 283050908
1639211 300 0.1778233538191396 282919674
1639511 300 0.1690050921861282 282919674
1639811 300 0.17470377524143987 282788440
1640111 300 0.17567093942054432 282919674
1640411 300 0.17687515364354695 282657207
1640711 300 0.19148691834942932 288415089
1641011 300 0.18708726953467952 286069285
