372599 300 0.17253239683933275 250045613
372899 300 0.18374960491659348 250439314
373199 300 0.19356347673397717 255426198
373499 300 0.19103178226514486 250570548
373799 300 0.1862433713784021 250554144
374099 300 0.19137313432835823 249487869
374399 300 0.18553222124670765 245813323
374699 300 0.18876558384547848 245173559
374999 300 0.18421422300263388 245173559
375299 300 0.19191360842844601 245419622
375599 300 0.19328849868305534 279802872
375899 300 0.19474872695346793 279950510
376199 300 0.18734328358208954 258969510
376499 300 0.1857977172958736 246912406
376799 300 0.13146584723441615 146731821
377099 205 0.12862124670763828 146715417
377304 95 0.1903301141352063 246879598
377399 300 0.18447023705004392 246781173
377699 300 0.18176786654960495 246633535
377999 300 0.18810184372256364 247158469
378299 300 0.2004758560140474 262791693
378599 300 0.19052923617208076 252817926
378899 300 0.19192309043020192 247174874
379199 300 0.19220755048287974 246781173
379499 300 0.19380052677787532 246781173
379799 300 0.19005513608428445 246764768
380099 300 0.19096540825285338 246649939
380399 300 0.19307041264266903 248602041
380699 300 0.20070342405618966 253588925
380999 300 0.19321264266900792 246371067
381299 300 0.18859490781387184 246239833
381599 300 0.19627532923617208 246239833
381899 300 0.18914486391571553 246108600
382199 300 0.19316523266022828 246125004
382499 300 0.2046669007901668 246125004
382799 300 0.19711922739244953 246125004
383099 300 0.20101633011413525 263579096
383399 300 0.19639859525899914 269222148
383699 300 0.19088007023705006 257936044
383999 300 0.18910693590869185 257558746
384299 300 0.19247304653204564 257427513
384599 300 0.1941892888498683 256623706
384899 300 0.19075680421422303 255048900
385199 300 0.18982756804214224 254917667
385499 300 0.2062598770851624 270944592
385799 300 0.19744161545215103 261741823
386099 300 0.19554521510096579 252817926
386399 300 0.19315575065847235 252555459
386699 300 0.19401861281826163 249815953
386999 300 0.1918282704126427 247962277
387299 300 0.19109815627743634 248503616
387599 300 0.19134468832309046 248372382
387899 300 0.198598419666374 256640110
388199 300 0.20041896400351183 253999030
388499 300 0.19121194029850744 247831043
388799 300 0.1933928007023705 247831043
389099 300 0.19973625987708518 247962277
389399 300 0.20065601404741001 247699809
389699 300 0.1967494293239684 247568575
389999 300 0.19362036874451274 249012147
390299 300 0.20844073748902547 268057449
390599 300 0.20041896400351183 264120435
390899 300 0.19687269534679544 255852708
391199 300 0.19166707638279193 255705069
391499 300 0.19553573309920982 255459006
391799 300 0.19307041264266903 252965564
392099 300 0.1988354697102722 249947187
392399 300 0.19979315188762073 247847447
392699 300 0.19384793678665496 248241148
392999 300 0.20507462686567166 278031216
393299 300 0.2065443371378402 290104723
393599 300 0.19893028972783147 272634226
393899 300 0.19460649692712903 256115175
394199 300 0.1956021071115013 254802837
394499 300 0.195772783143108 254917667
394799 300 0.18935346795434596 253342861
395099 300 0.19068094820017562 249668316
395399 300 0.19007410008779632 248880913
395699 300 0.18867076382791925 248880913
395999 300 0.20374714661984197 262004290
396299 300 0.20511255487269534 265301539
396599 300 0.20348165057067605 255196539
396899 300 0.19911044776119405 254934071
397199 300 0.19581071115013168 254802837
397499 300 0.20055171202809485 254786433
397799 300 0.19666409130816503 254671603
398099 300 0.19307041264266903 252834330
398399 300 0.19524179104477613 254261498
398699 300 0.20544442493415277 261873057
398999 300 0.19589604916593503 258198511
399299 300 0.19544091308165057 254277902
399599 300 0.20203090430201934 253884201
399899 300 0.19417032484635646 254015434
400199 300 0.19872168568920104 252161757
400499 300 0.18551325724319578 250455718
400799 300 0.19918630377524144 251915694
401099 300 0.20607023705004388 265826475
401399 300 0.20541597892888497 255196539
401699 300 0.19494784899034243 248766084
401999 300 0.1937910447761194 248618445
402299 300 0.19319367866549605 248634850
402599 300 0.19189464442493415 248766084
402899 300 0.19004565408252855 248766084
403199 300 0.19517541703248462 249553486
403499 300 0.20598489903424058 269369787
403799 300 0.20069394205443372 263333032
404099 300 0.19041545215100966 257821214
404399 300 0.1919515364354697 257689980
404699 300 0.1923213345039508 257689980
404999 300 0.1886897278314311 255983941
405299 300 0.18376856892010535 251521993
405599 300 0.18808287971905183 250357293
405899 300 0.2082321334503951 279999723
406199 300 0.20479016681299383 280130956
406499 300 0.19951817383669887 250865824
406799 300 0.1863097453906936 250865824
407099 300 0.1869924495171203 251259525
407399 300 0.17965338015803337 250997058
407699 300 0.17475118525021952 248372382
407999 300 0.17317717295873572 247453746
408299 300 0.17403055311676907 247191278
408599 300 0.19044389815627744 252703097
408899 300 0.19347813871817388 264924242
409199 300 0.18005162423178225 263349437
409499 300 0.17604073748902546 257443917
409799 300 0.1808955223880597 257706384
410099 300 0.17738718173836698 255983941
410399 300 0.17403055311676907 254556774
410699 300 0.17111957857769974 253506904
410999 300 0.1688249341527656 252571863
411299 300 0.18247901668129943 263710330
411599 300 0.17712168568920106 268959681
411899 300 0.18023178226514486 259133552
412199 300 0.17454258121158908 259133552
412499 300 0.17240913081650572 257968852
412799 300 0.16850254609306412 253900605
413099 300 0.16813274802458295 253375670
413399 300 0.16931799824407376 251915694
413699 300 0.1716884986830553 249832358
413999 300 0.17393573309920982 247601383
414299 300 0.17709323968393326 260724762
414599 300 0.17260825285338016 260052188
414899 300 0.17387884108867427 247847447
415199 300 0.16980158033362597 247716213
415499 300 0.17198244073748903 247453746
415799 300 0.17063599648814748 247322512
416099 300 0.17012396839332747 247060044
416399 300 0.1698489903424056 247060044
416699 300 0.16869218612818263 247060044
416999 300 0.16899561018437223 247338916
417299 300 0.18294363476733974 260445889
417599 300 0.17202985074626867 262414396
417899 300 0.16776294995610183 260052188
418199 300 0.17119543459174716 258871084
418499 300 0.17342370500438983 255327772
418799 300 0.172371202809482 254277902
419099 300 0.17551922739244952 253359265
419399 300 0.17310131694468836 253375670
419699 300 0.16574328358208956 253113202
419999 300 0.17746303775241437 278835022
420299 300 0.18145496049165935 286446582
420599 300 0.17755785776997365 297601453
420899 300 0.1700007023705004 260855995
421199 300 0.1771690956979807 260577123
421499 300 0.17417278314310797 260314656
421799 300 0.1731297629499561 257427513
422099 300 0.17266514486391574 256902577
422399 300 0.17047480245829674 253884201
422699 300 0.17052221246707638 251407163
422999 300 0.17784231782265147 267811386
423299 300 0.1725798068481124 272929503
423599 300 0.16466233538191397 258346149
423899 300 0.16445373134328356 257837618
424199 300 0.16177980684811238 257165045
424499 300 0.16200737489025463 253752967
424799 300 0.1609169446883231 252309396
425099 300 0.16311676909569797 251784460
425399 300 0.16675785776997365 251653227
425699 300 0.15791115013169446 269238553
425999 300 0.15699139596136963 256771344
426299 300 0.15609060579455664 256246409
426599 300 0.15726637401229152 256115175
426899 300 0.1594756804214223 257837618
427199 300 0.16780087796312557 268992489
427499 300 0.1630124670763828 255065305
427799 300 0.15653625987708517 255212943
428099 300 0.15884038630377526 255065305
428399 300 0.1615332748024583 252178162
428699 300 0.16197892888498683 252457033
428999 300 0.15880245829675152 249569890
429299 300 0.1595420544337138 248913721
429599 300 0.15737067603160668 249291019
429899 300 0.15913432835820898 249028551
430199 300 0.15913432835820898 249159785
430499 300 0.1548294995610184 249438657
430799 300 0.15696294995610183 249044955
431099 300 0.15445970149253732 249044955
431399 300 0.1589731343283582 249044955
431699 300 0.1602626865671642 248766084
431999 300 0.16332537313432835 248651254
432299 300 0.15570184372256365 249028551
432599 300 0.15691553994732219 249044955
432899 300 0.15928604038630378 248897317
433199 300 0.1556449517120281 249028551
433499 300 0.1664923617208077 279064682
