803049 300 0.5354370500438982 174192489
803349 300 0.5196684811237928 172338812
803649 300 0.5238974539069359 171813877
803949 300 0.5338156277436347 171830281
804249 300 0.5241155399473222 171813877
804549 300 0.5310184372256365 171699048
804849 300 0.5368972783143108 175619656
805149 300 0.5524856892010535 186790932
805449 300 0.5245517120280948 183247620
805749 300 0.5262869183494293 178408374
806049 300 0.5205123792800702 177079632
806349 300 0.4420298507462686 174733828
806649 300 0.27858858647936785 174323723
806949 300 0.427702546093064 171830281
807249 300 0.2775834942932397 171190516
807549 300 0.3421843722563652 170157051
807849 300 0.3889306409130816 187201038
808149 300 0.22848568920105353 170796816
808449 300 0.19494784899034243 161216749
808749 300 0.23795820895522388 161200345
809049 300 0.18722001755926254 161200345
809349 300 0.18459350307287092 161331579
809649 300 0.1904628621597893 161347983
809949 300 0.18650886742756806 161347983
810249 300 0.1871062335381914 161610451
810549 300 0.18640456540825281 161479217
810849 300 0.18653731343283583 177735801
811149 300 0.18803546971027219 166859802
811449 300 0.18989394205443372 166728568
811749 300 0.18945776997366112 166597335
812049 300 0.20452467076382794 165547464
812349 300 0.20667708516242317 179064543
812649 300 0.20122493415276557 167778438
812949 300 0.1891733099209833 166859802
813249 300 0.18980860403863037 166728568
813549 300 0.19401861281826163 166203633
813849 300 0.1884906057945566 160970686
814149 300 0.18651834942932397 160429347
814449 300 0.19180930640913083 160429347
814749 300 0.18640456540825281 160298113
815049 300 0.19999227392449517 176439868
815349 300 0.18977067603160666 182345388
815649 300 0.1900077260755048 173044194
815949 300 0.18482107111501317 172634088
816249 300 0.1915532923617208 172765322
816549 300 0.18894574187884108 172765322
816849 300 0.18317120280948201 172650492
817149 300 0.1839961369622476 171321750
817449 300 0.18946725197541703 166318463
817749 300 0.199755223880597 180114414
818049 300 0.19495733099209836 182082920
818349 300 0.19319367866549605 167647204
818649 300 0.18910693590869185 166974631
818949 300 0.19005513608428445 166876206
819249 300 0.1896758560140474 164251531
819549 300 0.19163863037752418 163989063
819849 300 0.18892677787532922 163726596
820149 300 0.18843371378402107 161265962
820449 300 0.19694855136084286 179491053
820749 300 0.19553573309920982 184986468
821049 300 0.18820614574187886 173306661
821349 300 0.18669850746268657 173175427
821649 300 0.18464091308165057 173044194
821949 300 0.18935346795434596 173060598
822249 300 0.18517190517998242 170550752
822549 300 0.18758981562774363 166613739
822849 300 0.19215065847234417 166351271
823149 300 0.21511606672519756 166367676
823449 300 0.5269411764705881 170813220
823749 300 0.24781000877963122 182903131
824049 300 0.5486265144863915 173191832
824349 300 0.5063178226514485 172273195
824649 300 0.5504849868305531 172404429
824949 300 0.5529123792800702 170550752
825249 300 0.5567431079894645 170157051
825549 300 0.540851273046532 170304688
825849 300 0.5540597014925372 170288284
826149 300 0.41247445127304655 87611005
826449 41 0.39784372256365225 99946980
826490 8 0.3978911325724319 99946980
826498 9 0.39784372256365225 99963384
826507 173 0.39912379280070237 107558539
826680 1 0.39912379280070237 107558539
826681 1 0.39912379280070237 107558539
826682 67 0.41476909569798065 119435196
826749 300 0.4360846356453029 158165564
827049 300 0.32246180860403867 164349956
827349 300 0.5512151009657594 164481190
827649 300 0.5463982440737489 164481190
827949 300 0.5438665496049165 164743657
828249 300 0.5404909569798068 164760061
828549 300 0.5393531167690957 164628828
828849 300 0.5478869183494293 164628828
829149 300 0.5609246707638279 178277140
829449 300 0.4875813871817383 174865062
829749 300 0.2965095697980685 162004152
830049 300 0.18683125548726956 161380792
830349 300 0.18831992976294995 180196435
830649 300 0.23780649692712907 166548122
830949 300 0.25724460052677783 165498252
831249 300 0.2437801580333626 163250873
831549 300 0.2838985074626866 165219380
831849 300 0.19318419666374012 176882782
832149 300 0.18035504828797191 167286312
832449 300 0.1776716417910448 166105208
832749 300 0.1742770851624232 165859144
833049 300 0.17287374890254606 165711507
833349 300 0.17618296751536436 164645232
833649 300 0.18123687445127304 162611109
833949 300 0.185740825285338 164989721
834249 300 0.1768846356453029 169960200
834549 300 0.17633467954345916 163004810
834849 300 0.17564249341527655 163119639
835149 300 0.17412537313432833 163119639
835449 300 0.18007058823529412 162840768
835749 300 0.1762777875329236 162857172
836049 300 0.17785179982440738 162709534
836349 300 0.1841478489903424 164054680
836649 300 0.18429956101843725 189743692
836949 300 0.18492537313432836 180311264
837249 300 0.1720014047410009 170599965
837549 300 0.17293064091308163 170075029
837849 300 0.17580368744512734 168893926
838149 300 0.1748649692712906 167187886
838449 300 0.17301597892888498 167335524
838749 300 0.17301597892888498 167220695
839049 300 0.17212467076382792 167335524
839349 300 0.1874760316066725 182673472
839649 300 0.17693204565408255 172699705
839949 300 0.16912835820895525 167597992
840249 300 0.2544474100087796 167712822
840549 300 0.34548410886742753 167729226
840849 300 0.21449973661106236 165645889
841149 300 0.18541843722563653 163546149
841449 300 0.25124249341527655 163546149
841749 300 0.48110517998244073 163825021
842049 300 0.5308382791922739 171567814
842349 300 0.5440087796312554 184018618
842649 300 0.5291220368744513 173405086
842949 300 0.5243146619841966 173126215
843249 300 0.5296625109745391 173372278
843549 300 0.5334837576821774 173536320
843849 300 0.5475076382791922 173126215
844149 300 0.5391350307287094 173011386
844449 300 0.5447768217734855 170534348
844749 300 0.5483610184372255 173011386
845049 300 0.5568663740122914 180622944
845349 300 0.5436200175592625 171961515
845649 300 0.5623469710272168 166712164
845949 300 0.5519072870939421 166055995
846249 300 0.5134103599648815 165793528
846549 300 0.2610279192273925 164497594
846849 300 0.4783079894644425 162922789
847149 300 0.1924635645302897 162397854
847449 300 0.37177769973661107 168040906
847749 300 0.17547181738366988 166203633
848049 300 0.16884389815627743 159789582
848349 300 0.16422616330114134 159395881
848649 300 0.1724660228270413 159395881
848949 300 0.1760597014925373 159133413
849249 300 0.16598981562774365 159002179
849549 300 0.17272203687445126 159133413
849849 300 0.17639157155399474 159395881
850149 300 0.17905601404741 179080948
850449 300 0.17195399473222125 175012701
850749 300 0.1611065847234416 170813220
851049 300 0.1559009657594381 170796816
851349 300 0.16324951712028096 170025817
851649 300 0.16092642669007903 167269908
851949 300 0.16605618964003513 163857829
852249 300 0.16741211589113258 160970686
852549 300 0.17050324846356454 160839453
852849 300 0.17870517998244076 172912960
853149 300 0.17786128182616331 181049454
853449 300 0.17509253731343286 171600622
853749 300 0.1713945566286216 168975946
854049 300 0.17140403863037754 167926077
854349 300 0.1659044776119403 165563868
854649 300 0.16415978928884986 165432635
854949 300 0.16331589113257242 166613739
855249 300 0.1823367866549605 185773870
855549 300 0.16708972783143108 176981207
855849 300 0.1669569798068481 169238414
856149 300 0.17137559262510974 168844713
856449 300 0.16836979806848112 168729883
856749 300 0.16795258999122037 164776466
857049 300 0.17126180860403864 161758089
857349 300 0.169156804214223 160708219
857649 300 0.18497278314310797 179999584
857949 300 0.17458999122036872 177374908
858249 300 0.1699438103599649 171338155
858549 300 0.17519683933274802 169369648
858849 300 0.16567690956979805 169238414
859149 300 0.17134714661984196 166876206
859449 300 0.1692231782265145 160855857
859749 300 0.17881896400351185 163480532
860049 300 0.1869260755048288 175554040
860349 300 0.17980509218612817 171617026
860649 300 0.1806489903424056 171748260
860949 300 0.1831048287971905 166761377
861249 300 0.1784017559262511 164776466
861549 300 0.17613555750658472 163201660
861849 300 0.17613555750658472 159395881
862149 300 0.17765267778753294 160445751
862449 300 0.20008709394205446 179097352
862749 300 0.1911171202809482 176997612
863049 300 0.19020684811237928 171748260
863349 300 0.19298507462686568 171748260
863649 300 0.1887086918349429 171617026
863949 300 0.18015592625109747 169894583
864249 300 0.18639508340649694 168828309
864549 300 0.18740017559262512 166072399
864849 300 0.19051027216856894 173159023
865149 300 0.18503915715539948 170025817
865449 300 0.18514345917471467 160068454
865749 300 0.19253942054433712 159953625
866049 300 0.19544091308165057 159838795
866349 300 0.19423669885864794 159723966
866649 300 0.18631922739244952 159691157
866949 300 0.19100333625987706 164415573
867249 300 0.20760632133450396 181738432
867549 300 0.19579174714661987 171370963
867849 300 0.18798805970149254 171370963
868149 300 0.19127831431079895 171239730
868449 300 0.1883388937664618 169796158
868749 300 0.19045338015803337 167565184
869049 300 0.18868024582967516 167581588
869349 300 0.19546935908691837 167450354
869649 300 0.20091202809482 182935940
869949 300 0.19817172958735735 179655096
870249 300 0.19144899034240562 170616369
870549 300 0.18959051799824406 168385395
870849 300 0.194615978928885 180852604
871149 300 0.18765618964003514 168122927
871449 300 0.1874570676031607 165235784
871749 300 0.1880449517120281 164694445
872049 300 0.19022581211589112 164825679
872349 300 0.19017840210711148 175455615
872649 300 0.18943880597014925 164956912
872949 300 0.18808287971905183 164825679
873249 300 0.1849348551360843 164842083
873549 300 0.1824979806848112 164842083
873849 300 0.18375908691834944 164842083
874149 300 0.18369271290605796 164710849
874449 300 0.18989394205443372 166695760
874749 300 0.19912941176470592 180458902
875049 300 0.19190412642669005 174405744
875349 300 0.19479613696224757 169533690
875649 300 0.19516593503072868 166892610
875949 300 0.19199894644424934 166006782
876249 300 0.18365478489903422 160888665
876549 300 0.18550377524143988 158001522
876849 300 0.19074732221246707 158788925
877149 300 0.21199648814749783 172306004
877449 300 0.19727093942054433 173355874
877749 300 0.1937625987708516 170599965
878049 300 0.19348762071992978 190941200
878349 300 0.18913538191395965 170337497
878649 300 0.19334539069359086 166138016
878949 300 0.19030166812993854 161807302
879249 300 0.18928709394205445 161807302
879549 300 0.1990251097453907 180967433
879849 300 0.20359543459174714 168762692
880149 300 0.1951564530289728 168762692
880449 300 0.19286180860403865 167581588
880749 300 0.20087410008779633 165613081
881049 300 0.1929945566286216 165350614
881349 300 0.19037752414398593 165350614
881649 300 0.18953362598770854 165219380
881949 300 0.19832344161545215 165481848
882249 300 0.20806145741878843 174930679
882549 300 0.20088358208955223 164956912
882849 300 0.19878805970149255 159313860
883149 300 0.19961299385425813 159707561
883449 300 0.1949857769973661 159182626
883749 300 0.1972614574187884 159313860
884049 300 0.19500474100087797 159445093
884349 300 0.19763125548726954 162217407
884649 300 0.19911044776119405 175340785
884949 300 0.29835856014047407 171928707
885249 300 0.5614556628621598 172174770
885549 300 0.5980087796312554 171781069
885849 300 0.593694468832309 171387367
886149 300 0.5968424934152766 171256134
886449 300 0.5888112379280069 171124900
886749 300 0.5572172080772607 171518601
887049 300 0.5516986830553117 187529122
887349 300 0.5592842844600526 176505484
887649 300 0.5508547848990343 171288942
887949 300 0.5609436347673398 187561930
888249 300 0.5437527655838456 171157708
888549 300 0.5505039508340649 171157708
888849 300 0.5472705882352941 171157708
889149 300 0.5546191395961368 173126215
889449 300 0.5470525021949079 178375566
889749 300 0.5468059701492537 171272538
890049 300 0.5433829675153643 171256134
890349 300 0.5307150131694469 171272538
890649 300 0.5328294995610184 171141304
890949 300 0.5512056189640034 171157708
891249 300 0.5383195785776997 171157708
891549 300 0.5445397717295873 173930022
891849 300 0.5526374012291484 181279113
892149 300 0.5474791922739245 174176085
892449 300 0.5475171202809481 172584876
892749 300 0.543032133450395 171174112
893049 300 0.5323648814749781 171157708
893349 300 0.5282686567164179 171141304
893649 300 0.5383764705882352 171945111
893949 300 0.5509970149253731 192122304
894249 300 0.5466163301141352 190022564
894549 300 0.54625601404741 170485135
894849 300 0.5415908691834943 170632773
895149 300 0.5367171202809482 187053400
895449 300 0.5331803336259877 173257449
895749 300 0.5403202809482002 173011386
896049 300 0.5312649692712906 171436580
896349 300 0.5269222124670764 171010070
896649 300 0.53596804214223 178621629
896949 300 0.5649829675153644 169845370
897249 300 0.5552923617208076 169828966
897549 300 0.5576818261633012 167729226
897849 300 0.5405194029850746 166662951
898149 300 0.5522296751536435 164218722
898449 300 0.5320804214223003 163677383
898749 300 0.5440846356453028 165924762
899049 300 0.5498496927129061 171813877
899349 300 0.5447294117647059 163677383
899649 300 0.5323838454784898 163825021
899949 300 0.5360438981562774 163529745
900249 300 0.540471992976295 163398511
900549 300 0.5370110623353819 163529745
900849 300 0.5389548726953468 163398511
901149 300 0.5530261633011413 161036303
901449 300 0.5592179104477611 180852604
901749 300 0.5393625987708516 176800761
902049 300 0.5583834942932396 172338812
902349 300 0.5552923617208076 172076344
902649 300 0.5434967515364355 171945111
902949 300 0.5410883230904302 171945111
903249 300 0.5434967515364355 169304031
903549 300 0.5406331870061457 166023187
903849 300 0.553718349429324 185577019
904149 300 0.5405194029850746 178752863
904449 300 0.5394194907813872 171928707
904749 300 0.5457724319578577 169697733
905049 300 0.5433829675153643 168910330
905349 300 0.5300512730465321 165891953
905649 300 0.5308951712028095 164054680
905949 300 0.5205787532923617 163939851
906249 300 0.5244474100087796 163923446
906549 300 0.5300417910447761 171010070
906849 300 0.5225320456540825 166154421
907149 300 0.5186444249341527 163792212
907449 300 0.5193460930640913 163660979
907749 300 0.5199813871817384 163660979
908049 300 0.5123768217734854 163529745
908349 300 0.5184168568920104 162479875
908649 300 0.5193271290605794 160642602
908949 300 0.51180790166813 160511368
909249 300 0.5322226514486391 160527772
909549 300 0.5210244073748903 160429347
909849 300 0.5312744512730465 160429347
910149 300 0.5234707638279192 160429347
910449 300 0.5289798068481123 162102577
910749 300 0.5414770851624232 184264682
911049 300 0.5309330992098331 170222668
911349 300 0.5355982440737489 161954940
911649 300 0.5259171202809482 161823706
911949 300 0.5229682177348551 176259421
912249 300 0.5072186128182616 161561238
912549 300 0.5199719051799824 161692472
912849 300 0.51308797190518 161561238
913149 300 0.5164446005267779 161446409
913449 300 0.5339768217734855 172880152
913749 300 0.5283160667251975 161856514
914049 300 0.5161980684811238 161840110
914349 300 0.5227596136962247 178900501
914649 300 0.53571202809482 167466758
914949 300 0.5302314310798947 167335524
915249 300 0.5206071992976296 167335524
915549 300 0.5396660228270412 167335524
915849 300 0.5301555750658472 182296175
916149 300 0.535190517998244 173273853
916449 300 0.5321942054433714 173257449
916749 300 0.5298995610184372 185084893
917049 300 0.5112674275680421 173273853
917349 300 0.5302314310798947 173011386
917649 300 0.5104993854258121 173126215
917949 300 0.5103192273924495 175209551
918249 300 0.5208252853380158 180065201
918549 300 0.5351620719929763 173109811
918849 300 0.510622651448639 173109811
919149 300 0.5257559262510975 173159023
919449 300 0.5082995610184372 173159023
919749 300 0.509105531167691 173027790
920049 300 0.520929587357331 173126215
920349 300 0.5338630377524144 175652465
920649 300 0.5296909569798068 181279113
920949 300 0.5191754170324846 173405086
921249 300 0.5254525021949078 173405086
921549 300 0.5317580333625987 173388682
921849 300 0.5201425812115891 173241045
922149 300 0.526713608428446 173109811
922449 300 0.5312365232660229 173109811
922749 300 0.5179048287971906 173913618
923049 300 0.5348681299385425 191745007
923349 300 0.529397014925373 184806021
923649 300 0.523508691834943 172207578
923949 300 0.5314356453028972 172223983
924249 300 0.5312649692712906 172092749
924549 300 0.5265050043898155 170911645
924849 300 0.5364516242317823 168926734
925149 300 0.529406496927129 168926734
925449 300 0.5209390693590868 168926734
925749 300 0.5255757682177349 175357189
926049 300 0.535332748024583 189546841
926349 300 0.5188909569798068 172223983
926649 300 0.5099968393327481 172371621
926949 300 0.5364421422300264 172371621
927249 300 0.5091150131694469 172355217
927549 300 0.5213847234416155 172371621
927849 300 0.5108122914837576 172240387
928149 300 0.5319571553994732 172109153
928449 300 0.5429467954345918 178391970
928749 300 0.5215743634767339 178654438
929049 300 0.5033309920983319 172880152
929349 300 0.5350482879719051 170517943
929649 300 0.5410598770851623 169730541
929949 300 0.5244948200175592 169878179
930249 300 0.5229018437225637 169746945
930549 300 0.535958560140474 169993008
930849 300 0.5490057945566286 186790932
931149 300 0.5442173836698858 185248935
931449 300 0.5343940298507462 170813220
931749 300 0.527225636523266 169484478
932049 300 0.5130121158911325 167745630
932349 300 0.5232621597892888 167614396
932649 300 0.5218967515364356 167483163
932949 300 0.5338345917471466 170239072
933249 300 0.543297629499561 180737774
933549 300 0.5065548726953467 173142619
933849 300 0.5023827919227392 173142619
934149 300 0.5114570676031607 172486450
934449 300 0.30931975417032487 170403114
934749 300 0.266100790166813 169878179
935049 300 0.2106310798946444 167499567
935349 300 0.17477014925373133 182607855
935649 300 0.1612488147497805 181672815
935949 300 0.1551708516242318 172355217
936249 300 0.15826198419666374 170255476
936549 300 0.15665004389815632 169336840
936849 300 0.15177629499561018 168155736
937149 300 0.15385285338015806 166449696
937449 300 0.1522124670763828 167762034
937749 300 0.16037647058823526 189415608
938049 300 0.1604238805970149 175767295
938349 300 0.15354942932396837 168057310
938649 300 0.1568776119402985 167926077
938949 300 0.15173836698858648 167926077
939249 300 0.1538718173836699 167909672
939549 300 0.15127374890254608 167909672
939849 300 0.15742756804214222 168319778
940149 300 0.158356804214223 168057310
940449 300 0.15552168568920108 167926077
940749 300 0.15083757682177348 168057310
941049 300 0.14988937664618085 168040906
941349 300 0.15606215978928883 168057310
941649 300 0.15854644424934153 168172140
941949 300 0.16794310798946444 187742377
942249 300 0.16722247585601405 181164284
942549 300 0.15338823529411766 173306661
942849 300 0.1536537313432836 173159023
943149 300 0.15262967515364356 173175427
943449 300 0.1487894644424934 173290257
943749 300 0.14822054433713783 171075687
944049 300 0.15490535557506585 174487765
944349 300 0.17078770851624234 186561273
944649 300 0.15002212467076384 179737116
944949 300 0.1453190517998244 174094064
945249 300 0.1497187006145742 173962830
945549 300 0.1471964881474978 173831596
945849 300 0.14984196663740124 172256791
946149 300 0.15165302897278313 170960857
946449 300 0.15194697102721685 172634088
946749 300 0.16031957857769974 181689219
947049 300 0.1546683055311677 173290257
947349 300 0.15061949078138717 167762034
947649 300 0.15193748902546092 167893268
947949 300 0.14660860403863038 168024502
948249 300 0.1502307287093942 167876864
948549 300 0.1508470588235294 167893268
948849 300 0.1567353819139596 167811247
949149 300 0.17474170324846353 176341443
949449 300 0.16966883230904303 180245647
949749 300 0.1588972783143108 173700363
950049 300 0.16147638279192272 173159023
950349 300 0.15924811237928008 170157051
950649 300 0.1593713784021071 167794843
950949 300 0.15439332748024584 167663609
951249 300 0.15371062335381916 167663609
951549 300 0.17354697102721686 188661013
951849 300 0.16374258121158908 195731233
952149 300 0.15588200175592626 172912960
952449 300 0.15289517120280952 172650492
952749 300 0.15906795434591747 169763349
953049 300 0.15501913959613695 169369648
953349 300 0.1559768217734855 166876206
953649 300 0.1552467076382792 166482505
953949 300 0.15523722563652326 166088803
954249 300 0.16574328358208956 173044194
954549 300 0.16599929762949958 183542896
954849 300 0.1601299385425812 171469389
955149 300 0.1556165057067603 171354559
955449 300 0.15473467954345918 171338155
955749 300 0.15680175592625112 169746945
956049 300 0.15475364354697105 165957570
956349 300 0.15696294995610183 163316490
956649 300 0.15681123792800702 163447724
956949 300 0.16580017559262508 171075687
957249 300 0.16475715539947325 176325038
957549 300 0.16057559262510976 171699048
957849 300 0.155398419666374 170780411
958149 300 0.15512344161545216 168943138
958449 300 0.15123582089552237 168811905
958749 300 0.15631817383669885 164628828
959049 300 0.15454503950834067 163300086
959349 300 0.1627564530289728 171174112
959649 300 0.16408393327480247 185363764
959949 300 0.15663107989464445 171977919
960249 300 0.15284776119402987 171846685
960549 300 0.15741808604038632 171715452
960849 300 0.15957998244073748 171042879
961149 300 0.16292712906057943 169090776
961449 300 0.1634770851624232 168155736
961749 300 0.16446321334503952 166187229
962049 300 0.1668526777875329 184838830
962349 300 0.16000667251975417 177620972
962649 300 0.1588972783143108 172240387
962949 300 0.1654398595258999 172240387
963249 300 0.16551571553994734 168828309
963549 300 0.16208323090430202 166334867
963849 300 0.16046180860403864 164628828
964149 300 0.16227287093942053 163710192
964449 300 0.1756614574187884 174602595
964749 300 0.16866374012291485 173815192
965049 300 0.16616049165935032 171715452
965349 300 0.16331589113257242 171305346
965649 300 0.1609548726953468 171567814
965949 300 0.16232028094820017 171436580
966249 300 0.16137208077260756 169615711
966549 300 0.1687111501316945 166712164
966849 300 0.18068691834942935 188382142
967149 300 0.1713566286215979 179474649
967449 300 0.16415978928884986 168451012
967749 300 0.16346760316066727 168565841
968049 300 0.2120154521510097 168303373
968349 300 0.5131543459174714 167794843
968649 300 0.543032133450395 167384737
968949 300 0.5448526777875329 167253504
969249 300 0.5532063213345039 173421491
969549 300 0.5593980684811238 185380169
969849 300 0.5610669007901667 180130818
970149 300 0.5393057067603161 175406402
970449 300 0.5581748902546092 175521231
970749 300 0.5467111501316944 173552725
971049 300 0.5467585601404741 172256791
971349 300 0.5318338893766462 170304688
971649 300 0.5439329236172081 169894583
971949 300 0.5557854258121159 182361792
972249 300 0.5474697102721685 186183976
972549 300 0.5270075504828797 175685274
972849 300 0.5367076382791922 175554040
973149 300 0.5301271290605795 175685274
973449 300 0.5318528533801581 175931337
973749 300 0.5373334503950834 175554040
974049 300 0.5376084284460052 175554040
974349 300 0.5476688323090431 181197092
974649 300 0.5320235294117647 175291572
974949 300 0.5411452151009657 173323066
975249 300 0.5363757682177348 173060598
975549 300 0.5288565408252853 172666897
975849 300 0.5259929762949956 171600622
976149 300 0.5407280070237049 171075687
976449 300 0.5284677787532923 171206921
976749 300 0.5628305531167691 184724000
977049 300 0.5419322212467076 178703650
977349 300 0.5365464442493415 171354559
977649 300 0.5286669007901668 188283716
977949 300 0.5256231782265145 175947741
978249 300 0.524134503950834 175931337
978549 300 0.5188340649692712 175800103
978849 300 0.5413158911325724 175800103
979149 300 0.5570844600526778 187086208
979449 300 0.537902370500439 173175427
979749 300 0.5369731343283582 172912960
980049 300 0.5232337137840211 171092091
980349 300 0.5295202809482001 170698390
980649 300 0.5259740122914838 170698390
980949 300 0.539059174714662 170567156
981249 300 0.5320709394205443 170304688
981549 300 0.543563125548727 180934624
981849 300 0.5259740122914838 180934624
982149 300 0.518227216856892 169779754
982449 300 0.526713608428446 167532375
982749 300 0.52542405618964 167007440
983049 300 0.5302788410886743 166744972
983349 300 0.5271971905179982 166613739
983649 300 0.5418279192273925 166613739
983949 300 0.5386988586479368 172912960
984249 300 0.5331234416154522 188004844
984549 300 0.519640035118525 175275168
984849 300 0.5272351185250219 175029105
985149 300 0.5335785776997366 173060598
985449 300 0.533787181738367 172141962
985749 300 0.5397608428446006 172404429
986049 300 0.5310374012291484 172388025
986349 300 0.5323364354697102 172388025
986649 300 0.5544484635645303 187742377
986949 300 0.5371627743634767 176325038
987249 300 0.5373524143985953 170288284
987549 300 0.5358921861281826 176193804
987849 300 0.5385755926251098 169500882
988149 300 0.5293875329236173 169238414
988449 300 0.5318433713784021 168975946
988749 300 0.5350956979806848 165973974
989049 300 0.5297099209833187 169254819
989349 300 0.5464646180860403 163874233
989649 300 0.5395427568042142 163726596
989949 300 0.5429847234416154 163726596
990249 300 0.5294349429323969 163726596
990549 300 0.5269506584723441 163726596
990849 300 0.5307339771729587 163726596
991149 300 0.5300133450395083 164120297
991449 300 0.536100790166813 169500882
991749 300 0.5445113257243196 181180688
992049 300 0.5247318700614574 164792870
992349 300 0.5412589991220368 164661636
992649 300 0.5192702370500438 164530402
992949 300 0.5240586479367866 164530402
993249 300 0.529928007023705 164513998
993549 300 0.5289703248463564 164513998
993849 300 0.5163592625109745 164513998
994149 300 0.5362904302019315 170009413
994449 300 0.5440087796312554 183034365
994749 300 0.5334742756804214 178178715
995049 300 0.5208347673397717 175291572
995349 300 0.5155058823529411 186840145
995649 300 0.5196969271290606 175668870
995949 300 0.5265239683933275 175160338
996249 300 0.5011122036874451 172912960
996549 300 0.5184263388937664 173716767
996849 300 0.5326114135206321 176849973
997149 300 0.5244663740122915 170567156
997449 300 0.5228923617208078 168844713
997749 300 0.5148705882352941 168319778
998049 300 0.5082142230026339 168319778
998349 300 0.5136948200175593 167958885
998649 300 0.5247603160667251 167926077
998949 300 0.5214036874451273 168861117
999249 300 0.526969622475856 183182003
999549 300 0.5076073748902545 174372936
999849 300 0.5251870061457419 168861117
1000149 300 0.5166342405618964 168598650
1000449 300 0.515145566286216 168598650
1000749 300 0.5145102721685689 167155078
1001049 300 0.5072375768217735 166088803
1001349 300 0.5198012291483758 165973974
1001649 300 0.4908906057945567 165695102
1001949 300 0.52363195785777 165727911
1002249 300 0.5142068481123793 165842740
1002549 300 0.5136568920105355 165842740
1002849 300 0.5161885864793678 165711507
1003149 300 0.5106510974539069 165711507
1003449 300 0.5313977172958736 185002872
1003749 300 0.5144818261633011 181984495
1004049 300 0.520275329236172 176210209
1004349 300 0.5150602282704126 176078975
1004649 300 0.5174212467076382 176226613
1004949 300 0.5071048287971905 176472676
1005249 300 0.5196969271290606 176210209
1005549 300 0.5211192273924494 177260079
1005849 300 0.5223708516242318 191302093
1006149 300 0.5098356453028973 182378196
1006449 300 0.5144249341527656 177260079
1006749 300 0.5270644424934153 176751548
1007049 300 0.5298331870061457 174651808
1007349 300 0.5150886742756804 174783042
1007649 300 0.49522388059701494 174783042
1007949 300 0.5004484635645303 174651808
1008249 300 0.5111157155399473 179113756
1008549 300 0.5172410886742757 189858522
1008849 300 0.4998036874451273 179622287
1009149 300 0.49636172080772606 176341443
1009449 300 0.506147146619842 173323066
1009749 300 0.5075315188762072 169910988
1010049 300 0.5026862159789289 168352586
1010349 300 0.4845566286215979 168204948
1010649 300 0.5121113257243196 169681328
1010949 300 0.5289703248463564 187791589
1011249 300 0.5019466198419665 179113756
1011549 300 0.5123578577699737 174914275
1011849 300 0.5154774363476734 175307976
1012149 300 0.5153446883230904 174520574
1012449 300 0.519128007023705 172814535
1012749 300 0.5153541703248463 172552067
1013049 300 0.5284203687445127 171895898
1013349 300 0.535190517998244 183444471
1013649 300 0.5386230026338894 174520574
1013949 300 0.5036344161545215 167171482
1014249 300 0.5028853380158034 167040249
1014549 300 0.4885580333625988 166777781
1014849 300 0.4919525899912203 166909015
1015149 300 0.4971961369622476 167171482
1015449 300 0.5010458296751535 170058625
1015749 300 0.5175919227392449 185150510
1016049 300 0.5101485513608428 177030420
1016349 300 0.5225604916593504 173224640
1016649 300 0.5161316944688322 178195120
1016949 300 0.5081383669885865 169648520
1017249 300 0.5136663740122914 169533690
1017549 300 0.5085271290605795 168877521
1017849 300 0.5106131694468833 169025160
1018149 300 0.5126517998244073 168729883
1018449 300 0.5094563652326601 166121612
1018749 300 0.5094374012291483 164136701
1019049 300 0.5114949956101843 163234469
1019349 300 0.5073039508340649 163218065
1019649 300 0.5211287093942054 163086831
1019949 300 0.519649517120281 162955597
1020249 300 0.5220389815627744 168073714
1020549 300 0.5286289727831431 168992351
1020849 300 0.5219157155399473 164153106
1021149 300 0.5268842844600526 164021872
1021449 300 0.5135715539947322 164153106
1021749 300 0.5079107989464443 164021872
1022049 300 0.49711079894644417 164021872
1022349 300 0.4909569798068481 164021872
1022649 300 0.520550307287094 171633430
1022949 300 0.5154110623353818 185281744
1023249 300 0.238328007023705 175045509
1023549 300 0.15153924495171203 174930679
1023849 300 0.1487041264266901 174799446
1024149 300 0.1468266900790167 174668212
1024449 300 0.14794556628621597 174126873
1024749 300 0.1491782265144864 172420833
1025049 300 0.1547062335381914 176095379
1025349 300 0.1650036874451273 188825056
1025649 300 0.15026865671641793 180951029
1025949 300 0.1479929762949956 176899186
1026249 300 0.15360632133450397 176636718
1026549 300 0.1480593503072871 175078317
1026849 300 0.1489222124670764 169550094
1027149 300 0.14647585601404742 167187886
1027449 300 0.14463634767339772 167302716
1027749 300 0.15691553994732219 182788302
1028049 300 0.15536997366110625 182000899
1028349 300 0.14734820017559264 175176742
1028649 300 0.1482774363476734 187775185
1028949 300 0.1442001755926251 172568472
1029249 300 0.14482598770851624 169796158
1029549 300 0.1415262510974539 168877521
1029849 300 0.14371659350307286 164546807
1030149 300 0.16348656716417911 178326354
1030449 300 0.15763617208077263 169796158
1030749 300 0.14617243195785776 169812562
1031049 300 0.14391571553994734 178851288
1031349 300 0.14743353819139596 172306004
1031649 300 0.1468266900790167 170731198
1031949 300 0.14237014925373134 166777781
1032249 300 0.14456997366110622 166909015
1032549 300 0.15114100087796312 174947083
1032849 300 0.15207023705004388 170731198
1033149 300 0.1408056189640035 170468731
1033449 300 0.1441622475856014 170337497
1033749 300 0.1421710272168569 169139989
1034049 300 0.14273046532045655 165875549
1034349 300 0.14331834942932395 165498252
1034649 300 0.1458215978928885 165990378
1034949 300 0.1571620719929763 180311264
1035249 300 0.1489222124670764 170977262
1035549 300 0.14740509218612818 165859144
1035849 300 0.14879894644424935 165990378
1036149 300 0.14949113257243196 165859144
1036449 300 0.14653274802458296 166039591
1036749 300 0.14699736611062336 166302058
1037049 300 0.1490739244951712 166449696
1037349 300 0.1548294995610184 172355217
1037649 300 0.16169446883230904 184297490
1037949 300 0.1545545215100966 180229243
1038249 300 0.1468266900790167 174323723
1038549 300 0.14908340649692714 169845370
1038849 300 0.1495480245829675 169861774
1039149 300 0.14651378402107113 169582903
1039449 300 0.14908340649692714 169845370
1039749 300 0.15694398595259 174471361
1040049 300 0.1665587357330992 185626232
1040349 300 0.15456400351185254 176308634
1040649 300 0.14702581211589114 173159023
1040949 300 0.15068586479367868 172765322
1041249 300 0.1437260755048288 172109153
1041549 300 0.1450345917471466 169057968
1041849 300 0.14428551360842845 167909672
1042149 300 0.14731027216856893 168713479
1042449 300 0.1623297629499561 187069804
1042749 300 0.1480972783143108 177752206
1043049 300 0.14437085162423177 171436580
1043349 300 0.14787919227392451 171452984
1043649 300 0.14645689201053555 171436580
1043949 300 0.1511315188762072 170517943
1044249 300 0.15117892888498685 166728568
1044549 300 0.15380544337137841 163825021
1044849 300 0.16031957857769974 184822425
1045149 300 0.15304688323090432 180918220
1045449 300 0.1546019315188762 175143934
1045749 300 0.15182370500438983 174865062
1046049 300 0.15440280948200175 174471361
1046349 300 0.14677928007023705 171584218
1046649 300 0.15050570676031605 168565841
1046949 300 0.15440280948200175 167384737
1047249 300 0.15740860403863038 170534348
1047549 300 0.16333485513608428 174865062
1047849 300 0.1555690956979807 167909672
1048149 300 0.15212712906057943 166466101
1048449 300 0.15368217734855139 166334867
1048749 300 0.1531227392449517 165941166
1049049 300 0.15375803336259877 165678698
1049349 300 0.15618542581211592 165809932
1049649 300 0.1559009657594381 165957570
1049949 300 0.16506057945566285 172502854
1050249 300 0.16160913081650571 188136078
1050549 300 0.1554647936786655 175800103
1050849 300 0.15677330992098332 173848000
1051149 300 0.16383740122914836 172109153
1051449 300 0.1598739244951712 171584218
1051749 300 0.15740860403863038 167007440
1052049 300 0.15063845478489904 165284997
1052349 300 0.15719051799824407 163595362
1052649 300 0.17001018437225637 166220037
1052949 300 0.16949815627743636 190514691
1053249 300 0.17121439859525903 188956290
1053549 300 0.4510756804214222 177145249
1053849 300 0.5189099209833187 177145249
1054149 300 0.5045162423178227 177128845
1054449 300 0.5119975417032484 176882782
1054749 300 0.4963143107989464 176866378
1055049 300 0.5057963125548727 176866378
1055349 300 0.49756593503072866 176751548
1055649 300 0.5032361720807725 182919535
1055949 300 0.5218872695346796 189612458
1056249 300 0.5183978928884986 182132133
1056549 300 0.5019086918349429 173618341
1056849 300 0.5052179104477611 170353902
1057149 300 0.4995476733977173 169943796
1057449 300 0.5027146619841967 169943796
1057749 300 0.49519543459174714 169287627
1058049 300 0.49246461808604036 167302716
1058349 300 0.4874770851624232 167450354
1058649 300 0.49633327480245826 179917563
1058949 300 0.48478419666374006 187397888
1059249 300 0.47706584723441614 178752863
1059549 300 0.47450570676031606 178621629
1059849 300 0.4708741000877963 178490395
1060149 253 0.48222405618964 178227928
1060402 47 0.3566254609306409 178096694
1060449 137 0.34468762071992975 176521889
1060586 3 0.34337910447761194 101062467
1060589 9 0.3415301141352063 101062467
1060598 151 0.35273784021071114 116449627
1060749 300 0.3816200175592625 163989063
1061049 300 0.4426461808604038 171797473
1061349 300 0.45062054433713783 171010070
1061649 300 0.44859139596136965 179392628
1061949 300 0.41914029850746265 168122927
1062249 177 0.43428305531167694 167204290
1062426 123 0.33742440737489027 167204290
1062549 61 0.319977524143986 165645889
1062610 4 0.3252021071115014 95993562
1062614 1 0.3170665496049166 91367572
1062615 8 0.3170665496049166 91367572
1062623 1 0.3170665496049166 91367572
1062624 1 0.3170665496049166 91367572
1062625 224 0.34084741000877966 124963419
1062849 300 0.4125977172958736 160134071
1063149 184 0.4314669007901668 160412943
1063333 116 0.29729657594381037 160281709
1063449 68 0.30052045654082526 158575670
1063517 2 0.314316769095698 85740924
1063519 1 0.2962820017559263 85740924
1063520 10 0.2962820017559263 85740924
1063530 1 0.2962820017559263 85757328
1063531 1 0.2962820017559263 85757328
1063532 210 0.32093520632133454 119992939
1063742 7 0.23188024582967517 119992939
1063749 179 0.30047304653204565 153457552
1063928 4 0.29952484635645305 81935144
1063932 2 0.29764741000877964 81935144
1063934 10 0.29764741000877964 81935144
1063944 105 0.3135961369622476 94057864
1064049 300 0.350955223880597 159166222
1064349 300 0.40175978928884987 167630800
1064649 300 0.379249517120281 155294826
1064949 300 0.3821415276558384 153473957
1065249 300 0.3796477611940299 153703616
1065549 300 0.36658156277436343 153851254
1065849 300 0.3664772607550483 153687211
1066149 300 0.3620017559262511 153818445
1066449 300 0.37616786654960493 159871603
1066749 300 0.37345601404740997 173782384
1067049 300 0.36083546971027214 173782384
1067349 300 0.35008287971905183 166302058
1067649 300 0.3449720807726076 161840110
1067949 300 0.33695978928884984 157771863
1068249 300 0.348641615452151 155015953
1068549 300 0.3423266022827041 155672122
1068849 300 0.3543213345039508 155540889
1069149 300 0.35188446005267776 162627513
1069449 300 0.3477313432835821 171551410
1069749 300 0.34314205443371376 156590759
1070049 300 0.3466503950834065 156590759
1070349 300 0.34298086040386305 156754801
1070649 300 0.3565496049165935 156607163
1070949 300 0.33698823529411764 156607163
1071249 300 0.3355564530289728 156738397
1071549 300 0.34203266022827045 156344695
1071849 300 0.3451996488147498 156475929
1072149 300 0.34155856014047414 156344695
1072449 300 0.338875153643547 156213462
1072749 300 0.3449815627743635 156607163
1073049 300 0.34922949956101845 156607163
1073349 300 0.39467673397717296 156344695
1073649 300 0.3525671641791045 156213462
1073949 300 0.4140389815627744 174454957
1074249 300 0.36533942054433716 184166256
1074549 300 0.3503957857769974 173388682
1074849 300 0.3274019315188762 170386710
1075149 300 0.3345134328358209 170239072
1075449 300 0.3264916593503073 168795500
1075749 300 0.3246237050043898 164874891
1076049 300 0.3231160667251976 162381450
1076349 300 0.32193081650570676 162496279
1076649 300 0.33066374012291483 179556670
1076949 300 0.32353327480245825 177194462
1077249 300 0.3184698858647937 169714137
1077549 300 0.32854925373134325 169599307
1077849 300 0.33403933274802455 174176085
1078149 300 0.3228410886742757 165645889
1078449 300 0.32436769095697976 159346668
1078749 300 0.3300094820017559 158706904
1079049 300 0.3357650570676032 159363072
1079349 300 0.316753643546971 169205606
1079649 300 0.32145671641791046 166974631
1079949 300 0.31259104477611943 163825021
1080249 300 0.22785039508340654 84051288
1080549 69 0.2332456540825285 84051288
1080618 231 0.2985197541703249 163152448
1080849 107 0.21486005267778752 81820314
1080956 193 0.3031469710272168 163152448
1081149 300 0.30878876207199296 159740370
1081449 300 0.3037253731343284 159330264
1081749 300 0.32635891132572437 173388682
1082049 300 0.31757857769973663 191876241
1082349 300 0.30474942932396837 176685931
1082649 300 0.30657945566286215 175357189
1082949 300 0.3156063213345039 173405086
1083249 300 0.3164312554872695 171567814
1083549 300 0.32071712028094823 170124242
1083849 300 0.33095768217734856 165006125
1084149 300 0.321390342405619 163710192
1084449 300 0.3200154521510096 164103893
1084749 300 0.32161791044776117 185888700
1085049 300 0.35598068481123796 177210866
1085349 131 0.19075680421422303 88464024
1085480 169 0.23621352063213344 171059283
1085649 300 0.1702377524143986 180754178
1085949 300 0.15955153643546974 174454957
1086249 300 0.15368217734855139 171436580
1086549 300 0.15384337137840212 165793528
1086849 300 0.14951957857769974 159740370
1087149 300 0.15787322212467078 163546149
1087449 282 0.10933485513608428 88939747
1087731 18 0.16174187884108868 168926734
1087749 300 0.15097980684811238 166302058
1088049 300 0.14145039508340648 166433292
1088349 300 0.14569833187006145 162250216
1088649 300 0.14243652326602282 159740370
1088949 300 0.1419244951712028 159609136
1089249 300 0.13954451273046534 159494306
1089549 300 0.1338647936786655 159510711
1089849 300 0.13930746268656716 159888007
1090149 300 0.14176330114135205 177719397
1090449 300 0.13840667251975416 166695760
1090749 300 0.13662405618964005 166712164
1091049 300 0.13560948200175593 166318463
1091349 300 0.1325942054433714 161741685
1091649 300 0.14634310798946443 166991036
1091949 300 0.14435188762071993 172634088
1092249 300 0.13425355575065848 167237099
1092549 300 0.12832730465320455 165006125
1092849 300 0.13824547848990343 164218722
1093149 300 0.13176927129060578 163054023
1093449 300 0.12973064091308165 160954282
