1285857 300 0.2253661106233538 248077106
1286157 300 0.21955364354697107 241384183
1286457 300 0.21050781387181738 234166326
1286757 300 0.21831150131694468 234182730
1287057 300 0.21736330114135205 234182730
1287357 300 0.2140066725197542 234313963
1287657 300 0.2203880597014925 234313963
1287957 300 0.221611237928007 237201107
1288257 300 0.23664021071115016 263447862
1288557 300 0.22328007023705002 257673576
1288857 300 0.22146900790166815 235626301
1289157 300 0.2182451273046532 235626301
1289457 300 0.21542897278314313 235642705
1289757 300 0.21468937664618085 235642705
1290057 300 0.2143764705882353 235642705
1290357 300 0.2258971027216857 235232600
1290657 300 0.22729095697980686 232082989
1290957 300 0.24394135206321335 245993770
1291257 300 0.23514205443371383 244550198
1291557 300 0.22700649692712904 231033119
1291857 300 0.22301457418788415 231033119
1292157 300 0.22025531167690957 231164353
1292457 300 0.22024582967515366 230901885
1292757 300 0.21577032484635641 230901885
1293057 300 0.21502124670763828 231033119
1293357 300 0.22303353819139596 242844159
1293657 300 0.22270166812993855 242319224
1293957 300 0.21975276558384552 231804118
1294257 300 0.20701843722563654 231426820
1294557 300 0.2129352063213345 231295587
1294857 300 0.2134661984196664 231689288
1295157 300 0.21395926251097455 231558054
1295457 300 0.2042022827041264 231558054
1295757 300 0.21419631255487268 237988509
1296057 300 0.2088200175592625 237726042
1296357 300 0.20430658472344163 231541650
1296657 300 0.20766321334503948 249389444
1296957 300 0.20445829675153646 239842186
1297257 300 0.20921826163301144 238775912
1297557 300 0.20643055311676908 235495068
1297857 300 0.21298261633011414 235888769
1298157 300 0.2076537313432836 252555459
1298457 300 0.2242946444249342 243631562
1298757 300 0.2149928007023705 243647966
1299057 300 0.21457559262510975 243500328
1299357 300 0.21534363476733978 243385498
1299657 300 0.21119999999999997 242204395
1299957 300 0.21252748024582965 239448485
1300257 300 0.21659525899912205 240350718
1300557 300 0.22449376646180863 255163730
1300857 300 0.2095785776997366 245468835
1301157 300 0.21326707638279188 240285100
1301457 300 0.21313432835820895 239907804
1301757 300 0.21229043020193153 239514102
1302057 300 0.20817524143985952 239366464
1302357 300 0.2091708516242318 239235231
1302657 300 0.20912344161545218 239366464
1302957 300 0.2212129938542581 259313998
1303257 300 0.2212129938542581 269156532
1303557 300 0.21898472344161543 251439972
1303857 300 0.20637366110623356 240810036
1304157 300 0.21439543459174712 240678802
1304457 300 0.21191115013169445 240580377
1304757 300 0.20863985952589992 240842844
1305057 300 0.20486602282704128 240596781
1305357 300 0.21615908691834942 240974078
1305657 300 0.2333499561018437 257115832
1305957 300 0.22782194907813869 261725419
1306257 300 0.22039754170324846 252260183
1306557 300 0.21836839332748023 248962934
1306857 300 0.21486953467954348 248323170
1307157 300 0.21129482001755925 245567260
1307457 300 0.22170605794556628 240728014
1307757 300 0.2178374012291484 240334313
1308057 300 0.23004073748902548 251095483
1308357 300 0.22098542581211592 248864509
1308657 300 0.22014152765583841 237709638
1308957 300 0.21918384547848993 237447170
1309257 300 0.21433854258121157 237578404
1309557 300 0.2205966637401229 237053469
1309857 300 0.21520140474100086 237053469
1310157 300 0.2211276558384548 237053469
1310457 300 0.2272814749780509 254523966
1310757 300 0.22834345917471469 261479356
1311057 300 0.22364038630377525 251899290
1311357 300 0.22570746268656716 258067278
1311657 300 0.22019841966637402 248208340
1311957 300 0.21903213345039507 245206367
1312257 300 0.22157330992098334 244796262
1312557 300 0.23404214223002637 247289703
1312857 300 0.23212677787532926 247552171
1313157 300 0.2368488147497805 241252950
1313457 300 0.22371624231782264 241121716
1313757 300 0.2274995610184372 240990482
1314057 300 0.22898823529411766 240071845
1314357 300 0.22552730465320459 236151237
1314657 300 0.22853309920983317 236397300
1314957 300 0.22524284460052676 236397300
1315257 300 0.2306760316066725 248339574
1315557 300 0.22634275680421423 247683405
1315857 300 0.22593503072870935 236922235
1316157 300 0.2209190517998244 236528533
1316457 300 0.22931062335381913 236528533
1316757 300 0.22670307287093944 236397300
1317057 300 0.22279648814749783 236397300
1317357 300 0.22729095697980686 236676172
1317657 300 0.22732888498683054 236807406
1317957 300 0.23711431079894646 261479356
1318257 300 0.23744618086040392 277473472
1318557 300 0.24105882352941174 273930160
1318857 300 0.23835645302897276 245189963
1319157 300 0.23492396839332752 245600068
1319457 300 0.23556874451273047 246125004
1319757 300 0.23463002633889374 245731302
1320057 300 0.22894082528533802 245993770
1320357 300 0.23199402985074624 245714898
1320657 300 0.22993643546971024 247552171
1320957 300 0.24310693590869184 261069250
1321257 300 0.23800561896400352 261479356
1321557 300 0.23883055311676912 257788405
1321857 300 0.23691518876207202 250964249
1322157 300 0.23591957857769974 247420937
1322457 300 0.23715223880597014 245075133
1322757 300 0.2378539069359087 245075133
1323057 300 0.3372442493415277 246256237
1323357 300 0.29924038630377525 262283163
1323657 300 0.24355258999122037 254786433
1323957 300 0.24824618086040384 246239833
1324257 300 0.579556804214223 246371067
1324557 300 0.596529587357331 247289703
1324857 300 0.5825436347673397 247945872
1325157 300 0.41907392449517117 247962277
1325457 300 0.5898921861281826 247962277
1325757 300 0.5804955223880597 259642083
1326057 300 0.5529218612818261 259396020
1326357 300 0.5150317822651448 248487211
1326657 300 0.5137611940298508 247995085
1326957 300 0.5228639157155399 247995085
1327257 300 0.41223740122914837 247978681
1327557 300 0.47116804214223 248109915
1327857 300 0.4987701492537313 248224744
1328157 300 0.5110493415276558 252965564
1328457 300 0.47375662862159784 255459006
1328757 300 0.30106093064091305 249176189
1329057 300 0.2195346795434592 249028551
1329357 300 0.21978121158911326 248733275
1329657 300 0.40393116769095694 248864509
1329957 300 0.3854697102721686 249028551
1330257 300 0.4225633011413521 249159785
1330557 300 0.45326602282704126 288792385
1330857 300 0.3052519754170325 287611282
1331157 300 0.2035100965759438 264776604
1331457 300 0.31191782265144863 255065305
1331757 300 0.4349183494293239 255180134
1332057 300 0.42234521510096573 254917667
1332357 300 0.4516920105355574 254802837
1332657 300 0.4381801580333626 255721474
1332957 300 0.44086356453028974 256115175
1333257 300 0.45167304653204565 264251669
1333557 300 0.4616670763827919 280639487
1333857 300 0.45749499561018436 268434746
1334157 300 0.4600456540825285 263333032
1334457 300 0.2970974539069359 260577123
1334757 300 0.2517260755048288 260445889
1335057 300 0.40479402985074625 260298252
1335357 300 0.42275294117647055 257411109
1335657 300 0.41017980684811234 257033811
1335957 300 0.4001194029850746 262676864
1336257 300 0.29518208955223885 271846824
1336557 300 0.39425004389815627 258067278
1336857 300 0.4159922739244951 257017407
1337157 300 0.4206953467954346 256869769
1337457 300 0.42617594381036 256886173
1337757 300 0.40672835820895525 256886173
1338057 300 0.25300614574187885 256886173
1338357 300 0.21283090430201934 256640110
1338657 300 0.2966517998244074 265810070
1338957 300 0.4093074626865671 260577123
1339257 300 0.42106514486391566 257558746
1339557 300 0.42286672519754165 257427513
1339857 300 0.25454223002633886 257296279
1340157 300 0.22732888498683054 257148641
1340457 300 0.4091652326602282 257673576
1340757 300 0.4248484635645303 257821214
1341057 300 0.4167508340649692 257558746
1341357 300 0.42568287971905183 274487904
1341657 300 0.42213661106233535 281049592
1341957 300 0.42603371378402105 272388163
1342257 300 0.40733520632133446 272125696
1342557 300 0.3953499561018437 268582384
1342857 300 0.4133657594381036 265153902
1343157 300 0.40585601404741 264907838
1343457 300 0.41087199297629495 264891434
1343757 300 0.4182205443371378 262660459
1344057 300 0.4237580333625988 264760200
1344357 300 0.4234925373134328 272371759
1344657 300 0.41025566286215975 268565980
1344957 300 0.4236158033362599 268582384
1345257 300 0.4157457418788411 268041045
1345557 300 0.39771097453906934 265039072
1345857 300 0.4165801580333626 264366499
1346157 300 0.4284516242317823 262020695
1346457 300 0.4354493415276558 261610590
1346757 300 0.4024045654082528 262266758
1347057 300 0.2752793678665496 299012216
1347357 300 0.27659736611062335 306344903
1347657 300 0.4091747146619842 303851461
1347957 300 0.403921685689201 272502993
1348257 223 0.420126426690079 272125696
1348480 77 0.3255813871817384 271600761
1348557 109 0.29118068481123793 267663747
1348666 4 0.2902419666374012 173175427
1348670 1 0.28800421422300265 173175427
1348671 8 0.28800421422300265 173175427
1348679 1 0.28800421422300265 173175427
1348680 177 0.301582440737489 203260771
1348857 300 0.21388340649692716 257165045
1349157 300 0.2160073748902546 267401280
1349457 300 0.2102612818261633 267532513
1349757 300 0.2089622475856014 265564007
1350057 300 0.2074356453028973 264382903
1350357 184 0.21375065847234415 264251669
1350541 116 0.16238665496049165 263989201
1350657 67 0.15256330114135205 262545630
1350724 3 0.1481352063213345 165038934
1350727 1 0.1481352063213345 165038934
1350728 7 0.1481352063213345 165038934
1350735 222 0.16108762071992974 206968125
1350957 300 0.19229288849868303 259527253
1351257 76 0.22123195785776997 259773316
1351333 185 0.15563546971027215 258592212
1351518 5 0.1554268656716418 160314517
1351523 11 0.1501548726953468 159904412
1351534 23 0.1623297629499561 166400484
1351557 247 0.16955504828797188 223962900
1351804 53 0.11474907813871817 223700432
1351857 131 0.15837576821773486 267794981
1351988 3 0.15683968393327483 171863090
1351991 10 0.1555880597014925 171863090
1352001 156 0.1679336259877085 203752898
1352157 300 0.18703985952589988 257296279
1352457 300 0.19645548726953468 253752967
1352757 300 0.19554521510096579 253244436
1353057 300 0.19395223880597015 271207059
1353357 300 0.2057383669885865 261741823
1353657 300 0.2042971027216857 261741823
1353957 300 0.19034907813871818 261233292
1354257 300 0.18206180860403867 258608617
1354557 300 0.18063002633889375 256508876
1354857 300 0.19553573309920982 262791693
1355157 300 0.20095943810359965 266072538
1355457 300 0.18986549604916592 259002318
1355757 300 0.18811132572431957 258460979
1356057 300 0.1903964881474978 255967537
1356357 300 0.18466935908691837 255852708
1356657 300 0.19130676031606672 255590240
1356957 300 0.18001369622475855 255721474
1357257 300 0.18340825285338014 255590240
1357557 300 0.1929281826163301 264907838
1357857 300 0.18612010535557508 269763488
1358157 300 0.17719754170324847 256230004
1358457 300 0.17647690956979806 255705069
1358757 300 0.17916979806848113 256115175
1359057 300 0.17358489903424054 256246409
1359357 300 0.17581316944688322 255869112
1359657 300 0.17408744512730467 256508876
1359957 300 0.17617348551360845 256640110
1360257 300 0.1874570676031607 287086347
1360557 300 0.1890215978928885 304540439
1360857 300 0.19030166812993854 289054853
1361157 300 0.17665706760316066 274094202
1361457 300 0.18462194907813873 266088942
1361757 300 0.1841004389815628 262283163
1362057 300 0.17905601404741 262299567
1362357 300 0.17679929762949956 262168333
1362657 300 0.17664758560140473 262168333
1362957 300 0.17221000877963125 262168333
1363257 300 0.17925513608428448 278178854
1363557 300 0.18145496049165935 286692645
1363857 300 0.163884811237928 278703789
1364157 300 0.16024372256365232 276718878
1364457 300 0.16467181738366987 267942619
1364757 300 0.16084108867427566 267023983
1365057 300 0.16245302897278316 267270046
1365357 300 0.16089798068481123 266745111
1365657 300 0.15770254609306408 264136840
1365957 300 0.16801896400351188 269943934
1366257 300 0.17028516242317823 284773351
1366557 300 0.16185566286215983 282427548
1366857 300 0.16268059701492535 279130299
1367157 300 0.1652881474978051 284396054
1367457 300 0.16353397717295873 266154559
1367757 300 0.16535452151009658 264038414
1368057 300 0.16703283582089554 263907180
1368357 300 0.17301597892888498 264710988
1368657 300 0.17547181738366988 275997092
1368957 300 0.16988691834942934 272191312
1369257 300 0.1593713784021071 268910468
1369557 300 0.15917225636523263 265892091
1369857 300 0.16227287093942053 264694583
1370157 300 0.16146690079016682 264432115
1370457 300 0.16076523266022827 264957051
1370757 300 0.16606567164179104 264694583
1371057 300 0.17373661106233537 270091572
1371357 300 0.17401158911325726 270468870
1371657 300 0.1650131694468832 264710988
1371957 300 0.16397963125548726 264448520
1372257 300 0.16779139596136963 264448520
1372557 300 0.1591058823529412 264317286
1372857 300 0.16446321334503952 264202456
1373157 300 0.16105917471466197 264448520
1373457 300 0.18062054433713784 278884236
1373757 300 0.16536400351185254 291876379
1374057 300 0.16522177348551362 280327807
1374357 300 0.16025320456540826 279540404
1374657 300 0.16541141352063213 272847481
1374957 300 0.16117295873573312 265367156
1375257 300 0.16176084284460054 264842221
1375557 300 0.16718454784899037 264973455
1375857 300 0.16460544337137842 266154559
1376157 300 0.17931202809482005 302637549
1376457 300 0.17377453906935908 312496486
1376757 300 0.17272203687445126 293861290
1377057 300 0.16440632133450395 273913756
1377357 300 0.1694791922739245 273503650
1377657 300 0.16082212467076382 273782522
1377957 300 0.17515891132572428 273782522
1378257 300 0.16090746268656717 273520054
1378557 300 0.16104969271290606 273634884
1378857 300 0.1610402107111501 273503650
1379157 300 0.1746089552238806 294501055
1379457 300 0.16488042142230028 292007613
1379757 300 0.15591044776119403 284396054
1380057 300 0.1609169446883231 283756290
1380357 300 0.160158384547849 283362588
1380657 300 0.15526567164179103 274307457
1380957 300 0.15884038630377526 272863886
1381257 300 0.15414679543459178 272995120
1381557 300 0.16030061457418787 276013497
1381857 300 0.168 288743173
1382157 300 0.1624340649692713 288874407
1382457 300 0.1588877963125549 287693302
1382757 300 0.164529587357331 282706419
1383057 300 0.1621875329236172 280606678
1383357 300 0.15622335381913957 277440664
1383657 300 0.15588200175592626 276800899
1383957 300 0.15678279192273925 274569925
1384257 300 0.1766760316066725 291482678
1384557 300 0.17018086040386307 295321266
1384857 300 0.16597085162423178 287824536
1385157 300 0.16679578577699739 287053538
1385457 300 0.17172642669007904 294927565
1385757 300 0.16943178226514485 275882263
1386057 300 0.1617134328358209 273388821
1386357 300 0.16102124670763832 273388821
1386657 300 0.16174187884108868 273651288
1386957 300 0.16931799824407376 279950510
1387257 300 0.1738409130816506 278244471
1387557 300 0.16200737489025463 274044990
1387857 300 0.15582510974539068 273913756
1388157 300 0.15821457418788412 273782522
1388457 300 0.16198841088674276 273913756
1388757 300 0.16302194907813872 273798927
1389057 300 0.16300298507462688 273667693
1389357 300 0.16440632133450395 273766118
1389657 300 0.1641028972783143 273798927
1389957 300 0.18336084284460052 310396746
1390257 300 0.18246953467954344 329425644
1390557 300 0.1805920983318701 316695967
1390857 300 0.17235223880597014 295173628
1391157 300 0.16611308165057068 293073888
1391457 300 0.16340122914837577 298864578
1391757 300 0.1682086040386304 291367848
1392057 300 0.16564846356453028 288743173
1392357 300 0.16748797190517997 288628344
1392657 300 0.1803171202809482 291515487
1392957 300 0.18001369622475855 293221525
1393257 300 0.17209622475856015 286266135
1393557 300 0.17451413520632134 284691330
1393857 300 0.17341422300263387 281935420
1394157 300 0.1688628621597893 281525315
1394457 300 0.16328744512730467 281525315
1394757 300 0.16158068481123794 281656549
1395057 300 0.16194100087796312 281656549
1395357 300 0.17213415276558383 293205121
1395657 300 0.16733625987708517 291761550
1395957 300 0.16714661984196663 281394081
1396257 300 0.16139104477611943 281394081
1396557 300 0.1602342405618964 281394081
1396857 300 0.16177980684811238 281262847
1397157 300 0.16465285338015806 281131614
1397457 300 0.16348656716417911 282050250
1397757 300 0.15939034240561895 282050250
1398057 300 0.1626521510096576 281787783
1398357 300 0.16283230904302018 288611939
1398657 300 0.15736119402985077 282050250
1398957 300 0.16174187884108868 281787783
1399257 300 0.15683968393327483 282066654
1399557 300 0.16267111501316947 284166395
1399857 300 0.16979209833187006 285216265
1400157 300 0.160025636523266 282181484
1400457 300 0.15892572431957855 282050250
1400757 300 0.1670233538191396 282050250
1401057 300 0.16342967515364357 281656549
1401357 300 0.16184618086040384 281656549
1401657 300 0.15661211589113258 281525315
1401957 300 0.16114451273046534 281656549
1402257 300 0.16841720807726077 296223498
1402557 300 0.16856892010535557 290728084
1402857 300 0.1604238805970149 282083059
1403157 300 0.1635529411764706 281935420
1403457 300 0.1701524143985953 282066654
1403757 300 0.1720014047410009 282181484
1404057 300 0.16687164179104477 281919016
1404357 300 0.17524424934152766 281919016
1404657 300 0.1749313432835821 282050250
1404957 300 0.1694697102721686 282050250
1405257 300 0.16689060579455664 282066654
1405557 300 0.16606567164179104 281919016
1405857 300 0.16798103599648814 286774666
1406157 300 0.17499771729587357 330754386
1406457 300 0.17035153643546974 324307527
1406757 300 0.1675353819139596 298864578
1407057 300 0.1650036874451273 286134901
1407357 300 0.1657527655838455 286659837
1407657 300 0.16906198419666374 286249731
1407957 300 0.16428305531167692 286118497
1408257 300 0.16659666374012294 286249731
1408557 300 0.16719402985074627 285872434
1408857 300 0.1731676909569798 292548952
1409157 300 0.17289271290605793 310806852
1409457 300 0.17564249341527655 299389513
1409757 300 0.17262721685689203 298733344
1410057 300 0.1768941176470588 295862605
1410357 300 0.17779490781387183 295846201
1410657 300 0.1759459174714662 295714967
1410957 300 0.16678630377524145 293090292
1411257 300 0.16452010535557507 292286485
1411557 300 0.17149885864793676 291367848
1411857 300 0.18385390693590872 308953174
1412157 300 0.17146093064091308 304884927
1412457 300 0.163628797190518 300308149
1412757 300 0.16514591747146623 305295033
1413057 300 0.1696877963125549 295846201
1413357 300 0.17069288849868305 295206436
1413657 300 0.1773587357330992 292712995
1413957 300 0.17474170324846353 291810762
1414257 300 0.1795111501316945 296125073
1414557 300 0.1788284460052678 296223498
1414857 300 0.17635364354697103 296108668
1415157 300 0.17490289727831432 295977435
1415457 300 0.17480807726075503 293090292
1415757 300 0.17376505706760317 291105381
1416057 300 0.17681826163301143 288907215
1416357 300 0.17709323968393326 289563384
1416657 300 0.18247901668129943 294829139
1416957 300 0.18509604916593503 304146738
1417257 300 0.17438138718173837 296814050
1417557 300 0.17145144863915715 290777296
1417857 300 0.17613555750658472 290760892
1418157 300 0.1717548726953468 290662467
1418457 300 0.18023178226514486 290383595
1418757 300 0.23222159789288854 290646063
1419057 300 0.18283933274802458 291170998
1419357 300 0.18803546971027219 299438726
1419657 300 0.20560561896400348 340268835
1419957 300 0.20954064969271288 346305589
1420257 300 0.19048182616330114 312184806
1420557 300 0.18537102721685692 307329157
1420857 300 0.18856646180860404 303654611
1421157 300 0.19465390693590867 300619830
1421457 300 0.18990342405618965 300734659
1421757 300 0.18802598770851625 301013531
1422057 300 0.1896379280070237 298536493
1422357 300 0.18991290605794556 297486623
1422657 300 0.18924916593503072 302998442
1422957 300 0.19687269534679544 312955805
1423257 300 0.2820305531167691 312972209
1423557 300 0.27178999122036873 307591624
1423857 300 0.19532712906057947 306951859
1424157 300 0.18922071992976294 303260910
1424457 300 0.19212221246707636 297880324
1424757 300 0.20435399473222124 294861948
1425057 300 0.19226444249341526 294468246
1425357 300 0.2005896400351185 299848831
1425657 300 0.19252045654082528 311528637
1425957 300 0.18603476733977173 307197923
1426257 300 0.17912238805970152 305754351
1426557 300 0.1772923617208077 317171690
1426857 300 0.1743624231782265 302867208
1427157 300 0.1742201931518876 298027963
1427457 300 0.1734616330114135 294747118
1427757 300 0.17202985074626867 294747118
1428057 300 0.18015592625109747 306033223
1428357 300 0.17075926251097454 307591624
1428657 300 0.1755761194029851 301144765
1428957 300 0.17082563652326602 299291088
1429257 300 0.16806637401229152 297863920
1429557 300 0.16687164179104477 298159197
1429857 300 0.16913784021071113 298011558
1430157 300 0.18153081650570677 302178231
1430457 300 0.18775100965759436 315564076
1430757 300 0.181369622475856 310068661
1431057 300 0.17234275680421424 307837687
1431357 300 0.1748365232660228 307591624
1431657 300 0.1776716417910448 304048312
1431957 300 0.1737460930640913 301948572
1432257 300 0.16939385425812117 301686104
1432557 300 0.17485548726953468 299176258
1432857 300 0.1807817383669886 305475480
1433157 300 0.1722669007901668 308100155
1433457 300 0.1643115013169447 303917079
1433757 300 0.16271852502194908 301948572
1434057 300 0.16541141352063213 300898701
1434357 300 0.1684741000877963 296453157
1434657 300 0.16690008779631255 295272053
1434957 300 0.16159964881474978 295108011
1435257 300 0.18357892888498684 306919051
1435557 300 0.1779750658472344 304688077
1435857 300 0.16798103599648814 294845544
1436157 300 0.17146093064091308 295222840
1436457 300 0.16740263388937668 295124415
1436757 300 0.16559157155399476 294599480
1437057 300 0.16310728709394204 294861948
1437357 300 0.16383740122914836 294845544
1437657 300 0.1704558384547849 310199895
1437957 300 0.15833784021071112 314284547
1438257 300 0.15726637401229152 307985325
1438557 300 0.15920070237050044 307854092
1438857 300 0.16415978928884986 307066689
1439157 300 0.16836979806848112 302079805
1439457 300 0.1731676909569798 299455130
1439757 300 0.16553467954345918 297355390
1440057 300 0.17191606672519755 296174286
1440357 300 0.1653260755048288 296305519
1440657 300 0.17393573309920982 302998442
1440957 300 0.16459596136962246 302735974
1441257 300 0.16581913959613695 296305519
1441557 300 0.1659329236172081 296174286
1441857 300 0.15793959613696223 296174286
1442157 300 0.16403652326602283 296043052
1442457 300 0.16502265144863915 295911818
1442757 300 0.16440632133450395 295501713
1443057 300 0.16993432835820899 297880324
1443357 300 0.1629081650570676 302211039
1443657 300 0.17172642669007904 295386883
1443957 300 0.17110061457418788 288956428
1444257 300 0.1646433713784021 237233915
1444557 300 0.166710447761194 236725384
1444857 300 0.1660846356453029 236725384
1445157 300 0.1594377524143986 236725384
1445457 300 0.16928955223880596 244878283
1445757 300 0.17889482001755927 198027824
1446057 300 0.17434345917471464 178326354
1446357 300 0.16213064091308166 175307976
1446657 300 0.16214012291483756 172420833
1446957 300 0.1635529411764706 170173455
1447257 300 0.15810079016681297 168861117
1447557 300 0.16492783143107992 168729883
1447857 300 0.1632589991220369 168992351
1448157 300 0.17342370500438983 180688561
1448457 300 0.1742107111501317 183313237
1448757 300 0.15912484635645305 174930679
1449057 300 0.19228340649692713 174930679
1449357 300 0.28542510974539076 183313237
1449657 300 0.17656224758560143 170485135
1449957 300 0.16678630377524145 169402456
1450257 300 0.1595420544337138 169123585
1450557 300 0.1637805092186128 169402456
1450857 300 0.17536751536435471 176341443
1451157 300 0.17757682177348552 172273195
1451457 300 0.2159315188762072 170698390
1451757 300 0.2632087796312555 180163626
1452057 300 0.32161791044776117 166794185
1452357 300 0.29792238805970145 168090118
1452657 300 0.2906117647058824 167565184
1452957 300 0.205804741000878 167302716
1453257 300 0.16503213345039508 178851288
1453557 300 0.16659666374012294 167155078
1453857 300 0.15903002633889377 167171482
1454157 300 0.16198841088674276 167023844
1454457 300 0.1591058823529412 166646547
1454757 300 0.15304688323090432 166367676
1455057 300 0.156299209833187 166515313
1455357 300 0.15480105355575063 166252846
1455657 300 0.15631817383669885 167023844
1455957 300 0.16619841966637403 175832911
1456257 300 0.15389078138718174 167056653
1456557 300 0.15079016681299387 166662951
1456857 300 0.15319859525899912 166761377
1457157 300 0.14861878841088674 166646547
1457457 300 0.15156769095697983 166794185
1457757 300 0.1495764705882353 167171482
1458057 300 0.15017383669885867 166794185
1458357 300 0.1621875329236172 177424121
1458657 300 0.15563546971027215 176374251
1458957 300 0.1513401229148376 166662951
1459257 300 0.15484846356453028 166515313
1459557 300 0.15240210711150132 166531717
1459857 300 0.14909288849868305 166662951
1460157 300 0.14992730465320456 166548122
1460457 300 0.15042985074626866 166548122
1460757 300 0.14959543459174715 167450354
1461057 300 0.16743107989464445 191482540
1461357 300 0.1636003511852502 193188579
1461657 300 0.15696294995610183 186872953
1461957 300 0.16227287093942053 186889357
1462257 300 0.15489587357330992 186758124
1462557 300 0.15379596136962248 181492368
1462857 300 0.15533204565408254 180458902
1463157 300 0.15380544337137841 176915590
1463457 300 0.16864477611940298 188857864
1463757 300 0.15928604038630378 179802733
1464057 300 0.16057559262510976 175045509
1464357 300 0.16475715539947325 174651808
1464657 300 0.15633713784021072 174930679
1464957 300 0.16354345917471463 175324381
1465257 300 0.1528382791922739 175045509
1465557 300 0.15549323968393328 175455615
1465857 300 0.16327796312554876 189743692
1466157 300 0.15791115013169446 180573732
1466457 300 0.1540519754170325 175209551
1466757 300 0.1598644424934153 175472019
1467057 300 0.1565457418788411 181361134
1467357 300 0.15742756804214222 175439210
1467657 300 0.15832835820895522 174914275
1467957 300 0.1498609306409131 174930679
1468257 300 0.14952906057945567 174930679
1468557 300 0.16025320456540826 180294860
1468857 300 0.15988340649692712 175307976
1469157 300 0.1509134328358209 175324381
1469457 300 0.15353994732221246 175061913
1469757 300 0.1504488147497805 174668212
1470057 300 0.15427954345917472 174799446
1470357 300 0.15483898156277437 175193147
1470657 300 0.1612582967515364 175570444
1470957 300 0.16650184372256366 190006159
1471257 300 0.158356804214223 180688561
1471557 300 0.1568302019315189 175439210
1471857 300 0.15598630377524147 187250250
1472157 300 0.1533692712906058 175701678
1472457 300 0.15157717295873574 175176742
1472757 300 0.15163406496927126 175045509
1473057 300 0.15914381035996486 175045509
1473357 300 0.16534503950834067 185954317
1473657 300 0.16262370500438983 175718082
1473957 300 0.15609060579455664 175832911
1474257 300 0.15870763827919224 175832911
1474557 300 0.16327796312554876 175832911
1474857 300 0.165174363476734 175832911
1475157 300 0.15914381035996486 175439210
1475457 300 0.15591044776119403 175176742
1475757 300 0.16333485513608428 178588821
1476057 300 0.17733977172958734 187004187
1476357 300 0.16812326602282704 168237757
1476657 300 0.15845162423178227 165219380
1476957 300 0.16282282704126427 165350614
1477257 300 0.1616470588235294 164989721
1477557 300 0.15765513608428447 164842083
1477857 300 0.15719051799824407 164809274
1478157 300 0.16616049165935032 164825679
1478457 300 0.17091097453906937 176899186
1478757 300 0.1710626865671642 173355874
1479057 300 0.155654433713784 164300743
1479357 300 0.1601204565408253 176636718
1479657 300 0.1580249341527656 164825679
1479957 300 0.1589731343283582 164825679
1480257 300 0.16858788410886744 164694445
1480557 300 0.17240913081650572 166269250
1480857 300 0.17398314310798946 173651150
1481157 300 0.16914732221246706 164579615
1481457 300 0.1669569798068481 164317147
1481757 300 0.16909991220368745 164284339
1482057 300 0.16721299385425814 164546807
1482357 300 0.163884811237928 164678040
1482657 300 0.1726841088674276 164956912
1482957 300 0.16817067603160668 164940508
1483257 300 0.16535452151009658 164546807
1483557 300 0.17213415276558383 164021872
1483857 300 0.1724660228270413 164153106
1484157 300 0.16933696224758557 164153106
1484457 300 0.1669569798068481 164153106
1484757 300 0.16443476733977175 165465443
1485057 300 0.17999473222124668 185412978
1485357 300 0.16493731343283582 181361134
1485657 300 0.16262370500438983 176374251
1485957 300 0.16585706760316066 190006159
1486257 300 0.16264266900790167 175439210
1486557 300 0.17194451273046532 168106523
1486857 300 0.16754486391571555 164284339
1487157 300 0.17302546093064092 165088146
1487457 300 0.1812273924495171 177276483
1487757 300 0.17520632133450392 167319120
1488057 300 0.16707076382791922 167171482
1488357 300 0.16889130816505707 167565184
1488657 300 0.1721531167690957 166400484
1488957 300 0.17028516242317823 164431977
1489257 300 0.1698489903424056 164678040
1489557 300 0.1724849868305531 164431977
1489857 300 0.17129973661106232 164284339
1490157 300 0.17097734855136085 164153106
1490457 300 0.1748270412642669 164169510
1490757 300 0.18053520632133452 164300743
1491057 300 0.17571834942932396 164694445
1491357 300 0.17533906935908694 164956912
1491657 300 0.17188762071992975 164825679
1491957 300 0.16580017559262508 164825679
1492257 300 0.1800611062335382 187906419
1492557 300 0.17001966637401228 189776500
1492857 300 0.16707076382791922 171781069
1493157 300 0.16498472344161544 171256134
1493457 300 0.17018086040386307 171124900
1493757 300 0.16159964881474978 170583561
1494057 300 0.16386584723441616 170714794
1494357 300 0.16141000877963127 170583561
1494657 300 0.16454855136084282 170337497
1494957 300 0.1745330992098332 178884097
1495257 300 0.1702756804214223 188070462
1495557 300 0.16561053555750657 175996954
1495857 300 0.16314521510096575 175734486
1496157 300 0.17058858647936784 175898529
1496457 300 0.17110061457418788 175865720
1496757 300 0.1650985074626866 174668212
1497057 300 0.16639754170324847 173503512
1497357 300 0.1762777875329236 173634746
1497657 300 0.19247304653204564 181640006
1497957 300 0.18123687445127304 176521889
1498257 300 0.17310131694468836 172453642
1498557 300 0.17437190517998244 185314552
1498857 300 0.17350904302019313 172568472
1499157 300 0.17056962247585603 172191174
1499457 300 0.17309183494293237 172059940
1499757 300 0.17435294117647057 172059940
1500057 300 0.18523827919227392 184133448
1500357 300 0.18314275680421424 172191174
1500657 300 0.1687585601404741 172174770
1500957 300 0.1671655838454785 171912303
1501257 300 0.16956453028972782 171764664
1501557 300 0.17099631255487271 171781069
1501857 300 0.17564249341527655 171797473
1502157 300 0.18195750658472346 171912303
1502457 300 0.17863880597014925 171797473
1502757 300 0.18972326602282705 186626890
1503057 300 0.18638560140474103 179146564
1503357 300 0.17418226514486393 154753486
1503657 300 0.11777383669885864 74602456
1503957 5 0.11156312554872695 74848520
1503962 295 0.16461492537313432 154343380
1504257 300 0.16296505706760317 154474614
1504557 300 0.16289868305531166 153687211
1504857 300 0.1673172958735733 152899809
1505157 300 0.17231431079894644 153031043
1505457 300 0.17592695346795434 167991693
1505757 300 0.16903353819139597 164054680
1506057 300 0.1571336259877085 151849939
1506357 300 0.15262967515364356 151981173
1506657 300 0.15689657594381037 151981173
1506957 300 0.1596653204565408 151439833
1507257 300 0.15908691834942934 151571067
1507557 300 0.15557857769973663 151439833
1507857 300 0.1669190517998244 154983145
1508157 300 0.1748649692712906 162988405
1508457 300 0.1594093064091308 156984460
1508757 300 0.1724660228270413 155786952
1509057 300 0.1665587357330992 154983145
1509357 300 0.16231079894644423 152752171
1509657 300 0.15761720807726076 151341408
1509957 300 0.15426057945566285 151456237
1510257 300 0.1672793678665496 151472641
1510557 300 0.18025074626865673 168024502
1510857 300 0.1793878841088674 168139332
1511157 300 0.1740684811237928 159756774
1511457 300 0.1729875329236172 155163592
1511757 300 0.17057910447761196 154491019
1512057 300 0.171470412642669 153572382
1512357 300 0.1739926251097454 152391278
1512657 300 0.1716790166812994 150947707
1512957 300 0.17813625987708517 155540889
1513257 300 0.17748200175592624 162102577
1513557 300 0.1720108867427568 156197058
1513857 300 0.1663690956979807 150422772
1514157 300 0.16415030728709393 150291538
1514457 300 0.1660846356453029 150554005
1514757 300 0.17502616330114135 150422772
1515057 300 0.16990588235294116 150422772
1515357 300 0.16775346795434593 150439176
1515657 300 0.17503564530289728 157903097
1515957 300 0.1599402985074627 166039591
1516257 300 0.15444073748902545 162496279
1516557 300 0.16527866549604917 162496279
1516857 300 0.15982651448639157 161840110
1517157 300 0.15815768217734855 159609136
1517457 300 0.15769306409130815 159477902
1517757 300 0.16232028094820017 159871603
1518057 300 0.17036101843722565 187053400
1518357 300 0.16724143985952591 198208270
1518657 300 0.16458647936786655 185593424
1518957 300 0.15233573309920984 185347360
1519257 300 0.15274345917471466 194517321
1519557 300 0.15464934152765583 183247620
1519857 300 0.16835083406496926 182197750
1520157 300 0.16397014925373135 181525177
1520457 300 0.15813871817383668 179162968
1520757 300 0.21173099209833188 187955632
1521057 300 0.2138739244951712 182837514
1521357 300 0.15494328358208956 182575047
1521657 300 0.1563561018437226 182312580
1521957 300 0.15166251097453906 181541581
1522257 300 0.15769306409130815 178506800
1522557 300 0.15232625109745393 176407059
1522857 300 0.1612488147497805 176931994
1523157 300 0.17856294995610184 192023879
1523457 300 0.16050921861281828 187709568
1523757 300 0.15628024582967515 187578334
1524057 300 0.1495006145741879 197141996
1524357 300 0.15509499561018436 182460217
1524657 300 0.15374855136084284 180754178
1524957 300 0.15689657594381037 176685931
1525257 300 0.15808182616330116 176144592
1525557 300 0.17387884108867427 188480567
1525857 300 0.16787673397717298 178375566
1526157 300 0.15645092186128182 178769268
1526457 300 0.15392870939420547 178638034
1526757 300 0.16573380158033363 178375566
1527057 300 0.15622335381913957 177063228
1527357 300 0.15763617208077263 176013358
1527657 300 0.15769306409130815 176013358
1527957 300 0.16775346795434593 176931994
1528257 300 0.16644495171202808 195173490
1528557 300 0.15736119402985077 190580307
1528857 300 0.1504393327480246 181262709
1529157 300 0.15292361720807726 181131475
1529457 300 0.15821457418788412 181131475
1529757 300 0.15509499561018436 180098010
1530057 300 0.15683968393327483 178113099
1530357 300 0.156043195785777 176931994
1530657 300 0.1519564530289728 177325696
1530957 300 0.16430201931518876 193729918
1531257 300 0.15349253731343285 195435957
1531557 300 0.1462198419666374 188628205
1531857 300 0.15108410886742757 188103270
1532157 300 0.1473387181738367 184428724
1532457 300 0.13810324846356453 180229243
1532757 300 0.14742405618964002 179179373
1533057 300 0.1442001755926251 176931994
1533357 300 0.16057559262510976 198191866
1533657 300 0.15588200175592626 205147257
1533957 300 0.15176681299385428 189267970
1534257 300 0.14640948200175594 201997646
1534557 300 0.15123582089552237 185724658
1534857 300 0.14215206321334506 181656411
1535157 300 0.1433942054433714 181147879
1535457 300 0.1384161545215101 180754178
1535757 300 0.1433942054433714 178244332
1536057 300 0.1555027216856892 191236476
1536357 300 0.15103669885864793 183756151
1536657 300 0.14569833187006145 183903789
1536957 300 0.147300790166813 183903789
1537257 300 0.14774644424934152 181787644
1537557 300 0.14715856014047413 179031735
1537857 300 0.14005654082528535 178638034
1538157 300 0.1443329236172081 178638034
1538457 300 0.1451009657594381 179556670
1538757 300 0.15610008779631254 197404464
1539057 300 0.15372010535557504 202538985
1539357 300 0.15085654082528535 191121646
1539657 300 0.15259174714661983 191252880
1539957 300 0.14299596136962248 186922166
1540257 300 0.14591641791044777 181918878
1540557 300 0.15154872695346797 182066516
1540857 300 0.15153924495171203 183247620
1541157 300 0.15505706760316068 189924138
1541457 300 0.14749991220368744 185199723
1541757 300 0.14749043020193153 182312580
1542057 300 0.15048674275680424 181393943
1542357 300 0.14324249341527656 179048139
1542657 300 0.1398289727831431 178506800
1542957 300 0.1377618964003512 178523204
1543257 300 0.13616892010535558 178391970
1543557 300 0.1505531167690957 185068489
1543857 300 0.13944969271290605 184806021
1544157 300 0.13578964003511854 178638034
1544457 300 0.13779034240561897 178769268
1544757 300 0.1390230026338894 178638034
1545057 300 0.13562844600526777 178900501
1545357 300 0.1359223880597015 178769268
1545657 300 0.13744899034240562 182837514
1545957 300 0.14841966637401227 204097386
1546257 300 0.1405496049165935 197666931
1546557 300 0.13633959613696225 192811282
1546857 300 0.14035996488147498 192680048
1547157 300 0.13842563652326603 191252880
1547457 300 0.1454612818261633 189005502
1547757 300 0.14512941176470587 187036995
1548057 300 0.15427954345917472 186512060
1548357 300 0.16018683055311675 200685308
1548657 300 0.153985601404741 191236476
1548957 300 0.14714907813871816 184806021
1549257 300 0.13842563652326603 184674787
1549557 300 0.1425028972783143 184297490
1549857 300 0.1433657594381036 182968748
1550157 300 0.14186760316066724 181131475
1550457 300 0.14425706760316068 181393943
1550757 300 0.15616646180860405 190465478
1551057 300 0.1447690956979807 182837514
1551357 300 0.14379244951712028 181262709
1551657 300 0.1424649692712906 181131475
1551957 300 0.14113748902546092 181410347
1552257 300 0.14356488147497803 181279113
1552557 300 0.14490184372256365 181393943
1552857 300 0.1445225636523266 181262709
1553157 300 0.15667848990342406 196485827
1553457 300 0.1556165057067603 187693164
1553757 300 0.1443329236172081 181525177
1554057 300 0.14469323968393327 181393943
1554357 300 0.14178226514486392 181262709
