574721 300 0.4424375768217735 170960857
575021 300 0.44072133450395085 178703650
575321 300 0.44368920105355575 170681986
575621 300 0.44654328358208956 170681986
575921 300 0.4454149253731343 170813220
576221 300 0.4372888498683055 170681986
576521 300 0.4438503950834065 170829624
576821 300 0.44347111501316944 171075687
577121 300 0.4479276558384548 171354559
577421 300 0.440446356453029 187233846
577721 300 0.4411764705882352 171617026
578021 300 0.44419174714661985 171485793
578321 300 0.44123336259877083 171502197
578621 300 0.44545285338015805 171502197
578921 300 0.44582265144863914 171485793
579221 300 0.43579069359086914 171469389
579521 300 0.44946374012291485 171469389
579821 300 0.439289552238806 171469389
580121 300 0.44098683055311677 207427443
580421 300 0.44354697102721685 197863782
580721 300 0.4427978928884987 172010728
581021 300 0.4358570676031606 172010728
581321 300 0.4425039508340649 172010728
581621 300 0.4418402107111501 172010728
581921 300 0.43401755926251095 172027132
582221 300 0.44582265144863914 172027132
582521 300 0.4491413520632133 172141962
582821 300 0.44724495171202805 173323066
583121 300 0.43862581211589113 192220729
583421 300 0.4405601404741 181574389
583721 300 0.4433383669885865 181443156
584021 300 0.444950307287094 181459560
584321 300 0.4463726075504829 181590793
584621 300 0.4453201053555751 181590793
584921 300 0.4459364354697103 181590793
585221 300 0.4478138718173837 181459560
585521 300 0.44705531167690954 181869666
585821 300 0.43707076382791926 197076379
586121 300 0.4444951712028094 182263366
586421 300 0.44368920105355575 182263366
586721 300 0.4418212467076383 182263366
587021 300 0.44170746268656713 182263366
587321 300 0.44461843722563654 182246962
587621 300 0.4399153643546971 182246962
587921 300 0.45121791044776116 182263366
588221 300 0.45148340649692714 183428067
588521 300 0.4393369622475856 188414950
588821 300 0.44349007901668125 182132133
589121 300 0.4399627743634767 182000899
589421 300 0.4477380158033363 182000899
589721 300 0.4457278314310799 182000899
590021 300 0.43839824407374894 182000899
590321 300 0.4419350307287094 182000899
590621 300 0.45180579455662856 183165599
590921 300 0.44692256365232663 198782418
591221 300 0.444561545215101 182509430
591521 300 0.4456993854258121 182509430
591821 300 0.4451209833187006 182509430
592121 300 0.43708024582967514 182509430
592421 300 0.4437935030728709 182509430
592721 300 0.44277892888498677 182525834
593021 300 0.4452726953467955 182525834
593321 300 0.4440969271290606 183296833
593621 300 0.44501668129938543 196157743
593921 300 0.44023775241439855 182246962
594221 300 0.4518437225636523 182246962
594521 300 0.43918525021949073 182378196
594821 300 0.4482405618964003 182115729
595121 300 0.44931202809482 181984495
595421 300 0.4417548726953468 182132133
595721 300 0.44611659350307287 182148537
596021 300 0.4463915715539947 182148537
596321 300 0.4388533801580334 205360512
596621 300 0.4428927129060579 210084927
596921 300 0.44076874451273046 182919535
597221 300 0.4508670763827919 183050769
597521 300 0.4453864793678665 182788302
597821 300 0.4519385425812116 182903131
598121 300 0.44606918349429325 181197092
598421 300 0.4430444249341528 179901159
598721 300 0.45001369622475856 176882782
599021 300 0.4504783143107989 176505484
599321 300 0.4436228270412643 191974666
599621 300 0.44240913081650574 175718082
599921 300 0.44782335381913957 175964145
600221 300 0.4548021071115013 176111784
600521 300 0.45060158033362596 176653123
600821 300 0.46041545215100965 176767952
601121 300 0.45089552238805963 176751548
601421 300 0.4545081650570676 176751548
601721 300 0.457419139596137 178457587
602021 300 0.4549158911325724 184494341
602321 300 0.45502967515364356 178851288
602621 300 0.45724846356453025 178851288
602921 300 0.45221352063213344 178736459
603221 300 0.4554942932396839 178769268
603521 300 0.4534366988586479 178752863
603821 300 0.45519086918349433 178769268
604121 300 0.45453661106233534 180081605
604421 300 0.4575708516242317 186758124
604721 300 0.4519290605794556 179031735
605021 300 0.45301000877963127 179015331
605321 300 0.4610223002633889 178884097
605621 300 0.45458402107111495 178867693
605921 300 0.45357892888498685 178884097
606221 300 0.4526686567164179 178884097
606521 300 0.4569829675153644 177309292
606821 300 0.459334503950834 177194462
607121 300 0.4577604916593503 186249592
607421 300 0.4568122914837576 179031735
607721 300 0.4547546971027217 179031735
608021 300 0.45503915715539944 179031735
608321 300 0.4586897278314311 178900501
608621 300 0.4522988586479368 177981865
608921 300 0.4540435469710272 177588163
609221 300 0.45776997366110617 177588163
609521 300 0.4573148375768218 177620972
609821 300 0.4555985952589991 177604567
610121 300 0.4555985952589991 177604567
610421 300 0.45306690079016676 177620972
610721 300 0.45969482001755924 177079632
611021 300 0.45511501316944686 176817165
611321 300 0.45400561896400354 176833569
611621 300 0.45495381913959615 176833569
611921 300 0.4556839332748024 176833569
612221 300 0.4475578577699737 176931994
612521 300 0.454849517120281 176931994
612821 300 0.45287726075504825 176964803
613121 300 0.4533703248463564 176948398
613421 300 0.45348410886742757 176948398
613721 300 0.4561485513608428 176948398
614021 300 0.4570493415276558 176948398
614321 300 0.45452712906057946 176931994
614621 300 0.4535030728709394 176948398
614921 300 0.4573243195785777 176948398
615221 300 0.4677734855136084 213037687
615521 300 0.4470837576821774 222486519
615821 300 0.4469510096575943 189415608
616121 300 0.4510661984196664 187955632
616421 300 0.44934047410008776 187972036
616721 300 0.45641404741000874 187955632
617021 300 0.45471676909569797 187972036
617321 300 0.4511325724319578 188103270
617621 300 0.45647093942054434 187988440
617921 300 0.4457373134328358 187972036
618221 300 0.46014995610184367 190727946
618521 300 0.45760877963125546 203178750
618821 300 0.4584147497805092 188496971
619121 300 0.45111360842844606 187709568
619421 300 0.4627006145741879 187840802
619721 300 0.461401580333626 187693164
620021 300 0.45156874451273044 187693164
620321 300 0.44654328358208956 187693164
620621 300 0.4591164179104477 186249592
620921 300 0.4476242317822651 184691191
621221 300 0.46000772607550483 189940543
621521 300 0.4520618086040386 187447101
621821 300 0.4583578577699737 185216127
622121 300 0.45851905179982433 185478594
622421 300 0.4488 185478594
622721 300 0.45906900790166816 185478594
623021 300 0.45710623353819135 185609828
623321 300 0.4534082528533801 185478594
623621 300 0.4538349429323968 185101297
623921 300 0.4608231782265145 199389375
624221 300 0.45558911325724316 190842775
624521 300 0.45892677787532926 184822425
624821 300 0.45611062335381913 184838830
625121 300 0.4566890254609306 184838830
625421 267 0.4518247585601405 184970064
625688 1 0.4518247585601405 184970064
625689 32 0.46435996488147496 195862467
625721 300 0.4157931518876207 249668316
626021 300 0.20674345917471468 335101505
626321 300 0.19488147497805092 280377019
626621 300 0.1969011413520632 280377019
626921 300 0.19780193151887623 280377019
627221 300 0.198219139596137 280245786
627521 300 0.1992052677787533 277883578
627821 300 0.2030549604916594 276702474
628121 300 0.1985320456540825 277096175
628421 300 0.2054633889376646 318172347
628721 300 0.19615206321334505 278277279
629021 300 0.20461000877963126 277473472
629321 300 0.20830798946444248 277604706
629621 300 0.2030549604916594 276948537
629921 300 0.20612712906057945 276571240
630221 300 0.20619350307287096 276440006
630521 300 0.20479964881474977 276308772
630821 300 0.20427813871817382 276308772
631121 300 0.20660122914837578 278539747
631421 300 0.2147747146619842 290071915
631721 300 0.20830798946444248 282476760
632021 300 0.21061211589113255 276702474
632321 300 0.20326356453028974 276440006
632621 300 0.20612712906057945 276702474
632921 300 0.19464442493415277 277621110
633221 300 0.18599683933274805 277227409
633521 300 0.19302300263388938 277096175
633821 300 0.20012502194907814 276964941
634121 300 0.20374714661984197 292466931
634421 300 0.20134820017559263 282214293
634721 300 0.20111115013169448 276440006
635021 300 0.19817172958735735 276440006
635321 300 0.20148094820017556 276440006
635621 300 0.19578226514486388 276440006
635921 300 0.19767866549604915 276440006
636221 300 0.20171799824407374 276440006
636521 300 0.20637366110623356 276981346
636821 300 0.21064056189640037 298356047
637121 300 0.20972080772607551 292056826
637421 300 0.20322563652326603 285888838
637721 300 0.20146198419666375 285757605
638021 300 0.2072649692712906 286003668
638321 300 0.2016611062335382 283018099
638621 300 0.20430658472344163 275504965
638921 300 0.20157576821773485 273831735
639221 300 0.20101633011413525 274192628
639521 300 0.20586163301141353 273667693
639821 300 0.19648393327480246 271305484
640121 300 0.20303599648814752 271453123
640421 300 0.1990251097453907 271453123
640721 300 0.20035258999122038 271453123
641021 300 0.19722352941176471 271305484
641321 300 0.20863037752414398 300685447
641621 300 0.2058900790166813 318926941
641921 300 0.20361439859525898 304376397
642221 300 0.2060417910447761 284297629
642521 300 0.20403160667251974 284412458
642821 300 0.2034342405618964 284281224
643121 300 0.20448674275680423 283772694
643421 300 0.20899069359086916 280623083
643721 300 0.20645899912203686 276686070
644021 300 0.20365232660228272 274586329
644321 300 0.22394381035996486 280754317
644621 300 0.22741422300263392 275111264
644921 300 0.2186907813871817 272224121
645221 300 0.21805548726953464 272224121
645521 300 0.21801755926251098 272486589
645821 300 0.2170029850746269 272224121
646121 300 0.21436698858647935 272092887
646421 300 0.21728744512730463 273273991
646721 300 0.22931062335381913 293254334
647021 300 0.22125092186128184 289235299
647321 300 0.21288779631255486 285085032
647621 300 0.21105776997366107 284838968
647921 300 0.21392133450395082 279327150
648221 300 0.2097113257243196 277998408
648521 300 0.2055771729587357 277604706
648821 300 0.2203027216856892 275636199
649121 300 0.22237928007023708 275997092
649421 300 0.2258402107111501 294533863
649721 300 0.21525829675153646 293730057
650021 300 0.21553327480245832 284166395
650321 300 0.21070693590869183 281656549
650621 300 0.21144653204565406 279294341
650921 300 0.2021352063213345 279048277
651221 300 0.20898121158911326 278096833
651521 300 0.21254644424934152 274947222
651821 300 0.2079476733977173 272322546
652121 300 0.21599789288849872 308411835
652421 300 0.2119490781387182 322601487
652721 300 0.2161780509218613 318926941
653021 300 0.20454363476733975 287168368
653321 300 0.19796312554872694 287168368
653621 300 0.20493239683933276 286512199
653921 300 0.201300790166813 283247758
654221 300 0.1976122914837577 280623083
654521 300 0.1979441615452151 276686070
654821 300 0.19106971027216857 274455096
655121 300 0.19561158911325724 281394081
655421 300 0.2146988586479368 292434123
655721 300 0.2147841966637401 275242498
656021 300 0.19738472344161548 275340924
656321 300 0.19979315188762073 275997092
656621 300 0.20132923617208076 275603391
656921 300 0.20063705004389815 275472157
657221 300 0.19862686567164178 275078456
657521 300 0.19709078138718175 275209690
657821 300 0.2035195785776997 280721508
658121 300 0.20890535557506587 286627028
658421 300 0.20739771729587358 281115210
658721 300 0.20402212467076383 275734624
659021 300 0.1998215978928885 275701816
659321 300 0.20247655838454784 275193285
659621 300 0.19948972783143107 275193285
659921 300 0.196540825285338 275324519
660221 300 0.18385390693590872 275324519
660521 300 0.18452712906057947 275324519
660821 300 0.19600983318700618 284379650
661121 300 0.1910886742756804 278211662
661421 300 0.18225144863915713 275455753
661721 300 0.1772165057067603 292516144
662021 300 0.17807936786654963 280819933
662321 300 0.17992835820895525 280836338
662621 300 0.1781836698858648 281230039
662921 300 0.18025074626865673 281098806
663221 300 0.18956207199297628 293172313
663521 300 0.1799473222124671 284117182
663821 300 0.176742405618964 283985949
664121 300 0.17341422300263387 284133586
664421 300 0.18379701492537312 282575185
664721 300 0.1677155399473222 281377677
665021 300 0.18119894644424936 281246443
665321 300 0.18293415276558384 276522027
665621 300 0.17921720807726077 274947222
665921 300 0.18551325724319578 280721508
666221 300 0.19104126426690077 298700536
666521 300 0.17624934152765584 287151963
666821 300 0.17347111501316947 286741858
667121 300 0.17918876207199297 286331752
667421 300 0.17419174714661984 283985949
667721 300 0.1795206321334504 281656549
668021 300 0.1757942054433714 280705104
668321 300 0.1706170324846356 278621768
668621 300 0.2677885864793679 277046962
668921 300 0.1775957857769974 281115210
669221 300 0.17932151009657596 315892161
669521 300 0.17569938542581212 317729433
669821 300 0.1798525021949078 289120470
670121 300 0.17422967515364357 288858003
670421 300 0.17390728709394207 288858003
670721 300 0.17646742756804215 287939366
671021 300 0.1812653204565408 284658522
671321 300 0.1704558384547849 283477417
671621 300 0.1656579455662862 283608651
671921 300 0.17583213345039508 280737912
672221 300 0.18980860403863037 287545665
672521 300 0.18134117647058823 288726769
672821 300 0.18232730465320454 277178196
673121 300 0.17307287093942056 276915729
673421 300 0.16254784899034241 276390793
673721 300 0.1753769973661106 276259560
674021 300 0.175329587357331 276128326
674321 300 0.17510201931518876 276522027
674621 300 0.17039894644424938 276636857
674921 300 0.1730823529411765 281623740
675221 300 0.17356593503072873 282821248
675521 300 0.17181176470588236 277046962
675821 300 0.17126180860403864 277178196
676121 300 0.17332888498683055 277309430
676421 300 0.16645443371378402 277178196
676721 240 0.17439086918349428 277178196
676961 60 0.13008147497805092 277178196
677021 125 0.12966426690079016 275472157
677146 3 0.14337524143985952 176259421
677149 2 0.12551115013169448 176259421
677151 9 0.12551115013169448 176259421
677160 161 0.1412323090430202 210314587
677321 300 0.1584326602282704 266285793
677621 300 0.18203336259877081 281640145
677921 300 0.17512098331870063 281787783
678221 300 0.1731676909569798 271912441
678521 300 0.17309183494293237 271928845
678821 189 0.18385390693590872 287020729
679010 111 0.12800491659350308 277571898
679121 72 0.13111501316944688 276800899
679193 4 0.12713257243195786 183510088
679197 2 0.12713257243195786 180344073
679199 11 0.12713257243195786 180344073
679210 211 0.13940228270412644 225947811
679421 300 0.15325548726953467 269320574
679721 23 0.1818721685689201 270107976
679744 186 0.1258050921861282 268008236
679930 4 0.12453450395083406 167876864
679934 9 0.12187006145741879 167876864
679943 1 0.12187006145741879 167876864
679944 77 0.13322949956101843 191827028
680021 140 0.15114100087796312 247781830
680161 160 0.1059118525021949 247650596
680321 24 0.12616540825285338 263136182
680345 5 0.11709113257243196 166023187
680350 1 0.11709113257243196 166023187
680351 10 0.11709113257243196 166023187
680361 260 0.1371171202809482 225209620
680621 300 0.17086356453028972 255672261
680921 300 0.16617945566286219 255672261
681221 300 0.16366672519754172 256065962
681521 300 0.15999719051799824 256197196
681821 300 0.16475715539947325 255934728
682121 300 0.1699912203687445 256197196
682421 300 0.16939385425812117 256722131
682721 300 0.16556312554872699 256459663
683021 300 0.16794310798946444 256722131
683321 300 0.15967480245829677 256853365
683621 300 0.15732326602282704 256722131
683921 300 0.16025320456540826 257509534
684221 300 0.16129622475856015 258296937
684521 300 0.15598630377524147 258034469
684821 300 0.15740860403863038 258165703
685121 300 0.1519943810359965 258034469
685421 300 0.15535100965759438 257509534
685721 300 0.1556165057067603 271026613
686021 300 0.1639132572431958 300685447
686321 300 0.15829043020193148 286512199
686621 300 0.15409938542581214 260134209
686921 300 0.15665004389815632 259740508
687221 300 0.15878349429323968 259215573
687521 300 0.1607273046532046 259478040
687821 300 0.15866971027216858 259445232
688121 300 0.15693450395083405 258789063
688421 300 0.15701035996488147 258953106
688721 300 0.1604902546093064 258953106
689021 300 0.16889130816505707 272207717
689321 300 0.1609548726953468 273520054
689621 300 0.16159964881474978 260527911
689921 300 0.1587266022827041 259592870
690221 300 0.1581102721685689 259478040
690521 300 0.1565836698858648 271453123
690821 300 0.09906584723441615 154048105
691121 112 0.11278630377524143 154441806
691233 6 0.11282423178226515 154441806
691239 1 0.1128052677787533 154458210
691240 4 0.11278630377524143 154458210
691244 1 0.11278630377524143 154458210
691245 175 0.11434135206321334 162217407
691420 1 0.11434135206321334 162217407
691421 300 0.12242001755926252 217073126
691721 300 0.15035399473222125 262758885
692021 300 0.16415978928884986 268795639
692321 300 0.16245302897278316 266170963
692621 300 0.15577769973661107 261052846
692921 300 0.15428902546093065 259363211
693221 300 0.15563546971027215 259740508
693521 300 0.14740509218612818 259478040
693821 300 0.15366321334503952 259740508
694121 300 0.14991782265144865 259724104
694421 300 0.15368217734855139 259609274
694721 300 0.1621875329236172 273175566
695021 300 0.1635624231782265 276620452
695321 300 0.15774995610184372 273602076
695621 300 0.16241510096575942 272552206
695921 300 0.1596653204565408 263989201
696221 300 0.16598033362598774 260724762
696521 300 0.1566974539069359 260855995
696821 300 0.16182721685689203 260741166
697121 300 0.15526567164179103 260609932
697421 300 0.15939034240561895 260872399
697721 300 0.1599877085162423 261003633
698021 300 0.15305636523266022 260593528
698321 300 0.14858086040386304 261134867
698621 300 0.1495006145741879 261134867
698921 300 0.15411834942932398 260741166
699221 300 0.15576821773485516 260724762
699521 300 0.1574465320456541 260872399
699821 300 0.15523722563652326 260855995
700121 300 0.15531308165057067 261118463
700421 300 0.1517478489903424 261380930
700721 300 0.1521460930640913 260987229
701021 300 0.15515188762071994 261266101
701321 300 0.15547427568042144 261134867
701621 300 0.151283230904302 260872399
701921 300 0.15916277436347673 261151271
702221 300 0.15676382791922738 261151271
702521 300 0.1505531167690957 261020037
702821 300 0.14663705004389818 260872399
703121 300 0.15668797190517997 261003633
703421 300 0.15549323968393328 260872399
703721 300 0.15363476733977174 317696625
704021 300 0.15535100965759438 271125038
704321 300 0.15370114135206325 270862570
704621 300 0.15573028972783143 270862570
704921 300 0.15881194029850745 287135559
705221 300 0.14655171202809483 301964976
705521 300 0.15339771729587356 261692610
705821 300 0.15412783143107991 261823844
706121 300 0.1550286215978929 261692610
706421 300 0.1549527655838455 261413739
706721 300 0.14737664618086038 261282505
707021 300 0.15884038630377526 261266101
707321 300 0.15978858647936786 261397335
707621 300 0.15761720807726076 261528568
707921 300 0.15612853380158034 261266101
708221 300 0.15157717295873574 262053504
708521 300 0.1548105355575066 263234607
708821 300 0.15881194029850745 262709672
709121 300 0.16430201931518876 270354040
709421 300 0.16642598770851627 309740577
709721 300 0.1644252853380158 315498459
710021 300 0.1658760316066725 278359300
710321 300 0.16906198419666374 273880948
710621 300 0.16227287093942053 270452465
710921 300 0.16454855136084282 268090257
711221 300 0.16782932396839334 266367814
711521 300 0.16300298507462688 263907180
711821 300 0.1609548726953468 264563349
712121 300 0.15771202809482002 264973455
712421 300 0.16373309920983317 264579754
712721 300 0.17260825285338016 274914414
713021 300 0.173528007023705 313365910
713321 300 0.17687515364354695 310741235
713621 300 0.166331167690957 302342273
713921 300 0.1700007023705004 276226752
714221 300 0.15829043020193148 273618480
714521 300 0.17022827041264266 281886208
714821 300 0.16155223880597014 273749714
715121 300 0.1657148375768218 267975427
715421 300 0.16888182616330116 267712960
715721 300 0.17546233538191397 266269389
716021 300 0.1845650570676032 275062051
716321 300 0.17502616330114135 272043675
716621 300 0.1715462686567164 271896037
716921 300 0.17830693590869187 268746426
717221 300 0.16768709394205442 267155217
717521 300 0.17048428446005268 264415711
717821 300 0.16868270412642672 264432115
718121 300 0.17885689201053556 264432115
718421 300 0.1868597014925373 271387506
718721 300 0.18882247585601405 281607336
719021 300 0.18065847234416152 265728049
719321 300 0.16931799824407376 265350752
719621 300 0.1746089552238806 265186710
719921 300 0.17055065847234419 265088284
720221 300 0.17828797190518 264432115
720521 300 0.17194451273046532 264432115
720821 300 0.17889482001755927 264415711
721121 300 0.18830096575943808 283198546
721421 300 0.18086707638279192 291449869
721721 300 0.17814574187884108 280032531
722021 300 0.16955504828797188 279786468
722321 300 0.17867673397717296 275439349
722621 300 0.17366075504828798 272306142
722921 300 0.17472273924495174 272174908
723221 300 0.18106619841966637 266925558
723521 300 0.18361685689201054 264825817
723821 300 0.1844323090430202 285954455
724121 300 0.18369271290605796 283723481
724421 300 0.1800611062335382 278867831
724721 300 0.17810781387181737 278851427
725021 300 0.1791318700614574 278851427
725321 300 0.17995680421422303 275176881
725621 300 0.18041194029850743 270600103
725921 300 0.18391079894644427 268369129
726221 300 0.18084811237928006 268369129
726521 300 0.17795610184372254 268631596
726821 300 0.1929566286215979 301702509
727121 300 0.19097489025460934 302621145
727421 300 0.18316172080772605 265629624
727721 300 0.18378753292361721 266023325
728021 300 0.1863097453906936 266417026
728321 300 0.18553222124670765 266285793
728621 300 0.18514345917471467 266285793
728921 300 0.18238419666374014 266285793
729221 300 0.17971027216856894 266154559
729521 300 0.18084811237928006 266417026
729821 300 0.19009306409130816 266285793
730121 300 0.19316523266022828 277571898
730421 300 0.18894574187884108 276259560
730721 300 0.19114556628621598 273651288
731021 300 0.18773204565408252 270632911
731321 300 0.18974223002633891 269829105
731621 300 0.18447023705004392 269566637
731921 300 0.19069043020193152 267335663
732221 300 0.19406602282704127 267975427
732521 300 0.1985320456540825 275980688
732821 300 0.201300790166813 288579130
733121 300 0.19373415276558384 277686727
733421 300 0.18694503950834065 270583699
733721 300 0.17899912203687446 269041702
734021 300 0.18785531167690958 266531856
734321 300 0.19804846356453032 266417026
734621 300 0.20341527655838454 266285793
734921 300 0.21364635645302898 268894064
735221 300 0.21311536435469708 278605363
735521 300 0.2087441615452151 274553521
735821 300 0.19985004389815628 273634884
736121 300 0.20123441615452148 269960338
736421 300 0.19951817383669887 268123066
736721 300 0.2031497805092186 266285793
737021 300 0.20192660228270415 265892091
737321 300 0.20705636523266022 265629624
737621 300 0.20392730465320455 277555494
737921 300 0.20026725197541703 276522027
738221 300 0.19886391571553996 274028586
738521 300 0.19424618086040388 273766118
738821 300 0.1907093942054434 270485274
739121 300 0.19395223880597015 266810728
739421 300 0.19597190517998245 266941962
739721 300 0.19851308165057072 266925558
740021 300 0.19020684811237928 270993804
740321 300 0.20012502194907814 307361965
740621 300 0.21725899912203686 311282574
740921 300 0.19904407374890254 293861290
741221 300 0.19287129060579458 280606678
741521 300 0.1918567164179104 279671638
741821 300 0.1960667251975417 279540404
742121 300 0.205804741000878 276915729
742421 300 0.2067244951712028 274028586
742721 300 0.19054820017559262 269566637
743021 300 0.19849411764705885 269697871
743321 300 0.20302651448639158 271666378
743621 300 0.20017243195785775 290055511
743921 300 0.20036207199297631 288480705
744221 300 0.20016294995610187 283231354
744521 300 0.19340228270412643 283231354
744821 300 0.1943694468832309 282952482
745121 300 0.18918279192273924 279671638
745421 300 0.19587708516242316 272978715
745721 300 0.19167655838454783 272453780
746021 300 0.19500474100087797 272437376
746321 300 0.19630377524143985 277555494
746621 300 0.20024828797190516 283461013
746921 300 0.19748902546093064 279917701
747221 300 0.19403757682177347 279901297
747521 300 0.1950900790166813 279770064
747821 300 0.19666409130816503 274258245
748121 300 0.1993569798068481 270583699
748421 300 0.1937910447761194 270846166
748721 300 0.19663564530289726 270485274
749021 300 0.1939996488147498 270878975
749321 300 0.2012154521510097 291088977
749621 300 0.21223353819139593 288726769
749921 300 0.20407901668129938 283887523
750221 300 0.19828551360842842 283608651
750521 300 0.19511852502194907 289661809
750821 300 0.19733731343283584 278244471
751121 300 0.1943694468832309 274307457
751421 300 0.1864993854258121 272355355
751721 300 0.19522282704126426 270124381
752021 300 0.19143002633889375 270107976
752321 300 0.20085513608428446 278113237
752621 300 0.19517541703248462 277325834
752921 300 0.18823459174714663 277063366
753221 300 0.18668902546093064 277063366
753521 300 0.17984302019315188 274176223
753821 300 0.19203687445127307 273930160
754121 300 0.18951466198419667 273913756
754421 300 0.1957633011413521 271551548
754721 300 0.18950517998244076 271289080
755021 300 0.1905671641791045 277850769
755321 300 0.19954661984196667 311315383
755621 300 0.20172748024582968 311709084
755921 300 0.19972677787532925 284428863
756221 300 0.2065822651448639 284560096
756521 300 0.19091799824407374 284428863
756821 300 0.19088007023705006 289809447
757121 300 0.19536505706760313 280623083
757421 300 0.18960000000000002 280098148
757721 300 0.20396523266022829 277079771
758021 300 0.1971476733977173 274061394
758321 300 0.19228340649692713 274323862
758621 300 0.19395223880597015 279179511
758921 300 0.209787181738367 273798927
759221 300 0.20959754170324846 273667693
759521 300 0.2088105355575066 273536459
759821 300 0.20141457418788414 273536459
760121 300 0.19805794556628623 274061394
760421 300 0.19695803336259876 273930160
760721 300 0.20040948200175593 273782522
761021 300 0.19048182616330114 274438691
761321 300 0.18706830553116766 282591589
761621 300 0.1766760316066725 287184772
761921 300 0.16948867427568043 281804187
762221 300 0.18236523266022828 281804187
762521 300 0.193459174714662 279966914
762821 300 0.196929587357331 276817303
763121 300 0.19712870939420543 274996435
763421 300 0.19121194029850744 272371759
763721 300 0.18740017559262512 272486589
764021 300 0.2069330992098332 287184772
764321 300 0.1986932396839333 293352759
764621 300 0.19528920105355574 284691330
764921 300 0.18838630377524143 284560096
765221 300 0.19366777875329236 283510226
765521 300 0.1924161545215101 277998408
765821 300 0.18247901668129943 277473472
766121 300 0.18402458296751537 273273991
766421 300 0.19501422300263388 270911784
766721 300 0.19953713784021068 274717563
767021 300 0.20186971027216857 287955770
767321 300 0.197830377524144 284658522
767621 300 0.19878805970149255 284527288
767921 300 0.1865278314310799 284002353
768221 300 0.19290921861281826 279146703
768521 300 0.18294363476733974 275997092
768821 300 0.17911290605794558 273503650
769121 300 0.18426163301141352 273536459
769421 300 0.19037752414398593 281016784
769721 300 0.1984087796312555 312135594
770021 300 0.19996382791922737 318943346
770321 300 0.18723898156277438 285216265
770621 300 0.1915438103599649 284953798
770921 300 0.19367726075504832 295731372
771221 300 0.18476417910447765 278506938
771521 300 0.18300052677787534 273520054
771821 300 0.1756045654082529 272355355
772121 300 0.18213766461808603 272355355
772421 300 0.1980958735733099 286118497
772721 300 0.18860438981562774 278523342
773021 300 0.170958384547849 278785810
773321 300 0.17763371378402107 278523342
773621 300 0.17306338893766463 276686070
773921 300 0.17503564530289728 273421629
774221 300 0.17742510974539072 273027928
774521 300 0.17669499561018437 273159162
774821 300 0.1769889376646181 273027928
775121 300 0.18020333625987708 272880290
775421 300 0.18921123792800704 292040422
775721 300 0.1781267778753292 290465616
776021 300 0.1756899034240562 284822564
776321 300 0.17429604916593502 284035161
776621 300 0.17400210711150133 290071915
776921 300 0.17439086918349428 283116525
777221 300 0.17539596136962246 280098148
777521 300 0.17079719051799827 275783838
777821 300 0.175841615452151 275652604
778121 300 0.17973871817383671 275636199
778421 300 0.18077225636523267 286266135
778721 300 0.18490640913081652 279835680
779021 300 0.1713945566286216 279458383
779321 300 0.1698110623353819 284822564
779621 300 0.16982054433713784 276817303
779921 300 0.16911887620719931 275767433
780221 300 0.16389429323968396 273405225
780521 300 0.17392625109745388 273536459
780821 300 0.17035153643546974 280491849
781121 300 0.17301597892888498 274077798
781421 300 0.16992484635645302 274077798
781721 300 0.17181176470588236 274471500
782021 300 0.17382194907813872 274323862
782321 300 0.17465636523266023 274323862
782621 300 0.17121439859525903 274323862
782921 300 0.1754338893766462 274192628
783221 300 0.1801369622475856 303982695
783521 300 0.18344618086040387 319074580
783821 300 0.175329587357331 302539124
784121 300 0.17159367866549605 287578473
784421 300 0.17087304653204566 288103408
784721 300 0.17411589113257245 288119812
785021 300 0.17123336259877084 286020072
785321 300 0.17202036874451274 284970202
785621 300 0.17418226514486393 284970202
785921 300 0.1778233538191396 282739228
786221 300 0.17418226514486393 281820591
786521 300 0.18337032484635646 286807474
786821 300 0.18264969271290607 295452500
787121 300 0.1751399473222125 288103408
787421 300 0.16780087796312557 284970202
787721 300 0.17293064091308163 284822564
788021 300 0.1763726075504829 281935420
788321 300 0.17258928884986832 276571240
788621 300 0.1751494293239684 275652604
788921 300 0.18144547848990342 276177538
789221 300 0.19336435469710272 287988579
789521 300 0.1812653204565408 290088319
789821 300 0.17536751536435471 287578473
790121 300 0.17555715539947325 287430835
790421 300 0.17228586479367866 286922304
790721 300 0.17033257243195787 284166395
791021 300 0.1704653204565408 279441979
791321 300 0.17737769973661108 277227409
791621 300 0.17679929762949956 283920331
791921 300 0.16760175592625112 276571240
792221 300 0.17146093064091308 274996435
792521 300 0.16798103599648814 274996435
792821 300 0.17110061457418788 274996435
793121 300 0.16456751536435468 274996435
793421 300 0.17231431079894644 274996435
793721 300 0.17669499561018437 274865201
794021 300 0.1832375768217735 286938708
794321 300 0.18421422300263388 289957086
794621 300 0.17940684811237928 287726111
794921 300 0.1764105355575066 287726111
795221 300 0.1792646180860404 283789098
795521 300 0.1696214223002634 280114552
795821 300 0.17094890254609307 277489876
796121 300 0.17577524143985954 276571240
796421 300 0.1784396839332748 276554836
796721 300 0.188955223880597 284953798
797021 300 0.18446075504828796 280770721
797321 300 0.1824410886742757 277096175
797621 300 0.1813222124670764 276833707
797921 300 0.1800326602282704 276833707
798221 300 0.18585460930640912 276702474
798521 300 0.18366426690079019 276702474
798821 300 0.1760502194907814 277489876
799121 300 0.19367726075504832 301636891
799421 300 0.19222651448639158 313841633
799721 300 0.19619947322212464 325258971
800021 300 0.1891638279192274 291531891
800321 300 0.1886233538191396 289169683
800621 300 0.18374012291483757 289038449
800921 300 0.18623388937664617 288907215
801221 300 0.18175838454784898 286676241
801521 300 0.18557014925373136 282870462
801821 300 0.18424266900790168 282476760
802121 300 0.19779244951712027 296125073
802421 300 0.18761826163301143 294550267
802721 300 0.18830096575943808 284707734
803021 300 0.17848709394205445 284707734
803321 300 0.1799757682177349 281951825
803621 300 0.17850605794556632 281033188
803921 300 0.1797766461808604 279195916
804221 300 0.18101878841088673 277358643
804521 300 0.18124635645302897 275783838
804821 300 0.19031115013169447 287463643
805121 300 0.18198595258999123 289432150
805421 300 0.18309534679543463 287332410
805721 300 0.17825004389815627 293237930
806021 300 0.17662862159789286 281951825
806321 300 0.17983353819139597 281033188
806621 300 0.18883195785777 278802214
806921 300 0.19009306409130816 279720850
807221 300 0.19144899034240562 285495137
807521 300 0.19633222124670766 281820591
807821 300 0.18162563652326605 281689357
808121 300 0.18781738366988587 279195916
808421 300 0.18099982440737486 278802214
808721 300 0.1834177348551361 278408513
809021 300 0.18593046532045654 276571240
809321 300 0.18810184372256364 279458383
809621 300 0.19629429323968392 288775981
809921 300 0.19102230026338893 289300917
810221 300 0.19403757682177347 286807474
810521 300 0.19561158911325724 284970202
810821 300 0.187798419666374 281295656
811121 300 0.18936294995610184 278539747
811421 300 0.1815782265144864 276833707
811721 300 0.18176786654960495 277489876
812021 300 0.19033959613696225 316072607
812321 300 0.18998876207199297 316728776
812621 300 0.19138261633011414 305967606
812921 300 0.19223599648814751 287594877
813221 300 0.1878742756804214 287332410
813521 300 0.19350658472344165 287463643
813821 300 0.18920175592625108 286413774
814121 300 0.19500474100087797 283132929
814421 300 0.1924161545215101 283132929
814721 300 0.19833292361720806 283264162
815021 300 0.2058900790166813 301111956
815321 300 0.1961046532045654 293369164
815621 300 0.1783638279192274 285757605
815921 300 0.1696593503072871 285888838
816221 300 0.17768112379280068 283526630
816521 300 0.17367023705004392 277227409
816821 300 0.17059806848112383 277358643
817121 300 0.17344266900790167 276964941
817421 300 0.1710342405618964 276964941
817721 300 0.18224196663740125 283789098
818021 300 0.19149640035118526 300062086
818321 300 0.18099034240561898 290875722
818621 300 0.18018437225636522 289300917
818921 300 0.1807153643546971 289300917
819221 300 0.18292467076382793 286282540
819521 300 0.18272554872695349 281016784
819821 300 0.19031115013169447 278146045
820121 300 0.18426163301141352 277473472
820421 300 0.184716769095698 277998408
820721 300 0.19702440737489027 284970202
821021 300 0.1987406496927129 292450527
821321 300 0.191268832309043 289038449
821621 300 0.19620895522388063 288907215
821921 300 0.19918630377524144 288119812
822221 300 0.19876909569798068 285363903
822521 300 0.19289973661106233 283395396
822821 300 0.19362985074626868 283395396
823121 300 0.1959244951712028 282607994
823421 300 0.20139561018437227 291794358
823721 300 0.19388586479367867 291794358
824021 300 0.19779244951712027 287201176
824321 300 0.20241966637401232 284445267
824621 300 0.19191360842844601 281295656
824921 300 0.19472028094820018 280639487
825221 300 0.1966451273046532 279720850
825521 300 0.19878805970149255 278014812
825821 300 0.20932256365232663 292844229
826121 300 0.20225847234416153 297962346
826421 300 0.19732783143107988 288907215
826721 300 0.197185601404741 288775981
827021 300 0.19738472344161548 287857345
827321 300 0.1919799824407375 283805502
827621 300 0.19490992098331872 280918359
827921 300 0.18883195785777 280787125
828221 300 0.192558384547849 280655892
828521 300 0.19927164179104478 317565391
828821 300 0.2018791922739245 328605433
829121 300 0.19304196663740125 313234677
829421 300 0.1864140474100088 290793700
829721 300 0.19214117647058823 290662467
830021 300 0.19603827919227393 290121127
830321 300 0.18739069359086918 286709049
830621 300 0.1872579455662862 285134244
830921 300 0.18850008779631258 285117840
831221 300 0.18907848990342407 284084374
831521 300 0.20053274802458299 293270738
831821 300 0.2293485513608428 291679528
832121 300 0.3018100087796312 290924934
832421 300 0.21444284460052676 290400000
832721 300 0.1916955223880597 288956428
833021 300 0.19149640035118526 285527946
833321 300 0.19458753292361722 285134244
833621 300 0.20195504828797192 285134244
833921 300 0.20150939420544337 294058141
834221 300 0.19937594381035997 293270738
834521 300 0.194227216856892 288398684
834821 300 0.19102230026338893 288267450
835121 300 0.17771905179982442 286052880
835421 300 0.1807153643546971 282886866
835721 300 0.19204635645302895 282903270
836021 300 0.19522282704126426 281082401
836321 300 0.19771659350307286 280163764
836621 300 0.19836136962247586 285134244
836921 300 0.19165759438103597 296141477
837221 300 0.18691659350307285 291023360
837521 300 0.19542194907813873 290892126
837821 300 0.19401861281826163 287611282
838121 300 0.1917334503950834 285511541
838421 300 0.1939237928007024 283018099
838721 300 0.20101633011413525 280262190
839021 300 0.18913538191395965 279999723
839321 300 0.1899508340649693 284871777
839621 300 0.20665812115891133 294829139
839921 300 0.20599438103599652 294451842
840221 300 0.20091202809482 288562726
840521 300 0.2011870061457419 288546322
840821 300 0.19460649692712903 288529918
841121 300 0.1960667251975417 288415089
841421 300 0.18514345917471467 283821906
841721 300 0.19100333625987706 283280567
842021 300 0.1929566286215979 286955113
842321 300 0.20131027216856892 321600830
842621 300 0.19670201931518877 328293753
842921 300 0.19618999122036876 293516802
843221 300 0.19081369622475855 293385568
843521 300 0.18684073748902544 293254334
843821 300 0.1867459174714662 292335697
844121 300 0.18105671641791046 290629659
844421 300 0.1783733099209833 290629659
844721 300 0.18025074626865673 289579788
845021 300 0.18586409130816506 284199204
845321 300 0.1976502194907814 297978750
845621 300 0.18900263388937663 288415089
845921 300 0.1814739244951712 283182142
846221 300 0.17733028972783144 283050908
846521 300 0.1778233538191396 282919674
846821 300 0.1690050921861282 282919674
847121 300 0.17470377524143987 282788440
847421 300 0.17567093942054432 282919674
847721 300 0.17687515364354695 282657207
848021 300 0.19148691834942932 288415089
848321 300 0.18708726953467952 286069285
848621 300 0.1762114135206321 282132271
848921 300 0.173916769095698 281869804
849221 300 0.17673292361720808 282378334
849521 300 0.18138858647936787 282542377
849821 300 0.17540544337137837 282263505
850121 300 0.1741443371378402 282525973
850421 300 0.17855346795434593 283690672
850721 300 0.18029815627743637 297092922
851021 300 0.1729116769095698 294205779
851321 300 0.17379350307287095 293566014
851621 300 0.17057910447761196 305491884
851921 300 0.17752941176470588 290924934
852221 300 0.17831641791044775 288169025
852521 300 0.1695171202809482 288054196
852821 300 0.1742770851624232 288316663
853121 300 0.17260825285338016 301686104
853421 300 0.17724495171202806 290793700
853721 300 0.17144196663740122 290285170
854021 300 0.16651132572431956 287791728
854321 300 0.1705601404741001 287119155
854621 300 0.16520280948200175 285265478
854921 300 0.17007655838454785 281492506
855221 300 0.17364179104477612 281230039
855521 300 0.1671655838454785 284379650
855821 300 0.18008955223880596 247486554
856121 300 0.17334784899034242 166777781
856421 300 0.16765864793678667 156115036
856721 300 0.16278489903424057 168598650
857021 300 0.16563898156277435 155606506
857321 300 0.1622633889376646 155458867
857621 300 0.16466233538191397 155212804
857921 300 0.17704582967515362 155606506
858221 300 0.1824884986830553 165449039
858521 300 0.17281685689201054 155491676
858821 300 0.16505109745390695 155344038
859121 300 0.16630272168568921 155655718
859421 300 0.15826198419666374 155376847
859721 300 0.15791115013169446 172158366
860021 300 0.1548105355575066 162430662
860321 300 0.15249692712906057 162840768
860621 300 0.15523722563652326 162578300
860921 300 0.15822405618964006 162578300
861221 300 0.1646433713784021 173995639
861521 300 0.1654019315188762 164809274
861821 300 0.1647192273924495 163496937
862121 300 0.16152379280070236 163628170
862421 300 0.16154275680421423 161528430
862721 300 0.16570535557506585 161397196
863021 300 0.15957050043898155 161397196
863321 300 0.160670412642669 161134728
863621 300 0.16364776119402985 161265962
863921 300 0.1619978928884987 161790897
864221 300 0.17287374890254606 175570444
864521 300 0.16160913081650571 168221352
864821 300 0.16204530289727834 167433950
865121 300 0.16552519754170325 167302716
865421 300 0.1653165935030729 167171482
865721 300 0.1669474978050922 163119639
866021 300 0.16690956979806848 159707561
866321 300 0.17332888498683055 158657691
866621 300 0.1757562774363477 171108496
866921 300 0.16696646180860406 170058625
867221 300 0.16825601404741003 165727911
867521 300 0.17072133450395086 165727911
867821 300 0.16728884986830553 163365703
868121 300 0.16600877963125552 161151133
868421 300 0.16976365232660226 160757431
868721 300 0.17212467076382792 160626198
869021 300 0.1751494293239684 161134728
869321 300 0.18344618086040387 181623602
869621 300 0.1759459174714662 184379511
869921 300 0.1759459174714662 168500224
870221 300 0.1749787532923617 168483820
870521 300 0.1672509218612818 168467416
870821 300 0.17158419666374014 180540924
871121 300 0.17344266900790167 161397196
871421 300 0.1726177348551361 160363730
871721 300 0.17281685689201054 160494964
872021 300 0.16989640035118525 159445093
872321 300 0.17910342405618965 172437238
872621 300 0.17660965759438105 163644574
872921 300 0.17607866549604917 163644574
873221 300 0.16681474978050922 163644574
873521 300 0.1685499561018437 161151133
873821 300 0.16764916593503076 158378819
874121 300 0.16647339771729588 158378819
874421 300 0.17079719051799827 158526457
874721 300 0.17275048287971903 158657691
875021 300 0.1742201931518876 164825679
875321 300 0.17019034240561895 176095379
875621 300 0.16556312554872699 172552067
875921 300 0.1674215978928885 167958885
876221 300 0.16762071992976293 167827651
876521 300 0.16630272168568921 167319120
876821 300 0.16335381913959612 164563211
877121 300 0.16598033362598774 160609794
877421 300 0.1637141352063213 158378819
877721 300 0.16460544337137842 156410313
878021 300 0.17259877085162423 171370963
878321 300 0.16926110623353818 166105208
878621 300 0.1663406496927129 156672780
878921 300 0.16979209833187006 156689184
879221 300 0.1679241439859526 156689184
879521 300 0.16651132572431956 156541546
879821 300 0.16667251975417033 156410313
880121 300 0.16840772607550483 156689184
880421 300 0.1763726075504829 156426717
880721 300 0.1819764705882353 166925419
881021 300 0.17642001755926254 161019899
881321 300 0.16825601404741003 157985118
881621 300 0.1766001755926251 158001522
881921 300 0.16803792800702372 157739055
882221 300 0.16212115891132572 157476587
882521 300 0.1610402107111501 157607821
882821 300 0.16479508340649693 157870288
883121 300 0.1707782265144864 179130160
883421 300 0.174684811237928 183592108
883721 300 0.1804972783143108 168237757
884021 300 0.17578472344161547 167319120
884321 300 0.17349007901668131 165481848
884621 300 0.17410640913081651 179917563
884921 300 0.17262721685689203 162725938
885221 300 0.1677819139596137 159838795
885521 300 0.17349956101843725 158657691
885821 300 0.1734616330114135 158526457
886121 300 0.17971027216856894 171124900
886421 300 0.17799402985074628 161019899
886721 300 0.17570886742756806 161151133
887021 300 0.17510201931518876 161019899
887321 300 0.17894223002633888 160888665
887621 300 0.1788379280070237 159970029
887921 300 0.17334784899034242 156164249
888221 300 0.18189113257243195 155376847
888521 300 0.17768112379280068 156295483
888821 300 0.18857594381035997 175455615
889121 300 0.18390131694468834 175718082
889421 300 0.1798809482001756 167581588
889721 300 0.17865776997366112 167450354
890021 300 0.18271606672519752 164825679
890321 300 0.18014644424934154 162201003
890621 300 0.1819669885864794 160888665
890921 300 0.18835785776997366 162069769
891221 300 0.1892396839332748 166006782
891521 300 0.18802598770851625 164038276
891821 300 0.19084214223002632 159576327
892121 300 0.1885474978050922 171797473
892421 300 0.1937057067603161 157214119
892721 300 0.18723898156277438 156820418
893021 300 0.18766567164179107 156689184
893321 300 0.191268832309043 156426717
893621 300 0.20315926251097455 163644574
893921 300 0.20192660228270415 163250873
894221 300 0.198219139596137 156426717
894521 300 0.1963796312554873 156164249
894821 300 0.196929587357331 173093406
895121 300 0.19417980684811237 161544834
895421 300 0.19214117647058823 161413600
895721 300 0.19996382791922737 161151133
896021 300 0.20004916593503072 161151133
896321 300 0.20900965759438103 172059940
896621 300 0.20309288849868304 166810590
896921 300 0.20489446883230902 164825679
897221 300 0.19979315188762073 164694445
897521 300 0.20371870061457423 164710849
897821 300 0.19830447761194028 164185914
898121 300 0.19629429323968392 161692472
898421 300 0.20014398595259 159592732
898721 300 0.20065601404741001 160232496
899021 300 0.2134851624231782 175455615
899321 300 0.20332993854258122 178080290
899621 300 0.20181281826163303 167187886
899921 300 0.19926215978928885 167187886
900221 300 0.2032066725197542 166794185
900521 300 0.20439192273924495 163382107
900821 300 0.19849411764705885 158788925
901121 300 0.20141457418788414 158657691
901421 300 0.2097966637401229 178211524
901721 300 0.2094268656716418 175324381
902021 300 0.1996035118525022 167187886
902321 300 0.19905355575065847 179917563
902621 300 0.20204038630377522 165219380
902921 300 0.2003715539947322 165088146
903221 300 0.19867427568042142 165350614
903521 300 0.20858296751536437 164071084
903821 300 0.20887690956979807 175357189
904121 300 0.20146198419666375 165252188
904421 300 0.20193608428446005 165120954
904721 300 0.20488498683055312 164858487
905021 300 0.20270412642669006 161183941
905321 300 0.20746409130816504 156197058
905621 300 0.20892431957857768 155803356
905921 300 0.20775803336259877 156197058
906221 300 0.22281545215100965 161315175
906521 300 0.22412396839332752 172863747
906821 300 0.20720807726075507 167614396
907121 300 0.20769165935030726 167630800
907421 300 0.21207234416154522 167630800
907721 300 0.24863494293239685 167122270
908021 300 0.380776119402985 164612424
908321 300 0.2832442493415277 161594047
908621 300 0.2166237050043898 160281709
908921 300 0.2203880597014925 170501539
909221 300 0.21780895522388063 181279113
909521 300 0.21506865671641792 168139332
909821 300 0.20882949956101846 168008098
910121 300 0.21274556628621596 165006125
910421 300 0.21188270412642668 162496279
910721 300 0.2096449517120281 161430004
911021 300 0.21528674275680423 159067797
911321 300 0.22575487269534678 159592732
911621 300 0.23154837576821774 170764007
911921 300 0.23760737489025463 183477279
912221 300 0.22717717295873574 183477279
912521 300 0.21740122914837579 169714137
912821 300 0.21281194029850747 167220695
913121 300 0.21797014925373134 167204290
913421 300 0.2143290605794557 167204290
913721 300 0.21446180860403863 165760719
914021 300 0.21453766461808602 165235784
914321 300 0.22053977172958739 163923446
914621 300 0.22243617208077263 168516628
914921 300 0.2209095697980685 179277798
915221 300 0.22205689201053552 172978577
915521 300 0.21633924495171206 165613081
915821 300 0.21501176470588237 179523862
916121 300 0.2170124670763828 166531717
916421 300 0.22449376646180863 164431977
916721 300 0.2209190517998244 160494964
917021 300 0.21207234416154522 157345353
917321 300 0.22952870939420544 163398511
917621 300 0.22265425812115894 164038276
917921 300 0.21873819139596135 157886692
918221 300 0.22360245829675152 157886692
918521 300 0.21703143107989467 157886692
918821 300 0.20916136962247583 158017926
919121 300 0.19953713784021068 157755459
919421 300 0.2024955223880597 157886692
919721 300 0.2160073748902546 157886692
920021 300 0.21329552238805974 157755459
920321 300 0.22267322212467072 167335524
920621 300 0.2113422300263389 173503512
920921 300 0.20980614574187884 168762692
921221 300 0.21038454784899033 168631458
921521 300 0.20578577699736614 167204290
921821 300 0.20550131694468832 166023187
922121 300 0.20251448639157155 163004810
922421 300 0.20786233538191393 160642602
922721 300 0.21322914837576823 162742342
923021 300 0.21826409130816507 168779096
923321 300 0.21665215100965757 160117667
923621 300 0.2051220368744513 160101262
923921 300 0.20208779631255486 159970029
924221 300 0.20153784021071117 159707561
924521 300 0.20417383669885864 159707561
924821 300 0.19618050921861285 159822391
925121 300 0.1995276558384548 159970029
925421 300 0.2069805092186128 160101262
925721 300 0.20901913959613694 175340785
926021 300 0.20215417032484637 179671500
926321 300 0.2174676031606673 169582903
926621 300 0.20147146619841966 169304031
926921 300 0.19922423178226514 169435265
927221 300 0.19497629499561017 169304031
927521 300 0.20782440737489027 169304031
927821 300 0.1981338015803336 169172797
928121 300 0.20186022827041264 169172797
928421 300 0.2055771729587357 176899186
928721 300 0.21229043020193153 184937255
929021 300 0.19597190517998245 174963488
929321 300 0.1996793678665496 168008098
929621 300 0.20023880597014926 179031735
929921 300 0.2016611062335382 164464786
930221 300 0.20329201053555748 162348641
930521 300 0.1975459174714662 161954940
930821 300 0.19712870939420543 161823706
931121 300 0.2014525021949078 161823706
931421 300 0.2058521510096576 174815850
931721 300 0.2096449517120281 164596020
932021 300 0.20070342405618966 164464786
932321 300 0.19452115891132574 162086173
932621 300 0.19198946444249343 161840110
932921 300 0.1959150131694469 162233811
933221 300 0.18994135206321336 161987748
933521 300 0.19235926251097454 160806644
933821 300 0.1969011413520632 159363072
934121 300 0.20164214223002633 173536320
934421 300 0.19117401229148379 179310607
934721 300 0.19302300263388938 169861774
935021 300 0.1815877085162423 169746945
935321 300 0.18309534679543463 169714137
935621 300 0.18167304653204566 168401799
935921 300 0.18478314310798943 159871603
936221 300 0.18472625109745391 158969371
936521 300 0.19701492537313434 160412943
936821 300 0.1967209833187006 176423464
937121 300 0.19587708516242316 165268593
937421 300 0.1869640035118525 159609136
937721 300 0.18937243195785775 159609136
938021 300 0.18513397717295876 159477902
938321 300 0.1903301141352063 159330264
938621 300 0.18507708516242316 159067797
938921 300 0.1826212467076383 158952967
939221 300 0.18044986830553117 158952967
939521 300 0.19004565408252855 162627513
939821 300 0.19110763827919228 174586191
940121 300 0.18437541703248464 169336840
940421 300 0.18267813871817387 169189201
940721 300 0.18143599648814748 166958227
941021 300 0.17333836698858646 166695760
941321 300 0.18119894644424936 166695760
941621 300 0.17080667251975415 165662294
941921 300 0.17806040386303776 164333552
942221 300 0.18073432835820896 169320435
942521 300 0.19226444249341526 183641322
942821 300 0.18549429323968392 173667554
943121 300 0.18246953467954344 172092749
943421 300 0.18802598770851625 170255476
943721 300 0.1729875329236172 167499567
944021 300 0.18935346795434596 165777123
944321 300 0.17202036874451274 161069112
944621 300 0.17845864793678667 160937878
944921 300 0.19589604916593503 171682644
945221 300 0.19848463564530286 180114414
945521 300 0.17935943810359964 169484478
945821 300 0.17063599648814748 165284997
946121 300 0.17452361720807727 180508115
946421 300 0.17618296751536436 169615711
946721 300 0.17917928007023703 168943138
947021 300 0.1792646180860404 168155736
947321 300 0.17865776997366112 166449696
947621 300 0.1818152765583846 177210866
947921 300 0.18454609306409134 168040906
948221 300 0.17459947322212466 167909672
948521 300 0.16710869183494292 167778438
948821 300 0.16940333625987708 166449696
949121 300 0.16583810359964882 162922789
949421 300 0.16160913081650571 162660321
949721 300 0.1665208077260755 162397854
950021 300 0.17412537313432833 163956255
950321 300 0.18448920105355576 177210866
950621 300 0.17587006145741876 173273853
950921 300 0.17625882352941175 171945111
951221 300 0.17583213345039508 170895241
951521 300 0.16859736611062334 164218722
951821 300 0.17929306409130819 164218722
952121 300 0.17160316066725198 164218722
952421 300 0.18005162423178225 165006125
952721 300 0.18069640035118525 175636061
953021 300 0.17199192273924493 174192489
953321 300 0.1704653204565408 172240387
953621 300 0.16976365232660226 171190516
953921 300 0.16868270412642672 169615711
954221 300 0.16850254609306412 167647204
954521 300 0.16585706760316066 167515971
954821 300 0.17196347673397716 167778438
955121 300 0.18275399473222126 184313895
955421 300 0.17634416154521512 178933309
955721 300 0.17212467076382792 164103893
956021 300 0.17148937664618086 163841425
956321 300 0.18083863037752415 162791555
956621 300 0.17133766461808606 161856514
956921 300 0.16964986830553117 161069112
957221 300 0.17661913959613698 161594047
957521 300 0.17480807726075503 160937878
957821 300 0.18287726075504832 172748918
958121 300 0.1789801580333626 165006125
958421 300 0.17571834942932396 159494306
958721 300 0.17850605794556632 169746945
959021 300 0.17823107989464443 164628828
959321 300 0.17305390693590872 164366360
959621 300 0.17609762949956104 164218722
959921 300 0.17754837576821775 163956255
960221 300 0.18253590869183495 171190516
960521 300 0.17908446005267778 167253504
960821 300 0.1688249341527656 165268593
961121 300 0.17393573309920982 165006125
961421 300 0.17396417910447762 164349956
961721 300 0.17234275680421424 160412943
962021 300 0.17264618086040387 160035646
962321 300 0.17478911325724317 159773178
962621 300 0.1728358208955224 160035646
962921 300 0.16653028972783143 160035646
963221 300 0.1641692712906058 160019241
963521 300 0.16704231782265147 160019241
963821 300 0.17487445127304654 160035646
964121 300 0.17254187884108868 159904412
964421 300 0.18377805092186128 172634088
964721 300 0.17275048287971903 173683959
965021 300 0.17062651448639157 160937878
965321 300 0.1704653204565408 160675410
965621 300 0.16911887620719931 160560581
965921 300 0.16826549604916596 160429347
966221 300 0.1817204565408253 160298113
966521 300 0.18667006145741877 160035646
966821 300 0.1956969271290606 172765322
967121 300 0.18374960491659348 173159023
967421 300 0.180345566286216 170271880
967721 300 0.18328498683055314 170255476
968021 300 0.1823083406496927 170255476
968321 300 0.17847761194029851 168040906
968621 300 0.17761474978050923 164891295
968921 300 0.17465636523266023 164366360
969221 300 0.17227638279192273 163054023
969521 300 0.17665706760316066 182722685
969821 300 0.17580368744512734 164874891
970121 300 0.18036453028972785 164612424
970421 300 0.1777569798068481 164481190
970721 300 0.17808884986830556 164218722
971021 300 0.18693555750658472 182476621
971321 300 0.19171448639157154 167647204
971621 300 0.1869545215100966 168172140
971921 300 0.18444179104477612 167893268
972221 300 0.18247901668129943 174061255
972521 300 0.18358841088674277 165006125
972821 300 0.17609762949956104 164612424
973121 300 0.17473222124670765 164891295
973421 300 0.1909369622475856 166203633
973721 300 0.18583564530289726 167122270
974021 300 0.18528568920105357 159888007
974321 300 0.1810756804214223 159789582
974621 300 0.18726742756804218 160035646
974921 300 0.18470728709394207 159920816
975221 300 0.18537102721685692 159888007
975521 300 0.1846124670763828 160019241
975821 300 0.18436593503072868 161331579
976121 300 0.1949383669885865 180901816
976421 300 0.19196101843722566 175898529
976721 300 0.18392976294995608 170271880
977021 300 0.18385390693590872 170124242
977321 300 0.18813977172958735 170009413
977621 300 0.18324705882352943 169353244
977921 300 0.18201439859525903 166334867
978221 300 0.1890595258999122 160937878
978521 300 0.19029218612818263 160150475
978821 300 0.19301352063213348 179589478
979121 300 0.19290921861281826 174602595
979421 300 0.18007058823529412 169353244
979721 300 0.1796723441615452 168811905
980021 300 0.18007058823529412 168811905
980321 300 0.1784017559262511 168828309
980621 300 0.17961545215100966 167105865
980921 300 0.18035504828797191 163562553
981221 300 0.1855796312554873 163431319
981521 300 0.193459174714662 172765322
981821 300 0.18677436347673398 170435922
982121 300 0.18375908691834944 169517286
982421 300 0.18899315188762073 169500882
982721 300 0.18913538191395965 168303373
983021 300 0.18964741000877963 164103893
983321 300 0.19211273046532046 159625540
983621 300 0.1974605794556629 160166880
983921 300 0.21815030728709392 178949714
984221 300 0.20920877963125548 175800103
984521 300 0.1994517998244074 158608478
984821 300 0.19518489903424055 158608478
985121 300 0.19771659350307286 159002179
985421 300 0.19871220368744516 158838138
985721 300 0.19384793678665496 158739712
986021 300 0.1959529411764706 158838138
986321 300 0.20723652326602285 158969371
986621 300 0.21680386303775245 177735801
986921 300 0.21027076382791926 177210866
987221 300 0.20775803336259877 169336840
987521 300 0.20961650570676033 169353244
987821 300 0.2065443371378402 182345388
988121 300 0.20076979806848114 168943138
988421 300 0.20023880597014926 166449696
988721 300 0.20566251097453908 166580930
989021 300 0.20515996488147495 167105865
989321 300 0.2102612818261633 177735801
989621 300 0.21952519754170322 166991036
989921 300 0.20963546971027217 166318463
990221 300 0.2069710272168569 164087488
990521 300 0.2052737489025461 164087488
990821 300 0.21035610184372258 164218722
991121 300 0.20821316944688323 164235126
991421 300 0.20624091308165057 164366360
991721 300 0.21377910447761192 163431319
992021 300 0.21917436347673397 173536320
992321 300 0.21014749780509215 171830281
992621 300 0.21453766461808602 169336840
992921 300 0.205928007023705 167499567
993221 300 0.21214820017559263 166843398
993521 300 0.2119490781387182 165006125
993821 300 0.20886742756804214 164235126
994121 300 0.20851659350307286 164366360
994421 300 0.21553327480245832 174865062
994721 300 0.21971483757682178 181951686
995021 300 0.21410149253731348 168697075
995321 300 0.2160168568920105 167023844
995621 300 0.21677541703248462 165055338
995921 300 0.21625390693590868 164005467
996221 300 0.21191115013169445 164153106
996521 300 0.2099578577699737 164005467
996821 300 0.22267322212467072 164399169
997121 300 0.22410500438981565 177801418
997421 300 0.21892783143107988 177670185
997721 300 0.21525829675153646 167548779
998021 300 0.2128024582967515 167417545
998321 300 0.21434802458296756 167417545
998621 300 0.2080993854258121 167269908
998921 300 0.21129482001755925 166613739
999221 300 0.21224302019315192 164792870
999521 300 0.21013801580333627 164924104
999821 300 0.21815978928884988 182115729
1000121 300 0.22232238805970148 193254196
1000421 300 0.2101095697980685 175143934
1000721 300 0.21676593503072872 173191832
1001021 300 0.20593748902546094 173290257
1001321 300 0.20839332748024583 173306661
1001621 300 0.20746409130816504 173060598
1001921 300 0.2054633889376646 170698390
1002221 300 0.2057762949956102 170140647
1002521 300 0.21021387181738366 169238414
1002821 300 0.21341878841088677 173044194
1003121 300 0.21274556628621596 179474649
1003421 300 0.20364284460052678 176062570
1003721 300 0.2104035118525022 175931337
1004021 300 0.21177840210711152 174077660
1004321 300 0.20396523266022829 172765322
1004621 300 0.20462897278314313 170796816
1004921 300 0.20254293239683935 170419518
1005221 300 0.21301106233538192 177768610
1005521 300 0.22376365232660228 184067831
1005821 300 0.21229043020193153 177227271
1006121 300 0.21101035996488143 168959542
1006421 300 0.21562809482001757 168844713
1006721 300 0.20699947322212467 167663609
1007021 300 0.21411097453906938 166482505
1007321 300 0.2118068481123793 166236442
1007621 300 0.21489798068481125 166498909
1007921 300 0.2104793678665496 184724000
1008221 300 0.20428762071992979 183149194
1008521 300 0.20789078138718178 175554040
1008821 300 0.20891483757682175 175422806
1009121 128 0.1516056189640035 92154974
1009249 172 0.20846918349429325 172650492
1009421 300 0.20327304653204567 169910988
1009721 300 0.20153784021071117 167942481
1010021 120 0.1467982440737489 84510607
1010141 180 0.20159473222124671 167942481
1010321 300 0.20354802458296753 167811247
1010621 300 0.20401264266900793 183296833
1010921 300 0.2093320456540825 181722027
1011221 300 0.20737875329236174 175816507
1011521 300 0.2071985952589991 175668870
1011821 300 0.20760632133450396 175439210
1012121 300 0.20000175592625108 174635403
1012421 300 0.20648744512730463 171092091
1012721 300 0.20344372256365234 167958885
1013021 300 0.20236277436347672 169008755
1013321 300 0.2075209833187006 189349990
1013621 300 0.2191459174714662 185806678
1013921 300 0.20981562774363477 181607198
1014221 300 0.2052737489025461 195911680
1014521 300 0.19199894644424934 180951029
1014821 300 0.19365829675153645 178851288
1015121 300 0.20613661106233538 176095379
1015421 300 0.20352906057945566 173995639
1015721 300 0.20756839332748026 185412978
1016021 300 0.19931905179982443 174914275
1016321 114 0.1409004389815628 90186468
1016435 186 0.20064653204565408 172978577
1016621 300 0.19961299385425813 172716109
1016921 300 0.19608568920105357 172716109
1017221 300 0.19223599648814751 172716109
1017521 212 0.15269604916593502 90137255
1017733 88 0.19825706760316067 172830939
1017821 300 0.19037752414398593 172568472
1018121 300 0.19362985074626868 171912303
1018421 300 0.19983107989464444 187791589
1018721 300 0.19694855136084286 193713514
1019021 300 0.19243511852502196 177817822
1019321 300 0.1957633011413521 177571759
1019621 300 0.1968632133450395 175980550
1019921 300 0.1917334503950834 173093406
1020221 300 0.1958486391571554 172962172
1020521 300 0.1976122914837577 172978577
1020821 300 0.19604776119402983 172453642
1021121 300 0.1981338015803336 185445786
1021421 300 0.18822510974539072 183214812
1021721 300 0.18608217734855137 180327669
1022021 300 0.19846567164179107 178359162
1022321 300 0.1928902546093064 177178058
1022621 300 0.19057664618086037 170878836
1022921 300 0.19841826163301143 170993666
1023221 300 0.20309288849868304 170731198
1023521 300 0.20706584723441615 184264682
1023821 300 0.20087410008779633 191203668
1024121 300 0.1915817383669886 180590136
1024421 300 0.19110763827919228 180327669
1024721 300 0.1844038630377524 192401176
1025021 300 0.18863283582089552 180458902
1025321 300 0.19161018437225638 177702993
1025621 300 0.18622440737489024 174799446
1025921 300 0.17803195785776998 172584876
1026221 300 0.18413836698858646 176111784
1026521 300 0.18817769973661108 175209551
1026821 300 0.195772783143108 170321093
1027121 300 0.18301949078138718 170075029
1027421 300 0.18814925373134328 170206263
1027721 300 0.19181878841088676 170075029
1028021 300 0.18762774363476734 170222668
1028321 300 0.18344618086040387 170353902
1028621 300 0.19396172080772606 170337497
1028921 300 0.19566848112379281 183723342
1029221 300 0.1982949956101844 202227305
1029521 300 0.19011202809482003 196977954
1029821 300 0.18597787532923618 187414293
1030121 300 0.18798805970149254 187151825
1030421 300 0.19064302019315188 187135420
1030721 300 0.18709675153643548 186758124
1031021 300 0.19212221246707636 184789617
1031321 300 0.1919799824407375 182296175
1031621 300 0.19506163301141352 180065201
1031921 300 0.20342475856014047 194369683
1032221 300 0.19893028972783147 196338189
1032521 300 0.18874661984196664 186889357
1032821 300 0.19254890254609308 187151825
1033121 300 0.18611062335381914 186758124
1033421 300 0.18786479367866551 183214812
1033721 300 0.18702089552238807 179261394
1034021 300 0.18405302897278317 179277798
1034321 300 0.20544442493415277 188070462
1034621 300 0.19161018437225638 191876241
1034921 300 0.1856649692712906 187020591
1035221 300 0.1836358208955224 184920850
1035521 300 0.18011799824407376 184658383
1035821 300 0.18865179982440738 184395916
1036121 300 0.19285232660228271 182148537
1036421 300 0.19671150131694468 182279771
1036721 300 0.20583318700614575 186872953
1037021 300 0.19544091308165057 180180030
1037321 300 0.19104126426690077 177292887
1037621 300 0.18644249341527655 183329641
1037921 300 0.18666057945566286 177555355
1038221 300 0.19312730465320455 177161653
1038521 300 0.1936962247585601 177178058
1038821 300 0.19966040386303774 178342758
1039121 300 0.20401264266900793 182427409
1039421 300 0.19757436347673396 177817822
1039721 300 0.1917334503950834 177424121
1040021 300 0.1956969271290606 206033085
1040321 300 0.1918282704126427 182148537
1040621 300 0.19769762949956102 182148537
1040921 300 0.1948340649692713 182279771
1041221 300 0.19229288849868303 184773213
1041521 300 0.19406602282704127 206426786
1041821 300 0.19677787532923618 187397888
1042121 300 0.19701492537313434 187397888
1042421 300 0.19113608428446005 187135420
1042721 300 0.18974223002633891 187119016
1043021 300 0.19076628621597894 187102612
1043321 300 0.18639508340649694 187119016
1043621 300 0.18901211589113256 187004187
1043921 300 0.19079473222124668 187135420
1044221 300 0.20171799824407374 201554732
1044521 300 0.19724249341527658 194353278
1044821 300 0.19044389815627744 187004187
1045121 300 0.19205583845478494 198569164
1045421 300 0.1913636523266023 187151825
1045721 300 0.1924635645302897 187004187
1046021 300 0.18950517998244076 187004187
1046321 300 0.18673643546971028 186741720
1046621 300 0.20019139596136962 198027824
1046921 300 0.19403757682177347 187414293
1047221 300 0.19080421422300262 187545526
1047521 300 0.18789323968393326 187529122
1047821 300 0.19238770851624232 187529122
1048121 300 0.18703985952589988 187397888
1048421 300 0.1893819139596137 187414293
1048721 300 0.18776049165935033 187414293
1049021 300 0.18469780509218614 187529122
1049321 300 0.18050676031606672 187529122
1049621 300 0.17620193151887623 187381484
1049921 300 0.17794661984196664 187496314
1050221 300 0.17954907813871815 187643952
1050521 300 0.17719754170324847 188152482
1050821 300 0.18722001755926254 204294237
1051121 300 0.1798145741878841 194993043
1051421 300 0.17973871817383671 187397888
1051721 300 0.1796723441615452 187397888
1052021 300 0.17867673397717296 187381484
1052321 300 0.17146093064091308 187266654
1052621 300 0.17314872695346795 187266654
1052921 300 0.18481158911325724 189891330
1053221 300 0.18687866549604917 195009447
1053521 300 0.18046883230904304 187414293
1053821 300 0.17973871817383671 187119016
1054121 300 0.17213415276558383 187430697
1054421 300 0.17277892888498683 187283059
1054721 300 0.1731676909569798 187299463
1055021 300 0.175841615452151 187447101
1055321 300 0.18239367866549605 188611801
1055621 300 0.1929945566286216 214579684
1055921 300 0.1943789288849868 214596088
1056221 300 0.18155926251097454 195682020
1056521 300 0.17551922739244952 195682020
1056821 300 0.1791603160667252 195583595
1057121 300 0.18293415276558384 195583595
1057421 300 0.18578823529411762 195567191
1057721 300 0.191401580333626 195567191
1058021 300 0.1891638279192274 195829659
1058321 300 0.19524179104477613 211446478
1058621 300 0.1907188762071993 200291607
1058921 300 0.1819669885864794 194911022
1059221 300 0.18553222124670765 194943831
1059521 300 0.18261176470588236 194943831
1059821 300 0.19153432835820897 195075064
1060121 300 0.19417032484635646 195075064
1060421 300 0.1875803336259877 195058660
1060721 300 0.1955546971027217 197929399
1061021 300 0.19785882352941178 203047516
1061321 300 0.1917998244073749 195452361
1061621 300 0.1878742756804214 195173490
1061921 300 0.19106022827041264 195042256
1062221 300 0.1901689201053556 195173490
1062521 300 0.18943880597014925 194911022
1062821 300 0.187798419666374 194763384
1063121 300 0.1961330992098332 208821802
1063421 300 0.1888698858647937 203047516
1063721 300 0.18769411764705882 195173490
1064021 300 0.1852572431957858 195075064
1064321 300 0.18553222124670765 195075064
1064621 300 0.1860252853380158 195075064
1064921 300 0.17941633011413521 195189894
1065221 300 0.18370219490781384 195321127
1065521 300 0.17971975417032485 195321127
1065821 300 0.18325654082528534 195321127
1066121 300 0.19582019315188762 201079009
1066421 300 0.19738472344161548 209215504
1066721 300 0.19365829675153645 203703685
1067021 300 0.1873148375768218 195550786
1067321 300 0.1920084284460053 195550786
1067621 300 0.1832091308165057 195435957
1067921 300 0.19225496049165938 195452361
1068221 300 0.19063353819139597 195452361
1068521 300 0.19497629499561017 197420868
1068821 300 0.20741668129938542 210281778
1069121 300 0.19453064091308167 201243052
1069421 300 0.19284284460052678 195452361
1069721 300 0.19565899912203688 195468766
1070021 300 0.19300403863037752 195468766
1070321 300 0.20184126426690077 195468766
1070621 300 0.20796663740122914 195468766
1070921 300 0.1988354697102722 195452361
1071221 300 0.1966451273046532 195452361
1071521 300 0.19532712906057947 206869700
1071821 300 0.21369376646180863 221321820
1072121 300 0.20473327480245831 209773247
1072421 300 0.202201580333626 202949091
1072721 300 0.2000681299385426 203063920
1073021 300 0.19583915715539946 203063920
1073321 300 0.19828551360842842 202801453
1073621 215 0.20051378402107112 202817857
1073836 5 0.14877050043898157 201259456
1073841 5 0.14749043020193153 194714172
1073846 10 0.14623880597014924 194714172
1073856 65 0.1490454784899034 202325730
1073921 99 0.15446918349429326 201653157
1074020 3 0.1506953467954346 120288215
1074023 7 0.1506953467954346 120288215
1074030 1 0.1506953467954346 120304620
1074031 190 0.16235820895522388 148634711
1074221 300 0.19598138718173833 210462225
1074521 300 0.20224899034240565 207296210
1074821 300 0.19329798068481122 198126250
1075121 300 0.19716663740122917 197863782
1075421 300 0.19936646180860404 197995016
1075721 160 0.20984407374890254 198011420
1075881 5 0.15432695346795436 195157086
1075886 4 0.15379596136962248 189858522
1075890 2 0.15208920105355575 189858522
1075892 8 0.15208920105355575 189858522
1075900 1 0.15208920105355575 189858522
1075901 120 0.1539097453906936 197273230
1076021 43 0.14229429323968393 195911680
1076064 3 0.1445604916593503 120632704
1076067 1 0.13705074626865674 115202907
1076068 9 0.13705074626865674 115202907
1076077 244 0.15745601404741003 159297456
1076321 286 0.18986549604916592 193844748
1076607 6 0.14438981562774364 191630178
1076613 3 0.14489236172080772 185691849
1076616 5 0.1425692712906058 185691849
1076621 4 0.1578068481123793 194484512
1076625 1 0.1578068481123793 194500917
1076626 166 0.15898261633011412 201784391
1076792 2 0.15985496049165934 121846617
1076794 1 0.15569236172080775 120550683
1076795 7 0.15569236172080775 120550683
1076802 2 0.15580614574187882 120550683
1076804 1 0.15569236172080775 120550683
1076805 116 0.17078770851624234 144041529
1076921 76 0.21505917471466202 200570479
1076997 5 0.14992730465320456 188775843
1077002 6 0.14914978050921862 183805363
1077008 1 0.14835329236172082 183575704
1077009 9 0.14835329236172082 183575704
1077018 1 0.14835329236172082 183575704
1077019 162 0.14968077260755047 190432669
1077181 3 0.15068586479367868 103293441
1077184 10 0.14526215978928886 103293441
1077194 27 0.15701984196663743 111971275
1077221 300 0.17221000877963125 161922131
1077521 300 0.20680035118525023 183526492
1077821 300 0.20771062335381912 183821768
1078121 300 0.1977545215100966 184330299
1078421 300 0.20471431079894645 184756809
1078721 300 0.20301703248463565 184773213
1079021 300 0.20073187006145743 184658383
1079321 300 0.20391782265144867 190055372
1079621 300 0.21288779631255486 198470738
1079921 300 0.20406005267778754 188103270
1080221 300 0.1996793678665496 185642637
1080521 300 0.20548235294117648 185790274
1080821 300 0.20446777875329236 185659041
1081121 300 0.2018886742756804 185544211
1081421 300 0.20264723441615454 185675445
1081721 300 0.20547287093942054 185659041
1082021 300 0.21446180860403863 194451704
1082321 300 0.2074925373134328 189464820
1082621 300 0.2033678665496049 186446443
1082921 300 0.20252396839332748 186725315
1083221 300 0.20591852502194907 186872953
1083521 300 0.20479016681299383 186708911
1083821 300 0.2027515364354697 186348018
1084121 300 0.20431606672519756 186626890
1084421 300 0.21895627743634766 213775878
1084721 300 0.2104698858647937 214710918
1085021 300 0.20500825285338015 188857864
1085321 300 0.1929945566286216 188595396
1085621 300 0.2102612818261633 201193839
1085921 300 0.20848814749780512 188332929
1086221 300 0.2027799824407375 188464162
1086521 300 0.20315926251097455 188332929
1086821 300 0.20872519754170324 188480567
1087121 300 0.22173450395083405 199881501
1087421 300 0.22095697980684814 188628205
1087721 300 0.21797014925373134 188874268
1088021 300 0.21856751536435468 188644609
1088321 300 0.20587111501316943 188661013
1088621 300 0.21769517120280948 188644609
1088921 300 0.2150022827041264 188611801
1089221 300 0.22083371378402109 188611801
1089521 300 0.22498683055311677 194123619
1089821 300 0.2170883230904302 194123619
1090121 300 0.21323863037752414 188759439
1090421 300 0.214547146619842 188907076
1090721 300 0.20862089552238805 188775843
1091021 300 0.2035100965759438 188529780
1091321 300 0.20565302897278312 188398546
1091621 300 0.21994240561896397 188398546
1091921 300 0.2180270412642669 202834261
1092221 300 0.21763827919227388 197847378
1092521 300 0.21224302019315192 190219414
1092821 300 0.2185390693590869 190219414
1093121 300 0.2155237928007024 189956947
1093421 300 0.21468937664618085 189694479
1093721 300 0.219686391571554 189694479
1094021 300 0.21481264266900793 189678075
1094321 300 0.21373169446883228 189546841
1094621 300 0.20709429323968392 189563245
1094921 300 0.2216776119402985 194829001
1095221 300 0.22547041264266898 205606575
1095521 300 0.21833994732221246 189596054
1095821 300 0.21396874451273046 189464820
1096121 300 0.21397822651448636 189464820
1096421 300 0.21366532045654085 189448416
1096721 300 0.20951220368744514 189169544
1097021 300 0.21723055311676912 189054715
1097321 300 0.2159220368744513 188907076
1097621 300 0.2209095697980685 202292922
1097921 300 0.2227490781387182 207935974
1098221 300 0.22143107989464442 189710884
1098521 300 0.21966742756804214 189710884
1098821 300 0.21137067603160667 189710884
1099121 300 0.2169460930640913 189333586
1099421 300 0.21613064091308165 189071119
1099721 300 0.21548586479367868 189071119
1100021 300 0.20984407374890254 190777158
1100321 300 0.2180270412642669 212693199
1100621 300 0.2165383669885865 205196469
1100921 300 0.21143705004389815 191154455
1101221 300 0.20632625109745392 191154455
1101521 300 0.21249903424056188 191154455
1101821 300 0.21269815627743632 191170860
1102121 300 0.2103276558384548 191695794
1102421 300 0.2142342405618964 191695794
1102721 300 0.21664266900790166 191695794
1103021 300 0.232420719929763 208247655
1103321 300 0.22124143985952588 204819172
1103621 300 0.2112379280070237 200357224
1103921 300 0.21691764705882352 209018653
1104221 300 0.2094268656716418 192220729
1104521 300 0.21310588235294117 192204325
1104821 300 0.21707884108867428 192073092
1105121 300 0.21663318700614578 191941858
1105421 300 0.2200846356453029 202325730
1105721 300 0.2198286215978929 192483197
1106021 300 0.21852010535557503 192335559
1106321 300 0.21244214223002636 192089496
1106621 300 0.221611237928007 203375601
1106921 300 0.2204449517120281 191679390
1107221 300 0.21827357330992095 191416923
1107521 300 0.2205492537313433 191416923
1107821 300 0.218529587357331 191433327
1108121 300 0.22913994732221246 202981899
1108421 300 0.22690219490781388 191827028
1108721 300 0.22365935030728712 191958262
1109021 300 0.2245980684811238 191810624
1109321 300 0.22380158033362596 197863782
1109621 300 0.213001580333626 192237134
1109921 300 0.21771413520632135 192122304
1110221 300 0.21744863915715543 191712199
1110521 300 0.21674697102721685 194074407
1110821 300 0.21754345917471468 194353278
1111121 300 0.22135522388059703 191679390
1111421 300 0.21344723441615454 191679390
1111721 300 0.21367480245829676 191695794
1112021 300 0.2116361720807726 191843433
1112321 300 0.21228094820017557 191827028
1112621 300 0.2054918349429324 191843433
1112921 300 0.19799157155399474 193008132
1113221 300 0.20937945566286215 221912371
1113521 300 0.2106595258999122 227440594
1113821 300 0.19961299385425813 197256826
1114121 300 0.20882949956101846 197256826
1114421 300 0.20912344161545218 197256826
1114721 300 0.20115856014047412 197240422
1115021 300 0.20399367866549606 197092783
1115321 300 0.20641158911325722 196830316
1115621 300 0.2158651448639157 196961550
1115921 300 0.22562212467076384 212037030
1116221 300 0.21960105355575069 204048174
1116521 300 0.21187322212467077 196715487
1116821 300 0.2152488147497805 208542931
1117121 300 0.21320070237050046 196617061
1117421 300 0.21740122914837579 196879528
1117721 300 0.21394029850746268 196863124
1118021 300 0.2146230026338894 196994358
1118321 300 0.21321966637401232 208936632
1118621 300 0.20391782265144867 198667589
1118921 300 0.19189464442493415 198405121
1119221 300 0.1936962247585601 198290292
1119521 300 0.18685021949078143 198273888
1119821 300 0.1851150131694469 198290292
1120121 300 0.1916955223880597 198437930
1120421 300 0.1919420544337138 200800138
1120721 300 0.20002071992976295 205918255
1121021 300 0.19215065847234417 198306696
1121321 300 0.19330746268656715 198306696
1121621 300 0.19359192273924494 198306696
1121921 300 0.19431255487269536 198290292
1122221 300 0.19090851624231783 198273888
1122521 300 0.19363933274802458 198290292
1122821 300 0.19709078138718175 198437930
1123121 300 0.21274556628621596 206311956
1123421 300 0.20314029850746268 200931372
1123721 300 0.20427813871817382 198569164
1124021 300 0.20144302019315188 198569164
1124321 300 0.20129130816505705 198569164
1124621 300 0.2050556628621598 198569164
1124921 300 0.21670904302019317 200931372
1125221 300 0.20682879719051797 206033085
1125521 300 0.20673397717295872 198569164
1125821 300 0.20149991220368743 198552759
1126121 300 0.2039841966637401 198569164
1126421 300 0.20396523266022829 198536355
1126721 300 0.19803898156277436 198667589
1127021 300 0.20350061457418792 199996331
1127321 300 0.22193362598770855 228884166
1127621 300 0.20878208955223881 228752932
1127921 300 0.21603582089552237 200800138
1128221 300 0.20633573309920983 200800138
1128521 300 0.2118068481123793 200800138
1128821 300 0.2052737489025461 200800138
1129121 300 0.20411694468832312 200143969
1129421 300 0.202713608428446 199487800
1129721 300 0.20476172080772606 200406436
1130021 300 0.2170029850746269 213250942
1130321 300 0.20980614574187884 203802111
1130621 300 0.20692361720807725 198700397
1130921 300 0.21137067603160667 204737151
1131221 300 0.20100684811237926 198831631
1131521 300 0.2107164179104478 198848035
1131821 300 0.21322914837576823 198831631
1132121 300 0.21337137840210713 198831631
1132421 300 0.20863985952589992 204868385
1132721 300 0.21122844600526774 198831631
1133021 300 0.21265074626865668 198569164
1133321 300 0.21126637401229148 198552759
1133621 300 0.2101095697980685 198552759
1133921 300 0.2092846356453029 199487800
1134221 300 0.22291975417032486 214054749
1134521 300 0.21815978928884988 204737151
1134821 300 0.20923722563652325 199356566
1135121 300 0.21296365232660228 207378231
1135421 300 0.21352309043020193 199241737
1135721 300 0.2155237928007024 199110503
1136021 300 0.20241966637401232 199110503
1136321 300 0.21020438981562775 202260114
1136621 300 0.21760983318700614 203178750
1136921 300 0.21431009657594383 199372971
1137221 300 0.21105776997366107 199241737
1137521 300 0.21012853380158036 199241737
1137821 300 0.2130964003511852 199241737
1138121 300 0.21116207199297632 198979269
1138421 300 0.2062503950834065 201882816
1138721 300 0.22403863037752414 212922858
1139021 300 0.21660474100087793 205458937
1139321 300 0.22057769973661104 199520608
1139621 300 0.22674100087796312 199389375
1139921 300 0.2166900790166813 199258141
1140221 300 0.21704091308165055 199258141
1140521 300 0.21733485513608428 199258141
1140821 300 0.22247410008779628 199783076
1141121 300 0.23429815627743633 215645959
1141421 300 0.2213078138718174 205048831
1141721 300 0.2148505706760316 199389375
1142021 300 0.21455662862159788 199520608
1142321 300 0.2174107111501317 199389375
1142621 300 0.2183778753292362 199405779
1142921 300 0.21414890254609312 199537012
1143221 300 0.22025531167690957 199799480
1143521 300 0.22978472344161543 227096106
1143821 300 0.22237928007023708 224586260
1144121 300 0.22278700614574187 208050804
1144421 300 0.2211655838454785 208313271
1144721 300 0.2188424934152766 208444505
1145021 300 0.22098542581211592 208460910
1145321 300 0.22062510974539068 208329676
1145621 300 0.2218862159789289 208346080
1145921 300 0.22463599648814753 208346080
1146221 300 0.23342581211589108 218844782
1146521 300 0.23365338015803339 224077729
1146821 300 0.22511009657594383 208592143
1147121 300 0.2216776119402985 208592143
1147421 300 0.22087164179104476 207919570
1147721 300 0.22010359964881476 207657103
1148021 300 0.21723055311676912 208182038
1148321 300 0.21460403863037752 208444505
1148621 300 0.22474029850746272 210035715
1148921 300 0.22964249341527654 222502924
1149221 300 0.21833046532045655 214235196
1149521 300 0.21589359086918347 208985845
1149821 300 0.22736681299385428 228145976
1150121 300 0.22963301141352063 216072469
1150421 300 0.21910798946444246 215941235
1150721 300 0.21911747146619845 215941235
1151021 300 0.2252807726075505 216334936
1151321 300 0.23126391571553997 229852015
1151621 300 0.22797366110623352 219090846
1151921 300 0.22174398595259 219238483
1152221 300 0.21707884108867428 219107250
1152521 300 0.21692712906057943 219254887
1152821 300 0.2237352063213345 219123654
1153121 300 0.22360245829675152 219123654
1153421 300 0.22513854258121158 219648589
1153721 300 0.22948129938542583 228145976
1154021 300 0.2249773485513608 221469457
1154321 300 0.22472133450395085 219484547
1154621 300 0.228040035118525 219353313
1154921 300 0.23743669885864793 219386121
1155221 300 0.23192765583845482 219500951
1155521 300 0.22243617208077263 219386121
1155821 300 0.22299561018437228 219386121
1156121 300 0.23060017559262513 219533760
1156421 300 0.23845127304653202 235019345
1156721 300 0.250028797190518 253113202
1157021 300 0.252854433713784 255737878
1157321 300 0.25636277436347676 229491123
1157621 300 0.2505692712906058 229491123
1157921 300 0.2502563652326602 229474718
1158221 300 0.24597050043898153 229474718
1158521 300 0.25346128182616334 229474718
1158821 300 0.24884354697102726 229474718
1159121 300 0.25322423178226516 229474718
1159421 300 0.2590177348551361 244697836
1159721 300 0.2543620719929763 235117771
1160021 300 0.250284811237928 229228655
1160321 300 0.25354661984196664 229228655
1160621 300 0.25291132572431957 229228655
1160921 300 0.24862546093064095 228966187
1161221 300 0.24772467076382793 227260148
1161521 300 0.25061668129938547 225160408
1161821 300 0.24925127304653205 233296902
1162121 300 0.24845478489903428 227899913
1162421 300 0.24492748024582967 225012769
1162721 300 0.24433959613696224 225160408
1163021 300 0.2478194907813872 224766706
1163321 300 0.24190272168568921 221994393
1163621 300 0.2513278314310799 221485862
1163921 300 0.2554809482001756 222010797
1164221 300 0.26471641791044775 235396642
1164521 300 0.2606865671641791 226850043
1164821 300 0.2603262510974539 221469457
1165121 300 0.2595676909569798 221863159
1165421 300 0.2607813871817384 221977989
1165721 300 0.2695996488147498 221846755
1166021 300 0.26726707638279196 221469457
1166321 300 0.26656540825285335 221075757
1166621 300 0.27521299385425807 236971447
1166921 300 0.27177102721685686 227128914
1167221 300 0.27027287093942054 221223394
1167521 300 0.2756776119402985 220567225
1167821 300 0.26895487269534674 220714863
1168121 300 0.2690022827041264 220698459
1168421 300 0.26683090430201933 220583629
1168721 300 0.26458366988586485 221748330
1169021 300 0.28427778753292365 229868419
1169321 300 0.2748526777875329 225422875
1169621 300 0.2659870061457419 220419588
1169921 300 0.26574047410008783 220435992
1170221 300 0.2571877085162423 220304758
1170521 300 0.26458366988586485 220321162
1170821 300 0.25927374890254606 222158435
1171121 300 0.2740372256365233 255770686
1171421 300 0.25578437225636524 258296937
1171721 300 0.2575290605794556 227456999
1172021 300 0.2499719051799824 227309361
1172321 300 0.25539561018437223 227161723
1172621 300 0.26282001755926254 227161723
1172921 300 0.25918841088674277 227161723
1173221 300 0.25190623353819136 227161723
1173521 300 0.2665369622475856 227703062
1173821 300 0.26810149253731347 242680117
1174121 300 0.2613028972783143 232033777
1174421 300 0.2508916593503073 226521958
1174721 300 0.2594918349429324 226259491
1175021 300 0.2637587357330992 226800830
1175321 300 0.2625355575065847 227063298
1175621 300 0.25929271290605793 227063298
1175921 300 0.2650388059701492 227178127
1176221 300 0.27168568920105357 241351375
1176521 300 0.26419490781387184 234527218
1176821 300 0.2588755048287972 227965530
1177121 300 0.24618858647936784 227965530
1177421 300 0.24321123792800703 227719467
1177721 300 0.2510812993854258 227571828
1178021 300 0.2586953467954346 227719467
1178321 300 0.24902370500438983 228884166
1178621 300 0.2627157155399474 236512129
1178921 300 0.25676101843722565 227309361
1179221 300 0.2522096575943811 227178127
1179521 300 0.2554619841966637 240432739
1179821 300 0.25670412642669005 227571828
1180121 300 0.2507494293239684 227571828
1180421 300 0.2619002633889376 227440594
1180721 300 0.2502658472344162 227309361
1181021 300 0.2580979806848112 238857933
1181321 300 0.25465601404741 228113167
1181621 300 0.2510528533801581 228129572
1181921 300 0.25783248463564534 228129572
1182221 300 0.2532337137840211 227981934
1182521 300 0.24803757682177352 227981934
1182821 300 0.25128990342405616 228113167
1183121 300 0.24756347673397716 227981934
1183421 300 0.2511287093942054 228769336
1183721 300 0.2557748902546093 242417649
1184021 300 0.2471367866549605 232181415
1184321 300 0.24862546093064095 227456999
1184621 300 0.24708937664618086 256590897
1184921 300 0.24459561018437223 228506869
1185221 300 0.2488909569798069 228375635
1185521 300 0.2511381913959614 228375635
1185821 300 0.25568955223880596 228392040
1186121 300 0.2628769095697981 256607302
1186421 300 0.2622131694468832 231672884
1186721 300 0.2616158033362599 229179442
1187021 300 0.25398279192273926 229310676
1187321 300 0.2617011413520632 229294272
1187621 300 0.25439051799824414 229277868
1187921 300 0.24918489903424054 229294272
1188221 300 0.24906163301141357 229294272
1188521 300 0.25597401229148375 229704377
1188821 300 0.2614546093064091 244402560
1189121 300 0.25131834942932396 234297559
1189421 300 0.2597857769973661 228523273
1189721 300 0.2507115013169447 228654507
1190021 300 0.26166321334503956 228523273
1190321 300 0.2609994732221247 228523273
1190621 300 0.2584677787532924 228523273
1190921 300 0.2510812993854258 228638103
1191221 300 0.261985601404741 244369752
1191521 300 0.25823072870939423 233739816
1191821 300 0.24724108867427566 229310676
1192121 300 0.2555093942054434 228916975
1192421 300 0.2506640913081651 225750960
1192721 300 0.2600702370500439 225652534
1193021 300 0.2523329236172081 225521301
1193321 300 0.25398279192273926 228900570
1193621 300 0.26855662862159785 239563315
1193921 300 0.24594205443371375 243221456
1194221 300 0.23176646180860405 240071845
1194521 300 0.2450697102721686 240055441
1194821 300 0.23297067603160668 239940612
1195121 300 0.23543599648814748 239678145
1195421 300 0.2438939420544337 239153209
1195721 300 0.24864442493415273 236003599
1196021 300 0.25359402985074625 248208340
1196321 300 0.23755048287971903 248749679
1196621 300 0.23425074626865672 236544938
1196921 300 0.23702897278314308 236528533
1197221 300 0.23822370500438983 236397300
1197521 300 0.23307497805092184 236528533
1197821 300 0.23204143985952588 236922235
1198121 300 0.23803406496927126 237709638
1198421 300 0.25055030728709393 250308080
1198721 300 0.2466626865671642 241499013
1199021 300 0.22813485513608428 236003599
1199321 300 0.22729095697980686 236003599
1199621 300 0.23028726953467957 236003599
1199921 300 0.23898226514486393 236020003
1200221 300 0.23032519754170322 236020003
1200521 300 0.2337671641791045 237988509
1200821 300 0.24390342405618962 265941304
1201121 300 0.2357204565408253 263972797
1201421 300 0.23791079894644424 237709638
1201721 300 0.23693415276558383 234166326
1202021 300 0.2415329236172081 234412389
1202321 300 0.23361545215100965 234412389
1202621 300 0.2351041264266901 234297559
1202921 300 0.23775908691834943 234560027
1203221 300 0.22891237928007024 235478664
1203521 300 0.23426022827041268 248749679
1203821 300 0.23000280948200175 247437342
1204121 300 0.2272814749780509 234035092
1204421 300 0.23554029850746272 234035092
1204721 300 0.234724846356453 233920263
1205021 300 0.22855206321334504 233920263
1205321 300 0.22932010535557504 233510157
1205621 300 0.23957014925373135 233772624
1205921 300 0.2526268656716418 247552171
1206221 300 0.2418363476733977 244271326
1206521 300 0.239996839332748 234428793
1206821 300 0.24119157155399473 234297559
1207121 300 0.22936751536435468 233920263
1207421 300 0.23050535557506588 234182730
1207721 300 0.22775557506584726 233920263
1208021 300 0.22968990342405615 235757535
1208321 300 0.24521194029850749 240613185
1208621 300 0.24478525021949077 236791001
1208921 300 0.23404214223002637 233510157
1209221 300 0.235625636523266 233510157
1209521 300 0.23290430201931517 233510157
1209821 300 0.22916839332748024 233510157
1210121 300 0.23726602282704126 233264094
1210421 300 0.237939244951712 241663055
1210721 300 0.22782194907813869 237332341
1211021 300 0.2323258999122037 234051496
1211321 300 0.23224056189640033 234051496
1211621 300 0.21858647936786654 234051496
1211921 300 0.22901668129938543 234166326
1212221 300 0.2163961369622476 234313963
1212521 300 0.21866233538191396 234297559
1212821 300 0.2253661106233538 248077106
1213121 300 0.21955364354697107 241384183
1213421 300 0.21050781387181738 234166326
1213721 300 0.21831150131694468 234182730
1214021 300 0.21736330114135205 234182730
1214321 300 0.2140066725197542 234313963
1214621 300 0.2203880597014925 234313963
1214921 300 0.221611237928007 237201107
1215221 300 0.23664021071115016 263447862
1215521 300 0.22328007023705002 257673576
1215821 300 0.22146900790166815 235626301
1216121 300 0.2182451273046532 235626301
1216421 300 0.21542897278314313 235642705
1216721 300 0.21468937664618085 235642705
1217021 300 0.2143764705882353 235642705
1217321 300 0.2258971027216857 235232600
1217621 300 0.22729095697980686 232082989
1217921 300 0.24394135206321335 245993770
1218221 300 0.23514205443371383 244550198
1218521 300 0.22700649692712904 231033119
1218821 300 0.22301457418788415 231033119
1219121 300 0.22025531167690957 231164353
1219421 300 0.22024582967515366 230901885
1219721 300 0.21577032484635641 230901885
1220021 300 0.21502124670763828 231033119
1220321 300 0.22303353819139596 242844159
1220621 300 0.22270166812993855 242319224
1220921 300 0.21975276558384552 231804118
1221221 300 0.20701843722563654 231426820
1221521 300 0.2129352063213345 231295587
1221821 300 0.2134661984196664 231689288
1222121 300 0.21395926251097455 231558054
1222421 300 0.2042022827041264 231558054
1222721 300 0.21419631255487268 237988509
1223021 300 0.2088200175592625 237726042
1223321 300 0.20430658472344163 231541650
1223621 300 0.20766321334503948 249389444
1223921 300 0.20445829675153646 239842186
1224221 300 0.20921826163301144 238775912
1224521 300 0.20643055311676908 235495068
1224821 300 0.21298261633011414 235888769
1225121 300 0.2076537313432836 252555459
1225421 300 0.2242946444249342 243631562
1225721 300 0.2149928007023705 243647966
1226021 300 0.21457559262510975 243500328
1226321 300 0.21534363476733978 243385498
1226621 300 0.21119999999999997 242204395
1226921 300 0.21252748024582965 239448485
1227221 300 0.21659525899912205 240350718
1227521 300 0.22449376646180863 255163730
1227821 300 0.2095785776997366 245468835
1228121 300 0.21326707638279188 240285100
1228421 300 0.21313432835820895 239907804
1228721 300 0.21229043020193153 239514102
1229021 300 0.20817524143985952 239366464
1229321 300 0.2091708516242318 239235231
1229621 300 0.20912344161545218 239366464
1229921 300 0.2212129938542581 259313998
1230221 300 0.2212129938542581 269156532
1230521 300 0.21898472344161543 251439972
1230821 300 0.20637366110623356 240810036
1231121 300 0.21439543459174712 240678802
1231421 300 0.21191115013169445 240580377
1231721 300 0.20863985952589992 240842844
1232021 300 0.20486602282704128 240596781
1232321 300 0.21615908691834942 240974078
1232621 300 0.2333499561018437 257115832
1232921 300 0.22782194907813869 261725419
1233221 300 0.22039754170324846 252260183
1233521 300 0.21836839332748023 248962934
1233821 300 0.21486953467954348 248323170
