1593530 300 0.20359543459174714 168762692
1593830 300 0.1951564530289728 168762692
1594130 300 0.19286180860403865 167581588
1594430 300 0.20087410008779633 165613081
1594730 300 0.1929945566286216 165350614
1595030 300 0.19037752414398593 165350614
1595330 300 0.18953362598770854 165219380
1595630 300 0.19832344161545215 165481848
1595930 300 0.20806145741878843 174930679
1596230 300 0.20088358208955223 164956912
1596530 300 0.19878805970149255 159313860
1596830 300 0.19961299385425813 159707561
1597130 300 0.1949857769973661 159182626
1597430 300 0.1972614574187884 159313860
1597730 300 0.19500474100087797 159445093
1598030 300 0.19763125548726954 162217407
1598330 300 0.19911044776119405 175340785
1598630 300 0.29835856014047407 171928707
1598930 300 0.5614556628621598 172174770
1599230 300 0.5980087796312554 171781069
1599530 300 0.593694468832309 171387367
1599830 300 0.5968424934152766 171256134
1600130 300 0.5888112379280069 171124900
1600430 300 0.5572172080772607 171518601
1600730 300 0.5516986830553117 187529122
1601030 300 0.5592842844600526 176505484
1601330 300 0.5508547848990343 171288942
1601630 300 0.5609436347673398 187561930
1601930 300 0.5437527655838456 171157708
1602230 300 0.5505039508340649 171157708
1602530 300 0.5472705882352941 171157708
1602830 300 0.5546191395961368 173126215
1603130 300 0.5470525021949079 178375566
1603430 300 0.5468059701492537 171272538
1603730 300 0.5433829675153643 171256134
1604030 300 0.5307150131694469 171272538
1604330 300 0.5328294995610184 171141304
1604630 300 0.5512056189640034 171157708
1604930 300 0.5383195785776997 171157708
1605230 300 0.5445397717295873 173930022
1605530 300 0.5526374012291484 181279113
1605830 300 0.5474791922739245 174176085
1606130 300 0.5475171202809481 172584876
1606430 300 0.543032133450395 171174112
1606730 300 0.5323648814749781 171157708
1607030 300 0.5282686567164179 171141304
1607330 300 0.5383764705882352 171945111
1607630 300 0.5509970149253731 192122304
1607930 300 0.5466163301141352 190022564
1608230 300 0.54625601404741 170485135
1608530 300 0.5415908691834943 170632773
1608830 300 0.5367171202809482 187053400
1609130 300 0.5331803336259877 173257449
1609430 300 0.5403202809482002 173011386
1609730 300 0.5312649692712906 171436580
1610030 300 0.5269222124670764 171010070
1610330 300 0.53596804214223 178621629
1610630 300 0.5649829675153644 169845370
1610930 300 0.5552923617208076 169828966
1611230 300 0.5576818261633012 167729226
1611530 300 0.5405194029850746 166662951
1611830 300 0.5522296751536435 164218722
1612130 300 0.5320804214223003 163677383
1612430 300 0.5440846356453028 165924762
1612730 300 0.5498496927129061 171813877
1613030 300 0.5447294117647059 163677383
1613330 300 0.5323838454784898 163825021
1613630 300 0.5360438981562774 163529745
1613930 300 0.540471992976295 163398511
1614230 300 0.5370110623353819 163529745
1614530 300 0.5389548726953468 163398511
1614830 300 0.5530261633011413 161036303
1615130 300 0.5592179104477611 180852604
1615430 300 0.5393625987708516 176800761
1615730 300 0.5583834942932396 172338812
1616030 300 0.5552923617208076 172076344
1616330 300 0.5434967515364355 171945111
1616630 300 0.5410883230904302 171945111
1616930 300 0.5434967515364355 169304031
1617230 300 0.5406331870061457 166023187
1617530 300 0.553718349429324 185577019
1617830 300 0.5405194029850746 178752863
1618130 300 0.5394194907813872 171928707
1618430 300 0.5457724319578577 169697733
1618730 300 0.5433829675153643 168910330
1619030 300 0.5300512730465321 165891953
1619330 300 0.5308951712028095 164054680
1619630 300 0.5205787532923617 163939851
1619930 300 0.5244474100087796 163923446
1620230 300 0.5300417910447761 171010070
1620530 300 0.5225320456540825 166154421
1620830 300 0.5186444249341527 163792212
1621130 300 0.5193460930640913 163660979
1621430 300 0.5199813871817384 163660979
1621730 300 0.5123768217734854 163529745
1622030 300 0.5184168568920104 162479875
1622330 300 0.5193271290605794 160642602
1622630 300 0.51180790166813 160511368
1622930 300 0.5322226514486391 160527772
1623230 300 0.5210244073748903 160429347
1623530 300 0.5312744512730465 160429347
1623830 300 0.5234707638279192 160429347
1624130 300 0.5289798068481123 162102577
1624430 300 0.5414770851624232 184264682
1624730 300 0.5309330992098331 170222668
1625030 300 0.5355982440737489 161954940
1625330 300 0.5259171202809482 161823706
1625630 300 0.5229682177348551 176259421
1625930 300 0.5072186128182616 161561238
1626230 300 0.5199719051799824 161692472
1626530 300 0.51308797190518 161561238
1626830 300 0.5164446005267779 161446409
1627130 300 0.5339768217734855 172880152
1627430 300 0.5283160667251975 161856514
1627730 300 0.5161980684811238 161840110
1628030 300 0.5227596136962247 178900501
1628330 300 0.53571202809482 167466758
1628630 300 0.5302314310798947 167335524
1628930 300 0.5206071992976296 167335524
1629230 300 0.5396660228270412 167335524
1629530 300 0.5301555750658472 182296175
1629830 300 0.535190517998244 173273853
1630130 300 0.5321942054433714 173257449
1630430 300 0.5298995610184372 185084893
1630730 300 0.5112674275680421 173273853
1631030 300 0.5302314310798947 173011386
1631330 300 0.5104993854258121 173126215
1631630 300 0.5103192273924495 175209551
1631930 300 0.5208252853380158 180065201
1632230 300 0.5351620719929763 173109811
1632530 300 0.510622651448639 173109811
1632830 300 0.5257559262510975 173159023
1633130 300 0.5082995610184372 173159023
1633430 300 0.509105531167691 173027790
1633730 300 0.520929587357331 173126215
1634030 300 0.5338630377524144 175652465
1634330 300 0.5296909569798068 181279113
1634630 300 0.5191754170324846 173405086
1634930 300 0.5254525021949078 173405086
1635230 300 0.5317580333625987 173388682
1635530 300 0.5201425812115891 173241045
1635830 300 0.526713608428446 173109811
1636130 300 0.5312365232660229 173109811
1636430 300 0.5179048287971906 173913618
1636730 300 0.5348681299385425 191745007
1637030 300 0.529397014925373 184806021
1637330 300 0.523508691834943 172207578
1637630 300 0.5314356453028972 172223983
1637930 300 0.5312649692712906 172092749
1638230 300 0.5265050043898155 170911645
1638530 300 0.5364516242317823 168926734
1638830 300 0.529406496927129 168926734
1639130 300 0.5209390693590868 168926734
1639430 300 0.5255757682177349 175357189
1639730 300 0.535332748024583 189546841
1640030 300 0.5188909569798068 172223983
1640330 300 0.5099968393327481 172371621
1640630 300 0.5364421422300264 172371621
1640930 300 0.5091150131694469 172355217
1641230 300 0.5213847234416155 172371621
1641530 300 0.5108122914837576 172240387
1641830 300 0.5319571553994732 172109153
1642130 300 0.5429467954345918 178391970
1642430 300 0.5215743634767339 178654438
1642730 300 0.5033309920983319 172880152
1643030 300 0.5350482879719051 170517943
1643330 300 0.5410598770851623 169730541
1643630 300 0.5244948200175592 169878179
1643930 300 0.5229018437225637 169746945
1644230 300 0.535958560140474 169993008
1644530 300 0.5490057945566286 186790932
1644830 300 0.5442173836698858 185248935
1645130 300 0.5343940298507462 170813220
1645430 300 0.527225636523266 169484478
1645730 300 0.5130121158911325 167745630
1646030 300 0.5232621597892888 167614396
1646330 300 0.5218967515364356 167483163
1646630 300 0.5338345917471466 170239072
1646930 300 0.543297629499561 180737774
1647230 300 0.5065548726953467 173142619
1647530 300 0.5023827919227392 173142619
1647830 300 0.5114570676031607 172486450
1648130 300 0.30931975417032487 170403114
1648430 300 0.266100790166813 169878179
1648730 300 0.2106310798946444 167499567
1649030 300 0.17477014925373133 182607855
1649330 300 0.1612488147497805 181672815
1649630 300 0.1551708516242318 172355217
1649930 300 0.15826198419666374 170255476
1650230 300 0.15665004389815632 169336840
1650530 300 0.15177629499561018 168155736
1650830 300 0.15385285338015806 166449696
1651130 300 0.1522124670763828 167762034
1651430 300 0.16037647058823526 189415608
1651730 300 0.1604238805970149 175767295
1652030 300 0.15354942932396837 168057310
1652330 300 0.1568776119402985 167926077
1652630 300 0.15173836698858648 167926077
1652930 300 0.1538718173836699 167909672
1653230 300 0.15127374890254608 167909672
1653530 300 0.15742756804214222 168319778
1653830 300 0.158356804214223 168057310
1654130 300 0.15552168568920108 167926077
1654430 300 0.15083757682177348 168057310
1654730 300 0.14988937664618085 168040906
1655030 300 0.15606215978928883 168057310
1655330 300 0.15854644424934153 168172140
1655630 300 0.16794310798946444 187742377
1655930 300 0.16722247585601405 181164284
1656230 300 0.15338823529411766 173306661
1656530 300 0.1536537313432836 173159023
1656830 300 0.15262967515364356 173175427
1657130 300 0.1487894644424934 173290257
1657430 300 0.14822054433713783 171075687
1657730 300 0.15490535557506585 174487765
1658030 300 0.17078770851624234 186561273
1658330 300 0.15002212467076384 179737116
1658630 300 0.1453190517998244 174094064
1658930 300 0.1497187006145742 173962830
1659230 300 0.1471964881474978 173831596
1659530 300 0.14984196663740124 172256791
1659830 300 0.15165302897278313 170960857
1660130 300 0.15194697102721685 172634088
1660430 300 0.16031957857769974 181689219
1660730 300 0.1546683055311677 173290257
1661030 300 0.15061949078138717 167762034
1661330 300 0.15193748902546092 167893268
1661630 300 0.14660860403863038 168024502
1661930 300 0.1502307287093942 167876864
1662230 300 0.1508470588235294 167893268
1662530 300 0.1567353819139596 167811247
1662830 300 0.17474170324846353 176341443
1663130 300 0.16966883230904303 180245647
1663430 300 0.1588972783143108 173700363
1663730 300 0.16147638279192272 173159023
1664030 300 0.15924811237928008 170157051
1664330 300 0.1593713784021071 167794843
1664630 300 0.15439332748024584 167663609
1664930 300 0.15371062335381916 167663609
1665230 300 0.17354697102721686 188661013
1665530 300 0.16374258121158908 195731233
1665830 300 0.15588200175592626 172912960
1666130 300 0.15289517120280952 172650492
1666430 300 0.15906795434591747 169763349
1666730 300 0.15501913959613695 169369648
1667030 300 0.1559768217734855 166876206
1667330 300 0.1552467076382792 166482505
1667630 300 0.15523722563652326 166088803
1667930 300 0.16574328358208956 173044194
1668230 300 0.16599929762949958 183542896
1668530 300 0.1601299385425812 171469389
1668830 300 0.1556165057067603 171354559
1669130 300 0.15473467954345918 171338155
1669430 300 0.15680175592625112 169746945
1669730 300 0.15475364354697105 165957570
1670030 300 0.15696294995610183 163316490
1670330 300 0.15681123792800702 163447724
1670630 300 0.16580017559262508 171075687
1670930 300 0.16475715539947325 176325038
1671230 300 0.16057559262510976 171699048
1671530 300 0.155398419666374 170780411
1671830 300 0.15512344161545216 168943138
1672130 300 0.15123582089552237 168811905
1672430 300 0.15631817383669885 164628828
1672730 300 0.15454503950834067 163300086
1673030 300 0.1627564530289728 171174112
1673330 300 0.16408393327480247 185363764
1673630 300 0.15663107989464445 171977919
1673930 300 0.15284776119402987 171846685
1674230 300 0.15741808604038632 171715452
1674530 300 0.15957998244073748 171042879
1674830 300 0.16292712906057943 169090776
1675130 300 0.1634770851624232 168155736
1675430 300 0.16446321334503952 166187229
1675730 300 0.1668526777875329 184838830
1676030 300 0.16000667251975417 177620972
1676330 300 0.1588972783143108 172240387
1676630 300 0.1654398595258999 172240387
1676930 300 0.16551571553994734 168828309
1677230 300 0.16208323090430202 166334867
1677530 300 0.16046180860403864 164628828
1677830 300 0.16227287093942053 163710192
1678130 300 0.1756614574187884 174602595
1678430 300 0.16866374012291485 173815192
1678730 300 0.16616049165935032 171715452
1679030 300 0.16331589113257242 171305346
1679330 300 0.1609548726953468 171567814
1679630 300 0.16232028094820017 171436580
1679930 300 0.16137208077260756 169615711
1680230 300 0.1687111501316945 166712164
1680530 300 0.18068691834942935 188382142
1680830 300 0.1713566286215979 179474649
1681130 300 0.16415978928884986 168451012
1681430 300 0.16346760316066727 168565841
1681730 300 0.2120154521510097 168303373
1682030 300 0.5131543459174714 167794843
1682330 300 0.543032133450395 167384737
1682630 300 0.5448526777875329 167253504
1682930 300 0.5532063213345039 173421491
1683230 300 0.5593980684811238 185380169
1683530 300 0.5610669007901667 180130818
1683830 300 0.5393057067603161 175406402
1684130 300 0.5581748902546092 175521231
1684430 300 0.5467111501316944 173552725
1684730 300 0.5467585601404741 172256791
1685030 300 0.5318338893766462 170304688
1685330 300 0.5439329236172081 169894583
1685630 300 0.5557854258121159 182361792
1685930 300 0.5474697102721685 186183976
1686230 300 0.5270075504828797 175685274
1686530 300 0.5367076382791922 175554040
1686830 300 0.5301271290605795 175685274
1687130 300 0.5318528533801581 175931337
1687430 300 0.5373334503950834 175554040
1687730 300 0.5376084284460052 175554040
1688030 300 0.5476688323090431 181197092
1688330 300 0.5320235294117647 175291572
1688630 300 0.5411452151009657 173323066
1688930 300 0.5363757682177348 173060598
1689230 300 0.5288565408252853 172666897
1689530 300 0.5259929762949956 171600622
1689830 300 0.5407280070237049 171075687
1690130 300 0.5284677787532923 171206921
1690430 300 0.5628305531167691 184724000
1690730 300 0.5419322212467076 178703650
1691030 300 0.5365464442493415 171354559
1691330 300 0.5286669007901668 188283716
1691630 300 0.5256231782265145 175947741
1691930 300 0.524134503950834 175931337
1692230 300 0.5188340649692712 175800103
1692530 300 0.5413158911325724 175800103
1692830 300 0.5570844600526778 187086208
1693130 300 0.537902370500439 173175427
1693430 300 0.5369731343283582 172912960
1693730 300 0.5232337137840211 171092091
1694030 300 0.5295202809482001 170698390
1694330 300 0.5259740122914838 170698390
1694630 300 0.539059174714662 170567156
1694930 300 0.5320709394205443 170304688
1695230 300 0.543563125548727 180934624
1695530 300 0.5259740122914838 180934624
1695830 300 0.518227216856892 169779754
1696130 300 0.526713608428446 167532375
1696430 300 0.52542405618964 167007440
1696730 300 0.5302788410886743 166744972
1697030 300 0.5271971905179982 166613739
1697330 300 0.5418279192273925 166613739
1697630 300 0.5386988586479368 172912960
1697930 300 0.5331234416154522 188004844
1698230 300 0.519640035118525 175275168
1698530 300 0.5272351185250219 175029105
1698830 300 0.5335785776997366 173060598
1699130 300 0.533787181738367 172141962
1699430 300 0.5397608428446006 172404429
1699730 300 0.5310374012291484 172388025
1700030 300 0.5323364354697102 172388025
1700330 300 0.5544484635645303 187742377
1700630 300 0.5371627743634767 176325038
1700930 300 0.5373524143985953 170288284
1701230 300 0.5358921861281826 176193804
1701530 300 0.5385755926251098 169500882
1701830 300 0.5293875329236173 169238414
1702130 300 0.5318433713784021 168975946
1702430 300 0.5350956979806848 165973974
1702730 300 0.5297099209833187 169254819
1703030 300 0.5464646180860403 163874233
1703330 300 0.5395427568042142 163726596
1703630 300 0.5429847234416154 163726596
1703930 300 0.5294349429323969 163726596
1704230 300 0.5269506584723441 163726596
1704530 300 0.5307339771729587 163726596
1704830 300 0.5300133450395083 164120297
1705130 300 0.536100790166813 169500882
1705430 300 0.5445113257243196 181180688
1705730 300 0.5247318700614574 164792870
1706030 300 0.5412589991220368 164661636
1706330 300 0.5192702370500438 164530402
1706630 300 0.5240586479367866 164530402
1706930 300 0.529928007023705 164513998
1707230 300 0.5289703248463564 164513998
1707530 300 0.5163592625109745 164513998
1707830 300 0.5362904302019315 170009413
1708130 300 0.5440087796312554 183034365
1708430 300 0.5334742756804214 178178715
1708730 300 0.5208347673397717 175291572
1709030 300 0.5155058823529411 186840145
1709330 300 0.5196969271290606 175668870
1709630 300 0.5265239683933275 175160338
1709930 300 0.5011122036874451 172912960
1710230 300 0.5184263388937664 173716767
1710530 300 0.5326114135206321 176849973
1710830 300 0.5244663740122915 170567156
1711130 300 0.5228923617208078 168844713
1711430 300 0.5148705882352941 168319778
1711730 300 0.5082142230026339 168319778
1712030 300 0.5136948200175593 167958885
1712330 300 0.5247603160667251 167926077
1712630 300 0.5214036874451273 168861117
1712930 300 0.526969622475856 183182003
1713230 300 0.5076073748902545 174372936
1713530 300 0.5251870061457419 168861117
1713830 300 0.5166342405618964 168598650
1714130 300 0.515145566286216 168598650
1714430 300 0.5145102721685689 167155078
1714730 300 0.5072375768217735 166088803
1715030 300 0.5198012291483758 165973974
1715330 300 0.4908906057945567 165695102
1715630 300 0.52363195785777 165727911
1715930 300 0.5142068481123793 165842740
1716230 300 0.5136568920105355 165842740
1716530 300 0.5161885864793678 165711507
1716830 300 0.5106510974539069 165711507
1717130 300 0.5313977172958736 185002872
1717430 300 0.5144818261633011 181984495
1717730 300 0.520275329236172 176210209
1718030 300 0.5150602282704126 176078975
1718330 300 0.5174212467076382 176226613
1718630 300 0.5071048287971905 176472676
1718930 300 0.5196969271290606 176210209
1719230 300 0.5211192273924494 177260079
1719530 300 0.5223708516242318 191302093
1719830 300 0.5098356453028973 182378196
1720130 300 0.5144249341527656 177260079
1720430 300 0.5270644424934153 176751548
1720730 300 0.5298331870061457 174651808
1721030 300 0.5150886742756804 174783042
1721330 300 0.49522388059701494 174783042
1721630 300 0.5004484635645303 174651808
1721930 300 0.5111157155399473 179113756
1722230 300 0.5172410886742757 189858522
1722530 300 0.4998036874451273 179622287
1722830 300 0.49636172080772606 176341443
1723130 300 0.506147146619842 173323066
1723430 300 0.5075315188762072 169910988
1723730 300 0.5026862159789289 168352586
1724030 300 0.4845566286215979 168204948
1724330 300 0.5121113257243196 169681328
1724630 300 0.5289703248463564 187791589
1724930 300 0.5019466198419665 179113756
1725230 300 0.5123578577699737 174914275
1725530 300 0.5154774363476734 175307976
1725830 300 0.5153446883230904 174520574
1726130 300 0.519128007023705 172814535
1726430 300 0.5153541703248463 172552067
1726730 300 0.5284203687445127 171895898
1727030 300 0.535190517998244 183444471
1727330 300 0.5386230026338894 174520574
1727630 300 0.5036344161545215 167171482
1727930 300 0.5028853380158034 167040249
1728230 300 0.4885580333625988 166777781
1728530 300 0.4919525899912203 166909015
1728830 300 0.4971961369622476 167171482
1729130 300 0.5010458296751535 170058625
1729430 300 0.5175919227392449 185150510
1729730 300 0.5101485513608428 177030420
1730030 300 0.5225604916593504 173224640
1730330 300 0.5161316944688322 178195120
1730630 300 0.5081383669885865 169648520
1730930 300 0.5136663740122914 169533690
1731230 300 0.5085271290605795 168877521
1731530 300 0.5106131694468833 169025160
1731830 300 0.5126517998244073 168729883
1732130 300 0.5094563652326601 166121612
1732430 300 0.5094374012291483 164136701
1732730 300 0.5114949956101843 163234469
1733030 300 0.5073039508340649 163218065
1733330 300 0.5211287093942054 163086831
1733630 300 0.519649517120281 162955597
1733930 300 0.5220389815627744 168073714
1734230 300 0.5286289727831431 168992351
1734530 300 0.5219157155399473 164153106
1734830 300 0.5268842844600526 164021872
1735130 300 0.5135715539947322 164153106
1735430 300 0.5079107989464443 164021872
1735730 300 0.49711079894644417 164021872
1736030 300 0.4909569798068481 164021872
1736330 300 0.520550307287094 171633430
1736630 300 0.5154110623353818 185281744
1736930 300 0.238328007023705 175045509
1737230 300 0.15153924495171203 174930679
1737530 300 0.1487041264266901 174799446
1737830 300 0.1468266900790167 174668212
1738130 300 0.14794556628621597 174126873
1738430 300 0.1491782265144864 172420833
1738730 300 0.1547062335381914 176095379
1739030 300 0.1650036874451273 188825056
1739330 300 0.15026865671641793 180951029
1739630 300 0.1479929762949956 176899186
1739930 300 0.15360632133450397 176636718
1740230 300 0.1480593503072871 175078317
1740530 300 0.1489222124670764 169550094
1740830 300 0.14647585601404742 167187886
1741130 300 0.14463634767339772 167302716
1741430 300 0.15691553994732219 182788302
1741730 300 0.15536997366110625 182000899
1742030 300 0.14734820017559264 175176742
1742330 300 0.1482774363476734 187775185
1742630 300 0.1442001755926251 172568472
1742930 300 0.14482598770851624 169796158
1743230 300 0.1415262510974539 168877521
1743530 300 0.14371659350307286 164546807
1743830 300 0.16348656716417911 178326354
1744130 300 0.15763617208077263 169796158
1744430 300 0.14617243195785776 169812562
1744730 300 0.14391571553994734 178851288
1745030 300 0.14743353819139596 172306004
1745330 300 0.1468266900790167 170731198
1745630 300 0.14237014925373134 166777781
1745930 300 0.14456997366110622 166909015
1746230 300 0.15114100087796312 174947083
1746530 300 0.15207023705004388 170731198
1746830 300 0.1408056189640035 170468731
1747130 300 0.1441622475856014 170337497
1747430 300 0.1421710272168569 169139989
1747730 300 0.14273046532045655 165875549
1748030 300 0.14331834942932395 165498252
1748330 300 0.1458215978928885 165990378
1748630 300 0.1571620719929763 180311264
1748930 300 0.1489222124670764 170977262
1749230 300 0.14740509218612818 165859144
1749530 300 0.14879894644424935 165990378
1749830 300 0.14949113257243196 165859144
1750130 300 0.14653274802458296 166039591
1750430 300 0.14699736611062336 166302058
1750730 300 0.1490739244951712 166449696
1751030 300 0.1548294995610184 172355217
1751330 300 0.16169446883230904 184297490
1751630 300 0.1545545215100966 180229243
1751930 300 0.1468266900790167 174323723
1752230 300 0.14908340649692714 169845370
1752530 300 0.1495480245829675 169861774
1752830 300 0.14651378402107113 169582903
1753130 300 0.14908340649692714 169845370
1753430 300 0.15694398595259 174471361
1753730 300 0.1665587357330992 185626232
1754030 300 0.15456400351185254 176308634
1754330 300 0.14702581211589114 173159023
1754630 300 0.15068586479367868 172765322
1754930 300 0.1437260755048288 172109153
1755230 300 0.1450345917471466 169057968
1755530 300 0.14428551360842845 167909672
1755830 300 0.14731027216856893 168713479
1756130 300 0.1623297629499561 187069804
1756430 300 0.1480972783143108 177752206
1756730 300 0.14437085162423177 171436580
1757030 300 0.14787919227392451 171452984
1757330 300 0.14645689201053555 171436580
1757630 300 0.1511315188762072 170517943
1757930 300 0.15117892888498685 166728568
1758230 300 0.15380544337137841 163825021
1758530 300 0.16031957857769974 184822425
1758830 300 0.15304688323090432 180918220
1759130 300 0.1546019315188762 175143934
1759430 300 0.15182370500438983 174865062
1759730 300 0.15440280948200175 174471361
1760030 300 0.14677928007023705 171584218
1760330 300 0.15050570676031605 168565841
1760630 300 0.15440280948200175 167384737
1760930 300 0.15740860403863038 170534348
1761230 300 0.16333485513608428 174865062
1761530 300 0.1555690956979807 167909672
1761830 300 0.15212712906057943 166466101
1762130 300 0.15368217734855139 166334867
1762430 300 0.1531227392449517 165941166
1762730 300 0.15375803336259877 165678698
1763030 300 0.15618542581211592 165809932
1763330 300 0.1559009657594381 165957570
1763630 300 0.16506057945566285 172502854
1763930 300 0.16160913081650571 188136078
1764230 300 0.1554647936786655 175800103
1764530 300 0.15677330992098332 173848000
1764830 300 0.16383740122914836 172109153
1765130 300 0.1598739244951712 171584218
1765430 300 0.15740860403863038 167007440
1765730 300 0.15063845478489904 165284997
1766030 300 0.15719051799824407 163595362
1766330 300 0.17001018437225637 166220037
1766630 300 0.16949815627743636 190514691
1766930 300 0.17121439859525903 188956290
1767230 300 0.4510756804214222 177145249
1767530 300 0.5189099209833187 177145249
1767830 300 0.5045162423178227 177128845
1768130 300 0.5119975417032484 176882782
1768430 300 0.4963143107989464 176866378
1768730 300 0.5057963125548727 176866378
1769030 300 0.49756593503072866 176751548
1769330 300 0.5032361720807725 182919535
1769630 300 0.5218872695346796 189612458
1769930 300 0.5183978928884986 182132133
1770230 300 0.5019086918349429 173618341
1770530 300 0.5052179104477611 170353902
1770830 300 0.4995476733977173 169943796
1771130 300 0.5027146619841967 169943796
1771430 300 0.49519543459174714 169287627
1771730 300 0.49246461808604036 167302716
1772030 300 0.4874770851624232 167450354
1772330 300 0.49633327480245826 179917563
1772630 300 0.48478419666374006 187397888
1772930 300 0.47706584723441614 178752863
1773230 300 0.47450570676031606 178621629
1773530 300 0.4708741000877963 178490395
1773830 253 0.48222405618964 178227928
1774083 47 0.3566254609306409 178096694
1774130 137 0.34468762071992975 176521889
1774267 3 0.34337910447761194 101062467
1774270 9 0.3415301141352063 101062467
1774279 151 0.35273784021071114 116449627
1774430 300 0.3816200175592625 163989063
1774730 300 0.4426461808604038 171797473
1775030 300 0.45062054433713783 171010070
1775330 300 0.44859139596136965 179392628
1775630 300 0.41914029850746265 168122927
1775930 177 0.43428305531167694 167204290
1776107 123 0.33742440737489027 167204290
1776230 61 0.319977524143986 165645889
1776291 4 0.3252021071115014 95993562
1776295 1 0.3170665496049166 91367572
1776296 8 0.3170665496049166 91367572
1776304 1 0.3170665496049166 91367572
1776305 1 0.3170665496049166 91367572
1776306 224 0.34084741000877966 124963419
1776530 300 0.4125977172958736 160134071
1776830 184 0.4314669007901668 160412943
1777014 116 0.29729657594381037 160281709
1777130 68 0.30052045654082526 158575670
1777198 2 0.314316769095698 85740924
1777200 1 0.2962820017559263 85740924
1777201 10 0.2962820017559263 85740924
1777211 1 0.2962820017559263 85757328
1777212 1 0.2962820017559263 85757328
1777213 210 0.32093520632133454 119992939
1777423 7 0.23188024582967517 119992939
1777430 179 0.30047304653204565 153457552
1777609 4 0.29952484635645305 81935144
1777613 2 0.29764741000877964 81935144
1777615 10 0.29764741000877964 81935144
1777625 105 0.3135961369622476 94057864
1777730 300 0.350955223880597 159166222
1778030 300 0.40175978928884987 167630800
1778330 300 0.379249517120281 155294826
1778630 300 0.3821415276558384 153473957
1778930 300 0.3796477611940299 153703616
1779230 300 0.36658156277436343 153851254
1779530 300 0.3664772607550483 153687211
1779830 300 0.3620017559262511 153818445
1780130 300 0.37616786654960493 159871603
1780430 300 0.37345601404740997 173782384
1780730 300 0.36083546971027214 173782384
1781030 300 0.35008287971905183 166302058
1781330 300 0.3449720807726076 161840110
1781630 300 0.33695978928884984 157771863
1781930 300 0.348641615452151 155015953
1782230 300 0.3423266022827041 155672122
1782530 300 0.3543213345039508 155540889
1782830 300 0.35188446005267776 162627513
1783130 300 0.3477313432835821 171551410
1783430 300 0.34314205443371376 156590759
1783730 300 0.3466503950834065 156590759
1784030 300 0.34298086040386305 156754801
1784330 300 0.3565496049165935 156607163
1784630 300 0.33698823529411764 156607163
1784930 300 0.3355564530289728 156738397
1785230 300 0.34203266022827045 156344695
1785530 300 0.3451996488147498 156475929
1785830 300 0.34155856014047414 156344695
1786130 300 0.338875153643547 156213462
1786430 300 0.3449815627743635 156607163
1786730 300 0.34922949956101845 156607163
1787030 300 0.39467673397717296 156344695
1787330 300 0.3525671641791045 156213462
1787630 300 0.4140389815627744 174454957
1787930 300 0.36533942054433716 184166256
1788230 300 0.3503957857769974 173388682
1788530 300 0.3274019315188762 170386710
1788830 300 0.3345134328358209 170239072
1789130 300 0.3264916593503073 168795500
1789430 300 0.3246237050043898 164874891
1789730 300 0.3231160667251976 162381450
1790030 300 0.32193081650570676 162496279
1790330 300 0.33066374012291483 179556670
1790630 300 0.32353327480245825 177194462
1790930 300 0.3184698858647937 169714137
1791230 300 0.32854925373134325 169599307
1791530 300 0.33403933274802455 174176085
1791830 300 0.3228410886742757 165645889
1792130 300 0.32436769095697976 159346668
1792430 300 0.3300094820017559 158706904
1792730 300 0.3357650570676032 159363072
1793030 300 0.316753643546971 169205606
1793330 300 0.32145671641791046 166974631
1793630 300 0.31259104477611943 163825021
1793930 300 0.22785039508340654 84051288
1794230 69 0.2332456540825285 84051288
1794299 231 0.2985197541703249 163152448
1794530 107 0.21486005267778752 81820314
1794637 193 0.3031469710272168 163152448
1794830 300 0.30878876207199296 159740370
1795130 300 0.3037253731343284 159330264
1795430 300 0.32635891132572437 173388682
1795730 300 0.31757857769973663 191876241
1796030 300 0.30474942932396837 176685931
1796330 300 0.30657945566286215 175357189
1796630 300 0.3156063213345039 173405086
1796930 300 0.3164312554872695 171567814
1797230 300 0.32071712028094823 170124242
1797530 300 0.33095768217734856 165006125
1797830 300 0.321390342405619 163710192
1798130 300 0.3200154521510096 164103893
1798430 300 0.32161791044776117 185888700
1798730 300 0.35598068481123796 177210866
1799030 131 0.19075680421422303 88464024
1799161 169 0.23621352063213344 171059283
1799330 300 0.1702377524143986 180754178
1799630 300 0.15955153643546974 174454957
1799930 300 0.15368217734855139 171436580
1800230 300 0.15384337137840212 165793528
1800530 300 0.14951957857769974 159740370
1800830 300 0.15787322212467078 163546149
1801130 282 0.10933485513608428 88939747
1801412 18 0.16174187884108868 168926734
1801430 300 0.15097980684811238 166302058
1801730 300 0.14145039508340648 166433292
1802030 300 0.14569833187006145 162250216
1802330 300 0.14243652326602282 159740370
1802630 300 0.1419244951712028 159609136
1802930 300 0.13954451273046534 159494306
1803230 300 0.1338647936786655 159510711
1803530 300 0.13930746268656716 159888007
1803830 300 0.14176330114135205 177719397
1804130 300 0.13840667251975416 166695760
1804430 300 0.13662405618964005 166712164
1804730 300 0.13560948200175593 166318463
1805030 300 0.1325942054433714 161741685
1805330 300 0.14634310798946443 166991036
1805630 300 0.14435188762071993 172634088
1805930 300 0.13425355575065848 167237099
1806230 300 0.12832730465320455 165006125
1806530 300 0.13824547848990343 164218722
1806830 300 0.13176927129060578 163054023
1807130 300 0.12973064091308165 160954282
1807430 300 0.13175030728709394 160970686
1807730 300 0.13037541703248465 160429347
1808030 300 0.13587497805092186 160839453
1808330 300 0.13688955223880597 163332894
1808630 300 0.14821106233538192 168975946
1808930 300 0.1426451273046532 160954282
1809230 300 0.13918419666374013 160823048
1809530 300 0.14009446883230903 173552725
1809830 300 0.1429675153643547 160560581
1810130 300 0.14050219490781388 160183284
1810430 300 0.13534398595259 159920816
1810730 300 0.1315511852502195 159625540
1811030 300 0.13414925373134326 159494306
1811330 300 0.13344758560140474 159477902
1811630 300 0.14391571553994734 170386710
1811930 300 0.14609657594381037 160937878
1812230 300 0.13655768217734854 160134071
1812530 300 0.13523020193151888 159740370
1812830 300 0.14010395083406496 159477902
1813130 300 0.13416821773485513 159346668
1813430 300 0.1385963125548727 159477902
1813730 300 0.13439578577699737 159494306
1814030 300 0.13348551360842845 159346668
1814330 300 0.13777137840210713 159740370
1814630 300 0.13932642669007902 160281709
1814930 300 0.15123582089552237 175767295
1815230 300 0.14630517998244075 165153763
1815530 300 0.1381980684811238 160150475
1815830 300 0.1379799824407375 159888007
1816130 300 0.137657594381036 160150475
1816430 300 0.13375100965759437 159871603
1816730 300 0.13083055311676908 159756774
1817030 300 0.134699209833187 159625540
1817330 300 0.130716769095698 159494306
1817630 300 0.13352344161545215 159363072
1817930 300 0.1392126426690079 176160996
1818230 300 0.12976856892010535 165924762
1818530 300 0.1275782265144864 159494306
1818830 300 0.12788165057067605 159756774
1819130 300 0.12363371378402108 159888007
1819430 300 0.12238208955223881 159773178
1819730 300 0.12172783143107989 159740370
1820030 300 0.12180368744512732 159740370
1820330 300 0.1169963125548727 159494306
1820630 300 0.12323546971027217 160412943
1820930 300 0.12825144863915716 168057310
1821230 300 0.11510939420544337 162643917
1821530 300 0.11399051799824408 159494306
1821830 300 0.11553608428446005 159477902
1822130 300 0.11413274802458297 159330264
1822430 300 0.11528955223880596 159740370
1822730 300 0.11643687445127304 159461498
1823030 300 0.1133457418788411 159346668
1823330 300 0.1132414398595259 159510711
1823630 300 0.11070026338893765 159510711
1823930 300 0.11251132572431959 159379477
1824230 300 0.11913924495171203 174340128
1824530 300 0.11443617208077261 170534348
1824830 300 0.11033994732221247 159773178
1825130 300 0.11187603160667252 159641944
1825430 300 0.10997963125548728 159494306
1825730 300 0.11080456540825286 159264647
1826030 300 0.11047269534679545 159395881
1826330 300 0.1072393327480246 159264647
1826630 300 0.10880386303775243 159264647
1826930 300 0.1102451273046532 161118324
1827230 300 0.12079859525899912 181984495
1827530 300 0.11133555750658472 169910988
1827830 300 0.10726777875329237 160330921
1828130 300 0.11084249341527656 160183284
1828430 300 0.10706865671641791 160183284
1828730 300 0.10753327480245829 160068454
1829030 300 0.10800737489025461 159937220
1829330 300 0.10515329236172082 159674753
1829630 300 0.1086521510096576 160052050
1829930 300 0.10625320456540825 160281709
1830230 300 0.10752379280070237 160035646
1830530 300 0.11838068481123792 173323066
1830830 300 0.11654117647058823 175422806
1831130 300 0.10719192273924495 160183284
1831430 300 0.10830131694468832 160330921
1831730 300 0.11016927129060579 160314517
1832030 300 0.10403441615452151 159674753
1832330 300 0.10359824407374892 159674753
1832630 300 0.10960035118525023 159543519
1832930 300 0.10687901668129939 159395881
1833230 300 0.1129569798068481 163726596
1833530 300 0.12116839332748025 169878179
1833830 300 0.10783669885864794 160839453
1834130 300 0.10420509218612818 160823048
1834430 300 0.10993222124670765 160314517
1834730 300 0.1333622475856014 160052050
1835030 300 0.10169236172080773 160314517
1835330 300 0.11289060579455663 160183284
1835630 300 0.11429394205443372 160199688
1835930 300 0.1110036874451273 160298113
1836230 300 0.11608604038630377 160462155
1836530 300 0.12079859525899912 178572417
1836830 300 0.11917717295873574 181033050
1837130 300 0.11336470588235292 173421491
1837430 300 0.11508094820017559 173323066
1837730 300 0.11441720807726075 166498909
1838030 300 0.11221738366988587 161905727
1838330 300 0.11565935030728708 160199688
1838630 300 0.11398103599648815 160593389
1838930 300 0.1145784021071115 160593389
1839230 300 0.1145784021071115 160593389
1839530 300 0.110529587357331 160593389
1839830 300 0.1241172958735733 173060598
1840130 300 0.12152870939420544 188267312
1840430 300 0.12076066725197543 181705623
1840730 300 0.11737559262510974 173700363
1841030 300 0.11866514486391572 171748260
1841330 300 0.11614293239683934 168336182
1841630 300 0.1176410886742757 163332894
1841930 300 0.11390517998244072 160330921
1842230 300 0.12209762949956103 160330921
1842530 300 0.11672133450395084 160330921
1842830 300 0.11915820895522387 160462155
1843130 300 0.1257387181738367 176062570
1843430 300 0.11882633889376645 166367676
1843730 300 0.11541281826163301 160708219
1844030 300 0.1196702370500439 160970686
1844330 300 0.11978402107111501 160970686
1844630 300 0.11648428446005268 160839453
1844930 300 0.11688252853380159 160855857
1845230 300 0.11904442493415276 160839453
1845530 300 0.11708165057067603 160855857
1845830 300 0.1203244951712028 162693130
1846130 300 0.13212010535557506 174635403
1846430 300 0.118115188762072 166351271
1846730 300 0.11626619841966639 161233154
1847030 300 0.11746093064091308 160987090
1847330 300 0.11778331870061456 160970686
1847630 300 0.11709113257243196 161364388
1847930 300 0.11726180860403863 161101920
1848230 300 0.11575417032484636 161118324
1848530 300 0.12048568920105356 161364388
1848830 300 0.11697734855136085 160987090
1849130 300 0.13078314310798947 177538951
1849430 300 0.12009692712906059 173569129
1849730 300 0.11563090430201932 173601937
1850030 300 0.11755575065847235 171469389
1850330 300 0.11496716417910448 163743000
1850630 300 0.11803933274802458 160724623
1850930 300 0.11971764705882354 160741027
1851230 300 0.11835223880597016 161265962
1851530 300 0.12019174714661983 161397196
1851830 300 0.12073222124670764 161134728
1852130 300 0.13835926251097455 172158366
1852430 300 0.1253025460930641 172158366
1852730 300 0.12694293239683932 161134728
1853030 300 0.12827989464442494 161249558
1853330 300 0.12553959613696225 161265962
1853630 300 0.12496119402985074 161265962
1853930 300 0.12329236172080772 161659663
1854230 300 0.12229675153643547 161397196
1854530 300 0.11842809482001757 161265962
1854830 300 0.12191747146619841 162168195
1855130 300 0.13399754170324846 175947741
1855430 300 0.12092186128182617 164792870
1855730 300 0.11759367866549605 161512026
1856030 300 0.11697734855136085 161512026
1856330 300 0.117214398595259 161512026
1856630 300 0.12138647936786656 161905727
1856930 300 0.12214503950834066 161922131
1857230 300 0.11586795434591746 161790897
1857530 300 0.11704372256365232 161922131
1857830 300 0.11507146619841965 161922131
1858130 300 0.12831782265144862 176095379
1858430 300 0.1254921861281826 167302716
1858730 300 0.11941422300263388 162315832
1859030 300 0.1233492537313433 162184599
1859330 300 0.12182265144863914 162447066
1859630 300 0.12042879719051801 162463470
1859930 300 0.11803933274802458 162447066
1860230 300 0.11999262510974538 161922131
1860530 300 0.12094082528533802 161922131
1860830 300 0.12480948200175593 161922131
1861130 300 0.1389281826163301 175045509
1861430 300 0.13016681299385427 173077002
1861730 300 0.12362423178226514 163234469
1862030 300 0.12901000877963126 163513341
1862330 300 0.13118138718173836 162725938
1862630 300 0.13016681299385427 162201003
1862930 300 0.12833678665496048 162857172
1863230 300 0.12998665496049167 163250873
1863530 300 0.1304797190517998 162840768
1863830 300 0.12528358208955223 162463470
1864130 300 0.1279859525899912 165104550
1864430 300 0.13901352063213346 175882124
1864730 300 0.12897208077260755 165891953
1865030 300 0.12470517998244074 163136044
1865330 300 0.12505601404741 162988405
1865630 300 0.12708516242317822 162988405
1865930 300 0.1334286215978929 163103235
1866230 300 0.1327459174714662 163250873
1866530 300 0.12448709394205444 162972001
1866830 300 0.12507497805092185 162578300
1867130 300 0.1251603160667252 162184599
1867430 300 0.14145987708516242 179769925
1867730 300 0.12975908691834945 179507457
1868030 300 0.1254542581211589 163365703
1868330 300 0.12070377524143985 163103235
1868630 300 0.11955645302897279 163103235
1868930 300 0.1229604916593503 162972001
1869230 300 0.12503705004389815 163234469
1869530 300 0.12257172958735733 163103235
1869830 300 0.12116839332748025 162709534
1870130 300 0.12771097453906935 162972001
1870430 300 0.12889622475856014 164431977
1870730 300 0.1765148375768218 182279771
1871030 300 0.17885689201053556 180836199
1871330 300 0.14721545215100967 175865720
1871630 300 0.13429148375768218 175718082
1871930 300 0.22354556628621597 173487108
1872230 300 0.27471992976294995 165219380
1872530 300 0.2554809482001756 163119639
1872830 300 0.26995048287971907 163644574
1873130 300 0.2592453028972783 163759404
1873430 300 0.23798665496049165 163365703
1873730 300 0.27376224758560147 169927392
1874030 300 0.28631641791044776 186479252
1874330 300 0.2748052677787533 179507457
1874630 300 0.27630342405618963 177555355
1874930 300 0.18423318700614574 177424121
1875230 300 0.1698774363476734 172945768
1875530 300 0.1980674275680421 169271223
1875830 300 0.23183283582089553 164825679
1876130 300 0.2570265144863916 164678040
1876430 300 0.26818683055311676 165219380
1876730 300 0.28258050921861283 165727911
1877030 300 0.2742837576821774 165465443
1877330 300 0.27761194029850744 170714794
1877630 300 0.2746345917471466 184904446
1877930 300 0.27715680421422295 175586848
1878230 300 0.25604986830553117 174536978
1878530 300 0.16589499561018436 172322408
1878830 300 0.1937057067603161 170862432
1879130 300 0.20424021071115014 168516628
1879430 300 0.2505692712906058 166941823
1879730 300 0.26387251975417036 164563211
1880030 300 0.2629906935908692 164956912
1880330 300 0.2622605794556629 164842083
1880630 300 0.27809552238805973 181098667
1880930 300 0.2768818261633011 186758124
1881230 300 0.26098999122036876 177949056
1881530 300 0.27063318700614575 177686589
1881830 300 0.25881861281826163 177817822
1882130 300 0.2600702370500439 177834226
1882430 300 0.26391044776119404 176374251
1882730 300 0.2672860403863038 169943796
1883030 300 0.26059174714661987 168795500
1883330 300 0.269049692712906 168664266
1883630 300 0.27848428446005263 174799446
1883930 300 0.2828744512730465 183838172
1884230 300 0.27540263388937664 169681328
1884530 300 0.26766532045654085 169664924
1884830 300 0.2604684811237928 177949056
1885130 300 0.26243125548726953 172568472
1885430 300 0.2049134328358209 178736459
1885730 300 0.14269253731343284 179917563
1886030 300 0.13871009657594383 171108496
1886330 300 0.13414925373134326 169139989
1886630 300 0.13165548726953466 165596677
1886930 300 0.1299297629499561 164809274
1887230 300 0.12665847234416153 164940508
1887530 300 0.1315227392449517 164940508
1887830 300 0.1341208077260755 169008755
1888130 300 0.1307926251097454 172453642
1888430 300 0.1268670763827919 170616369
1888730 300 0.12189850746268655 170353902
1889030 300 0.12463880597014926 168401799
1889330 300 0.11748937664618085 164579615
1889630 300 0.12085548726953468 164317147
1889930 300 0.12327339771729585 164448381
1890230 300 0.11675926251097454 164448381
1890530 300 0.11855136084284461 163907042
1890830 300 0.12590939420544336 164579615
1891130 300 0.1281661106233538 184133448
1891430 300 0.12600421422300265 189497629
1891730 300 0.1209028972783143 177588163
1892030 300 0.12381387181738367 175472019
1892330 300 0.11784021071115014 170337497
1892630 28 0.1239655838454785 165891953
1892658 1 0.12486637401229148 163300086
1892659 4 0.09450500438981563 161725281
1892663 3 0.09582300263388938 156311887
1892666 1 0.0928361720807726 156311887
1892667 8 0.0928361720807726 156311887
1892675 1 0.0928361720807726 156311887
1892676 168 0.09419209833187006 163972659
1892844 5 0.09216294995610184 91269146
1892849 8 0.09091132572431958 91269146
1892857 73 0.10553257243195786 104261290
1892930 300 0.0984305531167691 143204914
1893230 300 0.1261369622475856 159674753
1893530 300 0.12127269534679544 160347326
1893830 300 0.1271894644424934 163759404
1894130 300 0.13481299385425813 174110468
1894430 300 0.12462932396839332 168746287
1894730 9 0.1226286215978929 168500224
1894739 6 0.09389815627743635 164481190
1894745 3 0.09442914837576823 159067797
1894748 2 0.09240948200175593 159067797
1894750 10 0.09240948200175593 159067797
1894760 165 0.09370851624231781 166810590
1894925 6 0.09161299385425813 93188440
1894931 9 0.09098718173836699 93188440
1894940 90 0.10714451273046534 105114310
1895030 300 0.10539034240561897 174717424
1895330 300 0.11581106233538192 159707561
1895630 297 0.11644635645302896 156443121
1895927 3 0.0966953467954346 156443121
1895930 3 0.08980193151887621 148323031
1895933 2 0.08947006145741879 147125523
1895935 1 0.08732712906057946 147125523
1895936 7 0.08732712906057946 147125523
1895943 1 0.08732712906057946 147125523
1895944 168 0.08861668129938542 154983145
1896112 3 0.086871992976295 86479113
1896115 1 0.08568674275680423 86479113
1896116 8 0.08568674275680423 86479113
1896124 1 0.08568674275680423 86495518
1896125 105 0.0984305531167691 101193700
1896230 300 0.10298191395961372 151341408
1896530 300 0.11451202809482003 156426717
1896830 300 0.11984091308165057 158378819
1897130 300 0.1289910447761194 176374251
1897430 300 0.1253025460930641 161151133
1897730 300 0.12031501316944689 161052708
1898030 300 0.11784021071115014 160265305
1898330 253 0.11937629499561019 157657033
1898583 5 0.08991571553994732 154737082
1898588 4 0.0896881474978051 149405710
1898592 9 0.08841755926251096 149405710
1898601 29 0.09386971027216857 155868973
1898630 139 0.08773485513608428 154540231
1898769 4 0.08624618086040386 86823602
1898773 14 0.08533590869183494 86823602
1898787 143 0.11256821773485513 100832808
1898930 300 0.10172080772607552 151669492
1899230 300 0.11736611062335381 156131441
1899530 300 0.11817208077260755 155606506
1899830 300 0.1140758560140474 156000207
1900130 300 0.11269148375768218 155868973
1900430 300 0.11810570676031606 155885377
1900730 254 0.1319494293239684 172945768
1900984 6 0.09896154521510096 182558643
1900990 3 0.10050711150131694 177817822
1900993 12 0.0970935908691835 177817822
1901005 25 0.10274486391571554 184297490
1901030 137 0.0883511852502195 168811905
1901167 1 0.16366672519754172 92565080
1901168 4 0.08599016681299386 92565080
1901172 3 0.08599016681299386 92565080
1901175 155 0.09801334503950834 117499497
1901330 22 0.11365864793678665 153736424
1901352 6 0.08598068481123794 148634711
1901358 4 0.08555399473222125 144238380
1901362 1 0.08394205443371379 144238380
1901363 11 0.08394205443371379 144238380
1901374 164 0.08505144863915716 151751514
1901538 8 0.0823206321334504 78391832
1901546 7 0.0823206321334504 78391832
1901553 1 0.0823206321334504 78391832
1901554 76 0.09832625109745391 90006021
1901630 300 0.09751079894644425 138021180
1901930 300 0.1153369622475856 147453607
1902230 300 0.1157352063213345 147502820
1902530 300 0.11830482879719052 148158989
1902830 300 0.11415171202809482 148437861
1903130 300 0.11413274802458297 148585498
1903430 300 0.1129474978050922 148716732
1903730 300 0.11973661106233537 156065824
1904030 300 0.12510342405618965 175882124
1904330 300 0.11485338015803336 166187229
1904630 300 0.11301387181738368 164760061
1904930 300 0.11344056189640037 158362415
1905230 300 0.11564986830553117 154277764
1905530 300 0.11360175592625109 150504793
1905830 300 0.10927796312554873 150389963
1906130 300 0.11501457418788412 150914898
1906430 300 0.11652221246707639 150652431
1906730 300 0.1197081650570676 150652431
1907030 300 0.12394661984196664 153802041
1907330 300 0.12644986830553115 168106523
1907630 300 0.11753678665496048 168221352
1907930 300 0.11676874451273048 165334209
1908230 300 0.11830482879719052 154310572
1908530 300 0.1151188762071993 151062536
1908830 300 0.11729973661106234 151571067
1909130 300 0.10920210711150131 151718705
1909430 300 0.11309920983318701 151472641
1909730 300 0.11103213345039507 151357812
1910030 300 0.11816259877085161 153063851
1910330 300 0.12585250219490782 166580930
1910630 300 0.1196702370500439 166433292
1910930 300 0.11267251975417032 152784979
1911230 300 0.11665496049165934 152391278
1911530 300 0.11110798946444249 151603875
1911830 300 0.11776435469710272 151357812
1912130 300 0.11536540825285338 151374216
1912430 300 0.1153369622475856 152178023
1912730 300 0.11521369622475856 152571724
1913030 300 0.11568779631255487 153211489
1913330 300 0.12529306409130817 175652465
1913630 300 0.12557752414398596 174865062
1913930 300 0.11507146619841965 162791555
1914230 300 0.11814363476733979 159773178
1914530 300 0.12022967515364355 157542204
1914830 300 0.11946163301141352 155573697
1915130 300 0.11697734855136085 152949022
1915430 300 0.11565935030728708 152834192
