732961 300 0.5023827919227392 173142619
733261 300 0.5114570676031607 172486450
733561 300 0.30931975417032487 170403114
733861 300 0.266100790166813 169878179
734161 300 0.2106310798946444 167499567
734461 300 0.17477014925373133 182607855
734761 300 0.1612488147497805 181672815
735061 300 0.1551708516242318 172355217
735361 300 0.15826198419666374 170255476
735661 300 0.15665004389815632 169336840
735961 300 0.15177629499561018 168155736
736261 300 0.15385285338015806 166449696
736561 300 0.1522124670763828 167762034
736861 300 0.16037647058823526 189415608
737161 300 0.1604238805970149 175767295
737461 300 0.15354942932396837 168057310
737761 300 0.1568776119402985 167926077
738061 300 0.15173836698858648 167926077
738361 300 0.1538718173836699 167909672
738661 300 0.15127374890254608 167909672
738961 300 0.15742756804214222 168319778
739261 300 0.158356804214223 168057310
739561 300 0.15552168568920108 167926077
739861 300 0.15083757682177348 168057310
740161 300 0.14988937664618085 168040906
740461 300 0.15606215978928883 168057310
740761 300 0.15854644424934153 168172140
741061 300 0.16794310798946444 187742377
741361 300 0.16722247585601405 181164284
741661 300 0.15338823529411766 173306661
741961 300 0.1536537313432836 173159023
742261 300 0.15262967515364356 173175427
742561 300 0.1487894644424934 173290257
742861 300 0.14822054433713783 171075687
743161 300 0.15490535557506585 174487765
743461 300 0.17078770851624234 186561273
743761 300 0.15002212467076384 179737116
744061 300 0.1453190517998244 174094064
744361 300 0.1497187006145742 173962830
744661 300 0.1471964881474978 173831596
744961 300 0.14984196663740124 172256791
745261 300 0.15165302897278313 170960857
745561 300 0.15194697102721685 172634088
745861 300 0.16031957857769974 181689219
746161 300 0.1546683055311677 173290257
746461 300 0.15061949078138717 167762034
746761 300 0.15193748902546092 167893268
747061 300 0.14660860403863038 168024502
747361 300 0.1502307287093942 167876864
747661 300 0.1508470588235294 167893268
747961 300 0.1567353819139596 167811247
748261 300 0.17474170324846353 176341443
748561 300 0.16966883230904303 180245647
748861 300 0.1588972783143108 173700363
749161 300 0.16147638279192272 173159023
749461 300 0.15924811237928008 170157051
749761 300 0.1593713784021071 167794843
750061 300 0.15439332748024584 167663609
750361 300 0.15371062335381916 167663609
750661 300 0.17354697102721686 188661013
750961 300 0.16374258121158908 195731233
751261 300 0.15588200175592626 172912960
751561 300 0.15289517120280952 172650492
751861 300 0.15906795434591747 169763349
752161 300 0.15501913959613695 169369648
752461 300 0.1559768217734855 166876206
752761 300 0.1552467076382792 166482505
753061 300 0.15523722563652326 166088803
753361 300 0.16574328358208956 173044194
753661 300 0.16599929762949958 183542896
753961 300 0.1601299385425812 171469389
754261 300 0.1556165057067603 171354559
754561 300 0.15473467954345918 171338155
754861 300 0.15680175592625112 169746945
755161 300 0.15475364354697105 165957570
755461 300 0.15696294995610183 163316490
755761 300 0.15681123792800702 163447724
756061 300 0.16580017559262508 171075687
756361 300 0.16475715539947325 176325038
756661 300 0.16057559262510976 171699048
756961 300 0.155398419666374 170780411
757261 300 0.15512344161545216 168943138
757561 300 0.15123582089552237 168811905
757861 300 0.15631817383669885 164628828
758161 300 0.15454503950834067 163300086
758461 300 0.1627564530289728 171174112
758761 300 0.16408393327480247 185363764
759061 300 0.15663107989464445 171977919
759361 300 0.15284776119402987 171846685
759661 300 0.15741808604038632 171715452
759961 300 0.15957998244073748 171042879
760261 300 0.16292712906057943 169090776
760561 300 0.1634770851624232 168155736
760861 300 0.16446321334503952 166187229
761161 300 0.1668526777875329 184838830
761461 300 0.16000667251975417 177620972
761761 300 0.1588972783143108 172240387
762061 300 0.1654398595258999 172240387
762361 300 0.16551571553994734 168828309
762661 300 0.16208323090430202 166334867
762961 300 0.16046180860403864 164628828
763261 300 0.16227287093942053 163710192
763561 300 0.1756614574187884 174602595
763861 300 0.16866374012291485 173815192
764161 300 0.16616049165935032 171715452
764461 300 0.16331589113257242 171305346
764761 300 0.1609548726953468 171567814
765061 300 0.16232028094820017 171436580
765361 300 0.16137208077260756 169615711
765661 300 0.1687111501316945 166712164
765961 300 0.18068691834942935 188382142
766261 300 0.1713566286215979 179474649
766561 300 0.16415978928884986 168451012
766861 300 0.16346760316066727 168565841
767161 300 0.2120154521510097 168303373
767461 300 0.5131543459174714 167794843
767761 300 0.543032133450395 167384737
768061 300 0.5448526777875329 167253504
768361 300 0.5532063213345039 173421491
768661 300 0.5593980684811238 185380169
768961 300 0.5610669007901667 180130818
769261 300 0.5393057067603161 175406402
769561 300 0.5581748902546092 175521231
769861 300 0.5467111501316944 173552725
770161 300 0.5467585601404741 172256791
770461 300 0.5318338893766462 170304688
770761 300 0.5439329236172081 169894583
771061 300 0.5557854258121159 182361792
771361 300 0.5474697102721685 186183976
771661 300 0.5270075504828797 175685274
771961 300 0.5367076382791922 175554040
772261 300 0.5301271290605795 175685274
772561 300 0.5318528533801581 175931337
772861 300 0.5373334503950834 175554040
773161 300 0.5376084284460052 175554040
773461 300 0.5476688323090431 181197092
773761 300 0.5320235294117647 175291572
774061 300 0.5411452151009657 173323066
774361 300 0.5363757682177348 173060598
774661 300 0.5288565408252853 172666897
774961 300 0.5259929762949956 171600622
775261 300 0.5407280070237049 171075687
775561 300 0.5284677787532923 171206921
775861 300 0.5628305531167691 184724000
776161 300 0.5419322212467076 178703650
776461 300 0.5365464442493415 171354559
776761 300 0.5286669007901668 188283716
777061 300 0.5256231782265145 175947741
777361 300 0.524134503950834 175931337
777661 300 0.5188340649692712 175800103
777961 300 0.5413158911325724 175800103
778261 300 0.5570844600526778 187086208
778561 300 0.537902370500439 173175427
778861 300 0.5369731343283582 172912960
779161 300 0.5232337137840211 171092091
779461 300 0.5295202809482001 170698390
779761 300 0.5259740122914838 170698390
780061 300 0.539059174714662 170567156
780361 300 0.5320709394205443 170304688
780661 300 0.543563125548727 180934624
780961 300 0.5259740122914838 180934624
781261 300 0.518227216856892 169779754
781561 300 0.526713608428446 167532375
781861 300 0.52542405618964 167007440
782161 300 0.5302788410886743 166744972
782461 300 0.5271971905179982 166613739
782761 300 0.5418279192273925 166613739
783061 300 0.5386988586479368 172912960
783361 300 0.5331234416154522 188004844
783661 300 0.519640035118525 175275168
783961 300 0.5272351185250219 175029105
784261 300 0.5335785776997366 173060598
784561 300 0.533787181738367 172141962
784861 300 0.5397608428446006 172404429
785161 300 0.5310374012291484 172388025
785461 300 0.5323364354697102 172388025
785761 300 0.5544484635645303 187742377
786061 300 0.5371627743634767 176325038
786361 300 0.5373524143985953 170288284
786661 300 0.5358921861281826 176193804
786961 300 0.5385755926251098 169500882
787261 300 0.5293875329236173 169238414
787561 300 0.5318433713784021 168975946
787861 300 0.5350956979806848 165973974
788161 300 0.5297099209833187 169254819
788461 300 0.5464646180860403 163874233
788761 300 0.5395427568042142 163726596
789061 300 0.5429847234416154 163726596
789361 300 0.5294349429323969 163726596
789661 300 0.5269506584723441 163726596
789961 300 0.5307339771729587 163726596
790261 300 0.5300133450395083 164120297
790561 300 0.536100790166813 169500882
790861 300 0.5445113257243196 181180688
791161 300 0.5247318700614574 164792870
791461 300 0.5412589991220368 164661636
791761 300 0.5192702370500438 164530402
792061 300 0.5240586479367866 164530402
792361 300 0.529928007023705 164513998
792661 300 0.5289703248463564 164513998
792961 300 0.5163592625109745 164513998
793261 300 0.5362904302019315 170009413
793561 300 0.5440087796312554 183034365
793861 300 0.5334742756804214 178178715
794161 300 0.5208347673397717 175291572
794461 300 0.5155058823529411 186840145
794761 300 0.5196969271290606 175668870
795061 300 0.5265239683933275 175160338
795361 300 0.5011122036874451 172912960
795661 300 0.5184263388937664 173716767
795961 300 0.5326114135206321 176849973
796261 300 0.5244663740122915 170567156
796561 300 0.5228923617208078 168844713
796861 300 0.5148705882352941 168319778
797161 300 0.5082142230026339 168319778
797461 300 0.5136948200175593 167958885
797761 300 0.5247603160667251 167926077
798061 300 0.5214036874451273 168861117
798361 300 0.526969622475856 183182003
798661 300 0.5076073748902545 174372936
798961 300 0.5251870061457419 168861117
799261 300 0.5166342405618964 168598650
799561 300 0.515145566286216 168598650
799861 300 0.5145102721685689 167155078
800161 300 0.5072375768217735 166088803
800461 300 0.5198012291483758 165973974
800761 300 0.4908906057945567 165695102
801061 300 0.52363195785777 165727911
801361 300 0.5142068481123793 165842740
801661 300 0.5136568920105355 165842740
801961 300 0.5161885864793678 165711507
802261 300 0.5106510974539069 165711507
802561 300 0.5313977172958736 185002872
802861 300 0.5144818261633011 181984495
803161 300 0.520275329236172 176210209
803461 300 0.5150602282704126 176078975
803761 300 0.5174212467076382 176226613
804061 300 0.5071048287971905 176472676
804361 300 0.5196969271290606 176210209
804661 300 0.5211192273924494 177260079
804961 300 0.5223708516242318 191302093
805261 300 0.5098356453028973 182378196
805561 300 0.5144249341527656 177260079
805861 300 0.5270644424934153 176751548
806161 300 0.5298331870061457 174651808
806461 300 0.5150886742756804 174783042
806761 300 0.49522388059701494 174783042
807061 300 0.5004484635645303 174651808
807361 300 0.5111157155399473 179113756
807661 300 0.5172410886742757 189858522
807961 300 0.4998036874451273 179622287
808261 300 0.49636172080772606 176341443
808561 300 0.506147146619842 173323066
808861 300 0.5075315188762072 169910988
809161 300 0.5026862159789289 168352586
809461 300 0.4845566286215979 168204948
809761 300 0.5121113257243196 169681328
810061 300 0.5289703248463564 187791589
810361 300 0.5019466198419665 179113756
810661 300 0.5123578577699737 174914275
810961 300 0.5154774363476734 175307976
811261 300 0.5153446883230904 174520574
811561 300 0.519128007023705 172814535
811861 300 0.5153541703248463 172552067
812161 300 0.5284203687445127 171895898
812461 300 0.535190517998244 183444471
812761 300 0.5386230026338894 174520574
813061 300 0.5036344161545215 167171482
813361 300 0.5028853380158034 167040249
813661 300 0.4885580333625988 166777781
813961 300 0.4919525899912203 166909015
814261 300 0.4971961369622476 167171482
814561 300 0.5010458296751535 170058625
814861 300 0.5175919227392449 185150510
815161 300 0.5101485513608428 177030420
815461 300 0.5225604916593504 173224640
815761 300 0.5161316944688322 178195120
816061 300 0.5081383669885865 169648520
816361 300 0.5136663740122914 169533690
816661 300 0.5085271290605795 168877521
816961 300 0.5106131694468833 169025160
817261 300 0.5126517998244073 168729883
817561 300 0.5094563652326601 166121612
817861 300 0.5094374012291483 164136701
818161 300 0.5114949956101843 163234469
818461 300 0.5073039508340649 163218065
818761 300 0.5211287093942054 163086831
819061 300 0.519649517120281 162955597
819361 300 0.5220389815627744 168073714
819661 300 0.5286289727831431 168992351
819961 300 0.5219157155399473 164153106
820261 300 0.5268842844600526 164021872
820561 300 0.5135715539947322 164153106
820861 300 0.5079107989464443 164021872
821161 300 0.49711079894644417 164021872
821461 300 0.4909569798068481 164021872
821761 300 0.520550307287094 171633430
822061 300 0.5154110623353818 185281744
822361 300 0.238328007023705 175045509
822661 300 0.15153924495171203 174930679
822961 300 0.1487041264266901 174799446
823261 300 0.1468266900790167 174668212
823561 300 0.14794556628621597 174126873
823861 300 0.1491782265144864 172420833
824161 300 0.1547062335381914 176095379
824461 300 0.1650036874451273 188825056
824761 300 0.15026865671641793 180951029
825061 300 0.1479929762949956 176899186
825361 300 0.15360632133450397 176636718
825661 300 0.1480593503072871 175078317
825961 300 0.1489222124670764 169550094
826261 300 0.14647585601404742 167187886
826561 300 0.14463634767339772 167302716
826861 300 0.15691553994732219 182788302
827161 300 0.15536997366110625 182000899
827461 300 0.14734820017559264 175176742
827761 300 0.1482774363476734 187775185
828061 300 0.1442001755926251 172568472
828361 300 0.14482598770851624 169796158
828661 300 0.1415262510974539 168877521
828961 300 0.14371659350307286 164546807
829261 300 0.16348656716417911 178326354
829561 300 0.15763617208077263 169796158
829861 300 0.14617243195785776 169812562
830161 300 0.14391571553994734 178851288
830461 300 0.14743353819139596 172306004
830761 300 0.1468266900790167 170731198
831061 300 0.14237014925373134 166777781
831361 300 0.14456997366110622 166909015
831661 300 0.15114100087796312 174947083
831961 300 0.15207023705004388 170731198
832261 300 0.1408056189640035 170468731
832561 300 0.1441622475856014 170337497
832861 300 0.1421710272168569 169139989
833161 300 0.14273046532045655 165875549
833461 300 0.14331834942932395 165498252
833761 300 0.1458215978928885 165990378
834061 300 0.1571620719929763 180311264
834361 300 0.1489222124670764 170977262
834661 300 0.14740509218612818 165859144
834961 300 0.14879894644424935 165990378
835261 300 0.14949113257243196 165859144
835561 300 0.14653274802458296 166039591
835861 300 0.14699736611062336 166302058
836161 300 0.1490739244951712 166449696
836461 300 0.1548294995610184 172355217
836761 300 0.16169446883230904 184297490
837061 300 0.1545545215100966 180229243
837361 300 0.1468266900790167 174323723
837661 300 0.14908340649692714 169845370
837961 300 0.1495480245829675 169861774
838261 300 0.14651378402107113 169582903
838561 300 0.14908340649692714 169845370
838861 300 0.15694398595259 174471361
839161 300 0.1665587357330992 185626232
839461 300 0.15456400351185254 176308634
839761 300 0.14702581211589114 173159023
840061 300 0.15068586479367868 172765322
840361 300 0.1437260755048288 172109153
840661 300 0.1450345917471466 169057968
840961 300 0.14428551360842845 167909672
841261 300 0.14731027216856893 168713479
841561 300 0.1623297629499561 187069804
841861 300 0.1480972783143108 177752206
842161 300 0.14437085162423177 171436580
842461 300 0.14787919227392451 171452984
842761 300 0.14645689201053555 171436580
843061 300 0.1511315188762072 170517943
843361 300 0.15117892888498685 166728568
843661 300 0.15380544337137841 163825021
843961 300 0.16031957857769974 184822425
844261 300 0.15304688323090432 180918220
844561 300 0.1546019315188762 175143934
844861 300 0.15182370500438983 174865062
845161 300 0.15440280948200175 174471361
845461 300 0.14677928007023705 171584218
845761 300 0.15050570676031605 168565841
846061 300 0.15440280948200175 167384737
846361 300 0.15740860403863038 170534348
846661 300 0.16333485513608428 174865062
846961 300 0.1555690956979807 167909672
847261 300 0.15212712906057943 166466101
847561 300 0.15368217734855139 166334867
847861 300 0.1531227392449517 165941166
848161 300 0.15375803336259877 165678698
848461 300 0.15618542581211592 165809932
848761 300 0.1559009657594381 165957570
849061 300 0.16506057945566285 172502854
849361 300 0.16160913081650571 188136078
849661 300 0.1554647936786655 175800103
849961 300 0.15677330992098332 173848000
850261 300 0.16383740122914836 172109153
850561 300 0.1598739244951712 171584218
850861 300 0.15740860403863038 167007440
851161 300 0.15063845478489904 165284997
851461 300 0.15719051799824407 163595362
851761 300 0.17001018437225637 166220037
852061 300 0.16949815627743636 190514691
852361 300 0.17121439859525903 188956290
852661 300 0.4510756804214222 177145249
852961 300 0.5189099209833187 177145249
853261 300 0.5045162423178227 177128845
853561 300 0.5119975417032484 176882782
853861 300 0.4963143107989464 176866378
854161 300 0.5057963125548727 176866378
854461 300 0.49756593503072866 176751548
854761 300 0.5032361720807725 182919535
855061 300 0.5218872695346796 189612458
855361 300 0.5183978928884986 182132133
855661 300 0.5019086918349429 173618341
855961 300 0.5052179104477611 170353902
856261 300 0.4995476733977173 169943796
856561 300 0.5027146619841967 169943796
856861 300 0.49519543459174714 169287627
857161 300 0.49246461808604036 167302716
857461 300 0.4874770851624232 167450354
857761 300 0.49633327480245826 179917563
858061 300 0.48478419666374006 187397888
858361 300 0.47706584723441614 178752863
858661 300 0.47450570676031606 178621629
858961 300 0.4708741000877963 178490395
859261 253 0.48222405618964 178227928
859514 47 0.3566254609306409 178096694
859561 137 0.34468762071992975 176521889
859698 3 0.34337910447761194 101062467
859701 9 0.3415301141352063 101062467
859710 151 0.35273784021071114 116449627
859861 300 0.3816200175592625 163989063
860161 300 0.4426461808604038 171797473
860461 300 0.45062054433713783 171010070
860761 300 0.44859139596136965 179392628
861061 300 0.41914029850746265 168122927
861361 177 0.43428305531167694 167204290
861538 123 0.33742440737489027 167204290
861661 61 0.319977524143986 165645889
861722 4 0.3252021071115014 95993562
861726 1 0.3170665496049166 91367572
861727 8 0.3170665496049166 91367572
861735 1 0.3170665496049166 91367572
861736 1 0.3170665496049166 91367572
861737 224 0.34084741000877966 124963419
861961 300 0.4125977172958736 160134071
862261 184 0.4314669007901668 160412943
862445 116 0.29729657594381037 160281709
862561 68 0.30052045654082526 158575670
862629 2 0.314316769095698 85740924
862631 1 0.2962820017559263 85740924
862632 10 0.2962820017559263 85740924
862642 1 0.2962820017559263 85757328
862643 1 0.2962820017559263 85757328
862644 210 0.32093520632133454 119992939
862854 7 0.23188024582967517 119992939
862861 179 0.30047304653204565 153457552
863040 4 0.29952484635645305 81935144
863044 2 0.29764741000877964 81935144
863046 10 0.29764741000877964 81935144
863056 105 0.3135961369622476 94057864
863161 300 0.350955223880597 159166222
863461 300 0.40175978928884987 167630800
863761 300 0.379249517120281 155294826
864061 300 0.3821415276558384 153473957
864361 300 0.3796477611940299 153703616
864661 300 0.36658156277436343 153851254
864961 300 0.3664772607550483 153687211
865261 300 0.3620017559262511 153818445
865561 300 0.37616786654960493 159871603
865861 300 0.37345601404740997 173782384
866161 300 0.36083546971027214 173782384
866461 300 0.35008287971905183 166302058
866761 300 0.3449720807726076 161840110
867061 300 0.33695978928884984 157771863
867361 300 0.348641615452151 155015953
867661 300 0.3423266022827041 155672122
867961 300 0.3543213345039508 155540889
868261 300 0.35188446005267776 162627513
868561 300 0.3477313432835821 171551410
868861 300 0.34314205443371376 156590759
869161 300 0.3466503950834065 156590759
869461 300 0.34298086040386305 156754801
869761 300 0.3565496049165935 156607163
870061 300 0.33698823529411764 156607163
870361 300 0.3355564530289728 156738397
870661 300 0.34203266022827045 156344695
870961 300 0.3451996488147498 156475929
871261 300 0.34155856014047414 156344695
871561 300 0.338875153643547 156213462
871861 300 0.3449815627743635 156607163
872161 300 0.34922949956101845 156607163
872461 300 0.39467673397717296 156344695
872761 300 0.3525671641791045 156213462
873061 300 0.4140389815627744 174454957
873361 300 0.36533942054433716 184166256
873661 300 0.3503957857769974 173388682
873961 300 0.3274019315188762 170386710
874261 300 0.3345134328358209 170239072
874561 300 0.3264916593503073 168795500
874861 300 0.3246237050043898 164874891
875161 300 0.3231160667251976 162381450
875461 300 0.32193081650570676 162496279
875761 300 0.33066374012291483 179556670
876061 300 0.32353327480245825 177194462
876361 300 0.3184698858647937 169714137
876661 300 0.32854925373134325 169599307
876961 300 0.33403933274802455 174176085
877261 300 0.3228410886742757 165645889
877561 300 0.32436769095697976 159346668
877861 300 0.3300094820017559 158706904
878161 300 0.3357650570676032 159363072
878461 300 0.316753643546971 169205606
878761 300 0.32145671641791046 166974631
879061 300 0.31259104477611943 163825021
879361 300 0.22785039508340654 84051288
879661 69 0.2332456540825285 84051288
879730 231 0.2985197541703249 163152448
879961 107 0.21486005267778752 81820314
880068 193 0.3031469710272168 163152448
880261 300 0.30878876207199296 159740370
880561 300 0.3037253731343284 159330264
880861 300 0.32635891132572437 173388682
881161 300 0.31757857769973663 191876241
881461 300 0.30474942932396837 176685931
881761 300 0.30657945566286215 175357189
882061 300 0.3156063213345039 173405086
882361 300 0.3164312554872695 171567814
882661 300 0.32071712028094823 170124242
882961 300 0.33095768217734856 165006125
883261 300 0.321390342405619 163710192
883561 300 0.3200154521510096 164103893
883861 300 0.32161791044776117 185888700
884161 300 0.35598068481123796 177210866
884461 131 0.19075680421422303 88464024
884592 169 0.23621352063213344 171059283
884761 300 0.1702377524143986 180754178
885061 300 0.15955153643546974 174454957
885361 300 0.15368217734855139 171436580
885661 300 0.15384337137840212 165793528
885961 300 0.14951957857769974 159740370
886261 300 0.15787322212467078 163546149
886561 282 0.10933485513608428 88939747
886843 18 0.16174187884108868 168926734
886861 300 0.15097980684811238 166302058
887161 300 0.14145039508340648 166433292
887461 300 0.14569833187006145 162250216
887761 300 0.14243652326602282 159740370
888061 300 0.1419244951712028 159609136
888361 300 0.13954451273046534 159494306
888661 300 0.1338647936786655 159510711
888961 300 0.13930746268656716 159888007
889261 300 0.14176330114135205 177719397
889561 300 0.13840667251975416 166695760
889861 300 0.13662405618964005 166712164
890161 300 0.13560948200175593 166318463
890461 300 0.1325942054433714 161741685
890761 300 0.14634310798946443 166991036
891061 300 0.14435188762071993 172634088
891361 300 0.13425355575065848 167237099
891661 300 0.12832730465320455 165006125
891961 300 0.13824547848990343 164218722
892261 300 0.13176927129060578 163054023
892561 300 0.12973064091308165 160954282
892861 300 0.13175030728709394 160970686
893161 300 0.13037541703248465 160429347
893461 300 0.13587497805092186 160839453
893761 300 0.13688955223880597 163332894
894061 300 0.14821106233538192 168975946
894361 300 0.1426451273046532 160954282
894661 300 0.13918419666374013 160823048
894961 300 0.14009446883230903 173552725
895261 300 0.1429675153643547 160560581
895561 300 0.14050219490781388 160183284
895861 300 0.13534398595259 159920816
896161 300 0.1315511852502195 159625540
896461 300 0.13414925373134326 159494306
896761 300 0.13344758560140474 159477902
897061 300 0.14391571553994734 170386710
897361 300 0.14609657594381037 160937878
897661 300 0.13655768217734854 160134071
897961 300 0.13523020193151888 159740370
898261 300 0.14010395083406496 159477902
898561 300 0.13416821773485513 159346668
898861 300 0.1385963125548727 159477902
899161 300 0.13439578577699737 159494306
899461 300 0.13348551360842845 159346668
899761 300 0.13777137840210713 159740370
900061 300 0.13932642669007902 160281709
900361 300 0.15123582089552237 175767295
900661 300 0.14630517998244075 165153763
900961 300 0.1381980684811238 160150475
901261 300 0.1379799824407375 159888007
901561 300 0.137657594381036 160150475
901861 300 0.13375100965759437 159871603
902161 300 0.13083055311676908 159756774
902461 300 0.134699209833187 159625540
902761 300 0.130716769095698 159494306
903061 300 0.13352344161545215 159363072
903361 300 0.1392126426690079 176160996
903661 300 0.12976856892010535 165924762
903961 300 0.1275782265144864 159494306
904261 300 0.12788165057067605 159756774
904561 300 0.12363371378402108 159888007
904861 300 0.12238208955223881 159773178
905161 300 0.12172783143107989 159740370
905461 300 0.12180368744512732 159740370
905761 300 0.1169963125548727 159494306
906061 300 0.12323546971027217 160412943
906361 300 0.12825144863915716 168057310
906661 300 0.11510939420544337 162643917
906961 300 0.11399051799824408 159494306
907261 300 0.11553608428446005 159477902
907561 300 0.11413274802458297 159330264
907861 300 0.11528955223880596 159740370
908161 300 0.11643687445127304 159461498
908461 300 0.1133457418788411 159346668
908761 300 0.1132414398595259 159510711
909061 300 0.11070026338893765 159510711
909361 300 0.11251132572431959 159379477
909661 300 0.11913924495171203 174340128
909961 300 0.11443617208077261 170534348
910261 300 0.11033994732221247 159773178
910561 300 0.11187603160667252 159641944
910861 300 0.10997963125548728 159494306
911161 300 0.11080456540825286 159264647
911461 300 0.11047269534679545 159395881
911761 300 0.1072393327480246 159264647
912061 300 0.10880386303775243 159264647
912361 300 0.1102451273046532 161118324
912661 300 0.12079859525899912 181984495
912961 300 0.11133555750658472 169910988
913261 300 0.10726777875329237 160330921
913561 300 0.11084249341527656 160183284
913861 300 0.10706865671641791 160183284
914161 300 0.10753327480245829 160068454
914461 300 0.10800737489025461 159937220
914761 300 0.10515329236172082 159674753
915061 300 0.1086521510096576 160052050
915361 300 0.10625320456540825 160281709
915661 300 0.10752379280070237 160035646
915961 300 0.11838068481123792 173323066
916261 300 0.11654117647058823 175422806
916561 300 0.10719192273924495 160183284
916861 300 0.10830131694468832 160330921
917161 300 0.11016927129060579 160314517
917461 300 0.10403441615452151 159674753
917761 300 0.10359824407374892 159674753
918061 300 0.10960035118525023 159543519
918361 300 0.10687901668129939 159395881
918661 300 0.1129569798068481 163726596
918961 300 0.12116839332748025 169878179
919261 300 0.10783669885864794 160839453
919561 300 0.10420509218612818 160823048
919861 300 0.10993222124670765 160314517
920161 300 0.1333622475856014 160052050
920461 300 0.10169236172080773 160314517
920761 300 0.11289060579455663 160183284
921061 300 0.11429394205443372 160199688
921361 300 0.1110036874451273 160298113
921661 300 0.11608604038630377 160462155
921961 300 0.12079859525899912 178572417
922261 300 0.11917717295873574 181033050
922561 300 0.11336470588235292 173421491
922861 300 0.11508094820017559 173323066
923161 300 0.11441720807726075 166498909
923461 300 0.11221738366988587 161905727
923761 300 0.11565935030728708 160199688
924061 300 0.11398103599648815 160593389
924361 300 0.1145784021071115 160593389
924661 300 0.1145784021071115 160593389
924961 300 0.110529587357331 160593389
925261 300 0.1241172958735733 173060598
925561 300 0.12152870939420544 188267312
925861 300 0.12076066725197543 181705623
926161 300 0.11737559262510974 173700363
926461 300 0.11866514486391572 171748260
926761 300 0.11614293239683934 168336182
927061 300 0.1176410886742757 163332894
927361 300 0.11390517998244072 160330921
927661 300 0.12209762949956103 160330921
927961 300 0.11672133450395084 160330921
928261 300 0.11915820895522387 160462155
928561 300 0.1257387181738367 176062570
928861 300 0.11882633889376645 166367676
929161 300 0.11541281826163301 160708219
929461 300 0.1196702370500439 160970686
929761 300 0.11978402107111501 160970686
930061 300 0.11648428446005268 160839453
930361 300 0.11688252853380159 160855857
930661 300 0.11904442493415276 160839453
930961 300 0.11708165057067603 160855857
931261 300 0.1203244951712028 162693130
931561 300 0.13212010535557506 174635403
931861 300 0.118115188762072 166351271
932161 300 0.11626619841966639 161233154
932461 300 0.11746093064091308 160987090
932761 300 0.11778331870061456 160970686
933061 300 0.11709113257243196 161364388
933361 300 0.11726180860403863 161101920
933661 300 0.11575417032484636 161118324
933961 300 0.12048568920105356 161364388
934261 300 0.11697734855136085 160987090
934561 300 0.13078314310798947 177538951
934861 300 0.12009692712906059 173569129
935161 300 0.11563090430201932 173601937
935461 300 0.11755575065847235 171469389
935761 300 0.11496716417910448 163743000
936061 300 0.11803933274802458 160724623
936361 300 0.11971764705882354 160741027
936661 300 0.11835223880597016 161265962
936961 300 0.12019174714661983 161397196
937261 300 0.12073222124670764 161134728
937561 300 0.13835926251097455 172158366
937861 300 0.1253025460930641 172158366
938161 300 0.12694293239683932 161134728
938461 300 0.12827989464442494 161249558
938761 300 0.12553959613696225 161265962
939061 300 0.12496119402985074 161265962
939361 300 0.12329236172080772 161659663
939661 300 0.12229675153643547 161397196
939961 300 0.11842809482001757 161265962
940261 300 0.12191747146619841 162168195
940561 300 0.13399754170324846 175947741
940861 300 0.12092186128182617 164792870
941161 300 0.11759367866549605 161512026
941461 300 0.11697734855136085 161512026
941761 300 0.117214398595259 161512026
942061 300 0.12138647936786656 161905727
942361 300 0.12214503950834066 161922131
942661 300 0.11586795434591746 161790897
942961 300 0.11704372256365232 161922131
943261 300 0.11507146619841965 161922131
943561 300 0.12831782265144862 176095379
943861 300 0.1254921861281826 167302716
944161 300 0.11941422300263388 162315832
944461 300 0.1233492537313433 162184599
944761 300 0.12182265144863914 162447066
945061 300 0.12042879719051801 162463470
945361 300 0.11803933274802458 162447066
945661 300 0.11999262510974538 161922131
945961 300 0.12094082528533802 161922131
946261 300 0.12480948200175593 161922131
946561 300 0.1389281826163301 175045509
946861 300 0.13016681299385427 173077002
947161 300 0.12362423178226514 163234469
947461 300 0.12901000877963126 163513341
947761 300 0.13118138718173836 162725938
948061 300 0.13016681299385427 162201003
948361 300 0.12833678665496048 162857172
948661 300 0.12998665496049167 163250873
948961 300 0.1304797190517998 162840768
949261 300 0.12528358208955223 162463470
949561 300 0.1279859525899912 165104550
949861 300 0.13901352063213346 175882124
950161 300 0.12897208077260755 165891953
950461 300 0.12470517998244074 163136044
950761 300 0.12505601404741 162988405
951061 300 0.12708516242317822 162988405
951361 300 0.1334286215978929 163103235
951661 300 0.1327459174714662 163250873
951961 300 0.12448709394205444 162972001
952261 300 0.12507497805092185 162578300
952561 300 0.1251603160667252 162184599
952861 300 0.14145987708516242 179769925
953161 300 0.12975908691834945 179507457
953461 300 0.1254542581211589 163365703
953761 300 0.12070377524143985 163103235
954061 300 0.11955645302897279 163103235
954361 300 0.1229604916593503 162972001
954661 300 0.12503705004389815 163234469
954961 300 0.12257172958735733 163103235
955261 300 0.12116839332748025 162709534
955561 300 0.12771097453906935 162972001
955861 300 0.12889622475856014 164431977
956161 300 0.1765148375768218 182279771
956461 300 0.17885689201053556 180836199
956761 300 0.14721545215100967 175865720
957061 300 0.13429148375768218 175718082
957361 300 0.22354556628621597 173487108
957661 300 0.27471992976294995 165219380
957961 300 0.2554809482001756 163119639
958261 300 0.26995048287971907 163644574
958561 300 0.2592453028972783 163759404
958861 300 0.23798665496049165 163365703
959161 300 0.27376224758560147 169927392
959461 300 0.28631641791044776 186479252
959761 300 0.2748052677787533 179507457
960061 300 0.27630342405618963 177555355
960361 300 0.18423318700614574 177424121
960661 300 0.1698774363476734 172945768
960961 300 0.1980674275680421 169271223
961261 300 0.23183283582089553 164825679
961561 300 0.2570265144863916 164678040
961861 300 0.26818683055311676 165219380
962161 300 0.28258050921861283 165727911
962461 300 0.2742837576821774 165465443
962761 300 0.27761194029850744 170714794
963061 300 0.2746345917471466 184904446
963361 300 0.27715680421422295 175586848
963661 300 0.25604986830553117 174536978
963961 300 0.16589499561018436 172322408
964261 300 0.1937057067603161 170862432
964561 300 0.20424021071115014 168516628
964861 300 0.2505692712906058 166941823
965161 300 0.26387251975417036 164563211
965461 300 0.2629906935908692 164956912
965761 300 0.2622605794556629 164842083
966061 300 0.27809552238805973 181098667
966361 300 0.2768818261633011 186758124
966661 300 0.26098999122036876 177949056
966961 300 0.27063318700614575 177686589
967261 300 0.25881861281826163 177817822
967561 300 0.2600702370500439 177834226
967861 300 0.26391044776119404 176374251
968161 300 0.2672860403863038 169943796
968461 300 0.26059174714661987 168795500
968761 300 0.269049692712906 168664266
969061 300 0.27848428446005263 174799446
969361 300 0.2828744512730465 183838172
969661 300 0.27540263388937664 169681328
969961 300 0.26766532045654085 169664924
970261 300 0.2604684811237928 177949056
970561 300 0.26243125548726953 172568472
970861 300 0.2049134328358209 178736459
971161 300 0.14269253731343284 179917563
971461 300 0.13871009657594383 171108496
971761 300 0.13414925373134326 169139989
972061 300 0.13165548726953466 165596677
972361 300 0.1299297629499561 164809274
972661 300 0.12665847234416153 164940508
972961 300 0.1315227392449517 164940508
973261 300 0.1341208077260755 169008755
973561 300 0.1307926251097454 172453642
973861 300 0.1268670763827919 170616369
974161 300 0.12189850746268655 170353902
974461 300 0.12463880597014926 168401799
974761 300 0.11748937664618085 164579615
975061 300 0.12085548726953468 164317147
975361 300 0.12327339771729585 164448381
975661 300 0.11675926251097454 164448381
975961 300 0.11855136084284461 163907042
976261 300 0.12590939420544336 164579615
976561 300 0.1281661106233538 184133448
976861 300 0.12600421422300265 189497629
977161 300 0.1209028972783143 177588163
977461 300 0.12381387181738367 175472019
977761 300 0.11784021071115014 170337497
978061 28 0.1239655838454785 165891953
978089 1 0.12486637401229148 163300086
978090 4 0.09450500438981563 161725281
978094 3 0.09582300263388938 156311887
978097 1 0.0928361720807726 156311887
978098 8 0.0928361720807726 156311887
978106 1 0.0928361720807726 156311887
978107 168 0.09419209833187006 163972659
978275 5 0.09216294995610184 91269146
978280 8 0.09091132572431958 91269146
978288 73 0.10553257243195786 104261290
978361 300 0.0984305531167691 143204914
978661 300 0.1261369622475856 159674753
978961 300 0.12127269534679544 160347326
979261 300 0.1271894644424934 163759404
979561 300 0.13481299385425813 174110468
979861 300 0.12462932396839332 168746287
980161 9 0.1226286215978929 168500224
980170 6 0.09389815627743635 164481190
980176 3 0.09442914837576823 159067797
980179 2 0.09240948200175593 159067797
980181 10 0.09240948200175593 159067797
980191 165 0.09370851624231781 166810590
980356 6 0.09161299385425813 93188440
980362 9 0.09098718173836699 93188440
980371 90 0.10714451273046534 105114310
980461 300 0.10539034240561897 174717424
980761 300 0.11581106233538192 159707561
981061 297 0.11644635645302896 156443121
981358 3 0.0966953467954346 156443121
981361 3 0.08980193151887621 148323031
981364 2 0.08947006145741879 147125523
981366 1 0.08732712906057946 147125523
981367 7 0.08732712906057946 147125523
981374 1 0.08732712906057946 147125523
981375 168 0.08861668129938542 154983145
981543 3 0.086871992976295 86479113
981546 1 0.08568674275680423 86479113
981547 8 0.08568674275680423 86479113
981555 1 0.08568674275680423 86495518
981556 105 0.0984305531167691 101193700
981661 300 0.10298191395961372 151341408
981961 300 0.11451202809482003 156426717
982261 300 0.11984091308165057 158378819
982561 300 0.1289910447761194 176374251
982861 300 0.1253025460930641 161151133
983161 300 0.12031501316944689 161052708
983461 300 0.11784021071115014 160265305
983761 253 0.11937629499561019 157657033
984014 5 0.08991571553994732 154737082
984019 4 0.0896881474978051 149405710
984023 9 0.08841755926251096 149405710
984032 29 0.09386971027216857 155868973
984061 139 0.08773485513608428 154540231
984200 4 0.08624618086040386 86823602
984204 14 0.08533590869183494 86823602
984218 143 0.11256821773485513 100832808
984361 300 0.10172080772607552 151669492
984661 300 0.11736611062335381 156131441
984961 300 0.11817208077260755 155606506
985261 300 0.1140758560140474 156000207
985561 300 0.11269148375768218 155868973
985861 300 0.11810570676031606 155885377
986161 254 0.1319494293239684 172945768
986415 6 0.09896154521510096 182558643
986421 3 0.10050711150131694 177817822
986424 12 0.0970935908691835 177817822
986436 25 0.10274486391571554 184297490
986461 137 0.0883511852502195 168811905
986598 1 0.16366672519754172 92565080
986599 4 0.08599016681299386 92565080
986603 3 0.08599016681299386 92565080
986606 155 0.09801334503950834 117499497
986761 22 0.11365864793678665 153736424
986783 6 0.08598068481123794 148634711
986789 4 0.08555399473222125 144238380
986793 1 0.08394205443371379 144238380
986794 11 0.08394205443371379 144238380
986805 164 0.08505144863915716 151751514
986969 8 0.0823206321334504 78391832
986977 7 0.0823206321334504 78391832
986984 1 0.0823206321334504 78391832
986985 76 0.09832625109745391 90006021
987061 300 0.09751079894644425 138021180
987361 300 0.1153369622475856 147453607
987661 300 0.1157352063213345 147502820
987961 300 0.11830482879719052 148158989
988261 300 0.11415171202809482 148437861
988561 300 0.11413274802458297 148585498
988861 300 0.1129474978050922 148716732
989161 300 0.11973661106233537 156065824
989461 300 0.12510342405618965 175882124
989761 300 0.11485338015803336 166187229
990061 300 0.11301387181738368 164760061
990361 300 0.11344056189640037 158362415
990661 300 0.11564986830553117 154277764
990961 300 0.11360175592625109 150504793
991261 300 0.10927796312554873 150389963
991561 300 0.11501457418788412 150914898
991861 300 0.11652221246707639 150652431
992161 300 0.1197081650570676 150652431
992461 300 0.12394661984196664 153802041
992761 300 0.12644986830553115 168106523
993061 300 0.11753678665496048 168221352
993361 300 0.11676874451273048 165334209
993661 300 0.11830482879719052 154310572
993961 300 0.1151188762071993 151062536
994261 300 0.11729973661106234 151571067
994561 300 0.10920210711150131 151718705
994861 300 0.11309920983318701 151472641
995161 300 0.11103213345039507 151357812
995461 300 0.11816259877085161 153063851
995761 300 0.12585250219490782 166580930
996061 300 0.1196702370500439 166433292
996361 300 0.11267251975417032 152784979
996661 300 0.11665496049165934 152391278
996961 300 0.11110798946444249 151603875
997261 300 0.11776435469710272 151357812
997561 300 0.11536540825285338 151374216
997861 300 0.1153369622475856 152178023
998161 300 0.11521369622475856 152571724
998461 300 0.11568779631255487 153211489
998761 300 0.12529306409130817 175652465
999061 300 0.12557752414398596 174865062
999361 300 0.11507146619841965 162791555
999661 300 0.11814363476733979 159773178
999961 300 0.12022967515364355 157542204
1000261 300 0.11946163301141352 155573697
1000561 300 0.11697734855136085 152949022
1000861 300 0.11565935030728708 152834192
1001161 300 0.11455943810359966 152719363
1001461 300 0.11795399473222123 153113064
1001761 300 0.11588691834942932 153506765
1002061 300 0.12687655838454784 167696418
1002361 300 0.11965127304653204 161659663
1002661 300 0.11386725197541704 153900466
1002961 300 0.11566883230904301 153621595
1003261 300 0.11615241439859526 153752829
1003561 300 0.11287164179104477 153490361
1003861 300 0.1097710272168569 153359127
1004161 300 0.1185892888498683 153621595
1004461 300 0.13191150131694468 154556635
1004761 300 0.12237260755048288 154573039
1005061 300 0.12847901668129938 167171482
1005361 300 0.11558349429323968 162463470
1005661 300 0.11454047410008779 160347326
1005961 300 0.11689201053555752 160363730
1006261 300 0.11452151009657593 158247585
1006561 300 0.11611448639157154 156279079
1006861 300 0.11590588235294118 154966741
1007161 300 0.11829534679543459 154294168
1007461 300 0.12015381913959614 154294168
1007761 300 0.11943318700614573 154162934
1008061 300 0.12941773485513608 162184599
1008361 300 0.12643090430201934 167958885
1008661 300 0.12112098331870061 155229208
1008961 300 0.11996417910447761 154851912
1009261 300 0.1198124670763828 173864405
1009561 300 0.11351641791044777 154704273
1009861 300 0.11512835820895523 154458210
1010161 300 0.11245443371378401 154474614
1010461 300 0.12035294117647058 154589444
1010761 300 0.11648428446005268 154687869
1011061 300 0.1185134328358209 154425402
1011361 300 0.12943669885864795 167171482
1011661 300 0.12947462686567163 160084858
1011961 300 0.12527410008779633 155360442
1012261 300 0.11888323090430203 155508080
1012561 300 0.11952800702370499 166941823
1012861 300 0.11782124670763827 154737082
1013161 300 0.11563090430201932 154737082
1013461 300 0.11386725197541704 154737082
1013761 300 0.11706268656716418 154589444
1014061 300 0.11768849868305531 154474614
1014361 300 0.11371553994732221 154326976
1014661 300 0.1263550482879719 164415573
1014961 300 0.12466725197541703 154441806
1015261 300 0.11469218612818262 154310572
1015561 300 0.11400948200175592 154048105
1015861 300 0.11509991220368745 154310572
1016161 300 0.11702475856014047 154441806
1016461 300 0.11304231782265145 154195743
1016761 300 0.1153369622475856 154212147
1017061 300 0.11979350307287094 154080913
1017361 300 0.11973661106233537 153949679
1017661 300 0.13320105355575065 166433292
1017961 300 0.1254163301141352 163267278
1018261 300 0.1171764705882353 154737082
1018561 300 0.11836172080772606 154737082
1018861 300 0.11575417032484636 154737082
1019161 300 0.11716698858647936 154638657
1019461 300 0.11705320456540826 154901124
1019761 300 0.11692045654082528 154901124
1020061 300 0.11611448639157154 154753486
1020361 300 0.11827638279192274 155262017
1020661 300 0.12614644424934152 175472019
1020961 300 0.1201443371378402 175340785
1021261 300 0.11373450395083406 170501539
1021561 300 0.11692045654082528 169845370
1021861 300 0.12137699736611063 163398511
1022161 300 0.1173945566286216 159477902
1022461 300 0.1167118525021949 156459525
1022761 300 0.1225243195785777 154507423
1023061 300 0.11943318700614573 154769890
1023361 300 0.11977453906935909 154753486
1023661 300 0.11894012291483759 154769890
1023961 300 0.1279859525899912 163316490
1024261 300 0.12815662862159788 180114414
1024561 300 0.1250275680421422 170403114
1024861 300 0.12119683933274802 167614396
1025161 300 0.1223441615452151 160937878
1025461 300 0.11871255487269534 158559265
1025761 300 0.12078911325724319 156328291
1026061 300 0.11798244073748902 155163592
1026361 300 0.1197460930640913 155179996
1026661 300 0.12137699736611063 155048762
1026961 300 0.1187694468832309 155048762
1027261 300 0.13182616330114136 174733828
1027561 300 0.13150377524143986 178933309
1027861 300 0.12392765583845479 164497594
1028161 300 0.1229604916593503 164366360
1028461 300 0.12681018437225638 163431319
1028761 300 0.12254328358208955 161725281
1029061 300 0.12163301141352063 160544176
1029361 300 0.12052361720807726 160806644
1029661 300 0.11640842844600525 160659006
1029961 300 0.12004951712028095 159100605
1030261 300 0.1255870061457419 158050735
1030561 300 0.14045478489903424 163693787
1030861 300 0.12589991220368743 158854542
1031161 300 0.12105460930640914 157017269
1031461 300 0.12416470588235294 157148503
1031761 300 0.12211659350307286 157000864
1032061 300 0.12395610184372256 157132098
1032361 300 0.12771097453906935 156853227
1032661 300 0.12318805970149253 156721993
1032961 300 0.12405092186128183 157246928
1033261 300 0.12491378402107112 157263332
1033561 300 0.13491729587357332 165416230
