921078 177 0.43428305531167694 167204290
921255 123 0.33742440737489027 167204290
921378 61 0.319977524143986 165645889
921439 4 0.3252021071115014 95993562
921443 1 0.3170665496049166 91367572
921444 8 0.3170665496049166 91367572
921452 1 0.3170665496049166 91367572
921453 1 0.3170665496049166 91367572
921454 224 0.34084741000877966 124963419
921678 300 0.4125977172958736 160134071
921978 184 0.4314669007901668 160412943
922162 116 0.29729657594381037 160281709
922278 68 0.30052045654082526 158575670
922346 2 0.314316769095698 85740924
922348 1 0.2962820017559263 85740924
922349 10 0.2962820017559263 85740924
922359 1 0.2962820017559263 85757328
922360 1 0.2962820017559263 85757328
922361 210 0.32093520632133454 119992939
922571 7 0.23188024582967517 119992939
922578 179 0.30047304653204565 153457552
922757 4 0.29952484635645305 81935144
922761 2 0.29764741000877964 81935144
922763 10 0.29764741000877964 81935144
922773 105 0.3135961369622476 94057864
922878 300 0.350955223880597 159166222
923178 300 0.40175978928884987 167630800
923478 300 0.379249517120281 155294826
923778 300 0.3821415276558384 153473957
924078 300 0.3796477611940299 153703616
924378 300 0.36658156277436343 153851254
924678 300 0.3664772607550483 153687211
924978 300 0.3620017559262511 153818445
925278 300 0.37616786654960493 159871603
925578 300 0.37345601404740997 173782384
925878 300 0.36083546971027214 173782384
926178 300 0.35008287971905183 166302058
926478 300 0.3449720807726076 161840110
926778 300 0.33695978928884984 157771863
927078 300 0.348641615452151 155015953
927378 300 0.3423266022827041 155672122
927678 300 0.3543213345039508 155540889
927978 300 0.35188446005267776 162627513
928278 300 0.3477313432835821 171551410
928578 300 0.34314205443371376 156590759
928878 300 0.3466503950834065 156590759
929178 300 0.34298086040386305 156754801
929478 300 0.3565496049165935 156607163
929778 300 0.33698823529411764 156607163
930078 300 0.3355564530289728 156738397
930378 300 0.34203266022827045 156344695
930678 300 0.3451996488147498 156475929
930978 300 0.34155856014047414 156344695
931278 300 0.338875153643547 156213462
931578 300 0.3449815627743635 156607163
931878 300 0.34922949956101845 156607163
932178 300 0.39467673397717296 156344695
932478 300 0.3525671641791045 156213462
932778 300 0.4140389815627744 174454957
933078 300 0.36533942054433716 184166256
933378 300 0.3503957857769974 173388682
933678 300 0.3274019315188762 170386710
933978 300 0.3345134328358209 170239072
934278 300 0.3264916593503073 168795500
934578 300 0.3246237050043898 164874891
934878 300 0.3231160667251976 162381450
935178 300 0.32193081650570676 162496279
935478 300 0.33066374012291483 179556670
935778 300 0.32353327480245825 177194462
936078 300 0.3184698858647937 169714137
936378 300 0.32854925373134325 169599307
936678 300 0.33403933274802455 174176085
936978 300 0.3228410886742757 165645889
937278 300 0.32436769095697976 159346668
937578 300 0.3300094820017559 158706904
937878 300 0.3357650570676032 159363072
938178 300 0.316753643546971 169205606
938478 300 0.32145671641791046 166974631
938778 300 0.31259104477611943 163825021
939078 300 0.22785039508340654 84051288
939378 69 0.2332456540825285 84051288
939447 231 0.2985197541703249 163152448
939678 107 0.21486005267778752 81820314
939785 193 0.3031469710272168 163152448
939978 300 0.30878876207199296 159740370
940278 300 0.3037253731343284 159330264
940578 300 0.32635891132572437 173388682
940878 300 0.31757857769973663 191876241
941178 300 0.30474942932396837 176685931
941478 300 0.30657945566286215 175357189
941778 300 0.3156063213345039 173405086
942078 300 0.3164312554872695 171567814
942378 300 0.32071712028094823 170124242
942678 300 0.33095768217734856 165006125
942978 300 0.321390342405619 163710192
943278 300 0.3200154521510096 164103893
943578 300 0.32161791044776117 185888700
943878 300 0.35598068481123796 177210866
944178 131 0.19075680421422303 88464024
944309 169 0.23621352063213344 171059283
944478 300 0.1702377524143986 180754178
944778 300 0.15955153643546974 174454957
945078 300 0.15368217734855139 171436580
945378 300 0.15384337137840212 165793528
945678 300 0.14951957857769974 159740370
945978 300 0.15787322212467078 163546149
946278 282 0.10933485513608428 88939747
946560 18 0.16174187884108868 168926734
946578 300 0.15097980684811238 166302058
946878 300 0.14145039508340648 166433292
947178 300 0.14569833187006145 162250216
947478 300 0.14243652326602282 159740370
947778 300 0.1419244951712028 159609136
948078 300 0.13954451273046534 159494306
948378 300 0.1338647936786655 159510711
948678 300 0.13930746268656716 159888007
948978 300 0.14176330114135205 177719397
949278 300 0.13840667251975416 166695760
949578 300 0.13662405618964005 166712164
949878 300 0.13560948200175593 166318463
950178 300 0.1325942054433714 161741685
950478 300 0.14634310798946443 166991036
950778 300 0.14435188762071993 172634088
951078 300 0.13425355575065848 167237099
951378 300 0.12832730465320455 165006125
951678 300 0.13824547848990343 164218722
951978 300 0.13176927129060578 163054023
952278 300 0.12973064091308165 160954282
952578 300 0.13175030728709394 160970686
952878 300 0.13037541703248465 160429347
953178 300 0.13587497805092186 160839453
953478 300 0.13688955223880597 163332894
953778 300 0.14821106233538192 168975946
954078 300 0.1426451273046532 160954282
954378 300 0.13918419666374013 160823048
954678 300 0.14009446883230903 173552725
954978 300 0.1429675153643547 160560581
955278 300 0.14050219490781388 160183284
955578 300 0.13534398595259 159920816
955878 300 0.1315511852502195 159625540
956178 300 0.13414925373134326 159494306
956478 300 0.13344758560140474 159477902
956778 300 0.14391571553994734 170386710
957078 300 0.14609657594381037 160937878
957378 300 0.13655768217734854 160134071
957678 300 0.13523020193151888 159740370
957978 300 0.14010395083406496 159477902
958278 300 0.13416821773485513 159346668
958578 300 0.1385963125548727 159477902
958878 300 0.13439578577699737 159494306
959178 300 0.13348551360842845 159346668
959478 300 0.13777137840210713 159740370
959778 300 0.13932642669007902 160281709
960078 300 0.15123582089552237 175767295
960378 300 0.14630517998244075 165153763
960678 300 0.1381980684811238 160150475
960978 300 0.1379799824407375 159888007
961278 300 0.137657594381036 160150475
961578 300 0.13375100965759437 159871603
961878 300 0.13083055311676908 159756774
962178 300 0.134699209833187 159625540
962478 300 0.130716769095698 159494306
962778 300 0.13352344161545215 159363072
963078 300 0.1392126426690079 176160996
963378 300 0.12976856892010535 165924762
963678 300 0.1275782265144864 159494306
963978 300 0.12788165057067605 159756774
964278 300 0.12363371378402108 159888007
964578 300 0.12238208955223881 159773178
964878 300 0.12172783143107989 159740370
965178 300 0.12180368744512732 159740370
965478 300 0.1169963125548727 159494306
965778 300 0.12323546971027217 160412943
966078 300 0.12825144863915716 168057310
966378 300 0.11510939420544337 162643917
966678 300 0.11399051799824408 159494306
966978 300 0.11553608428446005 159477902
967278 300 0.11413274802458297 159330264
967578 300 0.11528955223880596 159740370
967878 300 0.11643687445127304 159461498
968178 300 0.1133457418788411 159346668
968478 300 0.1132414398595259 159510711
968778 300 0.11070026338893765 159510711
969078 300 0.11251132572431959 159379477
969378 300 0.11913924495171203 174340128
969678 300 0.11443617208077261 170534348
969978 300 0.11033994732221247 159773178
970278 300 0.11187603160667252 159641944
970578 300 0.10997963125548728 159494306
970878 300 0.11080456540825286 159264647
971178 300 0.11047269534679545 159395881
971478 300 0.1072393327480246 159264647
971778 300 0.10880386303775243 159264647
972078 300 0.1102451273046532 161118324
972378 300 0.12079859525899912 181984495
972678 300 0.11133555750658472 169910988
972978 300 0.10726777875329237 160330921
973278 300 0.11084249341527656 160183284
973578 300 0.10706865671641791 160183284
973878 300 0.10753327480245829 160068454
974178 300 0.10800737489025461 159937220
974478 300 0.10515329236172082 159674753
974778 300 0.1086521510096576 160052050
975078 300 0.10625320456540825 160281709
975378 300 0.10752379280070237 160035646
975678 300 0.11838068481123792 173323066
975978 300 0.11654117647058823 175422806
976278 300 0.10719192273924495 160183284
976578 300 0.10830131694468832 160330921
976878 300 0.11016927129060579 160314517
977178 300 0.10403441615452151 159674753
977478 300 0.10359824407374892 159674753
977778 300 0.10960035118525023 159543519
978078 300 0.10687901668129939 159395881
978378 300 0.1129569798068481 163726596
978678 300 0.12116839332748025 169878179
978978 300 0.10783669885864794 160839453
979278 300 0.10420509218612818 160823048
979578 300 0.10993222124670765 160314517
979878 300 0.1333622475856014 160052050
980178 300 0.10169236172080773 160314517
980478 300 0.11289060579455663 160183284
980778 300 0.11429394205443372 160199688
981078 300 0.1110036874451273 160298113
981378 300 0.11608604038630377 160462155
981678 300 0.12079859525899912 178572417
981978 300 0.11917717295873574 181033050
982278 300 0.11336470588235292 173421491
982578 300 0.11508094820017559 173323066
982878 300 0.11441720807726075 166498909
983178 300 0.11221738366988587 161905727
983478 300 0.11565935030728708 160199688
983778 300 0.11398103599648815 160593389
984078 300 0.1145784021071115 160593389
984378 300 0.1145784021071115 160593389
984678 300 0.110529587357331 160593389
984978 300 0.1241172958735733 173060598
985278 300 0.12152870939420544 188267312
985578 300 0.12076066725197543 181705623
985878 300 0.11737559262510974 173700363
986178 300 0.11866514486391572 171748260
986478 300 0.11614293239683934 168336182
986778 300 0.1176410886742757 163332894
987078 300 0.11390517998244072 160330921
987378 300 0.12209762949956103 160330921
987678 300 0.11672133450395084 160330921
987978 300 0.11915820895522387 160462155
988278 300 0.1257387181738367 176062570
988578 300 0.11882633889376645 166367676
988878 300 0.11541281826163301 160708219
989178 300 0.1196702370500439 160970686
989478 300 0.11978402107111501 160970686
989778 300 0.11648428446005268 160839453
990078 300 0.11688252853380159 160855857
990378 300 0.11904442493415276 160839453
990678 300 0.11708165057067603 160855857
990978 300 0.1203244951712028 162693130
991278 300 0.13212010535557506 174635403
991578 300 0.118115188762072 166351271
991878 300 0.11626619841966639 161233154
992178 300 0.11746093064091308 160987090
992478 300 0.11778331870061456 160970686
992778 300 0.11709113257243196 161364388
993078 300 0.11726180860403863 161101920
993378 300 0.11575417032484636 161118324
993678 300 0.12048568920105356 161364388
993978 300 0.11697734855136085 160987090
994278 300 0.13078314310798947 177538951
994578 300 0.12009692712906059 173569129
994878 300 0.11563090430201932 173601937
995178 300 0.11755575065847235 171469389
995478 300 0.11496716417910448 163743000
995778 300 0.11803933274802458 160724623
996078 300 0.11971764705882354 160741027
996378 300 0.11835223880597016 161265962
996678 300 0.12019174714661983 161397196
996978 300 0.12073222124670764 161134728
997278 300 0.13835926251097455 172158366
997578 300 0.1253025460930641 172158366
997878 300 0.12694293239683932 161134728
998178 300 0.12827989464442494 161249558
998478 300 0.12553959613696225 161265962
998778 300 0.12496119402985074 161265962
999078 300 0.12329236172080772 161659663
999378 300 0.12229675153643547 161397196
999678 300 0.11842809482001757 161265962
999978 300 0.12191747146619841 162168195
1000278 300 0.13399754170324846 175947741
1000578 300 0.12092186128182617 164792870
1000878 300 0.11759367866549605 161512026
1001178 300 0.11697734855136085 161512026
1001478 300 0.117214398595259 161512026
1001778 300 0.12138647936786656 161905727
1002078 300 0.12214503950834066 161922131
1002378 300 0.11586795434591746 161790897
1002678 300 0.11704372256365232 161922131
1002978 300 0.11507146619841965 161922131
1003278 300 0.12831782265144862 176095379
1003578 300 0.1254921861281826 167302716
1003878 300 0.11941422300263388 162315832
1004178 300 0.1233492537313433 162184599
1004478 300 0.12182265144863914 162447066
1004778 300 0.12042879719051801 162463470
1005078 300 0.11803933274802458 162447066
1005378 300 0.11999262510974538 161922131
1005678 300 0.12094082528533802 161922131
1005978 300 0.12480948200175593 161922131
1006278 300 0.1389281826163301 175045509
1006578 300 0.13016681299385427 173077002
1006878 300 0.12362423178226514 163234469
1007178 300 0.12901000877963126 163513341
1007478 300 0.13118138718173836 162725938
1007778 300 0.13016681299385427 162201003
1008078 300 0.12833678665496048 162857172
1008378 300 0.12998665496049167 163250873
1008678 300 0.1304797190517998 162840768
1008978 300 0.12528358208955223 162463470
1009278 300 0.1279859525899912 165104550
1009578 300 0.13901352063213346 175882124
1009878 300 0.12897208077260755 165891953
1010178 300 0.12470517998244074 163136044
1010478 300 0.12505601404741 162988405
1010778 300 0.12708516242317822 162988405
1011078 300 0.1334286215978929 163103235
1011378 300 0.1327459174714662 163250873
1011678 300 0.12448709394205444 162972001
