492164 300 0.5415908691834943 170632773
492464 300 0.5367171202809482 187053400
492764 300 0.5331803336259877 173257449
493064 300 0.5403202809482002 173011386
493364 300 0.5312649692712906 171436580
493664 300 0.5269222124670764 171010070
493964 300 0.53596804214223 178621629
494264 300 0.5649829675153644 169845370
494564 300 0.5552923617208076 169828966
494864 300 0.5576818261633012 167729226
495164 300 0.5405194029850746 166662951
495464 300 0.5522296751536435 164218722
495764 300 0.5320804214223003 163677383
496064 300 0.5440846356453028 165924762
496364 300 0.5498496927129061 171813877
496664 300 0.5447294117647059 163677383
496964 300 0.5323838454784898 163825021
497264 300 0.5360438981562774 163529745
497564 300 0.540471992976295 163398511
497864 300 0.5370110623353819 163529745
498164 300 0.5389548726953468 163398511
498464 300 0.5530261633011413 161036303
498764 300 0.5592179104477611 180852604
499064 300 0.5393625987708516 176800761
499364 300 0.5583834942932396 172338812
499664 300 0.5552923617208076 172076344
499964 300 0.5434967515364355 171945111
500264 300 0.5410883230904302 171945111
500564 300 0.5434967515364355 169304031
500864 300 0.5406331870061457 166023187
501164 300 0.553718349429324 185577019
501464 300 0.5405194029850746 178752863
501764 300 0.5394194907813872 171928707
502064 300 0.5457724319578577 169697733
502364 300 0.5433829675153643 168910330
502664 300 0.5300512730465321 165891953
502964 300 0.5308951712028095 164054680
503264 300 0.5205787532923617 163939851
503564 300 0.5244474100087796 163923446
503864 300 0.5300417910447761 171010070
504164 300 0.5225320456540825 166154421
504464 300 0.5186444249341527 163792212
504764 300 0.5193460930640913 163660979
505064 300 0.5199813871817384 163660979
505364 300 0.5123768217734854 163529745
505664 300 0.5184168568920104 162479875
505964 300 0.5193271290605794 160642602
506264 300 0.51180790166813 160511368
506564 300 0.5322226514486391 160527772
506864 300 0.5210244073748903 160429347
507164 300 0.5312744512730465 160429347
507464 300 0.5234707638279192 160429347
507764 300 0.5289798068481123 162102577
508064 300 0.5414770851624232 184264682
508364 300 0.5309330992098331 170222668
508664 300 0.5355982440737489 161954940
508964 300 0.5259171202809482 161823706
509264 300 0.5229682177348551 176259421
509564 300 0.5072186128182616 161561238
509864 300 0.5199719051799824 161692472
510164 300 0.51308797190518 161561238
510464 300 0.5164446005267779 161446409
510764 300 0.5339768217734855 172880152
511064 300 0.5283160667251975 161856514
511364 300 0.5161980684811238 161840110
511664 300 0.5227596136962247 178900501
511964 300 0.53571202809482 167466758
512264 300 0.5302314310798947 167335524
512564 300 0.5206071992976296 167335524
512864 300 0.5396660228270412 167335524
513164 300 0.5301555750658472 182296175
513464 300 0.535190517998244 173273853
513764 300 0.5321942054433714 173257449
514064 300 0.5298995610184372 185084893
514364 300 0.5112674275680421 173273853
514664 300 0.5302314310798947 173011386
514964 300 0.5104993854258121 173126215
515264 300 0.5103192273924495 175209551
515564 300 0.5208252853380158 180065201
515864 300 0.5351620719929763 173109811
516164 300 0.510622651448639 173109811
516464 300 0.5257559262510975 173159023
516764 300 0.5082995610184372 173159023
517064 300 0.509105531167691 173027790
517364 300 0.520929587357331 173126215
517664 300 0.5338630377524144 175652465
517964 300 0.5296909569798068 181279113
518264 300 0.5191754170324846 173405086
518564 300 0.5254525021949078 173405086
518864 300 0.5317580333625987 173388682
519164 300 0.5201425812115891 173241045
519464 300 0.526713608428446 173109811
519764 300 0.5312365232660229 173109811
520064 300 0.5179048287971906 173913618
520364 300 0.5348681299385425 191745007
520664 300 0.529397014925373 184806021
520964 300 0.523508691834943 172207578
521264 300 0.5314356453028972 172223983
521564 300 0.5312649692712906 172092749
521864 300 0.5265050043898155 170911645
522164 300 0.5364516242317823 168926734
522464 300 0.529406496927129 168926734
522764 300 0.5209390693590868 168926734
523064 300 0.5255757682177349 175357189
523364 300 0.535332748024583 189546841
523664 300 0.5188909569798068 172223983
523964 300 0.5099968393327481 172371621
524264 300 0.5364421422300264 172371621
524564 300 0.5091150131694469 172355217
524864 300 0.5213847234416155 172371621
525164 300 0.5108122914837576 172240387
525464 300 0.5319571553994732 172109153
525764 300 0.5429467954345918 178391970
526064 300 0.5215743634767339 178654438
526364 300 0.5033309920983319 172880152
526664 300 0.5350482879719051 170517943
526964 300 0.5410598770851623 169730541
527264 300 0.5244948200175592 169878179
527564 300 0.5229018437225637 169746945
527864 300 0.535958560140474 169993008
528164 300 0.5490057945566286 186790932
528464 300 0.5442173836698858 185248935
528764 300 0.5343940298507462 170813220
529064 300 0.527225636523266 169484478
529364 300 0.5130121158911325 167745630
529664 300 0.5232621597892888 167614396
529964 300 0.5218967515364356 167483163
530264 300 0.5338345917471466 170239072
530564 300 0.543297629499561 180737774
530864 300 0.5065548726953467 173142619
531164 300 0.5023827919227392 173142619
531464 300 0.5114570676031607 172486450
531764 300 0.30931975417032487 170403114
532064 300 0.266100790166813 169878179
532364 300 0.2106310798946444 167499567
532664 300 0.17477014925373133 182607855
532964 300 0.1612488147497805 181672815
533264 300 0.1551708516242318 172355217
533564 300 0.15826198419666374 170255476
533864 300 0.15665004389815632 169336840
534164 300 0.15177629499561018 168155736
534464 300 0.15385285338015806 166449696
534764 300 0.1522124670763828 167762034
535064 300 0.16037647058823526 189415608
535364 300 0.1604238805970149 175767295
535664 300 0.15354942932396837 168057310
535964 300 0.1568776119402985 167926077
536264 300 0.15173836698858648 167926077
536564 300 0.1538718173836699 167909672
536864 300 0.15127374890254608 167909672
537164 300 0.15742756804214222 168319778
537464 300 0.158356804214223 168057310
537764 300 0.15552168568920108 167926077
538064 300 0.15083757682177348 168057310
538364 300 0.14988937664618085 168040906
538664 300 0.15606215978928883 168057310
538964 300 0.15854644424934153 168172140
539264 300 0.16794310798946444 187742377
539564 300 0.16722247585601405 181164284
539864 300 0.15338823529411766 173306661
540164 300 0.1536537313432836 173159023
540464 300 0.15262967515364356 173175427
540764 300 0.1487894644424934 173290257
541064 300 0.14822054433713783 171075687
541364 300 0.15490535557506585 174487765
541664 300 0.17078770851624234 186561273
541964 300 0.15002212467076384 179737116
542264 300 0.1453190517998244 174094064
542564 300 0.1497187006145742 173962830
542864 300 0.1471964881474978 173831596
543164 300 0.14984196663740124 172256791
543464 300 0.15165302897278313 170960857
543764 300 0.15194697102721685 172634088
544064 300 0.16031957857769974 181689219
544364 300 0.1546683055311677 173290257
544664 300 0.15061949078138717 167762034
544964 300 0.15193748902546092 167893268
545264 300 0.14660860403863038 168024502
545564 300 0.1502307287093942 167876864
545864 300 0.1508470588235294 167893268
546164 300 0.1567353819139596 167811247
546464 300 0.17474170324846353 176341443
546764 300 0.16966883230904303 180245647
547064 300 0.1588972783143108 173700363
547364 300 0.16147638279192272 173159023
547664 300 0.15924811237928008 170157051
547964 300 0.1593713784021071 167794843
548264 300 0.15439332748024584 167663609
548564 300 0.15371062335381916 167663609
548864 300 0.17354697102721686 188661013
549164 300 0.16374258121158908 195731233
549464 300 0.15588200175592626 172912960
549764 300 0.15289517120280952 172650492
550064 300 0.15906795434591747 169763349
550364 300 0.15501913959613695 169369648
550664 300 0.1559768217734855 166876206
550964 300 0.1552467076382792 166482505
551264 300 0.15523722563652326 166088803
551564 300 0.16574328358208956 173044194
551864 300 0.16599929762949958 183542896
552164 300 0.1601299385425812 171469389
552464 300 0.1556165057067603 171354559
552764 300 0.15473467954345918 171338155
553064 300 0.15680175592625112 169746945
553364 300 0.15475364354697105 165957570
553664 300 0.15696294995610183 163316490
553964 300 0.15681123792800702 163447724
554264 300 0.16580017559262508 171075687
554564 300 0.16475715539947325 176325038
554864 300 0.16057559262510976 171699048
555164 300 0.155398419666374 170780411
555464 300 0.15512344161545216 168943138
555764 300 0.15123582089552237 168811905
556064 300 0.15631817383669885 164628828
556364 300 0.15454503950834067 163300086
556664 300 0.1627564530289728 171174112
556964 300 0.16408393327480247 185363764
557264 300 0.15663107989464445 171977919
557564 300 0.15284776119402987 171846685
557864 300 0.15741808604038632 171715452
558164 300 0.15957998244073748 171042879
558464 300 0.16292712906057943 169090776
558764 300 0.1634770851624232 168155736
559064 300 0.16446321334503952 166187229
559364 300 0.1668526777875329 184838830
559664 300 0.16000667251975417 177620972
559964 300 0.1588972783143108 172240387
560264 300 0.1654398595258999 172240387
560564 300 0.16551571553994734 168828309
560864 300 0.16208323090430202 166334867
561164 300 0.16046180860403864 164628828
561464 300 0.16227287093942053 163710192
561764 300 0.1756614574187884 174602595
562064 300 0.16866374012291485 173815192
562364 300 0.16616049165935032 171715452
562664 300 0.16331589113257242 171305346
562964 300 0.1609548726953468 171567814
563264 300 0.16232028094820017 171436580
563564 300 0.16137208077260756 169615711
563864 300 0.1687111501316945 166712164
564164 300 0.18068691834942935 188382142
564464 300 0.1713566286215979 179474649
564764 300 0.16415978928884986 168451012
565064 300 0.16346760316066727 168565841
565364 300 0.2120154521510097 168303373
565664 300 0.5131543459174714 167794843
565964 300 0.543032133450395 167384737
566264 300 0.5448526777875329 167253504
566564 300 0.5532063213345039 173421491
566864 300 0.5593980684811238 185380169
567164 300 0.5610669007901667 180130818
567464 300 0.5393057067603161 175406402
567764 300 0.5581748902546092 175521231
568064 300 0.5467111501316944 173552725
568364 300 0.5467585601404741 172256791
568664 300 0.5318338893766462 170304688
568964 300 0.5439329236172081 169894583
569264 300 0.5557854258121159 182361792
569564 300 0.5474697102721685 186183976
569864 300 0.5270075504828797 175685274
570164 300 0.5367076382791922 175554040
570464 300 0.5301271290605795 175685274
570764 300 0.5318528533801581 175931337
571064 300 0.5373334503950834 175554040
571364 300 0.5376084284460052 175554040
571664 300 0.5476688323090431 181197092
571964 300 0.5320235294117647 175291572
572264 300 0.5411452151009657 173323066
572564 300 0.5363757682177348 173060598
572864 300 0.5288565408252853 172666897
573164 300 0.5259929762949956 171600622
573464 300 0.5407280070237049 171075687
573764 300 0.5284677787532923 171206921
574064 300 0.5628305531167691 184724000
574364 300 0.5419322212467076 178703650
574664 300 0.5365464442493415 171354559
574964 300 0.5286669007901668 188283716
575264 300 0.5256231782265145 175947741
575564 300 0.524134503950834 175931337
575864 300 0.5188340649692712 175800103
576164 300 0.5413158911325724 175800103
576464 300 0.5570844600526778 187086208
576764 300 0.537902370500439 173175427
577064 300 0.5369731343283582 172912960
577364 300 0.5232337137840211 171092091
577664 300 0.5295202809482001 170698390
577964 300 0.5259740122914838 170698390
578264 300 0.539059174714662 170567156
578564 300 0.5320709394205443 170304688
578864 300 0.543563125548727 180934624
579164 300 0.5259740122914838 180934624
579464 300 0.518227216856892 169779754
579764 300 0.526713608428446 167532375
580064 300 0.52542405618964 167007440
580364 300 0.5302788410886743 166744972
580664 300 0.5271971905179982 166613739
580964 300 0.5418279192273925 166613739
581264 300 0.5386988586479368 172912960
581564 300 0.5331234416154522 188004844
581864 300 0.519640035118525 175275168
582164 300 0.5272351185250219 175029105
582464 300 0.5335785776997366 173060598
582764 300 0.533787181738367 172141962
583064 300 0.5397608428446006 172404429
583364 300 0.5310374012291484 172388025
583664 300 0.5323364354697102 172388025
583964 300 0.5544484635645303 187742377
584264 300 0.5371627743634767 176325038
584564 300 0.5373524143985953 170288284
584864 300 0.5358921861281826 176193804
585164 300 0.5385755926251098 169500882
585464 300 0.5293875329236173 169238414
585764 300 0.5318433713784021 168975946
586064 300 0.5350956979806848 165973974
586364 300 0.5297099209833187 169254819
586664 300 0.5464646180860403 163874233
586964 300 0.5395427568042142 163726596
587264 300 0.5429847234416154 163726596
587564 300 0.5294349429323969 163726596
587864 300 0.5269506584723441 163726596
588164 300 0.5307339771729587 163726596
588464 300 0.5300133450395083 164120297
588764 300 0.536100790166813 169500882
589064 300 0.5445113257243196 181180688
589364 300 0.5247318700614574 164792870
589664 300 0.5412589991220368 164661636
589964 300 0.5192702370500438 164530402
590264 300 0.5240586479367866 164530402
590564 300 0.529928007023705 164513998
590864 300 0.5289703248463564 164513998
591164 300 0.5163592625109745 164513998
591464 300 0.5362904302019315 170009413
591764 300 0.5440087796312554 183034365
592064 300 0.5334742756804214 178178715
592364 300 0.5208347673397717 175291572
592664 300 0.5155058823529411 186840145
592964 300 0.5196969271290606 175668870
593264 300 0.5265239683933275 175160338
593564 300 0.5011122036874451 172912960
593864 300 0.5184263388937664 173716767
594164 300 0.5326114135206321 176849973
594464 300 0.5244663740122915 170567156
594764 300 0.5228923617208078 168844713
595064 300 0.5148705882352941 168319778
595364 300 0.5082142230026339 168319778
595664 300 0.5136948200175593 167958885
595964 300 0.5247603160667251 167926077
596264 300 0.5214036874451273 168861117
596564 300 0.526969622475856 183182003
596864 300 0.5076073748902545 174372936
597164 300 0.5251870061457419 168861117
597464 300 0.5166342405618964 168598650
597764 300 0.515145566286216 168598650
598064 300 0.5145102721685689 167155078
598364 300 0.5072375768217735 166088803
598664 300 0.5198012291483758 165973974
598964 300 0.4908906057945567 165695102
599264 300 0.52363195785777 165727911
599564 300 0.5142068481123793 165842740
599864 300 0.5136568920105355 165842740
600164 300 0.5161885864793678 165711507
600464 300 0.5106510974539069 165711507
600764 300 0.5313977172958736 185002872
601064 300 0.5144818261633011 181984495
601364 300 0.520275329236172 176210209
601664 300 0.5150602282704126 176078975
601964 300 0.5174212467076382 176226613
602264 300 0.5071048287971905 176472676
602564 300 0.5196969271290606 176210209
602864 300 0.5211192273924494 177260079
603164 300 0.5223708516242318 191302093
603464 300 0.5098356453028973 182378196
603764 300 0.5144249341527656 177260079
604064 300 0.5270644424934153 176751548
604364 300 0.5298331870061457 174651808
604664 300 0.5150886742756804 174783042
604964 300 0.49522388059701494 174783042
605264 300 0.5004484635645303 174651808
605564 300 0.5111157155399473 179113756
605864 300 0.5172410886742757 189858522
606164 300 0.4998036874451273 179622287
606464 300 0.49636172080772606 176341443
606764 300 0.506147146619842 173323066
607064 300 0.5075315188762072 169910988
607364 300 0.5026862159789289 168352586
607664 300 0.4845566286215979 168204948
607964 300 0.5121113257243196 169681328
608264 300 0.5289703248463564 187791589
608564 300 0.5019466198419665 179113756
608864 300 0.5123578577699737 174914275
609164 300 0.5154774363476734 175307976
609464 300 0.5153446883230904 174520574
609764 300 0.519128007023705 172814535
610064 300 0.5153541703248463 172552067
610364 300 0.5284203687445127 171895898
610664 300 0.535190517998244 183444471
610964 300 0.5386230026338894 174520574
611264 300 0.5036344161545215 167171482
611564 300 0.5028853380158034 167040249
611864 300 0.4885580333625988 166777781
612164 300 0.4919525899912203 166909015
612464 300 0.4971961369622476 167171482
612764 300 0.5010458296751535 170058625
613064 300 0.5175919227392449 185150510
613364 300 0.5101485513608428 177030420
613664 300 0.5225604916593504 173224640
613964 300 0.5161316944688322 178195120
614264 300 0.5081383669885865 169648520
614564 300 0.5136663740122914 169533690
614864 300 0.5085271290605795 168877521
615164 300 0.5106131694468833 169025160
615464 300 0.5126517998244073 168729883
615764 300 0.5094563652326601 166121612
616064 300 0.5094374012291483 164136701
616364 300 0.5114949956101843 163234469
616664 300 0.5073039508340649 163218065
616964 300 0.5211287093942054 163086831
617264 300 0.519649517120281 162955597
617564 300 0.5220389815627744 168073714
617864 300 0.5286289727831431 168992351
618164 300 0.5219157155399473 164153106
618464 300 0.5268842844600526 164021872
618764 300 0.5135715539947322 164153106
619064 300 0.5079107989464443 164021872
619364 300 0.49711079894644417 164021872
619664 300 0.4909569798068481 164021872
619964 300 0.520550307287094 171633430
620264 300 0.5154110623353818 185281744
620564 300 0.238328007023705 175045509
620864 300 0.15153924495171203 174930679
621164 300 0.1487041264266901 174799446
621464 300 0.1468266900790167 174668212
621764 300 0.14794556628621597 174126873
622064 300 0.1491782265144864 172420833
622364 300 0.1547062335381914 176095379
622664 300 0.1650036874451273 188825056
622964 300 0.15026865671641793 180951029
623264 300 0.1479929762949956 176899186
623564 300 0.15360632133450397 176636718
623864 300 0.1480593503072871 175078317
624164 300 0.1489222124670764 169550094
624464 300 0.14647585601404742 167187886
624764 300 0.14463634767339772 167302716
625064 300 0.15691553994732219 182788302
625364 300 0.15536997366110625 182000899
625664 300 0.14734820017559264 175176742
625964 300 0.1482774363476734 187775185
626264 300 0.1442001755926251 172568472
626564 300 0.14482598770851624 169796158
626864 300 0.1415262510974539 168877521
627164 300 0.14371659350307286 164546807
627464 300 0.16348656716417911 178326354
627764 300 0.15763617208077263 169796158
628064 300 0.14617243195785776 169812562
628364 300 0.14391571553994734 178851288
628664 300 0.14743353819139596 172306004
628964 300 0.1468266900790167 170731198
629264 300 0.14237014925373134 166777781
629564 300 0.14456997366110622 166909015
629864 300 0.15114100087796312 174947083
630164 300 0.15207023705004388 170731198
630464 300 0.1408056189640035 170468731
630764 300 0.1441622475856014 170337497
631064 300 0.1421710272168569 169139989
631364 300 0.14273046532045655 165875549
631664 300 0.14331834942932395 165498252
631964 300 0.1458215978928885 165990378
632264 300 0.1571620719929763 180311264
632564 300 0.1489222124670764 170977262
632864 300 0.14740509218612818 165859144
633164 300 0.14879894644424935 165990378
633464 300 0.14949113257243196 165859144
633764 300 0.14653274802458296 166039591
634064 300 0.14699736611062336 166302058
634364 300 0.1490739244951712 166449696
634664 300 0.1548294995610184 172355217
634964 300 0.16169446883230904 184297490
635264 300 0.1545545215100966 180229243
635564 300 0.1468266900790167 174323723
635864 300 0.14908340649692714 169845370
636164 300 0.1495480245829675 169861774
636464 300 0.14651378402107113 169582903
636764 300 0.14908340649692714 169845370
637064 300 0.15694398595259 174471361
637364 300 0.1665587357330992 185626232
637664 300 0.15456400351185254 176308634
637964 300 0.14702581211589114 173159023
