1446152 300 0.45066795434591744 167187886
1446452 300 0.4388533801580334 167319120
1446752 300 0.42557857769973656 168368991
1447052 300 0.4263276558384547 168368991
1447352 300 0.41455100965759434 168368991
1447652 300 0.4009158911325724 168631458
1447952 300 0.4021485513608428 168500224
1448252 300 0.398526426690079 168500224
1448552 300 0.430404916593503 174389340
1448852 300 0.4047086918349429 184658383
1449152 300 0.3940414398595259 178605225
1449452 300 0.4002900790166813 169287627
1449752 300 0.38835223880597014 169271223
1450052 300 0.38335522388059695 168762692
1450352 300 0.3734465320456541 167844055
1450652 300 0.40054609306409134 167844055
1450952 300 0.3868446005267779 171649835
1451252 300 0.3853654082528534 180573732
1451552 300 0.371910447761194 167975289
1451852 300 0.39347251975417036 163529745
1452152 300 0.3906184372256365 177309292
1452452 300 0.3887599648814749 163660979
1452752 300 0.39559648814749776 163529745
1453052 300 0.37064934152765583 163792212
1453352 300 0.37365513608428447 165088146
1453652 300 0.3782633889376646 174274510
1453952 300 0.3810890254609306 163907042
1454252 300 0.3676056189640035 163907042
1454552 300 0.37131308165057064 163907042
1454852 300 0.3649885864793678 163907042
1455152 300 0.36271290605794554 163513341
1455452 300 0.3661928007023704 162463470
1455752 300 0.3685538191395961 162594704
1456052 300 0.3742050921861282 162594704
1456352 300 0.36801334503950833 162725938
1456652 300 0.38348797190517997 175586848
1456952 300 0.3819708516242318 174126873
1457252 300 0.36525408252853375 162725938
1457552 300 0.3624948200175592 162594704
1457852 300 0.3644670763827919 162578300
1458152 300 0.3590718173836699 162594704
1458452 300 0.36364214223002633 162857172
1458752 300 0.364580860403863 162857172
1459052 300 0.3665910447761194 162857172
1459352 300 0.38614293239683933 179261394
1459652 300 0.3814777875329236 168910330
1459952 300 0.36839262510974535 163398511
1460252 300 0.37314310798946443 164563211
1460552 300 0.36582300263388934 164169510
1460852 300 0.3692839332748024 164300743
1461152 300 0.2796695346795435 83624779
1461452 101 0.274454433713784 82574908
1461553 1 0.2745208077260755 82574908
1461554 3 0.2745208077260755 82591312
1461557 11 0.274454433713784 82591312
1461568 1 0.274454433713784 82591312
1461569 173 0.2766068481123793 89694341
1461742 1 0.2766068481123793 89694341
1461743 9 0.30490114135206325 92089357
1461752 300 0.2996481123792801 136561204
1462052 300 0.36368007023705 166958227
1462352 300 0.3457116769095698 162381450
1462652 300 0.34428937664618087 159592732
1462952 300 0.35021562774363474 159461498
1463252 300 0.34230763827919225 159609136
1463552 300 0.3475891132572432 159625540
1463852 300 0.3523870061457419 159756774
1464152 300 0.33753819139596136 159625540
1464452 300 0.3568056189640035 178802076
1464752 300 0.34477295873573305 179195777
1465052 300 0.337073573309921 162020556
1465352 300 0.34072414398595263 162693130
1465652 300 0.3415395961369623 162824364
1465952 300 0.3470012291483758 162807959
1466252 300 0.3436540825285338 162824364
1466552 300 0.34017418788410886 162561896
1466852 300 0.3423550482879719 161905727
1467152 300 0.3458918349429324 168598650
1467452 300 0.3414352941176471 179228586
1467752 300 0.3348168568920105 162676725
1468052 300 0.33144126426690074 162020556
1468352 300 0.32774328358208954 184855234
1468652 300 0.3260649692712906 170452327
1468952 300 0.32174117647058825 168615054
1469252 300 0.31972151009657596 166777781
1469552 300 0.3248892010535558 167548779
1469852 300 0.3190103599648815 184494341
1470152 300 0.3182897278314311 166515313
1470452 300 0.32458577699736607 165990378
1470752 300 0.3158812993854258 165990378
1471052 300 0.3156442493415276 166515313
1471352 300 0.3234289727831431 167302716
1471652 300 0.32598911325724317 183854576
1471952 300 0.34189991220368743 186331614
1472252 300 0.3320196663740123 176111784
1472552 300 0.32614082528533805 170468731
1472852 300 0.32908024582967516 170731198
1473152 300 0.32908024582967516 168237757
1473452 300 0.33463669885864794 166400484
1473752 300 0.3324179104477612 166679356
1474052 300 0.33122317822651454 167204290
1474352 300 0.3545109745390694 183739747
1474652 300 0.3467357330992098 183870981
1474952 300 0.3407620719929763 176505484
1475252 300 0.3323799824407375 175980550
1475552 300 0.3370166812993854 172437238
1475852 300 0.3417102721685689 165891953
1476152 300 0.3428860403863038 162086173
1476452 300 0.3314886742756804 162479875
1476752 300 0.3417482001755926 162873576
1477052 300 0.3535817383669886 171666239
1477352 300 0.34105601404741 166400484
1477652 300 0.32830272168568925 162725938
1477952 300 0.33435223880597015 162725938
1478252 300 0.32584688323090427 162725938
1478552 300 0.31892502194907807 162725938
1478852 300 0.3267097453906936 162332237
1479152 300 0.3335841966637401 162332237
1479452 300 0.35121123792800696 181902474
1479752 300 0.35240597014925373 189514033
1480052 300 0.338742405618964 179540266
1480352 300 0.33152660228270414 173765980
1480652 300 0.35086040386303774 172847343
1480952 300 0.34025952589991215 169960200
1481252 300 0.3324748024582968 169960200
1481552 300 0.32918454784899037 169960200
1481852 300 0.33478841088674277 167712822
1482152 300 0.35275680421422295 180967433
1482452 300 0.3482907813871818 178998927
1482752 300 0.32830272168568925 163382107
1483052 300 0.33916909569798065 159067797
1483352 297 0.2452972783143108 80343934
1483649 1 0.2452972783143108 80360338
1483650 2 0.2452972783143108 80360338
1483652 7 0.26572151009657596 80491572
1483659 4 0.26572151009657596 80475168
1483663 1 0.26572151009657596 80475168
1483664 176 0.26799719051799825 87528984
1483840 1 0.26799719051799825 87528984
1483841 111 0.2827132572431958 101899082
1483952 300 0.2948502194907814 151620280
1484252 300 0.32005338015803336 156164249
1484552 300 0.3137099209833187 156295483
1484852 300 0.30867497805092187 156311887
1485152 300 0.3086180860403863 156705589
1485452 300 0.2952484635645303 157640629
1485752 300 0.30145917471466194 157378162
1486052 300 0.3044554872695347 157246928
1486352 300 0.2951346795434592 157903097
1486652 300 0.30693028972783143 165383422
1486952 300 0.31240140474100087 180212839
1487252 300 0.3006721685689201 176439868
1487552 300 0.2975620719929763 169353244
1487852 300 0.2942907813871818 169090776
1488152 300 0.29785601404741 169369648
1488452 300 0.297723266022827 169369648
1488752 300 0.3045787532923618 166876206
1489052 300 0.29954381035996486 165301401
1489352 300 0.305308867427568 172519258
1489652 300 0.2883929762949956 176325038
1489952 300 0.1910791922739245 169369648
1490252 300 0.15536997366110625 165957570
1490552 300 0.15579666374012294 180524519
1490852 300 0.15422265144863917 169123585
1491152 300 0.1562707638279192 168467416
1491452 300 0.1612014047410009 162168195
1491752 300 0.15994978050921863 161118324
1492052 300 0.16516488147497801 174241702
1492352 300 0.16461492537313432 164530402
1492652 300 0.16227287093942053 164546807
1492952 300 0.16163757682177352 161790897
1493252 300 0.15899209833187006 160626198
1493552 300 0.15323652326602286 160593389
1493852 300 0.1562707638279192 160609794
1494152 300 0.15198489903424056 160593389
1494452 300 0.1543648814749781 163136044
1494752 300 0.16520280948200175 183854576
1495052 300 0.15628972783143108 178752863
1495352 300 0.15305636523266022 173880809
1495652 300 0.1555406496927129 172962172
1495952 300 0.15848007023705005 182919535
1496252 300 0.15461141352063215 170321093
1496552 300 0.15646988586479366 170321093
1496852 300 0.1543364354697103 170321093
1497152 300 0.155654433713784 170321093
1497452 300 0.16866374012291485 187512718
1497752 300 0.16692853380158032 169779754
1498052 300 0.15968428446005267 169927392
1498352 300 0.15401404741000876 168615054
1498652 300 0.1594093064091308 166777781
1498952 300 0.1544502194907814 167171482
1499252 300 0.15446918349429326 166777781
1499552 300 0.15454503950834067 166515313
1499852 300 0.16039543459174713 165071742
1500152 300 0.16647339771729588 178588821
1500452 300 0.1630978050921861 165613081
1500752 300 0.1588972783143108 159297456
1501052 300 0.14774644424934152 159034988
1501352 300 0.14768007023705007 159166222
1501652 300 0.15081861281826162 159067797
1501952 300 0.15246848112379283 159051392
1502252 300 0.15048674275680424 159182626
1502552 300 0.15016435469710274 159182626
1502852 300 0.15537945566286218 165219380
1503152 300 0.16162809482001758 178736459
1503452 300 0.15416575943810357 177834226
1503752 300 0.14669394205443373 172962172
1504052 300 0.14306233538191396 172552067
1504352 300 0.15306584723441616 185429382
1504652 300 0.15384337137840212 166941823
1504952 300 0.1534546093064091 166662951
1505252 300 0.1496428446005268 166548122
1505552 300 0.15117892888498685 166400484
1505852 300 0.15593889376646183 172962172
1506152 300 0.15967480245829677 176259421
1506452 300 0.15445970149253732 170206263
1506752 300 0.14445618964003512 167040249
1507052 300 0.14394416154521508 166006782
1507352 300 0.14709218612818262 165990378
1507652 300 0.1503350307287094 166121612
1507952 300 0.15356839332748023 164940508
1508252 300 0.15516136962247587 162184599
1508552 300 0.15215557506584723 160347326
1508852 300 0.16177032484635645 179409032
1509152 300 0.16185566286215983 180048796
1509452 300 0.15668797190517997 173618341
1509752 300 0.15670693590869184 186725315
1510052 300 0.15115996488147498 167712822
1510352 300 0.15360632133450397 163775808
1510652 300 0.15370114135206325 163890638
1510952 300 0.1549527655838455 164284339
1511252 300 0.1582714661984197 174668212
1511552 300 0.16428305531167692 160101262
1511852 300 0.1551329236172081 160101262
1512152 300 0.1504488147497805 159970029
1512452 300 0.15831887620719928 160101262
1512752 300 0.1550665496049166 160232496
1513052 300 0.154241615452151 160101262
1513352 300 0.15640351185250223 159970029
1513652 300 0.1519943810359965 159838795
1513952 300 0.16767761194029848 171518601
1514252 300 0.16177980684811238 171535005
1514552 300 0.15618542581211592 159445093
1514852 300 0.15409938542581214 159445093
1515152 300 0.15593889376646183 159313860
1515452 300 0.1555690956979807 159182626
1515752 300 0.1556828797190518 159182626
1516052 300 0.16200737489025463 159182626
1516352 300 0.1588972783143108 161676068
1516652 300 0.16848358208955225 167597992
1516952 300 0.1582050921861282 159313860
1517252 300 0.15768358208955227 158788925
1517552 300 0.1589731343283582 158805329
1517852 300 0.15566391571553995 158936563
1518152 300 0.155142405618964 158936563
1518452 300 0.15107462686567164 158936563
1518752 300 0.15762669007901667 159445093
1519052 300 0.16484249341527657 181246305
1519352 300 0.16037647058823526 178473991
1519652 300 0.15169095697980683 172601280
1519952 300 0.15351150131694472 171928707
1520252 300 0.15726637401229152 169320435
1520552 300 0.15449762949956103 167351929
1520852 300 0.1520323090430202 166170825
1521152 300 0.15172888498683054 166039591
1521452 300 0.1558630377524144 167220695
1521752 300 0.16414082528533805 185970721
1522052 300 0.16078419666374014 185445786
1522352 300 0.15905847234416157 168122927
1522652 300 0.1575318700614574 167876864
1522952 300 0.16165654082528533 167614396
1523252 300 0.15705776997366108 167597992
1523552 300 0.15722844600526778 164317147
1523852 300 0.15810079016681297 164218722
1524152 300 0.1610402107111501 165383422
1524452 300 0.16926110623353818 184806021
1524752 300 0.16308832309043023 178900501
1525052 300 0.1627943810359965 171157708
1525352 300 0.16566742756804215 170239072
1525652 300 0.16268059701492535 166958227
1525952 300 0.16306935908691836 166433292
1526252 300 0.24274661984196663 166564526
1526552 300 0.44139455662862165 166958227
1526852 300 0.4686647936786655 167499567
1527152 300 0.48682282704126423 178391970
1527452 300 0.5037766461808604 182197750
1527752 300 0.5042791922739245 176554698
1528052 300 0.5085840210711149 176817165
1528352 300 0.49639964881474974 191121646
1528652 300 0.49369727831431076 176554698
1528952 300 0.5016052677787532 176685931
1529252 300 0.5036344161545215 176554698
1529552 300 0.49705390693590873 176817165
1529852 300 0.5022690079016682 176685931
1530152 300 0.5130690079016681 181393943
1530452 300 0.5315020193151887 182328984
1530752 300 0.517335908691835 173930022
1531052 300 0.5105278314310798 173536320
1531352 300 0.5354370500438982 174192489
1531652 300 0.5196684811237928 172338812
1531952 300 0.5238974539069359 171813877
1532252 300 0.5338156277436347 171830281
1532552 300 0.5241155399473222 171813877
1532852 300 0.5310184372256365 171699048
1533152 300 0.5368972783143108 175619656
1533452 300 0.5524856892010535 186790932
1533752 300 0.5245517120280948 183247620
1534052 300 0.5262869183494293 178408374
1534352 300 0.5205123792800702 177079632
1534652 300 0.4420298507462686 174733828
1534952 300 0.27858858647936785 174323723
1535252 300 0.427702546093064 171830281
1535552 300 0.2775834942932397 171190516
1535852 300 0.3421843722563652 170157051
1536152 300 0.3889306409130816 187201038
1536452 300 0.22848568920105353 170796816
1536752 300 0.19494784899034243 161216749
1537052 300 0.23795820895522388 161200345
1537352 300 0.18722001755926254 161200345
1537652 300 0.18459350307287092 161331579
1537952 300 0.1904628621597893 161347983
1538252 300 0.18650886742756806 161347983
1538552 300 0.1871062335381914 161610451
1538852 300 0.18640456540825281 161479217
1539152 300 0.18653731343283583 177735801
1539452 300 0.18803546971027219 166859802
1539752 300 0.18989394205443372 166728568
1540052 300 0.18945776997366112 166597335
1540352 300 0.20452467076382794 165547464
1540652 300 0.20667708516242317 179064543
1540952 300 0.20122493415276557 167778438
1541252 300 0.1891733099209833 166859802
1541552 300 0.18980860403863037 166728568
1541852 300 0.19401861281826163 166203633
1542152 300 0.1884906057945566 160970686
1542452 300 0.18651834942932397 160429347
1542752 300 0.19180930640913083 160429347
1543052 300 0.18640456540825281 160298113
1543352 300 0.19999227392449517 176439868
1543652 300 0.18977067603160666 182345388
1543952 300 0.1900077260755048 173044194
1544252 300 0.18482107111501317 172634088
1544552 300 0.1915532923617208 172765322
1544852 300 0.18894574187884108 172765322
1545152 300 0.18317120280948201 172650492
1545452 300 0.1839961369622476 171321750
1545752 300 0.18946725197541703 166318463
1546052 300 0.199755223880597 180114414
1546352 300 0.19495733099209836 182082920
1546652 300 0.19319367866549605 167647204
1546952 300 0.18910693590869185 166974631
1547252 300 0.19005513608428445 166876206
1547552 300 0.1896758560140474 164251531
1547852 300 0.19163863037752418 163989063
1548152 300 0.18892677787532922 163726596
1548452 300 0.18843371378402107 161265962
1548752 300 0.19694855136084286 179491053
1549052 300 0.19553573309920982 184986468
1549352 300 0.18820614574187886 173306661
1549652 300 0.18669850746268657 173175427
1549952 300 0.18464091308165057 173044194
1550252 300 0.18935346795434596 173060598
1550552 300 0.18517190517998242 170550752
1550852 300 0.18758981562774363 166613739
1551152 300 0.19215065847234417 166351271
1551452 300 0.21511606672519756 166367676
1551752 300 0.5269411764705881 170813220
1552052 300 0.24781000877963122 182903131
1552352 300 0.5486265144863915 173191832
1552652 300 0.5063178226514485 172273195
1552952 300 0.5504849868305531 172404429
1553252 300 0.5529123792800702 170550752
1553552 300 0.5567431079894645 170157051
1553852 300 0.540851273046532 170304688
1554152 300 0.5540597014925372 170288284
1554452 300 0.41247445127304655 87611005
1554752 41 0.39784372256365225 99946980
1554793 8 0.3978911325724319 99946980
1554801 9 0.39784372256365225 99963384
1554810 173 0.39912379280070237 107558539
1554983 1 0.39912379280070237 107558539
1554984 1 0.39912379280070237 107558539
1554985 67 0.41476909569798065 119435196
1555052 300 0.4360846356453029 158165564
1555352 300 0.32246180860403867 164349956
1555652 300 0.5512151009657594 164481190
1555952 300 0.5463982440737489 164481190
1556252 300 0.5438665496049165 164743657
1556552 300 0.5404909569798068 164760061
1556852 300 0.5393531167690957 164628828
1557152 300 0.5478869183494293 164628828
1557452 300 0.5609246707638279 178277140
1557752 300 0.4875813871817383 174865062
1558052 300 0.2965095697980685 162004152
1558352 300 0.18683125548726956 161380792
1558652 300 0.18831992976294995 180196435
1558952 300 0.23780649692712907 166548122
1559252 300 0.25724460052677783 165498252
1559552 300 0.2437801580333626 163250873
1559852 300 0.2838985074626866 165219380
1560152 300 0.19318419666374012 176882782
1560452 300 0.18035504828797191 167286312
1560752 300 0.1776716417910448 166105208
1561052 300 0.1742770851624232 165859144
1561352 300 0.17287374890254606 165711507
1561652 300 0.17618296751536436 164645232
1561952 300 0.18123687445127304 162611109
1562252 300 0.185740825285338 164989721
1562552 300 0.1768846356453029 169960200
1562852 300 0.17633467954345916 163004810
1563152 300 0.17564249341527655 163119639
1563452 300 0.17412537313432833 163119639
1563752 300 0.18007058823529412 162840768
1564052 300 0.1762777875329236 162857172
1564352 300 0.17785179982440738 162709534
1564652 300 0.1841478489903424 164054680
1564952 300 0.18429956101843725 189743692
1565252 300 0.18492537313432836 180311264
1565552 300 0.1720014047410009 170599965
1565852 300 0.17293064091308163 170075029
1566152 300 0.17580368744512734 168893926
1566452 300 0.1748649692712906 167187886
1566752 300 0.17301597892888498 167335524
1567052 300 0.17301597892888498 167220695
1567352 300 0.17212467076382792 167335524
1567652 300 0.1874760316066725 182673472
1567952 300 0.17693204565408255 172699705
1568252 300 0.16912835820895525 167597992
1568552 300 0.2544474100087796 167712822
1568852 300 0.34548410886742753 167729226
1569152 300 0.21449973661106236 165645889
1569452 300 0.18541843722563653 163546149
1569752 300 0.25124249341527655 163546149
1570052 300 0.48110517998244073 163825021
1570352 300 0.5308382791922739 171567814
1570652 300 0.5440087796312554 184018618
1570952 300 0.5291220368744513 173405086
1571252 300 0.5243146619841966 173126215
1571552 300 0.5296625109745391 173372278
1571852 300 0.5334837576821774 173536320
1572152 300 0.5475076382791922 173126215
1572452 300 0.5391350307287094 173011386
1572752 300 0.5447768217734855 170534348
1573052 300 0.5483610184372255 173011386
1573352 300 0.5568663740122914 180622944
1573652 300 0.5436200175592625 171961515
1573952 300 0.5623469710272168 166712164
1574252 300 0.5519072870939421 166055995
1574552 300 0.5134103599648815 165793528
1574852 300 0.2610279192273925 164497594
1575152 300 0.4783079894644425 162922789
1575452 300 0.1924635645302897 162397854
1575752 300 0.37177769973661107 168040906
1576052 300 0.17547181738366988 166203633
1576352 300 0.16884389815627743 159789582
1576652 300 0.16422616330114134 159395881
1576952 300 0.1724660228270413 159395881
1577252 300 0.1760597014925373 159133413
1577552 300 0.16598981562774365 159002179
1577852 300 0.17272203687445126 159133413
1578152 300 0.17639157155399474 159395881
1578452 300 0.17905601404741 179080948
1578752 300 0.17195399473222125 175012701
1579052 300 0.1611065847234416 170813220
1579352 300 0.1559009657594381 170796816
1579652 300 0.16324951712028096 170025817
1579952 300 0.16092642669007903 167269908
1580252 300 0.16605618964003513 163857829
1580552 300 0.16741211589113258 160970686
1580852 300 0.17050324846356454 160839453
1581152 300 0.17870517998244076 172912960
1581452 300 0.17786128182616331 181049454
1581752 300 0.17509253731343286 171600622
1582052 300 0.1713945566286216 168975946
1582352 300 0.17140403863037754 167926077
1582652 300 0.1659044776119403 165563868
1582952 300 0.16415978928884986 165432635
1583252 300 0.16331589113257242 166613739
1583552 300 0.1823367866549605 185773870
1583852 300 0.16708972783143108 176981207
1584152 300 0.1669569798068481 169238414
1584452 300 0.17137559262510974 168844713
1584752 300 0.16836979806848112 168729883
1585052 300 0.16795258999122037 164776466
1585352 300 0.17126180860403864 161758089
1585652 300 0.169156804214223 160708219
1585952 300 0.18497278314310797 179999584
1586252 300 0.17458999122036872 177374908
1586552 300 0.1699438103599649 171338155
1586852 300 0.17519683933274802 169369648
1587152 300 0.16567690956979805 169238414
1587452 300 0.17134714661984196 166876206
1587752 300 0.1692231782265145 160855857
1588052 300 0.17881896400351185 163480532
1588352 300 0.1869260755048288 175554040
1588652 300 0.17980509218612817 171617026
1588952 300 0.1806489903424056 171748260
1589252 300 0.1831048287971905 166761377
1589552 300 0.1784017559262511 164776466
1589852 300 0.17613555750658472 163201660
1590152 300 0.17613555750658472 159395881
1590452 300 0.17765267778753294 160445751
1590752 300 0.20008709394205446 179097352
1591052 300 0.1911171202809482 176997612
1591352 300 0.19020684811237928 171748260
1591652 300 0.19298507462686568 171748260
1591952 300 0.1887086918349429 171617026
1592252 300 0.18015592625109747 169894583
1592552 300 0.18639508340649694 168828309
1592852 300 0.18740017559262512 166072399
1593152 300 0.19051027216856894 173159023
1593452 300 0.18503915715539948 170025817
1593752 300 0.18514345917471467 160068454
1594052 300 0.19253942054433712 159953625
1594352 300 0.19544091308165057 159838795
1594652 300 0.19423669885864794 159723966
1594952 300 0.18631922739244952 159691157
1595252 300 0.19100333625987706 164415573
1595552 300 0.20760632133450396 181738432
1595852 300 0.19579174714661987 171370963
1596152 300 0.18798805970149254 171370963
1596452 300 0.19127831431079895 171239730
1596752 300 0.1883388937664618 169796158
1597052 300 0.19045338015803337 167565184
1597352 300 0.18868024582967516 167581588
1597652 300 0.19546935908691837 167450354
1597952 300 0.20091202809482 182935940
1598252 300 0.19817172958735735 179655096
1598552 300 0.19144899034240562 170616369
1598852 300 0.18959051799824406 168385395
1599152 300 0.194615978928885 180852604
1599452 300 0.18765618964003514 168122927
1599752 300 0.1874570676031607 165235784
1600052 300 0.1880449517120281 164694445
1600352 300 0.19022581211589112 164825679
1600652 300 0.19017840210711148 175455615
1600952 300 0.18943880597014925 164956912
1601252 300 0.18808287971905183 164825679
1601552 300 0.1849348551360843 164842083
1601852 300 0.1824979806848112 164842083
1602152 300 0.18375908691834944 164842083
1602452 300 0.18369271290605796 164710849
1602752 300 0.18989394205443372 166695760
1603052 300 0.19912941176470592 180458902
1603352 300 0.19190412642669005 174405744
1603652 300 0.19479613696224757 169533690
1603952 300 0.19516593503072868 166892610
1604252 300 0.19199894644424934 166006782
1604552 300 0.18365478489903422 160888665
1604852 300 0.18550377524143988 158001522
1605152 300 0.19074732221246707 158788925
1605452 300 0.21199648814749783 172306004
1605752 300 0.19727093942054433 173355874
1606052 300 0.1937625987708516 170599965
1606352 300 0.19348762071992978 190941200
1606652 300 0.18913538191395965 170337497
1606952 300 0.19334539069359086 166138016
1607252 300 0.19030166812993854 161807302
1607552 300 0.18928709394205445 161807302
1607852 300 0.1990251097453907 180967433
1608152 300 0.20359543459174714 168762692
1608452 300 0.1951564530289728 168762692
1608752 300 0.19286180860403865 167581588
1609052 300 0.20087410008779633 165613081
1609352 300 0.1929945566286216 165350614
1609652 300 0.19037752414398593 165350614
1609952 300 0.18953362598770854 165219380
1610252 300 0.19832344161545215 165481848
1610552 300 0.20806145741878843 174930679
1610852 300 0.20088358208955223 164956912
1611152 300 0.19878805970149255 159313860
1611452 300 0.19961299385425813 159707561
1611752 300 0.1949857769973661 159182626
1612052 300 0.1972614574187884 159313860
1612352 300 0.19500474100087797 159445093
1612652 300 0.19763125548726954 162217407
1612952 300 0.19911044776119405 175340785
1613252 300 0.29835856014047407 171928707
1613552 300 0.5614556628621598 172174770
1613852 300 0.5980087796312554 171781069
1614152 300 0.593694468832309 171387367
1614452 300 0.5968424934152766 171256134
1614752 300 0.5888112379280069 171124900
1615052 300 0.5572172080772607 171518601
1615352 300 0.5516986830553117 187529122
1615652 300 0.5592842844600526 176505484
1615952 300 0.5508547848990343 171288942
1616252 300 0.5609436347673398 187561930
1616552 300 0.5437527655838456 171157708
1616852 300 0.5505039508340649 171157708
1617152 300 0.5472705882352941 171157708
1617452 300 0.5546191395961368 173126215
1617752 300 0.5470525021949079 178375566
1618052 300 0.5468059701492537 171272538
1618352 300 0.5433829675153643 171256134
1618652 300 0.5307150131694469 171272538
1618952 300 0.5328294995610184 171141304
1619252 300 0.5512056189640034 171157708
1619552 300 0.5383195785776997 171157708
1619852 300 0.5445397717295873 173930022
1620152 300 0.5526374012291484 181279113
1620452 300 0.5474791922739245 174176085
1620752 300 0.5475171202809481 172584876
1621052 300 0.543032133450395 171174112
1621352 300 0.5323648814749781 171157708
1621652 300 0.5282686567164179 171141304
1621952 300 0.5383764705882352 171945111
1622252 300 0.5509970149253731 192122304
1622552 300 0.5466163301141352 190022564
1622852 300 0.54625601404741 170485135
1623152 300 0.5415908691834943 170632773
1623452 300 0.5367171202809482 187053400
1623752 300 0.5331803336259877 173257449
1624052 300 0.5403202809482002 173011386
1624352 300 0.5312649692712906 171436580
1624652 300 0.5269222124670764 171010070
1624952 300 0.53596804214223 178621629
1625252 300 0.5649829675153644 169845370
1625552 300 0.5552923617208076 169828966
1625852 300 0.5576818261633012 167729226
1626152 300 0.5405194029850746 166662951
1626452 300 0.5522296751536435 164218722
1626752 300 0.5320804214223003 163677383
1627052 300 0.5440846356453028 165924762
1627352 300 0.5498496927129061 171813877
1627652 300 0.5447294117647059 163677383
1627952 300 0.5323838454784898 163825021
1628252 300 0.5360438981562774 163529745
1628552 300 0.540471992976295 163398511
1628852 300 0.5370110623353819 163529745
1629152 300 0.5389548726953468 163398511
1629452 300 0.5530261633011413 161036303
1629752 300 0.5592179104477611 180852604
1630052 300 0.5393625987708516 176800761
1630352 300 0.5583834942932396 172338812
1630652 300 0.5552923617208076 172076344
1630952 300 0.5434967515364355 171945111
1631252 300 0.5410883230904302 171945111
1631552 300 0.5434967515364355 169304031
1631852 300 0.5406331870061457 166023187
1632152 300 0.553718349429324 185577019
1632452 300 0.5405194029850746 178752863
1632752 300 0.5394194907813872 171928707
1633052 300 0.5457724319578577 169697733
1633352 300 0.5433829675153643 168910330
1633652 300 0.5300512730465321 165891953
1633952 300 0.5308951712028095 164054680
1634252 300 0.5205787532923617 163939851
1634552 300 0.5244474100087796 163923446
1634852 300 0.5300417910447761 171010070
1635152 300 0.5225320456540825 166154421
1635452 300 0.5186444249341527 163792212
1635752 300 0.5193460930640913 163660979
1636052 300 0.5199813871817384 163660979
1636352 300 0.5123768217734854 163529745
1636652 300 0.5184168568920104 162479875
1636952 300 0.5193271290605794 160642602
1637252 300 0.51180790166813 160511368
1637552 300 0.5322226514486391 160527772
1637852 300 0.5210244073748903 160429347
1638152 300 0.5312744512730465 160429347
1638452 300 0.5234707638279192 160429347
1638752 300 0.5289798068481123 162102577
1639052 300 0.5414770851624232 184264682
1639352 300 0.5309330992098331 170222668
1639652 300 0.5355982440737489 161954940
1639952 300 0.5259171202809482 161823706
1640252 300 0.5229682177348551 176259421
1640552 300 0.5072186128182616 161561238
1640852 300 0.5199719051799824 161692472
1641152 300 0.51308797190518 161561238
1641452 300 0.5164446005267779 161446409
1641752 300 0.5339768217734855 172880152
1642052 300 0.5283160667251975 161856514
1642352 300 0.5161980684811238 161840110
1642652 300 0.5227596136962247 178900501
1642952 300 0.53571202809482 167466758
1643252 300 0.5302314310798947 167335524
1643552 300 0.5206071992976296 167335524
1643852 300 0.5396660228270412 167335524
1644152 300 0.5301555750658472 182296175
1644452 300 0.535190517998244 173273853
1644752 300 0.5321942054433714 173257449
1645052 300 0.5298995610184372 185084893
1645352 300 0.5112674275680421 173273853
1645652 300 0.5302314310798947 173011386
1645952 300 0.5104993854258121 173126215
1646252 300 0.5103192273924495 175209551
1646552 300 0.5208252853380158 180065201
1646852 300 0.5351620719929763 173109811
1647152 300 0.510622651448639 173109811
1647452 300 0.5257559262510975 173159023
1647752 300 0.5082995610184372 173159023
1648052 300 0.509105531167691 173027790
1648352 300 0.520929587357331 173126215
1648652 300 0.5338630377524144 175652465
1648952 300 0.5296909569798068 181279113
1649252 300 0.5191754170324846 173405086
1649552 300 0.5254525021949078 173405086
1649852 300 0.5317580333625987 173388682
1650152 300 0.5201425812115891 173241045
1650452 300 0.526713608428446 173109811
1650752 300 0.5312365232660229 173109811
1651052 300 0.5179048287971906 173913618
1651352 300 0.5348681299385425 191745007
1651652 300 0.529397014925373 184806021
1651952 300 0.523508691834943 172207578
1652252 300 0.5314356453028972 172223983
1652552 300 0.5312649692712906 172092749
1652852 300 0.5265050043898155 170911645
1653152 300 0.5364516242317823 168926734
1653452 300 0.529406496927129 168926734
1653752 300 0.5209390693590868 168926734
1654052 300 0.5255757682177349 175357189
1654352 300 0.535332748024583 189546841
1654652 300 0.5188909569798068 172223983
1654952 300 0.5099968393327481 172371621
1655252 300 0.5364421422300264 172371621
1655552 300 0.5091150131694469 172355217
1655852 300 0.5213847234416155 172371621
1656152 300 0.5108122914837576 172240387
1656452 300 0.5319571553994732 172109153
1656752 300 0.5429467954345918 178391970
1657052 300 0.5215743634767339 178654438
1657352 300 0.5033309920983319 172880152
1657652 300 0.5350482879719051 170517943
1657952 300 0.5410598770851623 169730541
1658252 300 0.5244948200175592 169878179
1658552 300 0.5229018437225637 169746945
1658852 300 0.535958560140474 169993008
1659152 300 0.5490057945566286 186790932
1659452 300 0.5442173836698858 185248935
1659752 300 0.5343940298507462 170813220
1660052 300 0.527225636523266 169484478
1660352 300 0.5130121158911325 167745630
1660652 300 0.5232621597892888 167614396
1660952 300 0.5218967515364356 167483163
1661252 300 0.5338345917471466 170239072
1661552 300 0.543297629499561 180737774
1661852 300 0.5065548726953467 173142619
1662152 300 0.5023827919227392 173142619
1662452 300 0.5114570676031607 172486450
1662752 300 0.30931975417032487 170403114
1663052 300 0.266100790166813 169878179
1663352 300 0.2106310798946444 167499567
1663652 300 0.17477014925373133 182607855
1663952 300 0.1612488147497805 181672815
1664252 300 0.1551708516242318 172355217
1664552 300 0.15826198419666374 170255476
1664852 300 0.15665004389815632 169336840
1665152 300 0.15177629499561018 168155736
1665452 300 0.15385285338015806 166449696
1665752 300 0.1522124670763828 167762034
1666052 300 0.16037647058823526 189415608
1666352 300 0.1604238805970149 175767295
1666652 300 0.15354942932396837 168057310
1666952 300 0.1568776119402985 167926077
1667252 300 0.15173836698858648 167926077
1667552 300 0.1538718173836699 167909672
1667852 300 0.15127374890254608 167909672
1668152 300 0.15742756804214222 168319778
1668452 300 0.158356804214223 168057310
1668752 300 0.15552168568920108 167926077
1669052 300 0.15083757682177348 168057310
1669352 300 0.14988937664618085 168040906
1669652 300 0.15606215978928883 168057310
1669952 300 0.15854644424934153 168172140
1670252 300 0.16794310798946444 187742377
1670552 300 0.16722247585601405 181164284
1670852 300 0.15338823529411766 173306661
1671152 300 0.1536537313432836 173159023
1671452 300 0.15262967515364356 173175427
1671752 300 0.1487894644424934 173290257
1672052 300 0.14822054433713783 171075687
1672352 300 0.15490535557506585 174487765
1672652 300 0.17078770851624234 186561273
1672952 300 0.15002212467076384 179737116
1673252 300 0.1453190517998244 174094064
1673552 300 0.1497187006145742 173962830
1673852 300 0.1471964881474978 173831596
1674152 300 0.14984196663740124 172256791
1674452 300 0.15165302897278313 170960857
1674752 300 0.15194697102721685 172634088
1675052 300 0.16031957857769974 181689219
1675352 300 0.1546683055311677 173290257
1675652 300 0.15061949078138717 167762034
1675952 300 0.15193748902546092 167893268
1676252 300 0.14660860403863038 168024502
1676552 300 0.1502307287093942 167876864
1676852 300 0.1508470588235294 167893268
1677152 300 0.1567353819139596 167811247
1677452 300 0.17474170324846353 176341443
1677752 300 0.16966883230904303 180245647
1678052 300 0.1588972783143108 173700363
1678352 300 0.16147638279192272 173159023
1678652 300 0.15924811237928008 170157051
1678952 300 0.1593713784021071 167794843
1679252 300 0.15439332748024584 167663609
1679552 300 0.15371062335381916 167663609
1679852 300 0.17354697102721686 188661013
1680152 300 0.16374258121158908 195731233
1680452 300 0.15588200175592626 172912960
1680752 300 0.15289517120280952 172650492
1681052 300 0.15906795434591747 169763349
1681352 300 0.15501913959613695 169369648
1681652 300 0.1559768217734855 166876206
1681952 300 0.1552467076382792 166482505
1682252 300 0.15523722563652326 166088803
1682552 300 0.16574328358208956 173044194
1682852 300 0.16599929762949958 183542896
1683152 300 0.1601299385425812 171469389
1683452 300 0.1556165057067603 171354559
1683752 300 0.15473467954345918 171338155
1684052 300 0.15680175592625112 169746945
1684352 300 0.15475364354697105 165957570
1684652 300 0.15696294995610183 163316490
1684952 300 0.15681123792800702 163447724
1685252 300 0.16580017559262508 171075687
1685552 300 0.16475715539947325 176325038
1685852 300 0.16057559262510976 171699048
1686152 300 0.155398419666374 170780411
1686452 300 0.15512344161545216 168943138
1686752 300 0.15123582089552237 168811905
1687052 300 0.15631817383669885 164628828
1687352 300 0.15454503950834067 163300086
1687652 300 0.1627564530289728 171174112
1687952 300 0.16408393327480247 185363764
1688252 300 0.15663107989464445 171977919
1688552 300 0.15284776119402987 171846685
1688852 300 0.15741808604038632 171715452
1689152 300 0.15957998244073748 171042879
1689452 300 0.16292712906057943 169090776
1689752 300 0.1634770851624232 168155736
1690052 300 0.16446321334503952 166187229
1690352 300 0.1668526777875329 184838830
1690652 300 0.16000667251975417 177620972
1690952 300 0.1588972783143108 172240387
1691252 300 0.1654398595258999 172240387
1691552 300 0.16551571553994734 168828309
1691852 300 0.16208323090430202 166334867
1692152 300 0.16046180860403864 164628828
1692452 300 0.16227287093942053 163710192
1692752 300 0.1756614574187884 174602595
1693052 300 0.16866374012291485 173815192
1693352 300 0.16616049165935032 171715452
1693652 300 0.16331589113257242 171305346
1693952 300 0.1609548726953468 171567814
1694252 300 0.16232028094820017 171436580
1694552 300 0.16137208077260756 169615711
1694852 300 0.1687111501316945 166712164
1695152 300 0.18068691834942935 188382142
1695452 300 0.1713566286215979 179474649
1695752 300 0.16415978928884986 168451012
1696052 300 0.16346760316066727 168565841
1696352 300 0.2120154521510097 168303373
1696652 300 0.5131543459174714 167794843
1696952 300 0.543032133450395 167384737
1697252 300 0.5448526777875329 167253504
1697552 300 0.5532063213345039 173421491
1697852 300 0.5593980684811238 185380169
1698152 300 0.5610669007901667 180130818
1698452 300 0.5393057067603161 175406402
1698752 300 0.5581748902546092 175521231
1699052 300 0.5467111501316944 173552725
1699352 300 0.5467585601404741 172256791
1699652 300 0.5318338893766462 170304688
1699952 300 0.5439329236172081 169894583
1700252 300 0.5557854258121159 182361792
1700552 300 0.5474697102721685 186183976
1700852 300 0.5270075504828797 175685274
1701152 300 0.5367076382791922 175554040
1701452 300 0.5301271290605795 175685274
1701752 300 0.5318528533801581 175931337
1702052 300 0.5373334503950834 175554040
1702352 300 0.5376084284460052 175554040
1702652 300 0.5476688323090431 181197092
1702952 300 0.5320235294117647 175291572
1703252 300 0.5411452151009657 173323066
1703552 300 0.5363757682177348 173060598
1703852 300 0.5288565408252853 172666897
1704152 300 0.5259929762949956 171600622
1704452 300 0.5407280070237049 171075687
1704752 300 0.5284677787532923 171206921
1705052 300 0.5628305531167691 184724000
1705352 300 0.5419322212467076 178703650
1705652 300 0.5365464442493415 171354559
1705952 300 0.5286669007901668 188283716
1706252 300 0.5256231782265145 175947741
1706552 300 0.524134503950834 175931337
1706852 300 0.5188340649692712 175800103
1707152 300 0.5413158911325724 175800103
1707452 300 0.5570844600526778 187086208
1707752 300 0.537902370500439 173175427
1708052 300 0.5369731343283582 172912960
1708352 300 0.5232337137840211 171092091
1708652 300 0.5295202809482001 170698390
1708952 300 0.5259740122914838 170698390
1709252 300 0.539059174714662 170567156
1709552 300 0.5320709394205443 170304688
1709852 300 0.543563125548727 180934624
1710152 300 0.5259740122914838 180934624
1710452 300 0.518227216856892 169779754
1710752 300 0.526713608428446 167532375
1711052 300 0.52542405618964 167007440
1711352 300 0.5302788410886743 166744972
1711652 300 0.5271971905179982 166613739
1711952 300 0.5418279192273925 166613739
1712252 300 0.5386988586479368 172912960
1712552 300 0.5331234416154522 188004844
1712852 300 0.519640035118525 175275168
1713152 300 0.5272351185250219 175029105
1713452 300 0.5335785776997366 173060598
1713752 300 0.533787181738367 172141962
1714052 300 0.5397608428446006 172404429
1714352 300 0.5310374012291484 172388025
1714652 300 0.5323364354697102 172388025
1714952 300 0.5544484635645303 187742377
1715252 300 0.5371627743634767 176325038
1715552 300 0.5373524143985953 170288284
1715852 300 0.5358921861281826 176193804
1716152 300 0.5385755926251098 169500882
1716452 300 0.5293875329236173 169238414
1716752 300 0.5318433713784021 168975946
1717052 300 0.5350956979806848 165973974
1717352 300 0.5297099209833187 169254819
1717652 300 0.5464646180860403 163874233
1717952 300 0.5395427568042142 163726596
1718252 300 0.5429847234416154 163726596
1718552 300 0.5294349429323969 163726596
1718852 300 0.5269506584723441 163726596
1719152 300 0.5307339771729587 163726596
1719452 300 0.5300133450395083 164120297
1719752 300 0.536100790166813 169500882
1720052 300 0.5445113257243196 181180688
1720352 300 0.5247318700614574 164792870
1720652 300 0.5412589991220368 164661636
1720952 300 0.5192702370500438 164530402
1721252 300 0.5240586479367866 164530402
1721552 300 0.529928007023705 164513998
1721852 300 0.5289703248463564 164513998
1722152 300 0.5163592625109745 164513998
1722452 300 0.5362904302019315 170009413
1722752 300 0.5440087796312554 183034365
1723052 300 0.5334742756804214 178178715
1723352 300 0.5208347673397717 175291572
1723652 300 0.5155058823529411 186840145
1723952 300 0.5196969271290606 175668870
1724252 300 0.5265239683933275 175160338
1724552 300 0.5011122036874451 172912960
1724852 300 0.5184263388937664 173716767
1725152 300 0.5326114135206321 176849973
1725452 300 0.5244663740122915 170567156
1725752 300 0.5228923617208078 168844713
1726052 300 0.5148705882352941 168319778
1726352 300 0.5082142230026339 168319778
1726652 300 0.5136948200175593 167958885
1726952 300 0.5247603160667251 167926077
1727252 300 0.5214036874451273 168861117
1727552 300 0.526969622475856 183182003
1727852 300 0.5076073748902545 174372936
1728152 300 0.5251870061457419 168861117
1728452 300 0.5166342405618964 168598650
1728752 300 0.515145566286216 168598650
1729052 300 0.5145102721685689 167155078
1729352 300 0.5072375768217735 166088803
1729652 300 0.5198012291483758 165973974
1729952 300 0.4908906057945567 165695102
1730252 300 0.52363195785777 165727911
1730552 300 0.5142068481123793 165842740
1730852 300 0.5136568920105355 165842740
1731152 300 0.5161885864793678 165711507
1731452 300 0.5106510974539069 165711507
1731752 300 0.5313977172958736 185002872
1732052 300 0.5144818261633011 181984495
1732352 300 0.520275329236172 176210209
1732652 300 0.5150602282704126 176078975
1732952 300 0.5174212467076382 176226613
1733252 300 0.5071048287971905 176472676
1733552 300 0.5196969271290606 176210209
1733852 300 0.5211192273924494 177260079
1734152 300 0.5223708516242318 191302093
1734452 300 0.5098356453028973 182378196
1734752 300 0.5144249341527656 177260079
1735052 300 0.5270644424934153 176751548
1735352 300 0.5298331870061457 174651808
1735652 300 0.5150886742756804 174783042
1735952 300 0.49522388059701494 174783042
1736252 300 0.5004484635645303 174651808
1736552 300 0.5111157155399473 179113756
1736852 300 0.5172410886742757 189858522
1737152 300 0.4998036874451273 179622287
1737452 300 0.49636172080772606 176341443
1737752 300 0.506147146619842 173323066
1738052 300 0.5075315188762072 169910988
1738352 300 0.5026862159789289 168352586
1738652 300 0.4845566286215979 168204948
1738952 300 0.5121113257243196 169681328
1739252 300 0.5289703248463564 187791589
1739552 300 0.5019466198419665 179113756
1739852 300 0.5123578577699737 174914275
1740152 300 0.5154774363476734 175307976
1740452 300 0.5153446883230904 174520574
1740752 300 0.519128007023705 172814535
1741052 300 0.5153541703248463 172552067
1741352 300 0.5284203687445127 171895898
1741652 300 0.535190517998244 183444471
1741952 300 0.5386230026338894 174520574
1742252 300 0.5036344161545215 167171482
1742552 300 0.5028853380158034 167040249
1742852 300 0.4885580333625988 166777781
1743152 300 0.4919525899912203 166909015
1743452 300 0.4971961369622476 167171482
1743752 300 0.5010458296751535 170058625
1744052 300 0.5175919227392449 185150510
1744352 300 0.5101485513608428 177030420
1744652 300 0.5225604916593504 173224640
1744952 300 0.5161316944688322 178195120
1745252 300 0.5081383669885865 169648520
1745552 300 0.5136663740122914 169533690
1745852 300 0.5085271290605795 168877521
1746152 300 0.5106131694468833 169025160
1746452 300 0.5126517998244073 168729883
1746752 300 0.5094563652326601 166121612
1747052 300 0.5094374012291483 164136701
1747352 300 0.5114949956101843 163234469
1747652 300 0.5073039508340649 163218065
1747952 300 0.5211287093942054 163086831
1748252 300 0.519649517120281 162955597
1748552 300 0.5220389815627744 168073714
1748852 300 0.5286289727831431 168992351
1749152 300 0.5219157155399473 164153106
1749452 300 0.5268842844600526 164021872
1749752 300 0.5135715539947322 164153106
1750052 300 0.5079107989464443 164021872
1750352 300 0.49711079894644417 164021872
1750652 300 0.4909569798068481 164021872
1750952 300 0.520550307287094 171633430
1751252 300 0.5154110623353818 185281744
1751552 300 0.238328007023705 175045509
1751852 300 0.15153924495171203 174930679
1752152 300 0.1487041264266901 174799446
1752452 300 0.1468266900790167 174668212
1752752 300 0.14794556628621597 174126873
1753052 300 0.1491782265144864 172420833
1753352 300 0.1547062335381914 176095379
1753652 300 0.1650036874451273 188825056
1753952 300 0.15026865671641793 180951029
1754252 300 0.1479929762949956 176899186
1754552 300 0.15360632133450397 176636718
1754852 300 0.1480593503072871 175078317
1755152 300 0.1489222124670764 169550094
1755452 300 0.14647585601404742 167187886
1755752 300 0.14463634767339772 167302716
1756052 300 0.15691553994732219 182788302
1756352 300 0.15536997366110625 182000899
1756652 300 0.14734820017559264 175176742
1756952 300 0.1482774363476734 187775185
1757252 300 0.1442001755926251 172568472
1757552 300 0.14482598770851624 169796158
1757852 300 0.1415262510974539 168877521
1758152 300 0.14371659350307286 164546807
1758452 300 0.16348656716417911 178326354
1758752 300 0.15763617208077263 169796158
1759052 300 0.14617243195785776 169812562
1759352 300 0.14391571553994734 178851288
1759652 300 0.14743353819139596 172306004
1759952 300 0.1468266900790167 170731198
