2409518 300 0.15176681299385428 179458245
2409818 19 0.1555880597014925 178260736
2409837 1 0.11668340649692713 175767295
2409838 5 0.11958489903424056 173044194
2409843 4 0.11777383669885864 167975289
2409847 1 0.1159532923617208 167630800
2409848 8 0.1159532923617208 167630800
2409856 168 0.11727129060579455 175029105
2410024 2 0.11772642669007902 100882020
2410026 1 0.11453099209833187 100882020
2410027 8 0.11453099209833187 100882020
2410035 83 0.1304797190517998 113447655
2410118 300 0.12792906057945566 160494964
2410418 300 0.14637155399473223 169746945
2410718 300 0.15310377524143984 170288284
2411018 300 0.15508551360842845 170157051
2411318 244 0.1072393327480246 87364941
2411562 56 0.15117892888498685 170452327
2411618 275 0.17010500438981566 181492368
2411893 5 0.12105460930640914 173241045
2411898 3 0.12150026338893766 168024502
2411901 1 0.11986935908691834 168024502
2411902 9 0.11986935908691834 168024502
2411911 7 0.13157014925373134 172125558
2411918 161 0.11532748024582967 178211524
2412079 3 0.11276733977172959 104589375
2412082 1 0.11276733977172959 104589375
2412083 10 0.11276733977172959 104589375
2412093 1 0.11276733977172959 104589375
2412094 124 0.1261369622475856 121846617
2412218 300 0.14133661106233536 160117667
2412518 71 0.17130921861281828 162627513
2412589 51 0.11628516242317821 155737740
2412640 2 0.12020122914837576 153982488
2412642 10 0.11563090430201932 153982488
2412652 121 0.11716698858647936 161495622
2412773 3 0.1167118525021949 84592628
2412776 9 0.11393362598770851 84592628
2412785 33 0.12455346795434592 94910884
2412818 235 0.13081158911325724 130688492
2413053 5 0.08883476733977172 128096625
2413058 3 0.08902440737489027 123191763
2413061 1 0.08732712906057946 123191763
2413062 9 0.08732712906057946 123191763
2413071 47 0.0907027216856892 129753451
2413118 119 0.1086900790166813 154195743
2413237 3 0.10607304653204566 79523723
2413240 10 0.10607304653204566 79523723
2413250 168 0.1195185250219491 100914829
2413418 300 0.1415262510974539 147929329
2413718 300 0.14855241439859526 150586813
2414018 300 0.15748446005267777 174061255
2414318 300 0.15438384547848988 172535663
2414618 300 0.15331237928007022 162168195
2414918 300 0.14844811237928007 159149818
2415218 300 0.14806883230904302 157033673
2415518 300 0.14790763827919226 154704273
2415818 300 0.151283230904302 154441806
2416118 300 0.15382440737489025 154983145
2416418 300 0.16682423178226516 169435265
2416718 300 0.1585748902546093 166580930
2417018 300 0.1510935908691835 155163592
2417318 300 0.1534451273046532 155294826
2417618 300 0.1534546093064091 155163592
2417918 300 0.152060755048288 154868316
2418218 300 0.15057208077260756 154737082
2418518 300 0.15736119402985077 173355874
2418818 300 0.1548294995610184 163136044
2419118 300 0.15515188762071994 163021214
2419418 300 0.15675434591747148 162496279
2419718 300 0.15722844600526778 156459525
2420018 300 0.15381492537313432 156721993
2420318 300 0.15832835820895522 156082228
2420618 300 0.16261422300263392 155721335
2420918 300 0.16602774363476738 156361100
2421218 300 0.16413134328358212 156229866
2421518 300 0.16332537313432835 156000207
2421818 300 0.1565457418788411 156115036
2422118 300 0.17587954345917473 170665582
2422418 300 0.1706075504828797 180508115
2422718 300 0.16021527655838455 172027132
2423018 300 0.16223494293239685 170304688
2423318 300 0.1673172958735733 164825679
2423618 300 0.16498472344161544 160396539
2423918 300 0.16982054433713784 158706904
2424218 300 0.16762071992976293 156475929
2424518 300 0.1674215978928885 156869631
2424818 300 0.1690809482001756 156475929
2425118 300 0.1688249341527656 156344695
2425418 300 0.17350904302019313 162889980
2425718 300 0.17787076382791925 168286969
2426018 300 0.16806637401229152 162118982
2426318 300 0.17194451273046532 156771205
2426618 300 0.1691947322212467 156623568
2426918 300 0.17232379280070237 168828309
2427218 300 0.16714661984196663 154933933
2427518 300 0.16551571553994734 170288284
2427818 300 0.16588551360842846 156918843
2428118 300 0.16407445127304654 156771205
2428418 300 0.16573380158033363 156771205
2428718 300 0.16574328358208956 156508738
2429018 300 0.16019631255487268 156639972
2429318 300 0.1637141352063213 156508738
2429618 300 0.17990939420544338 159789582
2429918 300 0.18287726075504832 179786329
2430218 300 0.17542440737489023 168073714
2430518 300 0.17028516242317823 154294168
2430818 300 0.1691947322212467 154589444
2431118 300 0.16585706760316066 154179338
2431418 300 0.163372783143108 154195743
2431718 300 0.16961194029850746 154326976
2432018 300 0.16574328358208956 154064509
2432318 300 0.1675353819139596 154064509
2432618 300 0.17114802458296752 155360442
2432918 300 0.17847761194029851 168090118
2433218 300 0.17169798068481124 166646547
2433518 300 0.17232379280070237 154474614
2433818 300 0.16159016681299387 154458210
2434118 300 0.16580965759438107 154458210
2434418 300 0.1690904302019315 162348641
2434718 300 0.16390377524143987 154720678
2435018 300 0.161315188762072 154605848
2435318 300 0.15724741000877965 154343380
2435618 300 0.1612867427568042 154064509
2435918 300 0.16812326602282704 157345353
2436218 300 0.1679336259877085 157328949
2436518 300 0.15913432835820898 154589444
2436818 300 0.17204881474978054 154851912
2437118 300 0.18490640913081652 156164249
2437418 300 0.16665355575065846 155508080
2437718 300 0.16215908691834943 155376847
2438018 300 0.1652502194907814 155229208
2438318 300 0.16022475856014046 154999549
2438618 300 0.16037647058823526 154868316
2438918 300 0.16461492537313432 164038276
2439218 300 0.1668337137840211 170075029
2439518 300 0.16046180860403864 155622910
2439818 300 0.16277541703248463 155622910
2440118 300 0.15689657594381037 155229208
2440418 300 0.1587929762949956 155229208
2440718 300 0.15676382791922738 155245613
2441018 300 0.16117295873573312 155245613
2441318 300 0.15936189640035117 155262017
2441618 300 0.17099631255487271 166810590
2441918 300 0.16552519754170325 179802733
2442218 300 0.1662363476733977 160921474
2442518 300 0.16269956101843722 158149160
2442818 300 0.16700438981562774 158001522
2443118 300 0.16269007901668128 158132756
2443418 300 0.16174187884108868 158526457
2443718 300 0.16350553116769098 158263990
2444018 300 0.16573380158033363 158132756
2444318 300 0.18485899912203688 171666239
2444618 300 0.1792646180860404 167335524
2444918 300 0.17715961369622477 157755459
2445218 300 0.16963090430201933 157755459
2445518 300 0.17498823529411764 157640629
2445818 300 0.1697731343283582 157509396
2446118 300 0.1687585601404741 157640629
2446418 300 0.16505109745390695 157476587
2446718 300 0.16866374012291485 157509396
2447018 300 0.17770956979806846 174290914
2447318 300 0.17243757682177352 164448381
2447618 300 0.16814223002633888 158411628
2447918 300 0.1686163301141352 158428032
2448218 300 0.16866374012291485 158296798
2448518 300 0.17163160667251978 158149160
2448818 300 0.173916769095698 158149160
2449118 300 0.1666914837576822 158165564
2449418 300 0.1743150131694469 158050735
2449718 300 0.19373415276558384 166449696
2450018 300 0.1724565408252853 163431319
2450318 300 0.1724660228270413 158165564
2450618 300 0.18175838454784898 158854542
2450918 300 0.1772828797190518 158198373
2451218 300 0.17054117647058825 158313202
2451518 300 0.16887234416154523 158706904
2451818 300 0.17367971905179982 157886692
2452118 300 0.17784231782265147 163660979
2452418 300 0.1809713784021071 175209551
2452718 300 0.16953608428446007 158821733
