1564731 300 0.23032519754170322 236020003
1565031 300 0.2337671641791045 237988509
1565331 300 0.24390342405618962 265941304
1565631 300 0.2357204565408253 263972797
1565931 300 0.23791079894644424 237709638
1566231 300 0.23693415276558383 234166326
1566531 300 0.2415329236172081 234412389
1566831 300 0.23361545215100965 234412389
1567131 300 0.2351041264266901 234297559
1567431 300 0.23775908691834943 234560027
1567731 300 0.22891237928007024 235478664
1568031 300 0.23426022827041268 248749679
1568331 300 0.23000280948200175 247437342
1568631 300 0.2272814749780509 234035092
1568931 300 0.23554029850746272 234035092
1569231 300 0.234724846356453 233920263
1569531 300 0.22855206321334504 233920263
1569831 300 0.22932010535557504 233510157
1570131 300 0.23957014925373135 233772624
1570431 300 0.2526268656716418 247552171
1570731 300 0.2418363476733977 244271326
1571031 300 0.239996839332748 234428793
1571331 300 0.24119157155399473 234297559
1571631 300 0.22936751536435468 233920263
1571931 300 0.23050535557506588 234182730
1572231 300 0.22775557506584726 233920263
1572531 300 0.22968990342405615 235757535
1572831 300 0.24521194029850749 240613185
1573131 300 0.24478525021949077 236791001
1573431 300 0.23404214223002637 233510157
1573731 300 0.235625636523266 233510157
1574031 300 0.23290430201931517 233510157
1574331 300 0.22916839332748024 233510157
1574631 300 0.23726602282704126 233264094
1574931 300 0.237939244951712 241663055
1575231 300 0.22782194907813869 237332341
1575531 300 0.2323258999122037 234051496
1575831 300 0.23224056189640033 234051496
1576131 300 0.21858647936786654 234051496
1576431 300 0.22901668129938543 234166326
1576731 300 0.2163961369622476 234313963
1577031 300 0.21866233538191396 234297559
1577331 300 0.2253661106233538 248077106
1577631 300 0.21955364354697107 241384183
1577931 300 0.21050781387181738 234166326
1578231 300 0.21831150131694468 234182730
1578531 300 0.21736330114135205 234182730
1578831 300 0.2140066725197542 234313963
1579131 300 0.2203880597014925 234313963
1579431 300 0.221611237928007 237201107
1579731 300 0.23664021071115016 263447862
1580031 300 0.22328007023705002 257673576
1580331 300 0.22146900790166815 235626301
1580631 300 0.2182451273046532 235626301
1580931 300 0.21542897278314313 235642705
1581231 300 0.21468937664618085 235642705
1581531 300 0.2143764705882353 235642705
1581831 300 0.2258971027216857 235232600
1582131 300 0.22729095697980686 232082989
1582431 300 0.24394135206321335 245993770
1582731 300 0.23514205443371383 244550198
1583031 300 0.22700649692712904 231033119
1583331 300 0.22301457418788415 231033119
1583631 300 0.22025531167690957 231164353
1583931 300 0.22024582967515366 230901885
1584231 300 0.21577032484635641 230901885
1584531 300 0.21502124670763828 231033119
1584831 300 0.22303353819139596 242844159
1585131 300 0.22270166812993855 242319224
1585431 300 0.21975276558384552 231804118
1585731 300 0.20701843722563654 231426820
1586031 300 0.2129352063213345 231295587
1586331 300 0.2134661984196664 231689288
1586631 300 0.21395926251097455 231558054
1586931 300 0.2042022827041264 231558054
1587231 300 0.21419631255487268 237988509
1587531 300 0.2088200175592625 237726042
1587831 300 0.20430658472344163 231541650
1588131 300 0.20766321334503948 249389444
1588431 300 0.20445829675153646 239842186
1588731 300 0.20921826163301144 238775912
1589031 300 0.20643055311676908 235495068
1589331 300 0.21298261633011414 235888769
1589631 300 0.2076537313432836 252555459
1589931 300 0.2242946444249342 243631562
1590231 300 0.2149928007023705 243647966
1590531 300 0.21457559262510975 243500328
1590831 300 0.21534363476733978 243385498
1591131 300 0.21119999999999997 242204395
1591431 300 0.21252748024582965 239448485
1591731 300 0.21659525899912205 240350718
1592031 300 0.22449376646180863 255163730
1592331 300 0.2095785776997366 245468835
1592631 300 0.21326707638279188 240285100
1592931 300 0.21313432835820895 239907804
1593231 300 0.21229043020193153 239514102
1593531 300 0.20817524143985952 239366464
1593831 300 0.2091708516242318 239235231
1594131 300 0.20912344161545218 239366464
1594431 300 0.2212129938542581 259313998
1594731 300 0.2212129938542581 269156532
1595031 300 0.21898472344161543 251439972
1595331 300 0.20637366110623356 240810036
1595631 300 0.21439543459174712 240678802
1595931 300 0.21191115013169445 240580377
1596231 300 0.20863985952589992 240842844
1596531 300 0.20486602282704128 240596781
1596831 300 0.21615908691834942 240974078
1597131 300 0.2333499561018437 257115832
1597431 300 0.22782194907813869 261725419
1597731 300 0.22039754170324846 252260183
1598031 300 0.21836839332748023 248962934
1598331 300 0.21486953467954348 248323170
1598631 300 0.21129482001755925 245567260
1598931 300 0.22170605794556628 240728014
1599231 300 0.2178374012291484 240334313
1599531 300 0.23004073748902548 251095483
1599831 300 0.22098542581211592 248864509
1600131 300 0.22014152765583841 237709638
1600431 300 0.21918384547848993 237447170
1600731 300 0.21433854258121157 237578404
1601031 300 0.2205966637401229 237053469
1601331 300 0.21520140474100086 237053469
1601631 300 0.2211276558384548 237053469
1601931 300 0.2272814749780509 254523966
1602231 300 0.22834345917471469 261479356
1602531 300 0.22364038630377525 251899290
1602831 300 0.22570746268656716 258067278
1603131 300 0.22019841966637402 248208340
1603431 300 0.21903213345039507 245206367
1603731 300 0.22157330992098334 244796262
1604031 300 0.23404214223002637 247289703
1604331 300 0.23212677787532926 247552171
1604631 300 0.2368488147497805 241252950
1604931 300 0.22371624231782264 241121716
1605231 300 0.2274995610184372 240990482
1605531 300 0.22898823529411766 240071845
1605831 300 0.22552730465320459 236151237
1606131 300 0.22853309920983317 236397300
1606431 300 0.22524284460052676 236397300
1606731 300 0.2306760316066725 248339574
1607031 300 0.22634275680421423 247683405
1607331 300 0.22593503072870935 236922235
1607631 300 0.2209190517998244 236528533
1607931 300 0.22931062335381913 236528533
1608231 300 0.22670307287093944 236397300
1608531 300 0.22279648814749783 236397300
1608831 300 0.22729095697980686 236676172
1609131 300 0.22732888498683054 236807406
1609431 300 0.23711431079894646 261479356
1609731 300 0.23744618086040392 277473472
1610031 300 0.24105882352941174 273930160
1610331 300 0.23835645302897276 245189963
1610631 300 0.23492396839332752 245600068
1610931 300 0.23556874451273047 246125004
1611231 300 0.23463002633889374 245731302
1611531 300 0.22894082528533802 245993770
1611831 300 0.23199402985074624 245714898
1612131 300 0.22993643546971024 247552171
1612431 300 0.24310693590869184 261069250
1612731 300 0.23800561896400352 261479356
1613031 300 0.23883055311676912 257788405
1613331 300 0.23691518876207202 250964249
1613631 300 0.23591957857769974 247420937
1613931 300 0.23715223880597014 245075133
1614231 300 0.2378539069359087 245075133
1614531 300 0.3372442493415277 246256237
1614831 300 0.29924038630377525 262283163
1615131 300 0.24355258999122037 254786433
1615431 300 0.24824618086040384 246239833
1615731 300 0.579556804214223 246371067
1616031 300 0.596529587357331 247289703
1616331 300 0.5825436347673397 247945872
1616631 300 0.41907392449517117 247962277
1616931 300 0.5898921861281826 247962277
1617231 300 0.5804955223880597 259642083
1617531 300 0.5529218612818261 259396020
1617831 300 0.5150317822651448 248487211
1618131 300 0.5137611940298508 247995085
1618431 300 0.5228639157155399 247995085
1618731 300 0.41223740122914837 247978681
1619031 300 0.47116804214223 248109915
1619331 300 0.4987701492537313 248224744
1619631 300 0.5110493415276558 252965564
1619931 300 0.47375662862159784 255459006
1620231 300 0.30106093064091305 249176189
1620531 300 0.2195346795434592 249028551
1620831 300 0.21978121158911326 248733275
1621131 300 0.40393116769095694 248864509
1621431 300 0.3854697102721686 249028551
1621731 300 0.4225633011413521 249159785
1622031 300 0.45326602282704126 288792385
1622331 300 0.3052519754170325 287611282
1622631 300 0.2035100965759438 264776604
1622931 300 0.31191782265144863 255065305
1623231 300 0.4349183494293239 255180134
1623531 300 0.42234521510096573 254917667
1623831 300 0.4516920105355574 254802837
1624131 300 0.4381801580333626 255721474
1624431 300 0.44086356453028974 256115175
1624731 300 0.45167304653204565 264251669
1625031 300 0.4616670763827919 280639487
1625331 300 0.45749499561018436 268434746
1625631 300 0.4600456540825285 263333032
1625931 300 0.2970974539069359 260577123
1626231 300 0.2517260755048288 260445889
1626531 300 0.40479402985074625 260298252
1626831 300 0.42275294117647055 257411109
1627131 300 0.41017980684811234 257033811
1627431 300 0.4001194029850746 262676864
1627731 300 0.29518208955223885 271846824
1628031 300 0.39425004389815627 258067278
1628331 300 0.4159922739244951 257017407
1628631 300 0.4206953467954346 256869769
1628931 300 0.42617594381036 256886173
1629231 300 0.40672835820895525 256886173
1629531 300 0.25300614574187885 256886173
1629831 300 0.21283090430201934 256640110
1630131 300 0.2966517998244074 265810070
1630431 300 0.4093074626865671 260577123
1630731 300 0.42106514486391566 257558746
1631031 300 0.42286672519754165 257427513
1631331 300 0.25454223002633886 257296279
1631631 300 0.22732888498683054 257148641
1631931 300 0.4091652326602282 257673576
1632231 300 0.4248484635645303 257821214
1632531 300 0.4167508340649692 257558746
1632831 300 0.42568287971905183 274487904
1633131 300 0.42213661106233535 281049592
1633431 300 0.42603371378402105 272388163
1633731 300 0.40733520632133446 272125696
1634031 300 0.3953499561018437 268582384
1634331 300 0.4133657594381036 265153902
1634631 300 0.40585601404741 264907838
1634931 300 0.41087199297629495 264891434
1635231 300 0.4182205443371378 262660459
1635531 300 0.4237580333625988 264760200
1635831 300 0.4234925373134328 272371759
1636131 300 0.41025566286215975 268565980
1636431 300 0.4236158033362599 268582384
1636731 300 0.4157457418788411 268041045
1637031 300 0.39771097453906934 265039072
1637331 300 0.4165801580333626 264366499
1637631 300 0.4284516242317823 262020695
1637931 300 0.4354493415276558 261610590
1638231 300 0.4024045654082528 262266758
1638531 300 0.2752793678665496 299012216
1638831 300 0.27659736611062335 306344903
1639131 300 0.4091747146619842 303851461
1639431 300 0.403921685689201 272502993
1639731 223 0.420126426690079 272125696
1639954 77 0.3255813871817384 271600761
1640031 109 0.29118068481123793 267663747
1640140 4 0.2902419666374012 173175427
1640144 1 0.28800421422300265 173175427
1640145 8 0.28800421422300265 173175427
1640153 1 0.28800421422300265 173175427
1640154 177 0.301582440737489 203260771
1640331 300 0.21388340649692716 257165045
1640631 300 0.2160073748902546 267401280
1640931 300 0.2102612818261633 267532513
1641231 300 0.2089622475856014 265564007
1641531 300 0.2074356453028973 264382903
1641831 184 0.21375065847234415 264251669
1642015 116 0.16238665496049165 263989201
1642131 67 0.15256330114135205 262545630
1642198 3 0.1481352063213345 165038934
1642201 1 0.1481352063213345 165038934
1642202 7 0.1481352063213345 165038934
1642209 222 0.16108762071992974 206968125
1642431 300 0.19229288849868303 259527253
1642731 76 0.22123195785776997 259773316
1642807 185 0.15563546971027215 258592212
1642992 5 0.1554268656716418 160314517
1642997 11 0.1501548726953468 159904412
1643008 23 0.1623297629499561 166400484
1643031 247 0.16955504828797188 223962900
1643278 53 0.11474907813871817 223700432
1643331 131 0.15837576821773486 267794981
1643462 3 0.15683968393327483 171863090
1643465 10 0.1555880597014925 171863090
1643475 156 0.1679336259877085 203752898
1643631 300 0.18703985952589988 257296279
1643931 300 0.19645548726953468 253752967
1644231 300 0.19554521510096579 253244436
1644531 300 0.19395223880597015 271207059
1644831 300 0.2057383669885865 261741823
1645131 300 0.2042971027216857 261741823
1645431 300 0.19034907813871818 261233292
1645731 300 0.18206180860403867 258608617
1646031 300 0.18063002633889375 256508876
1646331 300 0.19553573309920982 262791693
1646631 300 0.20095943810359965 266072538
1646931 300 0.18986549604916592 259002318
1647231 300 0.18811132572431957 258460979
1647531 300 0.1903964881474978 255967537
1647831 300 0.18466935908691837 255852708
1648131 300 0.19130676031606672 255590240
1648431 300 0.18001369622475855 255721474
1648731 300 0.18340825285338014 255590240
1649031 300 0.1929281826163301 264907838
1649331 300 0.18612010535557508 269763488
1649631 300 0.17719754170324847 256230004
1649931 300 0.17647690956979806 255705069
1650231 300 0.17916979806848113 256115175
1650531 300 0.17358489903424054 256246409
1650831 300 0.17581316944688322 255869112
1651131 300 0.17408744512730467 256508876
1651431 300 0.17617348551360845 256640110
1651731 300 0.1874570676031607 287086347
1652031 300 0.1890215978928885 304540439
1652331 300 0.19030166812993854 289054853
1652631 300 0.17665706760316066 274094202
1652931 300 0.18462194907813873 266088942
1653231 300 0.1841004389815628 262283163
1653531 300 0.17905601404741 262299567
1653831 300 0.17679929762949956 262168333
1654131 300 0.17664758560140473 262168333
1654431 300 0.17221000877963125 262168333
1654731 300 0.17925513608428448 278178854
1655031 300 0.18145496049165935 286692645
1655331 300 0.163884811237928 278703789
1655631 300 0.16024372256365232 276718878
1655931 300 0.16467181738366987 267942619
1656231 300 0.16084108867427566 267023983
1656531 300 0.16245302897278316 267270046
1656831 300 0.16089798068481123 266745111
1657131 300 0.15770254609306408 264136840
1657431 300 0.16801896400351188 269943934
1657731 300 0.17028516242317823 284773351
1658031 300 0.16185566286215983 282427548
1658331 300 0.16268059701492535 279130299
1658631 300 0.1652881474978051 284396054
1658931 300 0.16353397717295873 266154559
1659231 300 0.16535452151009658 264038414
1659531 300 0.16703283582089554 263907180
1659831 300 0.17301597892888498 264710988
1660131 300 0.17547181738366988 275997092
1660431 300 0.16988691834942934 272191312
1660731 300 0.1593713784021071 268910468
1661031 300 0.15917225636523263 265892091
1661331 300 0.16227287093942053 264694583
1661631 300 0.16146690079016682 264432115
1661931 300 0.16076523266022827 264957051
1662231 300 0.16606567164179104 264694583
1662531 300 0.17373661106233537 270091572
1662831 300 0.17401158911325726 270468870
1663131 300 0.1650131694468832 264710988
1663431 300 0.16397963125548726 264448520
1663731 300 0.16779139596136963 264448520
1664031 300 0.1591058823529412 264317286
1664331 300 0.16446321334503952 264202456
1664631 300 0.16105917471466197 264448520
1664931 300 0.18062054433713784 278884236
1665231 300 0.16536400351185254 291876379
1665531 300 0.16522177348551362 280327807
1665831 300 0.16025320456540826 279540404
1666131 300 0.16541141352063213 272847481
1666431 300 0.16117295873573312 265367156
1666731 300 0.16176084284460054 264842221
1667031 300 0.16718454784899037 264973455
1667331 300 0.16460544337137842 266154559
1667631 300 0.17931202809482005 302637549
1667931 300 0.17377453906935908 312496486
1668231 300 0.17272203687445126 293861290
1668531 300 0.16440632133450395 273913756
1668831 300 0.1694791922739245 273503650
1669131 300 0.16082212467076382 273782522
1669431 300 0.17515891132572428 273782522
1669731 300 0.16090746268656717 273520054
1670031 300 0.16104969271290606 273634884
1670331 300 0.1610402107111501 273503650
1670631 300 0.1746089552238806 294501055
1670931 300 0.16488042142230028 292007613
1671231 300 0.15591044776119403 284396054
1671531 300 0.1609169446883231 283756290
1671831 300 0.160158384547849 283362588
1672131 300 0.15526567164179103 274307457
1672431 300 0.15884038630377526 272863886
1672731 300 0.15414679543459178 272995120
1673031 300 0.16030061457418787 276013497
1673331 300 0.168 288743173
1673631 300 0.1624340649692713 288874407
1673931 300 0.1588877963125549 287693302
1674231 300 0.164529587357331 282706419
1674531 300 0.1621875329236172 280606678
1674831 300 0.15622335381913957 277440664
1675131 300 0.15588200175592626 276800899
1675431 300 0.15678279192273925 274569925
1675731 300 0.1766760316066725 291482678
1676031 300 0.17018086040386307 295321266
1676331 300 0.16597085162423178 287824536
1676631 300 0.16679578577699739 287053538
1676931 300 0.17172642669007904 294927565
1677231 300 0.16943178226514485 275882263
1677531 300 0.1617134328358209 273388821
1677831 300 0.16102124670763832 273388821
1678131 300 0.16174187884108868 273651288
1678431 300 0.16931799824407376 279950510
1678731 300 0.1738409130816506 278244471
1679031 300 0.16200737489025463 274044990
1679331 300 0.15582510974539068 273913756
1679631 300 0.15821457418788412 273782522
1679931 300 0.16198841088674276 273913756
1680231 300 0.16302194907813872 273798927
1680531 300 0.16300298507462688 273667693
1680831 300 0.16440632133450395 273766118
1681131 300 0.1641028972783143 273798927
1681431 300 0.18336084284460052 310396746
1681731 300 0.18246953467954344 329425644
1682031 300 0.1805920983318701 316695967
1682331 300 0.17235223880597014 295173628
1682631 300 0.16611308165057068 293073888
1682931 300 0.16340122914837577 298864578
1683231 300 0.1682086040386304 291367848
1683531 300 0.16564846356453028 288743173
1683831 300 0.16748797190517997 288628344
1684131 300 0.1803171202809482 291515487
1684431 300 0.18001369622475855 293221525
1684731 300 0.17209622475856015 286266135
1685031 300 0.17451413520632134 284691330
1685331 300 0.17341422300263387 281935420
1685631 300 0.1688628621597893 281525315
1685931 300 0.16328744512730467 281525315
1686231 300 0.16158068481123794 281656549
1686531 300 0.16194100087796312 281656549
1686831 300 0.17213415276558383 293205121
1687131 300 0.16733625987708517 291761550
1687431 300 0.16714661984196663 281394081
1687731 300 0.16139104477611943 281394081
1688031 300 0.1602342405618964 281394081
1688331 300 0.16177980684811238 281262847
1688631 300 0.16465285338015806 281131614
1688931 300 0.16348656716417911 282050250
1689231 300 0.15939034240561895 282050250
1689531 300 0.1626521510096576 281787783
1689831 300 0.16283230904302018 288611939
1690131 300 0.15736119402985077 282050250
1690431 300 0.16174187884108868 281787783
1690731 300 0.15683968393327483 282066654
1691031 300 0.16267111501316947 284166395
1691331 300 0.16979209833187006 285216265
1691631 300 0.160025636523266 282181484
1691931 300 0.15892572431957855 282050250
1692231 300 0.1670233538191396 282050250
1692531 300 0.16342967515364357 281656549
1692831 300 0.16184618086040384 281656549
1693131 300 0.15661211589113258 281525315
1693431 300 0.16114451273046534 281656549
1693731 300 0.16841720807726077 296223498
1694031 300 0.16856892010535557 290728084
1694331 300 0.1604238805970149 282083059
1694631 300 0.1635529411764706 281935420
1694931 300 0.1701524143985953 282066654
1695231 300 0.1720014047410009 282181484
1695531 300 0.16687164179104477 281919016
1695831 300 0.17524424934152766 281919016
1696131 300 0.1749313432835821 282050250
1696431 300 0.1694697102721686 282050250
1696731 300 0.16689060579455664 282066654
1697031 300 0.16606567164179104 281919016
1697331 300 0.16798103599648814 286774666
1697631 300 0.17499771729587357 330754386
1697931 300 0.17035153643546974 324307527
1698231 300 0.1675353819139596 298864578
1698531 300 0.1650036874451273 286134901
1698831 300 0.1657527655838455 286659837
1699131 300 0.16906198419666374 286249731
1699431 300 0.16428305531167692 286118497
1699731 300 0.16659666374012294 286249731
1700031 300 0.16719402985074627 285872434
1700331 300 0.1731676909569798 292548952
1700631 300 0.17289271290605793 310806852
1700931 300 0.17564249341527655 299389513
1701231 300 0.17262721685689203 298733344
1701531 300 0.1768941176470588 295862605
1701831 300 0.17779490781387183 295846201
1702131 300 0.1759459174714662 295714967
1702431 300 0.16678630377524145 293090292
1702731 300 0.16452010535557507 292286485
1703031 300 0.17149885864793676 291367848
1703331 300 0.18385390693590872 308953174
1703631 300 0.17146093064091308 304884927
1703931 300 0.163628797190518 300308149
1704231 300 0.16514591747146623 305295033
1704531 300 0.1696877963125549 295846201
1704831 300 0.17069288849868305 295206436
1705131 300 0.1773587357330992 292712995
1705431 300 0.17474170324846353 291810762
1705731 300 0.1795111501316945 296125073
1706031 300 0.1788284460052678 296223498
1706331 300 0.17635364354697103 296108668
1706631 300 0.17490289727831432 295977435
1706931 300 0.17480807726075503 293090292
1707231 300 0.17376505706760317 291105381
1707531 300 0.17681826163301143 288907215
1707831 300 0.17709323968393326 289563384
1708131 300 0.18247901668129943 294829139
1708431 300 0.18509604916593503 304146738
1708731 300 0.17438138718173837 296814050
1709031 300 0.17145144863915715 290777296
1709331 300 0.17613555750658472 290760892
1709631 300 0.1717548726953468 290662467
1709931 300 0.18023178226514486 290383595
1710231 300 0.23222159789288854 290646063
1710531 300 0.18283933274802458 291170998
1710831 300 0.18803546971027219 299438726
1711131 300 0.20560561896400348 340268835
1711431 300 0.20954064969271288 346305589
1711731 300 0.19048182616330114 312184806
1712031 300 0.18537102721685692 307329157
1712331 300 0.18856646180860404 303654611
1712631 300 0.19465390693590867 300619830
1712931 300 0.18990342405618965 300734659
1713231 300 0.18802598770851625 301013531
1713531 300 0.1896379280070237 298536493
1713831 300 0.18991290605794556 297486623
1714131 300 0.18924916593503072 302998442
1714431 300 0.19687269534679544 312955805
1714731 300 0.2820305531167691 312972209
1715031 300 0.27178999122036873 307591624
1715331 300 0.19532712906057947 306951859
1715631 300 0.18922071992976294 303260910
1715931 300 0.19212221246707636 297880324
1716231 300 0.20435399473222124 294861948
1716531 300 0.19226444249341526 294468246
1716831 300 0.2005896400351185 299848831
1717131 300 0.19252045654082528 311528637
1717431 300 0.18603476733977173 307197923
1717731 300 0.17912238805970152 305754351
1718031 300 0.1772923617208077 317171690
1718331 300 0.1743624231782265 302867208
1718631 300 0.1742201931518876 298027963
1718931 300 0.1734616330114135 294747118
1719231 300 0.17202985074626867 294747118
1719531 300 0.18015592625109747 306033223
1719831 300 0.17075926251097454 307591624
1720131 300 0.1755761194029851 301144765
1720431 300 0.17082563652326602 299291088
1720731 300 0.16806637401229152 297863920
1721031 300 0.16687164179104477 298159197
1721331 300 0.16913784021071113 298011558
1721631 300 0.18153081650570677 302178231
1721931 300 0.18775100965759436 315564076
1722231 300 0.181369622475856 310068661
1722531 300 0.17234275680421424 307837687
1722831 300 0.1748365232660228 307591624
1723131 300 0.1776716417910448 304048312
1723431 300 0.1737460930640913 301948572
1723731 300 0.16939385425812117 301686104
1724031 300 0.17485548726953468 299176258
1724331 300 0.1807817383669886 305475480
1724631 300 0.1722669007901668 308100155
1724931 300 0.1643115013169447 303917079
1725231 300 0.16271852502194908 301948572
1725531 300 0.16541141352063213 300898701
1725831 300 0.1684741000877963 296453157
1726131 300 0.16690008779631255 295272053
1726431 300 0.16159964881474978 295108011
1726731 300 0.18357892888498684 306919051
1727031 300 0.1779750658472344 304688077
1727331 300 0.16798103599648814 294845544
1727631 300 0.17146093064091308 295222840
1727931 300 0.16740263388937668 295124415
1728231 300 0.16559157155399476 294599480
1728531 300 0.16310728709394204 294861948
1728831 300 0.16383740122914836 294845544
1729131 300 0.1704558384547849 310199895
1729431 300 0.15833784021071112 314284547
1729731 300 0.15726637401229152 307985325
1730031 300 0.15920070237050044 307854092
1730331 300 0.16415978928884986 307066689
1730631 300 0.16836979806848112 302079805
1730931 300 0.1731676909569798 299455130
1731231 300 0.16553467954345918 297355390
1731531 300 0.17191606672519755 296174286
1731831 300 0.1653260755048288 296305519
1732131 300 0.17393573309920982 302998442
1732431 300 0.16459596136962246 302735974
1732731 300 0.16581913959613695 296305519
1733031 300 0.1659329236172081 296174286
1733331 300 0.15793959613696223 296174286
1733631 300 0.16403652326602283 296043052
1733931 300 0.16502265144863915 295911818
1734231 300 0.16440632133450395 295501713
1734531 300 0.16993432835820899 297880324
1734831 300 0.1629081650570676 302211039
1735131 300 0.17172642669007904 295386883
1735431 300 0.17110061457418788 288956428
1735731 300 0.1646433713784021 237233915
1736031 300 0.166710447761194 236725384
1736331 300 0.1660846356453029 236725384
1736631 300 0.1594377524143986 236725384
1736931 300 0.16928955223880596 244878283
1737231 300 0.17889482001755927 198027824
1737531 300 0.17434345917471464 178326354
1737831 300 0.16213064091308166 175307976
1738131 300 0.16214012291483756 172420833
1738431 300 0.1635529411764706 170173455
1738731 300 0.15810079016681297 168861117
1739031 300 0.16492783143107992 168729883
1739331 300 0.1632589991220369 168992351
1739631 300 0.17342370500438983 180688561
1739931 300 0.1742107111501317 183313237
1740231 300 0.15912484635645305 174930679
1740531 300 0.19228340649692713 174930679
1740831 300 0.28542510974539076 183313237
1741131 300 0.17656224758560143 170485135
1741431 300 0.16678630377524145 169402456
1741731 300 0.1595420544337138 169123585
1742031 300 0.1637805092186128 169402456
1742331 300 0.17536751536435471 176341443
1742631 300 0.17757682177348552 172273195
1742931 300 0.2159315188762072 170698390
1743231 300 0.2632087796312555 180163626
1743531 300 0.32161791044776117 166794185
1743831 300 0.29792238805970145 168090118
1744131 300 0.2906117647058824 167565184
1744431 300 0.205804741000878 167302716
1744731 300 0.16503213345039508 178851288
1745031 300 0.16659666374012294 167155078
1745331 300 0.15903002633889377 167171482
1745631 300 0.16198841088674276 167023844
1745931 300 0.1591058823529412 166646547
1746231 300 0.15304688323090432 166367676
1746531 300 0.156299209833187 166515313
1746831 300 0.15480105355575063 166252846
1747131 300 0.15631817383669885 167023844
1747431 300 0.16619841966637403 175832911
1747731 300 0.15389078138718174 167056653
1748031 300 0.15079016681299387 166662951
1748331 300 0.15319859525899912 166761377
1748631 300 0.14861878841088674 166646547
1748931 300 0.15156769095697983 166794185
1749231 300 0.1495764705882353 167171482
1749531 300 0.15017383669885867 166794185
1749831 300 0.1621875329236172 177424121
1750131 300 0.15563546971027215 176374251
1750431 300 0.1513401229148376 166662951
1750731 300 0.15484846356453028 166515313
1751031 300 0.15240210711150132 166531717
1751331 300 0.14909288849868305 166662951
1751631 300 0.14992730465320456 166548122
1751931 300 0.15042985074626866 166548122
1752231 300 0.14959543459174715 167450354
1752531 300 0.16743107989464445 191482540
1752831 300 0.1636003511852502 193188579
