494014 1 0.2452972783143108 80360338
494015 2 0.2452972783143108 80360338
494017 7 0.26572151009657596 80491572
494024 4 0.26572151009657596 80475168
494028 1 0.26572151009657596 80475168
494029 176 0.26799719051799825 87528984
494205 1 0.26799719051799825 87528984
494206 111 0.2827132572431958 101899082
494317 300 0.2948502194907814 151620280
494617 300 0.32005338015803336 156164249
494917 300 0.3137099209833187 156295483
495217 300 0.30867497805092187 156311887
495517 300 0.3086180860403863 156705589
495817 300 0.2952484635645303 157640629
496117 300 0.30145917471466194 157378162
496417 300 0.3044554872695347 157246928
496717 300 0.2951346795434592 157903097
497017 300 0.30693028972783143 165383422
497317 300 0.31240140474100087 180212839
497617 300 0.3006721685689201 176439868
497917 300 0.2975620719929763 169353244
498217 300 0.2942907813871818 169090776
498517 300 0.29785601404741 169369648
498817 300 0.297723266022827 169369648
499117 300 0.3045787532923618 166876206
499417 300 0.29954381035996486 165301401
499717 300 0.305308867427568 172519258
500017 300 0.2883929762949956 176325038
500317 300 0.1910791922739245 169369648
500617 300 0.15536997366110625 165957570
500917 300 0.15579666374012294 180524519
501217 300 0.15422265144863917 169123585
501517 300 0.1562707638279192 168467416
501817 300 0.1612014047410009 162168195
502117 300 0.15994978050921863 161118324
502417 300 0.16516488147497801 174241702
502717 300 0.16461492537313432 164530402
503017 300 0.16227287093942053 164546807
503317 300 0.16163757682177352 161790897
503617 300 0.15899209833187006 160626198
503917 300 0.15323652326602286 160593389
504217 300 0.1562707638279192 160609794
504517 300 0.15198489903424056 160593389
504817 300 0.1543648814749781 163136044
505117 300 0.16520280948200175 183854576
505417 300 0.15628972783143108 178752863
505717 300 0.15305636523266022 173880809
506017 300 0.1555406496927129 172962172
506317 300 0.15848007023705005 182919535
506617 300 0.15461141352063215 170321093
506917 300 0.15646988586479366 170321093
507217 300 0.1543364354697103 170321093
507517 300 0.155654433713784 170321093
507817 300 0.16866374012291485 187512718
508117 300 0.16692853380158032 169779754
508417 300 0.15968428446005267 169927392
508717 300 0.15401404741000876 168615054
509017 300 0.1594093064091308 166777781
509317 300 0.1544502194907814 167171482
509617 300 0.15446918349429326 166777781
509917 300 0.15454503950834067 166515313
510217 300 0.16039543459174713 165071742
510517 300 0.16647339771729588 178588821
510817 300 0.1630978050921861 165613081
511117 300 0.1588972783143108 159297456
511417 300 0.14774644424934152 159034988
511717 300 0.14768007023705007 159166222
512017 300 0.15081861281826162 159067797
512317 300 0.15246848112379283 159051392
512617 300 0.15048674275680424 159182626
512917 300 0.15016435469710274 159182626
513217 300 0.15537945566286218 165219380
513517 300 0.16162809482001758 178736459
513817 300 0.15416575943810357 177834226
514117 300 0.14669394205443373 172962172
514417 300 0.14306233538191396 172552067
514717 300 0.15306584723441616 185429382
515017 300 0.15384337137840212 166941823
515317 300 0.1534546093064091 166662951
515617 300 0.1496428446005268 166548122
515917 300 0.15117892888498685 166400484
516217 300 0.15593889376646183 172962172
516517 300 0.15967480245829677 176259421
516817 300 0.15445970149253732 170206263
517117 300 0.14445618964003512 167040249
517417 300 0.14394416154521508 166006782
517717 300 0.14709218612818262 165990378
518017 300 0.1503350307287094 166121612
518317 300 0.15356839332748023 164940508
518617 300 0.15516136962247587 162184599
518917 300 0.15215557506584723 160347326
519217 300 0.16177032484635645 179409032
519517 300 0.16185566286215983 180048796
519817 300 0.15668797190517997 173618341
520117 300 0.15670693590869184 186725315
520417 300 0.15115996488147498 167712822
520717 300 0.15360632133450397 163775808
521017 300 0.15370114135206325 163890638
521317 300 0.1549527655838455 164284339
521617 300 0.1582714661984197 174668212
521917 300 0.16428305531167692 160101262
522217 300 0.1551329236172081 160101262
522517 300 0.1504488147497805 159970029
522817 300 0.15831887620719928 160101262
523117 300 0.1550665496049166 160232496
523417 300 0.154241615452151 160101262
523717 300 0.15640351185250223 159970029
524017 300 0.1519943810359965 159838795
524317 300 0.16767761194029848 171518601
524617 300 0.16177980684811238 171535005
524917 300 0.15618542581211592 159445093
525217 300 0.15409938542581214 159445093
525517 300 0.15593889376646183 159313860
525817 300 0.1555690956979807 159182626
526117 300 0.1556828797190518 159182626
526417 300 0.16200737489025463 159182626
526717 300 0.1588972783143108 161676068
527017 300 0.16848358208955225 167597992
527317 300 0.1582050921861282 159313860
527617 300 0.15768358208955227 158788925
527917 300 0.1589731343283582 158805329
528217 300 0.15566391571553995 158936563
528517 300 0.155142405618964 158936563
528817 300 0.15107462686567164 158936563
529117 300 0.15762669007901667 159445093
529417 300 0.16484249341527657 181246305
529717 300 0.16037647058823526 178473991
530017 300 0.15169095697980683 172601280
530317 300 0.15351150131694472 171928707
530617 300 0.15726637401229152 169320435
530917 300 0.15449762949956103 167351929
531217 300 0.1520323090430202 166170825
531517 300 0.15172888498683054 166039591
531817 300 0.1558630377524144 167220695
532117 300 0.16414082528533805 185970721
532417 300 0.16078419666374014 185445786
532717 300 0.15905847234416157 168122927
533017 300 0.1575318700614574 167876864
533317 300 0.16165654082528533 167614396
533617 300 0.15705776997366108 167597992
533917 300 0.15722844600526778 164317147
534217 300 0.15810079016681297 164218722
534517 300 0.1610402107111501 165383422
534817 300 0.16926110623353818 184806021
535117 300 0.16308832309043023 178900501
535417 300 0.1627943810359965 171157708
535717 300 0.16566742756804215 170239072
536017 300 0.16268059701492535 166958227
536317 300 0.16306935908691836 166433292
536617 300 0.24274661984196663 166564526
536917 300 0.44139455662862165 166958227
537217 300 0.4686647936786655 167499567
537517 300 0.48682282704126423 178391970
537817 300 0.5037766461808604 182197750
538117 300 0.5042791922739245 176554698
538417 300 0.5085840210711149 176817165
538717 300 0.49639964881474974 191121646
539017 300 0.49369727831431076 176554698
539317 300 0.5016052677787532 176685931
539617 300 0.5036344161545215 176554698
539917 300 0.49705390693590873 176817165
540217 300 0.5022690079016682 176685931
540517 300 0.5130690079016681 181393943
540817 300 0.5315020193151887 182328984
541117 300 0.517335908691835 173930022
541417 300 0.5105278314310798 173536320
541717 300 0.5354370500438982 174192489
542017 300 0.5196684811237928 172338812
542317 300 0.5238974539069359 171813877
542617 300 0.5338156277436347 171830281
542917 300 0.5241155399473222 171813877
543217 300 0.5310184372256365 171699048
543517 300 0.5368972783143108 175619656
543817 300 0.5524856892010535 186790932
544117 300 0.5245517120280948 183247620
544417 300 0.5262869183494293 178408374
544717 300 0.5205123792800702 177079632
545017 300 0.4420298507462686 174733828
545317 300 0.27858858647936785 174323723
545617 300 0.427702546093064 171830281
545917 300 0.2775834942932397 171190516
546217 300 0.3421843722563652 170157051
546517 300 0.3889306409130816 187201038
546817 300 0.22848568920105353 170796816
547117 300 0.19494784899034243 161216749
547417 300 0.23795820895522388 161200345
547717 300 0.18722001755926254 161200345
548017 300 0.18459350307287092 161331579
548317 300 0.1904628621597893 161347983
548617 300 0.18650886742756806 161347983
548917 300 0.1871062335381914 161610451
549217 300 0.18640456540825281 161479217
549517 300 0.18653731343283583 177735801
549817 300 0.18803546971027219 166859802
550117 300 0.18989394205443372 166728568
550417 300 0.18945776997366112 166597335
550717 300 0.20452467076382794 165547464
551017 300 0.20667708516242317 179064543
551317 300 0.20122493415276557 167778438
551617 300 0.1891733099209833 166859802
551917 300 0.18980860403863037 166728568
552217 300 0.19401861281826163 166203633
552517 300 0.1884906057945566 160970686
552817 300 0.18651834942932397 160429347
553117 300 0.19180930640913083 160429347
553417 300 0.18640456540825281 160298113
553717 300 0.19999227392449517 176439868
554017 300 0.18977067603160666 182345388
554317 300 0.1900077260755048 173044194
554617 300 0.18482107111501317 172634088
554917 300 0.1915532923617208 172765322
555217 300 0.18894574187884108 172765322
555517 300 0.18317120280948201 172650492
555817 300 0.1839961369622476 171321750
556117 300 0.18946725197541703 166318463
556417 300 0.199755223880597 180114414
556717 300 0.19495733099209836 182082920
557017 300 0.19319367866549605 167647204
557317 300 0.18910693590869185 166974631
557617 300 0.19005513608428445 166876206
557917 300 0.1896758560140474 164251531
558217 300 0.19163863037752418 163989063
558517 300 0.18892677787532922 163726596
558817 300 0.18843371378402107 161265962
559117 300 0.19694855136084286 179491053
559417 300 0.19553573309920982 184986468
559717 300 0.18820614574187886 173306661
560017 300 0.18669850746268657 173175427
560317 300 0.18464091308165057 173044194
560617 300 0.18935346795434596 173060598
560917 300 0.18517190517998242 170550752
561217 300 0.18758981562774363 166613739
561517 300 0.19215065847234417 166351271
561817 300 0.21511606672519756 166367676
562117 300 0.5269411764705881 170813220
562417 300 0.24781000877963122 182903131
562717 300 0.5486265144863915 173191832
563017 300 0.5063178226514485 172273195
563317 300 0.5504849868305531 172404429
563617 300 0.5529123792800702 170550752
563917 300 0.5567431079894645 170157051
564217 300 0.540851273046532 170304688
564517 300 0.5540597014925372 170288284
564817 300 0.41247445127304655 87611005
565117 41 0.39784372256365225 99946980
565158 8 0.3978911325724319 99946980
565166 9 0.39784372256365225 99963384
565175 173 0.39912379280070237 107558539
565348 1 0.39912379280070237 107558539
565349 1 0.39912379280070237 107558539
565350 67 0.41476909569798065 119435196
565417 300 0.4360846356453029 158165564
565717 300 0.32246180860403867 164349956
566017 300 0.5512151009657594 164481190
566317 300 0.5463982440737489 164481190
566617 300 0.5438665496049165 164743657
566917 300 0.5404909569798068 164760061
567217 300 0.5393531167690957 164628828
567517 300 0.5478869183494293 164628828
567817 300 0.5609246707638279 178277140
568117 300 0.4875813871817383 174865062
568417 300 0.2965095697980685 162004152
568717 300 0.18683125548726956 161380792
569017 300 0.18831992976294995 180196435
569317 300 0.23780649692712907 166548122
569617 300 0.25724460052677783 165498252
569917 300 0.2437801580333626 163250873
570217 300 0.2838985074626866 165219380
570517 300 0.19318419666374012 176882782
570817 300 0.18035504828797191 167286312
571117 300 0.1776716417910448 166105208
571417 300 0.1742770851624232 165859144
571717 300 0.17287374890254606 165711507
572017 300 0.17618296751536436 164645232
572317 300 0.18123687445127304 162611109
572617 300 0.185740825285338 164989721
572917 300 0.1768846356453029 169960200
573217 300 0.17633467954345916 163004810
573517 300 0.17564249341527655 163119639
573817 300 0.17412537313432833 163119639
574117 300 0.18007058823529412 162840768
574417 300 0.1762777875329236 162857172
574717 300 0.17785179982440738 162709534
575017 300 0.1841478489903424 164054680
575317 300 0.18429956101843725 189743692
575617 300 0.18492537313432836 180311264
575917 300 0.1720014047410009 170599965
576217 300 0.17293064091308163 170075029
576517 300 0.17580368744512734 168893926
576817 300 0.1748649692712906 167187886
577117 300 0.17301597892888498 167335524
577417 300 0.17301597892888498 167220695
577717 300 0.17212467076382792 167335524
578017 300 0.1874760316066725 182673472
578317 300 0.17693204565408255 172699705
578617 300 0.16912835820895525 167597992
578917 300 0.2544474100087796 167712822
579217 300 0.34548410886742753 167729226
579517 300 0.21449973661106236 165645889
579817 300 0.18541843722563653 163546149
580117 300 0.25124249341527655 163546149
580417 300 0.48110517998244073 163825021
580717 300 0.5308382791922739 171567814
581017 300 0.5440087796312554 184018618
581317 300 0.5291220368744513 173405086
581617 300 0.5243146619841966 173126215
581917 300 0.5296625109745391 173372278
582217 300 0.5334837576821774 173536320
582517 300 0.5475076382791922 173126215
582817 300 0.5391350307287094 173011386
583117 300 0.5447768217734855 170534348
583417 300 0.5483610184372255 173011386
583717 300 0.5568663740122914 180622944
584017 300 0.5436200175592625 171961515
584317 300 0.5623469710272168 166712164
584617 300 0.5519072870939421 166055995
584917 300 0.5134103599648815 165793528
585217 300 0.2610279192273925 164497594
585517 300 0.4783079894644425 162922789
585817 300 0.1924635645302897 162397854
586117 300 0.37177769973661107 168040906
586417 300 0.17547181738366988 166203633
586717 300 0.16884389815627743 159789582
587017 300 0.16422616330114134 159395881
587317 300 0.1724660228270413 159395881
587617 300 0.1760597014925373 159133413
587917 300 0.16598981562774365 159002179
588217 300 0.17272203687445126 159133413
588517 300 0.17639157155399474 159395881
588817 300 0.17905601404741 179080948
589117 300 0.17195399473222125 175012701
589417 300 0.1611065847234416 170813220
589717 300 0.1559009657594381 170796816
590017 300 0.16324951712028096 170025817
590317 300 0.16092642669007903 167269908
590617 300 0.16605618964003513 163857829
590917 300 0.16741211589113258 160970686
591217 300 0.17050324846356454 160839453
591517 300 0.17870517998244076 172912960
591817 300 0.17786128182616331 181049454
592117 300 0.17509253731343286 171600622
592417 300 0.1713945566286216 168975946
592717 300 0.17140403863037754 167926077
593017 300 0.1659044776119403 165563868
593317 300 0.16415978928884986 165432635
593617 300 0.16331589113257242 166613739
593917 300 0.1823367866549605 185773870
594217 300 0.16708972783143108 176981207
594517 300 0.1669569798068481 169238414
594817 300 0.17137559262510974 168844713
595117 300 0.16836979806848112 168729883
595417 300 0.16795258999122037 164776466
595717 300 0.17126180860403864 161758089
596017 300 0.169156804214223 160708219
596317 300 0.18497278314310797 179999584
596617 300 0.17458999122036872 177374908
596917 300 0.1699438103599649 171338155
597217 300 0.17519683933274802 169369648
597517 300 0.16567690956979805 169238414
597817 300 0.17134714661984196 166876206
598117 300 0.1692231782265145 160855857
598417 300 0.17881896400351185 163480532
598717 300 0.1869260755048288 175554040
599017 300 0.17980509218612817 171617026
599317 300 0.1806489903424056 171748260
599617 300 0.1831048287971905 166761377
599917 300 0.1784017559262511 164776466
600217 300 0.17613555750658472 163201660
600517 300 0.17613555750658472 159395881
600817 300 0.17765267778753294 160445751
601117 300 0.20008709394205446 179097352
601417 300 0.1911171202809482 176997612
601717 300 0.19020684811237928 171748260
602017 300 0.19298507462686568 171748260
602317 300 0.1887086918349429 171617026
602617 300 0.18015592625109747 169894583
602917 300 0.18639508340649694 168828309
603217 300 0.18740017559262512 166072399
603517 300 0.19051027216856894 173159023
603817 300 0.18503915715539948 170025817
604117 300 0.18514345917471467 160068454
604417 300 0.19253942054433712 159953625
604717 300 0.19544091308165057 159838795
605017 300 0.19423669885864794 159723966
605317 300 0.18631922739244952 159691157
605617 300 0.19100333625987706 164415573
605917 300 0.20760632133450396 181738432
606217 300 0.19579174714661987 171370963
606517 300 0.18798805970149254 171370963
606817 300 0.19127831431079895 171239730
607117 300 0.1883388937664618 169796158
607417 300 0.19045338015803337 167565184
607717 300 0.18868024582967516 167581588
608017 300 0.19546935908691837 167450354
608317 300 0.20091202809482 182935940
608617 300 0.19817172958735735 179655096
608917 300 0.19144899034240562 170616369
609217 300 0.18959051799824406 168385395
609517 300 0.194615978928885 180852604
609817 300 0.18765618964003514 168122927
610117 300 0.1874570676031607 165235784
610417 300 0.1880449517120281 164694445
610717 300 0.19022581211589112 164825679
611017 300 0.19017840210711148 175455615
611317 300 0.18943880597014925 164956912
611617 300 0.18808287971905183 164825679
611917 300 0.1849348551360843 164842083
612217 300 0.1824979806848112 164842083
612517 300 0.18375908691834944 164842083
612817 300 0.18369271290605796 164710849
613117 300 0.18989394205443372 166695760
613417 300 0.19912941176470592 180458902
613717 300 0.19190412642669005 174405744
614017 300 0.19479613696224757 169533690
614317 300 0.19516593503072868 166892610
614617 300 0.19199894644424934 166006782
614917 300 0.18365478489903422 160888665
615217 300 0.18550377524143988 158001522
615517 300 0.19074732221246707 158788925
615817 300 0.21199648814749783 172306004
616117 300 0.19727093942054433 173355874
616417 300 0.1937625987708516 170599965
616717 300 0.19348762071992978 190941200
617017 300 0.18913538191395965 170337497
617317 300 0.19334539069359086 166138016
617617 300 0.19030166812993854 161807302
617917 300 0.18928709394205445 161807302
618217 300 0.1990251097453907 180967433
618517 300 0.20359543459174714 168762692
618817 300 0.1951564530289728 168762692
619117 300 0.19286180860403865 167581588
619417 300 0.20087410008779633 165613081
619717 300 0.1929945566286216 165350614
620017 300 0.19037752414398593 165350614
620317 300 0.18953362598770854 165219380
620617 300 0.19832344161545215 165481848
620917 300 0.20806145741878843 174930679
621217 300 0.20088358208955223 164956912
621517 300 0.19878805970149255 159313860
621817 300 0.19961299385425813 159707561
622117 300 0.1949857769973661 159182626
622417 300 0.1972614574187884 159313860
622717 300 0.19500474100087797 159445093
623017 300 0.19763125548726954 162217407
623317 300 0.19911044776119405 175340785
623617 300 0.29835856014047407 171928707
623917 300 0.5614556628621598 172174770
624217 300 0.5980087796312554 171781069
624517 300 0.593694468832309 171387367
624817 300 0.5968424934152766 171256134
625117 300 0.5888112379280069 171124900
625417 300 0.5572172080772607 171518601
625717 300 0.5516986830553117 187529122
626017 300 0.5592842844600526 176505484
626317 300 0.5508547848990343 171288942
626617 300 0.5609436347673398 187561930
626917 300 0.5437527655838456 171157708
627217 300 0.5505039508340649 171157708
627517 300 0.5472705882352941 171157708
627817 300 0.5546191395961368 173126215
628117 300 0.5470525021949079 178375566
628417 300 0.5468059701492537 171272538
628717 300 0.5433829675153643 171256134
629017 300 0.5307150131694469 171272538
629317 300 0.5328294995610184 171141304
629617 300 0.5512056189640034 171157708
629917 300 0.5383195785776997 171157708
630217 300 0.5445397717295873 173930022
630517 300 0.5526374012291484 181279113
630817 300 0.5474791922739245 174176085
631117 300 0.5475171202809481 172584876
631417 300 0.543032133450395 171174112
631717 300 0.5323648814749781 171157708
632017 300 0.5282686567164179 171141304
632317 300 0.5383764705882352 171945111
632617 300 0.5509970149253731 192122304
632917 300 0.5466163301141352 190022564
633217 300 0.54625601404741 170485135
633517 300 0.5415908691834943 170632773
633817 300 0.5367171202809482 187053400
634117 300 0.5331803336259877 173257449
634417 300 0.5403202809482002 173011386
634717 300 0.5312649692712906 171436580
635017 300 0.5269222124670764 171010070
635317 300 0.53596804214223 178621629
635617 300 0.5649829675153644 169845370
635917 300 0.5552923617208076 169828966
636217 300 0.5576818261633012 167729226
636517 300 0.5405194029850746 166662951
636817 300 0.5522296751536435 164218722
637117 300 0.5320804214223003 163677383
637417 300 0.5440846356453028 165924762
637717 300 0.5498496927129061 171813877
638017 300 0.5447294117647059 163677383
638317 300 0.5323838454784898 163825021
638617 300 0.5360438981562774 163529745
638917 300 0.540471992976295 163398511
639217 300 0.5370110623353819 163529745
639517 300 0.5389548726953468 163398511
639817 300 0.5530261633011413 161036303
640117 300 0.5592179104477611 180852604
640417 300 0.5393625987708516 176800761
640717 300 0.5583834942932396 172338812
641017 300 0.5552923617208076 172076344
641317 300 0.5434967515364355 171945111
641617 300 0.5410883230904302 171945111
641917 300 0.5434967515364355 169304031
642217 300 0.5406331870061457 166023187
642517 300 0.553718349429324 185577019
642817 300 0.5405194029850746 178752863
643117 300 0.5394194907813872 171928707
643417 300 0.5457724319578577 169697733
643717 300 0.5433829675153643 168910330
644017 300 0.5300512730465321 165891953
644317 300 0.5308951712028095 164054680
644617 300 0.5205787532923617 163939851
644917 300 0.5244474100087796 163923446
645217 300 0.5300417910447761 171010070
645517 300 0.5225320456540825 166154421
645817 300 0.5186444249341527 163792212
646117 300 0.5193460930640913 163660979
646417 300 0.5199813871817384 163660979
646717 300 0.5123768217734854 163529745
647017 300 0.5184168568920104 162479875
647317 300 0.5193271290605794 160642602
647617 300 0.51180790166813 160511368
647917 300 0.5322226514486391 160527772
648217 300 0.5210244073748903 160429347
648517 300 0.5312744512730465 160429347
648817 300 0.5234707638279192 160429347
649117 300 0.5289798068481123 162102577
649417 300 0.5414770851624232 184264682
649717 300 0.5309330992098331 170222668
650017 300 0.5355982440737489 161954940
650317 300 0.5259171202809482 161823706
650617 300 0.5229682177348551 176259421
650917 300 0.5072186128182616 161561238
651217 300 0.5199719051799824 161692472
651517 300 0.51308797190518 161561238
651817 300 0.5164446005267779 161446409
652117 300 0.5339768217734855 172880152
652417 300 0.5283160667251975 161856514
652717 300 0.5161980684811238 161840110
653017 300 0.5227596136962247 178900501
653317 300 0.53571202809482 167466758
653617 300 0.5302314310798947 167335524
653917 300 0.5206071992976296 167335524
654217 300 0.5396660228270412 167335524
654517 300 0.5301555750658472 182296175
654817 300 0.535190517998244 173273853
655117 300 0.5321942054433714 173257449
655417 300 0.5298995610184372 185084893
655717 300 0.5112674275680421 173273853
656017 300 0.5302314310798947 173011386
656317 300 0.5104993854258121 173126215
656617 300 0.5103192273924495 175209551
656917 300 0.5208252853380158 180065201
657217 300 0.5351620719929763 173109811
657517 300 0.510622651448639 173109811
657817 300 0.5257559262510975 173159023
658117 300 0.5082995610184372 173159023
658417 300 0.509105531167691 173027790
658717 300 0.520929587357331 173126215
659017 300 0.5338630377524144 175652465
659317 300 0.5296909569798068 181279113
659617 300 0.5191754170324846 173405086
659917 300 0.5254525021949078 173405086
660217 300 0.5317580333625987 173388682
660517 300 0.5201425812115891 173241045
660817 300 0.526713608428446 173109811
661117 300 0.5312365232660229 173109811
661417 300 0.5179048287971906 173913618
661717 300 0.5348681299385425 191745007
662017 300 0.529397014925373 184806021
662317 300 0.523508691834943 172207578
662617 300 0.5314356453028972 172223983
662917 300 0.5312649692712906 172092749
663217 300 0.5265050043898155 170911645
663517 300 0.5364516242317823 168926734
663817 300 0.529406496927129 168926734
664117 300 0.5209390693590868 168926734
664417 300 0.5255757682177349 175357189
664717 300 0.535332748024583 189546841
665017 300 0.5188909569798068 172223983
665317 300 0.5099968393327481 172371621
665617 300 0.5364421422300264 172371621
665917 300 0.5091150131694469 172355217
666217 300 0.5213847234416155 172371621
666517 300 0.5108122914837576 172240387
666817 300 0.5319571553994732 172109153
667117 300 0.5429467954345918 178391970
667417 300 0.5215743634767339 178654438
667717 300 0.5033309920983319 172880152
668017 300 0.5350482879719051 170517943
668317 300 0.5410598770851623 169730541
668617 300 0.5244948200175592 169878179
668917 300 0.5229018437225637 169746945
669217 300 0.535958560140474 169993008
669517 300 0.5490057945566286 186790932
669817 300 0.5442173836698858 185248935
670117 300 0.5343940298507462 170813220
670417 300 0.527225636523266 169484478
670717 300 0.5130121158911325 167745630
671017 300 0.5232621597892888 167614396
671317 300 0.5218967515364356 167483163
671617 300 0.5338345917471466 170239072
671917 300 0.543297629499561 180737774
672217 300 0.5065548726953467 173142619
672517 300 0.5023827919227392 173142619
672817 300 0.5114570676031607 172486450
673117 300 0.30931975417032487 170403114
673417 300 0.266100790166813 169878179
673717 300 0.2106310798946444 167499567
674017 300 0.17477014925373133 182607855
674317 300 0.1612488147497805 181672815
674617 300 0.1551708516242318 172355217
674917 300 0.15826198419666374 170255476
675217 300 0.15665004389815632 169336840
675517 300 0.15177629499561018 168155736
675817 300 0.15385285338015806 166449696
676117 300 0.1522124670763828 167762034
676417 300 0.16037647058823526 189415608
676717 300 0.1604238805970149 175767295
677017 300 0.15354942932396837 168057310
677317 300 0.1568776119402985 167926077
677617 300 0.15173836698858648 167926077
677917 300 0.1538718173836699 167909672
678217 300 0.15127374890254608 167909672
678517 300 0.15742756804214222 168319778
678817 300 0.158356804214223 168057310
679117 300 0.15552168568920108 167926077
679417 300 0.15083757682177348 168057310
679717 300 0.14988937664618085 168040906
680017 300 0.15606215978928883 168057310
680317 300 0.15854644424934153 168172140
680617 300 0.16794310798946444 187742377
680917 300 0.16722247585601405 181164284
681217 300 0.15338823529411766 173306661
681517 300 0.1536537313432836 173159023
681817 300 0.15262967515364356 173175427
682117 300 0.1487894644424934 173290257
682417 300 0.14822054433713783 171075687
682717 300 0.15490535557506585 174487765
683017 300 0.17078770851624234 186561273
683317 300 0.15002212467076384 179737116
683617 300 0.1453190517998244 174094064
683917 300 0.1497187006145742 173962830
684217 300 0.1471964881474978 173831596
684517 300 0.14984196663740124 172256791
684817 300 0.15165302897278313 170960857
685117 300 0.15194697102721685 172634088
685417 300 0.16031957857769974 181689219
685717 300 0.1546683055311677 173290257
686017 300 0.15061949078138717 167762034
686317 300 0.15193748902546092 167893268
686617 300 0.14660860403863038 168024502
686917 300 0.1502307287093942 167876864
687217 300 0.1508470588235294 167893268
687517 300 0.1567353819139596 167811247
687817 300 0.17474170324846353 176341443
688117 300 0.16966883230904303 180245647
688417 300 0.1588972783143108 173700363
688717 300 0.16147638279192272 173159023
689017 300 0.15924811237928008 170157051
689317 300 0.1593713784021071 167794843
689617 300 0.15439332748024584 167663609
689917 300 0.15371062335381916 167663609
690217 300 0.17354697102721686 188661013
690517 300 0.16374258121158908 195731233
690817 300 0.15588200175592626 172912960
691117 300 0.15289517120280952 172650492
691417 300 0.15906795434591747 169763349
691717 300 0.15501913959613695 169369648
692017 300 0.1559768217734855 166876206
692317 300 0.1552467076382792 166482505
692617 300 0.15523722563652326 166088803
692917 300 0.16574328358208956 173044194
693217 300 0.16599929762949958 183542896
693517 300 0.1601299385425812 171469389
693817 300 0.1556165057067603 171354559
694117 300 0.15473467954345918 171338155
694417 300 0.15680175592625112 169746945
694717 300 0.15475364354697105 165957570
695017 300 0.15696294995610183 163316490
695317 300 0.15681123792800702 163447724
695617 300 0.16580017559262508 171075687
695917 300 0.16475715539947325 176325038
696217 300 0.16057559262510976 171699048
696517 300 0.155398419666374 170780411
696817 300 0.15512344161545216 168943138
697117 300 0.15123582089552237 168811905
697417 300 0.15631817383669885 164628828
697717 300 0.15454503950834067 163300086
698017 300 0.1627564530289728 171174112
698317 300 0.16408393327480247 185363764
698617 300 0.15663107989464445 171977919
698917 300 0.15284776119402987 171846685
699217 300 0.15741808604038632 171715452
699517 300 0.15957998244073748 171042879
699817 300 0.16292712906057943 169090776
700117 300 0.1634770851624232 168155736
700417 300 0.16446321334503952 166187229
700717 300 0.1668526777875329 184838830
701017 300 0.16000667251975417 177620972
701317 300 0.1588972783143108 172240387
701617 300 0.1654398595258999 172240387
701917 300 0.16551571553994734 168828309
702217 300 0.16208323090430202 166334867
702517 300 0.16046180860403864 164628828
702817 300 0.16227287093942053 163710192
703117 300 0.1756614574187884 174602595
703417 300 0.16866374012291485 173815192
703717 300 0.16616049165935032 171715452
704017 300 0.16331589113257242 171305346
704317 300 0.1609548726953468 171567814
704617 300 0.16232028094820017 171436580
704917 300 0.16137208077260756 169615711
705217 300 0.1687111501316945 166712164
705517 300 0.18068691834942935 188382142
705817 300 0.1713566286215979 179474649
706117 300 0.16415978928884986 168451012
706417 300 0.16346760316066727 168565841
706717 300 0.2120154521510097 168303373
707017 300 0.5131543459174714 167794843
707317 300 0.543032133450395 167384737
707617 300 0.5448526777875329 167253504
707917 300 0.5532063213345039 173421491
708217 300 0.5593980684811238 185380169
708517 300 0.5610669007901667 180130818
708817 300 0.5393057067603161 175406402
709117 300 0.5581748902546092 175521231
709417 300 0.5467111501316944 173552725
709717 300 0.5467585601404741 172256791
710017 300 0.5318338893766462 170304688
710317 300 0.5439329236172081 169894583
710617 300 0.5557854258121159 182361792
710917 300 0.5474697102721685 186183976
711217 300 0.5270075504828797 175685274
711517 300 0.5367076382791922 175554040
711817 300 0.5301271290605795 175685274
712117 300 0.5318528533801581 175931337
712417 300 0.5373334503950834 175554040
712717 300 0.5376084284460052 175554040
713017 300 0.5476688323090431 181197092
713317 300 0.5320235294117647 175291572
713617 300 0.5411452151009657 173323066
713917 300 0.5363757682177348 173060598
714217 300 0.5288565408252853 172666897
714517 300 0.5259929762949956 171600622
714817 300 0.5407280070237049 171075687
715117 300 0.5284677787532923 171206921
715417 300 0.5628305531167691 184724000
715717 300 0.5419322212467076 178703650
716017 300 0.5365464442493415 171354559
716317 300 0.5286669007901668 188283716
716617 300 0.5256231782265145 175947741
716917 300 0.524134503950834 175931337
717217 300 0.5188340649692712 175800103
717517 300 0.5413158911325724 175800103
717817 300 0.5570844600526778 187086208
718117 300 0.537902370500439 173175427
718417 300 0.5369731343283582 172912960
718717 300 0.5232337137840211 171092091
719017 300 0.5295202809482001 170698390
719317 300 0.5259740122914838 170698390
719617 300 0.539059174714662 170567156
719917 300 0.5320709394205443 170304688
720217 300 0.543563125548727 180934624
720517 300 0.5259740122914838 180934624
720817 300 0.518227216856892 169779754
721117 300 0.526713608428446 167532375
721417 300 0.52542405618964 167007440
721717 300 0.5302788410886743 166744972
722017 300 0.5271971905179982 166613739
722317 300 0.5418279192273925 166613739
722617 300 0.5386988586479368 172912960
722917 300 0.5331234416154522 188004844
723217 300 0.519640035118525 175275168
723517 300 0.5272351185250219 175029105
723817 300 0.5335785776997366 173060598
724117 300 0.533787181738367 172141962
724417 300 0.5397608428446006 172404429
724717 300 0.5310374012291484 172388025
725017 300 0.5323364354697102 172388025
725317 300 0.5544484635645303 187742377
725617 300 0.5371627743634767 176325038
725917 300 0.5373524143985953 170288284
726217 300 0.5358921861281826 176193804
726517 300 0.5385755926251098 169500882
726817 300 0.5293875329236173 169238414
727117 300 0.5318433713784021 168975946
727417 300 0.5350956979806848 165973974
727717 300 0.5297099209833187 169254819
728017 300 0.5464646180860403 163874233
728317 300 0.5395427568042142 163726596
728617 300 0.5429847234416154 163726596
728917 300 0.5294349429323969 163726596
729217 300 0.5269506584723441 163726596
729517 300 0.5307339771729587 163726596
729817 300 0.5300133450395083 164120297
730117 300 0.536100790166813 169500882
730417 300 0.5445113257243196 181180688
730717 300 0.5247318700614574 164792870
731017 300 0.5412589991220368 164661636
731317 300 0.5192702370500438 164530402
731617 300 0.5240586479367866 164530402
731917 300 0.529928007023705 164513998
732217 300 0.5289703248463564 164513998
732517 300 0.5163592625109745 164513998
732817 300 0.5362904302019315 170009413
733117 300 0.5440087796312554 183034365
733417 300 0.5334742756804214 178178715
733717 300 0.5208347673397717 175291572
734017 300 0.5155058823529411 186840145
734317 300 0.5196969271290606 175668870
734617 300 0.5265239683933275 175160338
734917 300 0.5011122036874451 172912960
735217 300 0.5184263388937664 173716767
735517 300 0.5326114135206321 176849973
735817 300 0.5244663740122915 170567156
736117 300 0.5228923617208078 168844713
736417 300 0.5148705882352941 168319778
736717 300 0.5082142230026339 168319778
737017 300 0.5136948200175593 167958885
737317 300 0.5247603160667251 167926077
737617 300 0.5214036874451273 168861117
737917 300 0.526969622475856 183182003
738217 300 0.5076073748902545 174372936
738517 300 0.5251870061457419 168861117
738817 300 0.5166342405618964 168598650
739117 300 0.515145566286216 168598650
739417 300 0.5145102721685689 167155078
739717 300 0.5072375768217735 166088803
740017 300 0.5198012291483758 165973974
740317 300 0.4908906057945567 165695102
740617 300 0.52363195785777 165727911
740917 300 0.5142068481123793 165842740
741217 300 0.5136568920105355 165842740
741517 300 0.5161885864793678 165711507
741817 300 0.5106510974539069 165711507
742117 300 0.5313977172958736 185002872
742417 300 0.5144818261633011 181984495
742717 300 0.520275329236172 176210209
743017 300 0.5150602282704126 176078975
743317 300 0.5174212467076382 176226613
743617 300 0.5071048287971905 176472676
743917 300 0.5196969271290606 176210209
744217 300 0.5211192273924494 177260079
744517 300 0.5223708516242318 191302093
744817 300 0.5098356453028973 182378196
745117 300 0.5144249341527656 177260079
745417 300 0.5270644424934153 176751548
745717 300 0.5298331870061457 174651808
746017 300 0.5150886742756804 174783042
746317 300 0.49522388059701494 174783042
746617 300 0.5004484635645303 174651808
746917 300 0.5111157155399473 179113756
747217 300 0.5172410886742757 189858522
747517 300 0.4998036874451273 179622287
747817 300 0.49636172080772606 176341443
748117 300 0.506147146619842 173323066
748417 300 0.5075315188762072 169910988
748717 300 0.5026862159789289 168352586
749017 300 0.4845566286215979 168204948
749317 300 0.5121113257243196 169681328
749617 300 0.5289703248463564 187791589
749917 300 0.5019466198419665 179113756
750217 300 0.5123578577699737 174914275
750517 300 0.5154774363476734 175307976
750817 300 0.5153446883230904 174520574
751117 300 0.519128007023705 172814535
751417 300 0.5153541703248463 172552067
751717 300 0.5284203687445127 171895898
752017 300 0.535190517998244 183444471
752317 300 0.5386230026338894 174520574
752617 300 0.5036344161545215 167171482
752917 300 0.5028853380158034 167040249
753217 300 0.4885580333625988 166777781
753517 300 0.4919525899912203 166909015
753817 300 0.4971961369622476 167171482
754117 300 0.5010458296751535 170058625
754417 300 0.5175919227392449 185150510
754717 300 0.5101485513608428 177030420
755017 300 0.5225604916593504 173224640
755317 300 0.5161316944688322 178195120
755617 300 0.5081383669885865 169648520
755917 300 0.5136663740122914 169533690
756217 300 0.5085271290605795 168877521
756517 300 0.5106131694468833 169025160
756817 300 0.5126517998244073 168729883
757117 300 0.5094563652326601 166121612
757417 300 0.5094374012291483 164136701
757717 300 0.5114949956101843 163234469
758017 300 0.5073039508340649 163218065
758317 300 0.5211287093942054 163086831
758617 300 0.519649517120281 162955597
758917 300 0.5220389815627744 168073714
759217 300 0.5286289727831431 168992351
759517 300 0.5219157155399473 164153106
759817 300 0.5268842844600526 164021872
760117 300 0.5135715539947322 164153106
760417 300 0.5079107989464443 164021872
760717 300 0.49711079894644417 164021872
761017 300 0.4909569798068481 164021872
761317 300 0.520550307287094 171633430
761617 300 0.5154110623353818 185281744
761917 300 0.238328007023705 175045509
762217 300 0.15153924495171203 174930679
762517 300 0.1487041264266901 174799446
762817 300 0.1468266900790167 174668212
763117 300 0.14794556628621597 174126873
763417 300 0.1491782265144864 172420833
763717 300 0.1547062335381914 176095379
764017 300 0.1650036874451273 188825056
764317 300 0.15026865671641793 180951029
764617 300 0.1479929762949956 176899186
764917 300 0.15360632133450397 176636718
765217 300 0.1480593503072871 175078317
765517 300 0.1489222124670764 169550094
765817 300 0.14647585601404742 167187886
766117 300 0.14463634767339772 167302716
766417 300 0.15691553994732219 182788302
766717 300 0.15536997366110625 182000899
767017 300 0.14734820017559264 175176742
767317 300 0.1482774363476734 187775185
767617 300 0.1442001755926251 172568472
767917 300 0.14482598770851624 169796158
768217 300 0.1415262510974539 168877521
768517 300 0.14371659350307286 164546807
768817 300 0.16348656716417911 178326354
769117 300 0.15763617208077263 169796158
769417 300 0.14617243195785776 169812562
769717 300 0.14391571553994734 178851288
770017 300 0.14743353819139596 172306004
770317 300 0.1468266900790167 170731198
770617 300 0.14237014925373134 166777781
770917 300 0.14456997366110622 166909015
771217 300 0.15114100087796312 174947083
771517 300 0.15207023705004388 170731198
771817 300 0.1408056189640035 170468731
772117 300 0.1441622475856014 170337497
772417 300 0.1421710272168569 169139989
772717 300 0.14273046532045655 165875549
773017 300 0.14331834942932395 165498252
773317 300 0.1458215978928885 165990378
773617 300 0.1571620719929763 180311264
773917 300 0.1489222124670764 170977262
774217 300 0.14740509218612818 165859144
774517 300 0.14879894644424935 165990378
774817 300 0.14949113257243196 165859144
775117 300 0.14653274802458296 166039591
775417 300 0.14699736611062336 166302058
775717 300 0.1490739244951712 166449696
776017 300 0.1548294995610184 172355217
776317 300 0.16169446883230904 184297490
776617 300 0.1545545215100966 180229243
776917 300 0.1468266900790167 174323723
777217 300 0.14908340649692714 169845370
777517 300 0.1495480245829675 169861774
777817 300 0.14651378402107113 169582903
778117 300 0.14908340649692714 169845370
778417 300 0.15694398595259 174471361
778717 300 0.1665587357330992 185626232
779017 300 0.15456400351185254 176308634
779317 300 0.14702581211589114 173159023
779617 300 0.15068586479367868 172765322
779917 300 0.1437260755048288 172109153
780217 300 0.1450345917471466 169057968
780517 300 0.14428551360842845 167909672
780817 300 0.14731027216856893 168713479
781117 300 0.1623297629499561 187069804
781417 300 0.1480972783143108 177752206
781717 300 0.14437085162423177 171436580
782017 300 0.14787919227392451 171452984
782317 300 0.14645689201053555 171436580
782617 300 0.1511315188762072 170517943
782917 300 0.15117892888498685 166728568
783217 300 0.15380544337137841 163825021
783517 300 0.16031957857769974 184822425
783817 300 0.15304688323090432 180918220
784117 300 0.1546019315188762 175143934
784417 300 0.15182370500438983 174865062
784717 300 0.15440280948200175 174471361
785017 300 0.14677928007023705 171584218
785317 300 0.15050570676031605 168565841
785617 300 0.15440280948200175 167384737
785917 300 0.15740860403863038 170534348
786217 300 0.16333485513608428 174865062
786517 300 0.1555690956979807 167909672
786817 300 0.15212712906057943 166466101
787117 300 0.15368217734855139 166334867
787417 300 0.1531227392449517 165941166
787717 300 0.15375803336259877 165678698
788017 300 0.15618542581211592 165809932
788317 300 0.1559009657594381 165957570
788617 300 0.16506057945566285 172502854
788917 300 0.16160913081650571 188136078
789217 300 0.1554647936786655 175800103
789517 300 0.15677330992098332 173848000
789817 300 0.16383740122914836 172109153
790117 300 0.1598739244951712 171584218
790417 300 0.15740860403863038 167007440
790717 300 0.15063845478489904 165284997
791017 300 0.15719051799824407 163595362
791317 300 0.17001018437225637 166220037
791617 300 0.16949815627743636 190514691
791917 300 0.17121439859525903 188956290
792217 300 0.4510756804214222 177145249
792517 300 0.5189099209833187 177145249
792817 300 0.5045162423178227 177128845
793117 300 0.5119975417032484 176882782
793417 300 0.4963143107989464 176866378
793717 300 0.5057963125548727 176866378
794017 300 0.49756593503072866 176751548
794317 300 0.5032361720807725 182919535
794617 300 0.5218872695346796 189612458
794917 300 0.5183978928884986 182132133
795217 300 0.5019086918349429 173618341
795517 300 0.5052179104477611 170353902
795817 300 0.4995476733977173 169943796
796117 300 0.5027146619841967 169943796
796417 300 0.49519543459174714 169287627
796717 300 0.49246461808604036 167302716
797017 300 0.4874770851624232 167450354
797317 300 0.49633327480245826 179917563
797617 300 0.48478419666374006 187397888
797917 300 0.47706584723441614 178752863
798217 300 0.47450570676031606 178621629
798517 300 0.4708741000877963 178490395
798817 253 0.48222405618964 178227928
799070 47 0.3566254609306409 178096694
799117 137 0.34468762071992975 176521889
799254 3 0.34337910447761194 101062467
799257 9 0.3415301141352063 101062467
799266 151 0.35273784021071114 116449627
799417 300 0.3816200175592625 163989063
799717 300 0.4426461808604038 171797473
800017 300 0.45062054433713783 171010070
800317 300 0.44859139596136965 179392628
800617 300 0.41914029850746265 168122927
800917 177 0.43428305531167694 167204290
801094 123 0.33742440737489027 167204290
801217 61 0.319977524143986 165645889
801278 4 0.3252021071115014 95993562
801282 1 0.3170665496049166 91367572
801283 8 0.3170665496049166 91367572
801291 1 0.3170665496049166 91367572
801292 1 0.3170665496049166 91367572
801293 224 0.34084741000877966 124963419
801517 300 0.4125977172958736 160134071
801817 184 0.4314669007901668 160412943
802001 116 0.29729657594381037 160281709
802117 68 0.30052045654082526 158575670
802185 2 0.314316769095698 85740924
802187 1 0.2962820017559263 85740924
802188 10 0.2962820017559263 85740924
802198 1 0.2962820017559263 85757328
802199 1 0.2962820017559263 85757328
802200 210 0.32093520632133454 119992939
802410 7 0.23188024582967517 119992939
802417 179 0.30047304653204565 153457552
802596 4 0.29952484635645305 81935144
802600 2 0.29764741000877964 81935144
802602 10 0.29764741000877964 81935144
802612 105 0.3135961369622476 94057864
802717 300 0.350955223880597 159166222
803017 300 0.40175978928884987 167630800
803317 300 0.379249517120281 155294826
803617 300 0.3821415276558384 153473957
803917 300 0.3796477611940299 153703616
804217 300 0.36658156277436343 153851254
804517 300 0.3664772607550483 153687211
804817 300 0.3620017559262511 153818445
805117 300 0.37616786654960493 159871603
805417 300 0.37345601404740997 173782384
805717 300 0.36083546971027214 173782384
806017 300 0.35008287971905183 166302058
806317 300 0.3449720807726076 161840110
806617 300 0.33695978928884984 157771863
806917 300 0.348641615452151 155015953
807217 300 0.3423266022827041 155672122
807517 300 0.3543213345039508 155540889
807817 300 0.35188446005267776 162627513
808117 300 0.3477313432835821 171551410
808417 300 0.34314205443371376 156590759
808717 300 0.3466503950834065 156590759
809017 300 0.34298086040386305 156754801
809317 300 0.3565496049165935 156607163
809617 300 0.33698823529411764 156607163
809917 300 0.3355564530289728 156738397
810217 300 0.34203266022827045 156344695
810517 300 0.3451996488147498 156475929
810817 300 0.34155856014047414 156344695
811117 300 0.338875153643547 156213462
811417 300 0.3449815627743635 156607163
811717 300 0.34922949956101845 156607163
812017 300 0.39467673397717296 156344695
812317 300 0.3525671641791045 156213462
812617 300 0.4140389815627744 174454957
812917 300 0.36533942054433716 184166256
813217 300 0.3503957857769974 173388682
813517 300 0.3274019315188762 170386710
813817 300 0.3345134328358209 170239072
814117 300 0.3264916593503073 168795500
814417 300 0.3246237050043898 164874891
814717 300 0.3231160667251976 162381450
815017 300 0.32193081650570676 162496279
815317 300 0.33066374012291483 179556670
815617 300 0.32353327480245825 177194462
815917 300 0.3184698858647937 169714137
816217 300 0.32854925373134325 169599307
816517 300 0.33403933274802455 174176085
816817 300 0.3228410886742757 165645889
817117 300 0.32436769095697976 159346668
817417 300 0.3300094820017559 158706904
817717 300 0.3357650570676032 159363072
818017 300 0.316753643546971 169205606
818317 300 0.32145671641791046 166974631
818617 300 0.31259104477611943 163825021
818917 300 0.22785039508340654 84051288
819217 69 0.2332456540825285 84051288
819286 231 0.2985197541703249 163152448
