545890 300 0.15444073748902545 162496279
546190 300 0.16527866549604917 162496279
546490 300 0.15982651448639157 161840110
546790 300 0.15815768217734855 159609136
547090 300 0.15769306409130815 159477902
547390 300 0.16232028094820017 159871603
547690 300 0.17036101843722565 187053400
547990 300 0.16724143985952591 198208270
548290 300 0.16458647936786655 185593424
548590 300 0.15233573309920984 185347360
548890 300 0.15274345917471466 194517321
549190 300 0.15464934152765583 183247620
549490 300 0.16835083406496926 182197750
549790 300 0.16397014925373135 181525177
550090 300 0.15813871817383668 179162968
550390 300 0.21173099209833188 187955632
550690 300 0.2138739244951712 182837514
550990 300 0.15494328358208956 182575047
551290 300 0.1563561018437226 182312580
551590 300 0.15166251097453906 181541581
551890 300 0.15769306409130815 178506800
552190 300 0.15232625109745393 176407059
552490 300 0.1612488147497805 176931994
552790 300 0.17856294995610184 192023879
553090 300 0.16050921861281828 187709568
553390 300 0.15628024582967515 187578334
553690 300 0.1495006145741879 197141996
553990 300 0.15509499561018436 182460217
554290 300 0.15374855136084284 180754178
554590 300 0.15689657594381037 176685931
554890 300 0.15808182616330116 176144592
555190 300 0.17387884108867427 188480567
555490 300 0.16787673397717298 178375566
555790 300 0.15645092186128182 178769268
556090 300 0.15392870939420547 178638034
556390 300 0.16573380158033363 178375566
556690 300 0.15622335381913957 177063228
556990 300 0.15763617208077263 176013358
557290 300 0.15769306409130815 176013358
557590 300 0.16775346795434593 176931994
557890 300 0.16644495171202808 195173490
558190 300 0.15736119402985077 190580307
558490 300 0.1504393327480246 181262709
558790 300 0.15292361720807726 181131475
559090 300 0.15821457418788412 181131475
559390 300 0.15509499561018436 180098010
559690 300 0.15683968393327483 178113099
559990 300 0.156043195785777 176931994
560290 300 0.1519564530289728 177325696
560590 300 0.16430201931518876 193729918
560890 300 0.15349253731343285 195435957
561190 300 0.1462198419666374 188628205
561490 300 0.15108410886742757 188103270
561790 300 0.1473387181738367 184428724
562090 300 0.13810324846356453 180229243
562390 300 0.14742405618964002 179179373
562690 300 0.1442001755926251 176931994
562990 300 0.16057559262510976 198191866
563290 300 0.15588200175592626 205147257
563590 300 0.15176681299385428 189267970
563890 300 0.14640948200175594 201997646
564190 300 0.15123582089552237 185724658
564490 300 0.14215206321334506 181656411
564790 300 0.1433942054433714 181147879
565090 300 0.1384161545215101 180754178
565390 300 0.1433942054433714 178244332
565690 300 0.1555027216856892 191236476
565990 300 0.15103669885864793 183756151
566290 300 0.14569833187006145 183903789
566590 300 0.147300790166813 183903789
566890 300 0.14774644424934152 181787644
567190 300 0.14715856014047413 179031735
567490 300 0.14005654082528535 178638034
567790 300 0.1443329236172081 178638034
568090 300 0.1451009657594381 179556670
568390 300 0.15610008779631254 197404464
568690 300 0.15372010535557504 202538985
568990 300 0.15085654082528535 191121646
569290 300 0.15259174714661983 191252880
569590 300 0.14299596136962248 186922166
569890 300 0.14591641791044777 181918878
570190 300 0.15154872695346797 182066516
570490 300 0.15153924495171203 183247620
570790 300 0.15505706760316068 189924138
571090 300 0.14749991220368744 185199723
571390 300 0.14749043020193153 182312580
571690 300 0.15048674275680424 181393943
571990 300 0.14324249341527656 179048139
572290 300 0.1398289727831431 178506800
572590 300 0.1377618964003512 178523204
572890 300 0.13616892010535558 178391970
573190 300 0.1505531167690957 185068489
573490 300 0.13944969271290605 184806021
573790 300 0.13578964003511854 178638034
574090 300 0.13779034240561897 178769268
574390 300 0.1390230026338894 178638034
574690 300 0.13562844600526777 178900501
574990 300 0.1359223880597015 178769268
575290 300 0.13744899034240562 182837514
575590 300 0.14841966637401227 204097386
575890 300 0.1405496049165935 197666931
576190 300 0.13633959613696225 192811282
576490 300 0.14035996488147498 192680048
576790 300 0.13842563652326603 191252880
577090 300 0.1454612818261633 189005502
577390 300 0.14512941176470587 187036995
577690 300 0.15427954345917472 186512060
577990 300 0.16018683055311675 200685308
578290 300 0.153985601404741 191236476
578590 300 0.14714907813871816 184806021
578890 300 0.13842563652326603 184674787
579190 300 0.1425028972783143 184297490
579490 300 0.1433657594381036 182968748
579790 300 0.14186760316066724 181131475
580090 300 0.14425706760316068 181393943
580390 300 0.15616646180860405 190465478
580690 300 0.1447690956979807 182837514
580990 300 0.14379244951712028 181262709
581290 300 0.1424649692712906 181131475
581590 300 0.14113748902546092 181410347
581890 300 0.14356488147497803 181279113
582190 300 0.14490184372256365 181393943
582490 300 0.1445225636523266 181262709
582790 300 0.15667848990342406 196485827
583090 300 0.1556165057067603 187693164
583390 300 0.1443329236172081 181525177
583690 300 0.14469323968393327 181393943
583990 300 0.14178226514486392 181262709
584290 300 0.14008498683055312 181000242
584590 300 0.14475013169446882 181000242
584890 300 0.14834381035996488 183493683
585190 300 0.15572080772607552 189005502
585490 300 0.14504407374890255 181393943
585790 300 0.13894714661984198 181393943
586090 300 0.1407676909569798 194911022
586390 300 0.1365482001755926 181672815
586690 300 0.1403978928884987 181525177
586990 300 0.13938331870061457 181541581
587290 300 0.14468375768217734 181262709
587590 300 0.15212712906057943 188218099
587890 300 0.1585085162423178 186249592
588190 300 0.1494721685689201 181525177
588490 300 0.14247445127304653 181525177
588790 300 0.14562247585601404 181410347
589090 300 0.14692151009657595 181147879
589390 300 0.14212361720807726 181262709
589690 300 0.13886180860403863 181393943
589990 300 0.13770500438981562 181410347
590290 300 0.14843863037752414 187201038
590590 300 0.15157717295873574 198470738
590890 300 0.1429011413520632 181804048
591190 300 0.14445618964003512 181672815
591490 300 0.15244951712028096 206607232
591790 300 0.1439062335381914 173913618
592090 300 0.14050219490781388 173782384
592390 300 0.14045478489903424 173782384
592690 300 0.13934539069359086 174307319
592990 300 0.143441615452151 174602595
593290 300 0.1463241439859526 176029762
593590 300 0.14896962247585602 187709568
593890 300 0.14685513608428447 166597335
594190 300 0.1416684811237928 166564526
594490 300 0.14262616330114136 166564526
594790 300 0.14397260755048288 178523204
595090 300 0.14511044776119403 166039591
595390 300 0.14620087796312556 166187229
595690 300 0.1475283582089552 166039591
595990 300 0.14916874451273046 167089461
596290 300 0.16262370500438983 175357189
596590 300 0.1506669007901668 165777123
596890 300 0.14786022827041265 165908357
597190 300 0.14819209833187005 165547464
597490 300 0.14789815627743633 165399826
597790 300 0.15054363476733978 165547464
598090 300 0.14796453028972784 165531060
598390 300 0.1506005267778753 165514656
598690 300 0.16451062335381916 173930022
598990 53 0.07025004389815628 6000000
599043 237 0.10883230904302019 86511922
599280 10 0.13760070237050043 168270565
599290 300 0.14180122914837576 165645889
599590 300 0.14769903424056188 165777123
599890 300 0.14533801580333625 165941166
600190 300 0.1393643546971027 165793528
600490 300 0.14063494293239684 165924762
600790 300 0.14117541703248465 165809932
601090 300 0.14815417032484637 165924762
601390 300 0.163628797190518 176571102
601690 300 0.16165654082528533 187709568
601990 300 0.15176681299385428 179458245
602290 19 0.1555880597014925 178260736
602309 1 0.11668340649692713 175767295
602310 5 0.11958489903424056 173044194
602315 4 0.11777383669885864 167975289
602319 1 0.1159532923617208 167630800
602320 8 0.1159532923617208 167630800
602328 168 0.11727129060579455 175029105
602496 2 0.11772642669007902 100882020
602498 1 0.11453099209833187 100882020
602499 8 0.11453099209833187 100882020
602507 83 0.1304797190517998 113447655
602590 300 0.12792906057945566 160494964
602890 300 0.14637155399473223 169746945
603190 300 0.15310377524143984 170288284
603490 300 0.15508551360842845 170157051
603790 244 0.1072393327480246 87364941
604034 56 0.15117892888498685 170452327
604090 275 0.17010500438981566 181492368
604365 5 0.12105460930640914 173241045
604370 3 0.12150026338893766 168024502
604373 1 0.11986935908691834 168024502
604374 9 0.11986935908691834 168024502
604383 7 0.13157014925373134 172125558
604390 161 0.11532748024582967 178211524
604551 3 0.11276733977172959 104589375
604554 1 0.11276733977172959 104589375
604555 10 0.11276733977172959 104589375
604565 1 0.11276733977172959 104589375
604566 124 0.1261369622475856 121846617
604690 300 0.14133661106233536 160117667
604990 71 0.17130921861281828 162627513
605061 51 0.11628516242317821 155737740
605112 2 0.12020122914837576 153982488
605114 10 0.11563090430201932 153982488
605124 121 0.11716698858647936 161495622
605245 3 0.1167118525021949 84592628
605248 9 0.11393362598770851 84592628
605257 33 0.12455346795434592 94910884
605290 235 0.13081158911325724 130688492
605525 5 0.08883476733977172 128096625
605530 3 0.08902440737489027 123191763
605533 1 0.08732712906057946 123191763
605534 9 0.08732712906057946 123191763
605543 47 0.0907027216856892 129753451
605590 119 0.1086900790166813 154195743
605709 3 0.10607304653204566 79523723
605712 10 0.10607304653204566 79523723
605722 168 0.1195185250219491 100914829
605890 300 0.1415262510974539 147929329
606190 300 0.14855241439859526 150586813
606490 300 0.15748446005267777 174061255
606790 300 0.15438384547848988 172535663
607090 300 0.15331237928007022 162168195
607390 300 0.14844811237928007 159149818
607690 300 0.14806883230904302 157033673
607990 300 0.14790763827919226 154704273
608290 300 0.151283230904302 154441806
608590 300 0.15382440737489025 154983145
608890 300 0.16682423178226516 169435265
609190 300 0.1585748902546093 166580930
609490 300 0.1510935908691835 155163592
609790 300 0.1534451273046532 155294826
610090 300 0.1534546093064091 155163592
610390 300 0.152060755048288 154868316
610690 300 0.15057208077260756 154737082
610990 300 0.15736119402985077 173355874
611290 300 0.1548294995610184 163136044
611590 300 0.15515188762071994 163021214
611890 300 0.15675434591747148 162496279
612190 300 0.15722844600526778 156459525
612490 300 0.15381492537313432 156721993
612790 300 0.15832835820895522 156082228
613090 300 0.16261422300263392 155721335
613390 300 0.16602774363476738 156361100
613690 300 0.16413134328358212 156229866
613990 300 0.16332537313432835 156000207
614290 300 0.1565457418788411 156115036
614590 300 0.17587954345917473 170665582
614890 300 0.1706075504828797 180508115
615190 300 0.16021527655838455 172027132
615490 300 0.16223494293239685 170304688
615790 300 0.1673172958735733 164825679
616090 300 0.16498472344161544 160396539
616390 300 0.16982054433713784 158706904
616690 300 0.16762071992976293 156475929
616990 300 0.1674215978928885 156869631
617290 300 0.1690809482001756 156475929
617590 300 0.1688249341527656 156344695
617890 300 0.17350904302019313 162889980
618190 300 0.17787076382791925 168286969
618490 300 0.16806637401229152 162118982
618790 300 0.17194451273046532 156771205
619090 300 0.1691947322212467 156623568
619390 300 0.17232379280070237 168828309
619690 300 0.16714661984196663 154933933
619990 300 0.16551571553994734 170288284
620290 300 0.16588551360842846 156918843
620590 300 0.16407445127304654 156771205
620890 300 0.16573380158033363 156771205
621190 300 0.16574328358208956 156508738
621490 300 0.16019631255487268 156639972
621790 300 0.1637141352063213 156508738
622090 300 0.17990939420544338 159789582
622390 300 0.18287726075504832 179786329
622690 300 0.17542440737489023 168073714
622990 300 0.17028516242317823 154294168
623290 300 0.1691947322212467 154589444
623590 300 0.16585706760316066 154179338
623890 300 0.163372783143108 154195743
624190 300 0.16961194029850746 154326976
624490 300 0.16574328358208956 154064509
624790 300 0.1675353819139596 154064509
625090 300 0.17114802458296752 155360442
625390 300 0.17847761194029851 168090118
625690 300 0.17169798068481124 166646547
625990 300 0.17232379280070237 154474614
626290 300 0.16159016681299387 154458210
626590 300 0.16580965759438107 154458210
626890 300 0.1690904302019315 162348641
627190 300 0.16390377524143987 154720678
627490 300 0.161315188762072 154605848
627790 300 0.15724741000877965 154343380
628090 300 0.1612867427568042 154064509
628390 300 0.16812326602282704 157345353
628690 300 0.1679336259877085 157328949
628990 300 0.15913432835820898 154589444
629290 300 0.17204881474978054 154851912
629590 300 0.18490640913081652 156164249
629890 300 0.16665355575065846 155508080
630190 300 0.16215908691834943 155376847
630490 300 0.1652502194907814 155229208
630790 300 0.16022475856014046 154999549
631090 300 0.16037647058823526 154868316
631390 300 0.16461492537313432 164038276
631690 300 0.1668337137840211 170075029
631990 300 0.16046180860403864 155622910
632290 300 0.16277541703248463 155622910
632590 300 0.15689657594381037 155229208
632890 300 0.1587929762949956 155229208
633190 300 0.15676382791922738 155245613
633490 300 0.16117295873573312 155245613
633790 300 0.15936189640035117 155262017
634090 300 0.17099631255487271 166810590
634390 300 0.16552519754170325 179802733
634690 300 0.1662363476733977 160921474
634990 300 0.16269956101843722 158149160
635290 300 0.16700438981562774 158001522
635590 300 0.16269007901668128 158132756
635890 300 0.16174187884108868 158526457
636190 300 0.16350553116769098 158263990
636490 300 0.16573380158033363 158132756
636790 300 0.18485899912203688 171666239
637090 300 0.1792646180860404 167335524
637390 300 0.17715961369622477 157755459
637690 300 0.16963090430201933 157755459
637990 300 0.17498823529411764 157640629
638290 300 0.1697731343283582 157509396
638590 300 0.1687585601404741 157640629
638890 300 0.16505109745390695 157476587
639190 300 0.16866374012291485 157509396
639490 300 0.17770956979806846 174290914
639790 300 0.17243757682177352 164448381
640090 300 0.16814223002633888 158411628
640390 300 0.1686163301141352 158428032
640690 300 0.16866374012291485 158296798
640990 300 0.17163160667251978 158149160
641290 300 0.173916769095698 158149160
641590 300 0.1666914837576822 158165564
641890 300 0.1743150131694469 158050735
642190 300 0.19373415276558384 166449696
642490 300 0.1724565408252853 163431319
642790 300 0.1724660228270413 158165564
643090 300 0.18175838454784898 158854542
643390 300 0.1772828797190518 158198373
643690 300 0.17054117647058825 158313202
643990 300 0.16887234416154523 158706904
644290 300 0.17367971905179982 157886692
644590 300 0.17784231782265147 163660979
644890 300 0.1809713784021071 175209551
645190 300 0.16953608428446007 158821733
645490 300 0.16929903424056192 158444436
645790 300 0.17136611062335383 158985775
646090 300 0.17418226514486393 158854542
646390 300 0.16894820017559262 158460840
646690 300 0.16519332748024582 158706904
646990 300 0.16755434591747148 160412943
647290 300 0.1768846356453029 173913618
647590 300 0.16631220368744512 164596020
647890 300 0.15784477611940298 158296798
648190 300 0.16888182616330116 158428032
648490 300 0.16706128182616328 158165564
648790 300 0.16484249341527657 158181969
649090 300 0.17062651448639157 158198373
649390 300 0.170702370500439 158198373
649690 300 0.1831996488147498 171715452
649990 300 0.17773801580333626 165153763
650290 300 0.16948867427568043 156098632
650590 300 0.17213415276558383 156065824
650890 300 0.17722598770851627 155950994
651190 300 0.17037998244073752 155803356
651490 300 0.17144196663740122 155540889
651790 300 0.1652597014925373 155294826
652090 300 0.16441580333625988 156213462
652390 300 0.18237471466198418 169615711
652690 300 0.17558560140474103 163857829
652990 300 0.16541141352063213 155311230
653290 300 0.16574328358208956 154933933
653590 300 0.16946022827041263 155065166
653890 300 0.1641787532923617 156361100
654190 300 0.16351501316944686 156098632
654490 300 0.16849306409130818 155967399
654790 300 0.1666630377524144 156098632
655090 300 0.17899912203687446 161085516
655390 300 0.17272203687445126 162660321
655690 300 0.16610359964881474 156361100
655990 300 0.16542089552238806 156098632
656290 300 0.16567690956979805 155983803
656590 300 0.223156804214223 156246270
656890 300 0.29558033362598773 156639972
657190 300 0.3069587357330992 156886035
657490 300 0.29866198419666373 158050735
657790 300 0.30931975417032487 163168852
658090 300 0.30505285338015803 163431319
658390 300 0.30230307287093944 158346011
658690 300 0.2965854258121159 158198373
658990 300 0.29716382791922735 157919501
659290 300 0.22606777875329237 158181969
659590 300 0.15815768217734855 157935905
659890 300 0.15456400351185254 157804671
660190 300 0.15339771729587356 157558608
660490 201 0.11834275680421423 77752067
660691 7 0.11838068481123792 77752067
660698 9 0.11834275680421423 77768472
660707 1 0.11834275680421423 77768472
660708 82 0.12113046532045654 85215988
660790 94 0.12439227392449519 93385291
660884 1 0.12439227392449519 93385291
660885 205 0.1419908691834943 123864336
661090 300 0.15757928007023703 159034988
661390 300 0.15696294995610183 155376847
661690 300 0.16038595258999125 155508080
661990 300 0.15685864793678664 156033015
662290 300 0.1565078138718174 155491676
662590 300 0.15745601404741003 155262017
662890 300 0.15707673397717295 155409655
663190 300 0.16195048287971905 158296798
663490 300 0.16598033362598774 181787644
663790 300 0.16051870061457418 171945111
664090 300 0.1600540825285338 160150475
664390 300 0.1569724319578578 160166880
664690 300 0.16569587357330992 159904412
664990 300 0.1591058823529412 159773178
665290 300 0.1593239683933275 159510711
665590 300 0.15804389815627742 159248243
665890 300 0.15933345039508343 159248243
666190 300 0.16926110623353818 171059283
666490 300 0.16353397717295873 169878179
666790 300 0.15887831431079896 159231839
667090 300 0.1548200175592625 158952967
667390 300 0.16014890254609307 174979892
667690 300 0.15548375768217734 159625540
667990 300 0.1645011413520632 159510711
668290 300 0.15959894644424935 159248243
668590 300 0.16146690079016682 159231839
668890 300 0.16927058823529412 171059283
669190 300 0.16596136962247587 159773178
669490 300 0.15751290605794557 159625540
669790 300 0.157588762071993 159641944
670090 300 0.15981703248463566 159773178
670390 300 0.15660263388937667 160035646
670690 300 0.15238314310798948 159904412
670990 300 0.15333134328358208 159904412
671290 300 0.15508551360842845 159658348
671590 300 0.16622686567164183 171863090
671890 300 0.16254784899034241 172912960
672190 300 0.15417524143985953 160691814
672490 300 0.15010746268656716 160708219
672790 300 0.15244003511852502 160445751
673090 300 0.15139701492537316 160183284
673390 300 0.15006005267778752 160183284
673690 300 0.1504393327480246 160314517
673990 300 0.15870763827919224 160314517
674290 300 0.17178331870061458 167532375
674590 300 0.1674500438981563 166088803
674890 300 0.1570482879719052 160052050
675190 300 0.16304091308165058 160052050
675490 300 0.1593713784021071 160314517
675790 300 0.15746549604916596 160330921
676090 300 0.16104969271290606 160314517
676390 300 0.15921018437225637 160445751
676690 300 0.1662363476733977 179474649
676990 300 0.16524073748902546 177768610
677290 300 0.16227287093942053 157689842
677590 300 0.1617134328358209 156639972
677890 300 0.16187462686567164 156771205
678190 300 0.16308832309043023 157033673
678490 300 0.16398911325724322 156902439
678790 300 0.16677682177348552 156525142
679090 300 0.16083160667251975 156656376
679390 300 0.16039543459174713 156525142
679690 300 0.17679929762949956 162955597
679990 300 0.17129973661106232 170304688
680290 300 0.16752589991220368 164267935
680590 300 0.16693801580333628 157312545
680890 300 0.17037998244073752 174012043
681190 300 0.1699912203687445 157197715
681490 300 0.16351501316944686 156935248
681790 300 0.16155223880597014 156804014
682090 300 0.16964986830553117 156820418
682390 300 0.17556663740122916 169304031
682690 300 0.17586057945566286 157739055
682990 300 0.16675785776997365 157607821
683290 300 0.15971273046532045 157214119
683590 300 0.16797155399473224 157082886
683890 300 0.1644252853380158 157082886
684190 300 0.16336330114135206 156968056
684490 300 0.1699438103599649 156836822
684790 300 0.17032309043020194 160002837
685090 300 0.17055065847234419 164727253
685390 300 0.17413485513608432 157919501
685690 300 0.16904302019315187 156820418
685990 300 0.167867251975417 157017269
686290 300 0.1624340649692713 158001522
686590 300 0.16699490781387183 158132756
686890 300 0.16800948200175592 158017926
687190 300 0.16766812993854255 158296798
687490 300 0.17100579455662865 174176085
687790 300 0.16874907813871817 164825679
688090 300 0.16010149253731343 158772520
688390 300 0.16473819139596138 158378819
688690 300 0.16598981562774365 157985118
688990 300 0.16675785776997365 157853884
689290 300 0.16802844600526778 157214119
689590 300 0.17143248463564534 157214119
689890 300 0.17999473222124668 158116351
690190 300 0.19161018437225638 169271223
690490 300 0.17807936786654963 169156393
690790 300 0.16245302897278316 157739055
691090 300 0.16715610184372257 157575012
691390 300 0.16397963125548726 157575012
691690 300 0.16305987708516245 157443778
691990 300 0.20088358208955223 157460183
692290 300 0.5749864793678666 157853884
692590 300 0.5957994732221247 158510053
692890 300 0.6 175029105
693190 300 0.5785422300263389 174914275
693490 300 0.5430700614574188 161397196
693790 300 0.537769622475856 161512026
694090 300 0.545478489903424 173716767
694390 300 0.5157903424056189 161528430
694690 300 0.5224182616330114 161512026
694990 300 0.5189383669885865 161922131
695290 300 0.519128007023705 162315832
695590 300 0.5324122914837577 175045509
695890 300 0.514756804214223 162430662
696190 300 0.4904165057067603 162709534
696490 300 0.49744266900790163 162676725
696790 300 0.49328955223880594 162676725
697090 300 0.500875153643547 176078975
697390 300 0.489563125548727 163086831
697690 300 0.49220860403863037 162939193
697990 300 0.4870788410886743 163070427
698290 300 0.4839497805092186 164382765
698590 300 0.4863202809482001 175800103
698890 300 0.475283230904302 165580273
699190 300 0.47632625109745386 165727911
699490 300 0.45652783143107983 165711507
699790 300 0.46083266022827046 165973974
700090 300 0.4512084284460053 167023844
700390 300 0.4568881474978051 167007440
700690 300 0.45052572431957855 166876206
700990 300 0.44799402985074627 167056653
701290 300 0.460756804214223 178080290
701590 300 0.45465039508340643 178342758
701890 300 0.45066795434591744 167187886
702190 300 0.4388533801580334 167319120
702490 300 0.42557857769973656 168368991
702790 300 0.4263276558384547 168368991
703090 300 0.41455100965759434 168368991
703390 300 0.4009158911325724 168631458
703690 300 0.4021485513608428 168500224
703990 300 0.398526426690079 168500224
704290 300 0.430404916593503 174389340
704590 300 0.4047086918349429 184658383
704890 300 0.3940414398595259 178605225
705190 300 0.4002900790166813 169287627
705490 300 0.38835223880597014 169271223
705790 300 0.38335522388059695 168762692
706090 300 0.3734465320456541 167844055
706390 300 0.40054609306409134 167844055
706690 300 0.3868446005267779 171649835
706990 300 0.3853654082528534 180573732
707290 300 0.371910447761194 167975289
707590 300 0.39347251975417036 163529745
707890 300 0.3906184372256365 177309292
708190 300 0.3887599648814749 163660979
708490 300 0.39559648814749776 163529745
708790 300 0.37064934152765583 163792212
709090 300 0.37365513608428447 165088146
709390 300 0.3782633889376646 174274510
709690 300 0.3810890254609306 163907042
709990 300 0.3676056189640035 163907042
710290 300 0.37131308165057064 163907042
710590 300 0.3649885864793678 163907042
710890 300 0.36271290605794554 163513341
711190 300 0.3661928007023704 162463470
711490 300 0.3685538191395961 162594704
711790 300 0.3742050921861282 162594704
712090 300 0.36801334503950833 162725938
712390 300 0.38348797190517997 175586848
712690 300 0.3819708516242318 174126873
712990 300 0.36525408252853375 162725938
713290 300 0.3624948200175592 162594704
713590 300 0.3644670763827919 162578300
713890 300 0.3590718173836699 162594704
714190 300 0.36364214223002633 162857172
714490 300 0.364580860403863 162857172
714790 300 0.3665910447761194 162857172
715090 300 0.38614293239683933 179261394
715390 300 0.3814777875329236 168910330
715690 300 0.36839262510974535 163398511
715990 300 0.37314310798946443 164563211
716290 300 0.36582300263388934 164169510
716590 300 0.3692839332748024 164300743
716890 300 0.2796695346795435 83624779
717190 101 0.274454433713784 82574908
717291 1 0.2745208077260755 82574908
717292 3 0.2745208077260755 82591312
717295 11 0.274454433713784 82591312
717306 1 0.274454433713784 82591312
717307 173 0.2766068481123793 89694341
717480 1 0.2766068481123793 89694341
717481 9 0.30490114135206325 92089357
717490 300 0.2996481123792801 136561204
717790 300 0.36368007023705 166958227
718090 300 0.3457116769095698 162381450
718390 300 0.34428937664618087 159592732
718690 300 0.35021562774363474 159461498
718990 300 0.34230763827919225 159609136
719290 300 0.3475891132572432 159625540
719590 300 0.3523870061457419 159756774
719890 300 0.33753819139596136 159625540
720190 300 0.3568056189640035 178802076
720490 300 0.34477295873573305 179195777
720790 300 0.337073573309921 162020556
721090 300 0.34072414398595263 162693130
721390 300 0.3415395961369623 162824364
721690 300 0.3470012291483758 162807959
721990 300 0.3436540825285338 162824364
722290 300 0.34017418788410886 162561896
722590 300 0.3423550482879719 161905727
722890 300 0.3458918349429324 168598650
723190 300 0.3414352941176471 179228586
723490 300 0.3348168568920105 162676725
723790 300 0.33144126426690074 162020556
724090 300 0.32774328358208954 184855234
724390 300 0.3260649692712906 170452327
724690 300 0.32174117647058825 168615054
724990 300 0.31972151009657596 166777781
725290 300 0.3248892010535558 167548779
725590 300 0.3190103599648815 184494341
725890 300 0.3182897278314311 166515313
726190 300 0.32458577699736607 165990378
726490 300 0.3158812993854258 165990378
726790 300 0.3156442493415276 166515313
727090 300 0.3234289727831431 167302716
727390 300 0.32598911325724317 183854576
727690 300 0.34189991220368743 186331614
727990 300 0.3320196663740123 176111784
728290 300 0.32614082528533805 170468731
728590 300 0.32908024582967516 170731198
728890 300 0.32908024582967516 168237757
729190 300 0.33463669885864794 166400484
729490 300 0.3324179104477612 166679356
729790 300 0.33122317822651454 167204290
730090 300 0.3545109745390694 183739747
730390 300 0.3467357330992098 183870981
730690 300 0.3407620719929763 176505484
730990 300 0.3323799824407375 175980550
731290 300 0.3370166812993854 172437238
731590 300 0.3417102721685689 165891953
731890 300 0.3428860403863038 162086173
732190 300 0.3314886742756804 162479875
732490 300 0.3417482001755926 162873576
732790 300 0.3535817383669886 171666239
733090 300 0.34105601404741 166400484
733390 300 0.32830272168568925 162725938
733690 300 0.33435223880597015 162725938
733990 300 0.32584688323090427 162725938
734290 300 0.31892502194907807 162725938
734590 300 0.3267097453906936 162332237
734890 300 0.3335841966637401 162332237
735190 300 0.35121123792800696 181902474
735490 300 0.35240597014925373 189514033
735790 300 0.338742405618964 179540266
736090 300 0.33152660228270414 173765980
736390 300 0.35086040386303774 172847343
736690 300 0.34025952589991215 169960200
736990 300 0.3324748024582968 169960200
737290 300 0.32918454784899037 169960200
737590 300 0.33478841088674277 167712822
737890 300 0.35275680421422295 180967433
738190 300 0.3482907813871818 178998927
738490 300 0.32830272168568925 163382107
738790 300 0.33916909569798065 159067797
739090 297 0.2452972783143108 80343934
739387 1 0.2452972783143108 80360338
739388 2 0.2452972783143108 80360338
739390 7 0.26572151009657596 80491572
739397 4 0.26572151009657596 80475168
739401 1 0.26572151009657596 80475168
739402 176 0.26799719051799825 87528984
739578 1 0.26799719051799825 87528984
739579 111 0.2827132572431958 101899082
739690 300 0.2948502194907814 151620280
739990 300 0.32005338015803336 156164249
740290 300 0.3137099209833187 156295483
740590 300 0.30867497805092187 156311887
740890 300 0.3086180860403863 156705589
741190 300 0.2952484635645303 157640629
741490 300 0.30145917471466194 157378162
741790 300 0.3044554872695347 157246928
742090 300 0.2951346795434592 157903097
742390 300 0.30693028972783143 165383422
742690 300 0.31240140474100087 180212839
742990 300 0.3006721685689201 176439868
743290 300 0.2975620719929763 169353244
743590 300 0.2942907813871818 169090776
743890 300 0.29785601404741 169369648
744190 300 0.297723266022827 169369648
744490 300 0.3045787532923618 166876206
744790 300 0.29954381035996486 165301401
745090 300 0.305308867427568 172519258
745390 300 0.2883929762949956 176325038
745690 300 0.1910791922739245 169369648
745990 300 0.15536997366110625 165957570
746290 300 0.15579666374012294 180524519
746590 300 0.15422265144863917 169123585
746890 300 0.1562707638279192 168467416
747190 300 0.1612014047410009 162168195
747490 300 0.15994978050921863 161118324
747790 300 0.16516488147497801 174241702
748090 300 0.16461492537313432 164530402
748390 300 0.16227287093942053 164546807
748690 300 0.16163757682177352 161790897
748990 300 0.15899209833187006 160626198
749290 300 0.15323652326602286 160593389
749590 300 0.1562707638279192 160609794
749890 300 0.15198489903424056 160593389
750190 300 0.1543648814749781 163136044
750490 300 0.16520280948200175 183854576
750790 300 0.15628972783143108 178752863
751090 300 0.15305636523266022 173880809
751390 300 0.1555406496927129 172962172
751690 300 0.15848007023705005 182919535
751990 300 0.15461141352063215 170321093
752290 300 0.15646988586479366 170321093
752590 300 0.1543364354697103 170321093
752890 300 0.155654433713784 170321093
753190 300 0.16866374012291485 187512718
753490 300 0.16692853380158032 169779754
753790 300 0.15968428446005267 169927392
754090 300 0.15401404741000876 168615054
754390 300 0.1594093064091308 166777781
754690 300 0.1544502194907814 167171482
754990 300 0.15446918349429326 166777781
755290 300 0.15454503950834067 166515313
755590 300 0.16039543459174713 165071742
755890 300 0.16647339771729588 178588821
756190 300 0.1630978050921861 165613081
756490 300 0.1588972783143108 159297456
756790 300 0.14774644424934152 159034988
757090 300 0.14768007023705007 159166222
757390 300 0.15081861281826162 159067797
757690 300 0.15246848112379283 159051392
757990 300 0.15048674275680424 159182626
758290 300 0.15016435469710274 159182626
758590 300 0.15537945566286218 165219380
758890 300 0.16162809482001758 178736459
759190 300 0.15416575943810357 177834226
759490 300 0.14669394205443373 172962172
759790 300 0.14306233538191396 172552067
760090 300 0.15306584723441616 185429382
760390 300 0.15384337137840212 166941823
760690 300 0.1534546093064091 166662951
760990 300 0.1496428446005268 166548122
761290 300 0.15117892888498685 166400484
761590 300 0.15593889376646183 172962172
761890 300 0.15967480245829677 176259421
762190 300 0.15445970149253732 170206263
762490 300 0.14445618964003512 167040249
762790 300 0.14394416154521508 166006782
763090 300 0.14709218612818262 165990378
763390 300 0.1503350307287094 166121612
763690 300 0.15356839332748023 164940508
763990 300 0.15516136962247587 162184599
764290 300 0.15215557506584723 160347326
764590 300 0.16177032484635645 179409032
764890 300 0.16185566286215983 180048796
765190 300 0.15668797190517997 173618341
765490 300 0.15670693590869184 186725315
765790 300 0.15115996488147498 167712822
766090 300 0.15360632133450397 163775808
766390 300 0.15370114135206325 163890638
766690 300 0.1549527655838455 164284339
766990 300 0.1582714661984197 174668212
767290 300 0.16428305531167692 160101262
767590 300 0.1551329236172081 160101262
767890 300 0.1504488147497805 159970029
768190 300 0.15831887620719928 160101262
768490 300 0.1550665496049166 160232496
768790 300 0.154241615452151 160101262
769090 300 0.15640351185250223 159970029
769390 300 0.1519943810359965 159838795
769690 300 0.16767761194029848 171518601
769990 300 0.16177980684811238 171535005
770290 300 0.15618542581211592 159445093
770590 300 0.15409938542581214 159445093
770890 300 0.15593889376646183 159313860
771190 300 0.1555690956979807 159182626
771490 300 0.1556828797190518 159182626
771790 300 0.16200737489025463 159182626
772090 300 0.1588972783143108 161676068
772390 300 0.16848358208955225 167597992
772690 300 0.1582050921861282 159313860
772990 300 0.15768358208955227 158788925
773290 300 0.1589731343283582 158805329
773590 300 0.15566391571553995 158936563
773890 300 0.155142405618964 158936563
774190 300 0.15107462686567164 158936563
774490 300 0.15762669007901667 159445093
774790 300 0.16484249341527657 181246305
775090 300 0.16037647058823526 178473991
775390 300 0.15169095697980683 172601280
775690 300 0.15351150131694472 171928707
775990 300 0.15726637401229152 169320435
776290 300 0.15449762949956103 167351929
776590 300 0.1520323090430202 166170825
776890 300 0.15172888498683054 166039591
777190 300 0.1558630377524144 167220695
777490 300 0.16414082528533805 185970721
777790 300 0.16078419666374014 185445786
778090 300 0.15905847234416157 168122927
778390 300 0.1575318700614574 167876864
778690 300 0.16165654082528533 167614396
778990 300 0.15705776997366108 167597992
779290 300 0.15722844600526778 164317147
779590 300 0.15810079016681297 164218722
779890 300 0.1610402107111501 165383422
780190 300 0.16926110623353818 184806021
780490 300 0.16308832309043023 178900501
780790 300 0.1627943810359965 171157708
781090 300 0.16566742756804215 170239072
781390 300 0.16268059701492535 166958227
781690 300 0.16306935908691836 166433292
781990 300 0.24274661984196663 166564526
782290 300 0.44139455662862165 166958227
782590 300 0.4686647936786655 167499567
782890 300 0.48682282704126423 178391970
783190 300 0.5037766461808604 182197750
783490 300 0.5042791922739245 176554698
783790 300 0.5085840210711149 176817165
784090 300 0.49639964881474974 191121646
784390 300 0.49369727831431076 176554698
784690 300 0.5016052677787532 176685931
784990 300 0.5036344161545215 176554698
785290 300 0.49705390693590873 176817165
785590 300 0.5022690079016682 176685931
785890 300 0.5130690079016681 181393943
786190 300 0.5315020193151887 182328984
786490 300 0.517335908691835 173930022
786790 300 0.5105278314310798 173536320
787090 300 0.5354370500438982 174192489
787390 300 0.5196684811237928 172338812
787690 300 0.5238974539069359 171813877
787990 300 0.5338156277436347 171830281
788290 300 0.5241155399473222 171813877
788590 300 0.5310184372256365 171699048
788890 300 0.5368972783143108 175619656
789190 300 0.5524856892010535 186790932
789490 300 0.5245517120280948 183247620
789790 300 0.5262869183494293 178408374
790090 300 0.5205123792800702 177079632
790390 300 0.4420298507462686 174733828
790690 300 0.27858858647936785 174323723
790990 300 0.427702546093064 171830281
791290 300 0.2775834942932397 171190516
791590 300 0.3421843722563652 170157051
791890 300 0.3889306409130816 187201038
792190 300 0.22848568920105353 170796816
792490 300 0.19494784899034243 161216749
792790 300 0.23795820895522388 161200345
793090 300 0.18722001755926254 161200345
793390 300 0.18459350307287092 161331579
793690 300 0.1904628621597893 161347983
793990 300 0.18650886742756806 161347983
794290 300 0.1871062335381914 161610451
794590 300 0.18640456540825281 161479217
794890 300 0.18653731343283583 177735801
795190 300 0.18803546971027219 166859802
795490 300 0.18989394205443372 166728568
795790 300 0.18945776997366112 166597335
796090 300 0.20452467076382794 165547464
796390 300 0.20667708516242317 179064543
796690 300 0.20122493415276557 167778438
796990 300 0.1891733099209833 166859802
797290 300 0.18980860403863037 166728568
797590 300 0.19401861281826163 166203633
797890 300 0.1884906057945566 160970686
798190 300 0.18651834942932397 160429347
798490 300 0.19180930640913083 160429347
798790 300 0.18640456540825281 160298113
799090 300 0.19999227392449517 176439868
799390 300 0.18977067603160666 182345388
799690 300 0.1900077260755048 173044194
799990 300 0.18482107111501317 172634088
800290 300 0.1915532923617208 172765322
800590 300 0.18894574187884108 172765322
800890 300 0.18317120280948201 172650492
801190 300 0.1839961369622476 171321750
801490 300 0.18946725197541703 166318463
801790 300 0.199755223880597 180114414
802090 300 0.19495733099209836 182082920
802390 300 0.19319367866549605 167647204
802690 300 0.18910693590869185 166974631
802990 300 0.19005513608428445 166876206
803290 300 0.1896758560140474 164251531
803590 300 0.19163863037752418 163989063
803890 300 0.18892677787532922 163726596
804190 300 0.18843371378402107 161265962
804490 300 0.19694855136084286 179491053
804790 300 0.19553573309920982 184986468
805090 300 0.18820614574187886 173306661
805390 300 0.18669850746268657 173175427
805690 300 0.18464091308165057 173044194
805990 300 0.18935346795434596 173060598
806290 300 0.18517190517998242 170550752
806590 300 0.18758981562774363 166613739
806890 300 0.19215065847234417 166351271
807190 300 0.21511606672519756 166367676
807490 300 0.5269411764705881 170813220
807790 300 0.24781000877963122 182903131
808090 300 0.5486265144863915 173191832
808390 300 0.5063178226514485 172273195
808690 300 0.5504849868305531 172404429
808990 300 0.5529123792800702 170550752
809290 300 0.5567431079894645 170157051
809590 300 0.540851273046532 170304688
809890 300 0.5540597014925372 170288284
810190 300 0.41247445127304655 87611005
810490 41 0.39784372256365225 99946980
810531 8 0.3978911325724319 99946980
810539 9 0.39784372256365225 99963384
810548 173 0.39912379280070237 107558539
810721 1 0.39912379280070237 107558539
810722 1 0.39912379280070237 107558539
810723 67 0.41476909569798065 119435196
810790 300 0.4360846356453029 158165564
811090 300 0.32246180860403867 164349956
811390 300 0.5512151009657594 164481190
811690 300 0.5463982440737489 164481190
811990 300 0.5438665496049165 164743657
812290 300 0.5404909569798068 164760061
812590 300 0.5393531167690957 164628828
812890 300 0.5478869183494293 164628828
813190 300 0.5609246707638279 178277140
813490 300 0.4875813871817383 174865062
813790 300 0.2965095697980685 162004152
814090 300 0.18683125548726956 161380792
814390 300 0.18831992976294995 180196435
814690 300 0.23780649692712907 166548122
814990 300 0.25724460052677783 165498252
815290 300 0.2437801580333626 163250873
815590 300 0.2838985074626866 165219380
815890 300 0.19318419666374012 176882782
816190 300 0.18035504828797191 167286312
816490 300 0.1776716417910448 166105208
816790 300 0.1742770851624232 165859144
817090 300 0.17287374890254606 165711507
817390 300 0.17618296751536436 164645232
817690 300 0.18123687445127304 162611109
817990 300 0.185740825285338 164989721
818290 300 0.1768846356453029 169960200
818590 300 0.17633467954345916 163004810
818890 300 0.17564249341527655 163119639
819190 300 0.17412537313432833 163119639
819490 300 0.18007058823529412 162840768
819790 300 0.1762777875329236 162857172
820090 300 0.17785179982440738 162709534
820390 300 0.1841478489903424 164054680
820690 300 0.18429956101843725 189743692
820990 300 0.18492537313432836 180311264
821290 300 0.1720014047410009 170599965
821590 300 0.17293064091308163 170075029
821890 300 0.17580368744512734 168893926
822190 300 0.1748649692712906 167187886
822490 300 0.17301597892888498 167335524
822790 300 0.17301597892888498 167220695
823090 300 0.17212467076382792 167335524
823390 300 0.1874760316066725 182673472
823690 300 0.17693204565408255 172699705
823990 300 0.16912835820895525 167597992
824290 300 0.2544474100087796 167712822
824590 300 0.34548410886742753 167729226
824890 300 0.21449973661106236 165645889
825190 300 0.18541843722563653 163546149
825490 300 0.25124249341527655 163546149
825790 300 0.48110517998244073 163825021
826090 300 0.5308382791922739 171567814
826390 300 0.5440087796312554 184018618
826690 300 0.5291220368744513 173405086
826990 300 0.5243146619841966 173126215
827290 300 0.5296625109745391 173372278
827590 300 0.5334837576821774 173536320
827890 300 0.5475076382791922 173126215
828190 300 0.5391350307287094 173011386
828490 300 0.5447768217734855 170534348
828790 300 0.5483610184372255 173011386
829090 300 0.5568663740122914 180622944
829390 300 0.5436200175592625 171961515
829690 300 0.5623469710272168 166712164
829990 300 0.5519072870939421 166055995
830290 300 0.5134103599648815 165793528
830590 300 0.2610279192273925 164497594
830890 300 0.4783079894644425 162922789
831190 300 0.1924635645302897 162397854
831490 300 0.37177769973661107 168040906
831790 300 0.17547181738366988 166203633
832090 300 0.16884389815627743 159789582
832390 300 0.16422616330114134 159395881
832690 300 0.1724660228270413 159395881
832990 300 0.1760597014925373 159133413
833290 300 0.16598981562774365 159002179
833590 300 0.17272203687445126 159133413
833890 300 0.17639157155399474 159395881
834190 300 0.17905601404741 179080948
834490 300 0.17195399473222125 175012701
834790 300 0.1611065847234416 170813220
835090 300 0.1559009657594381 170796816
835390 300 0.16324951712028096 170025817
835690 300 0.16092642669007903 167269908
835990 300 0.16605618964003513 163857829
836290 300 0.16741211589113258 160970686
836590 300 0.17050324846356454 160839453
836890 300 0.17870517998244076 172912960
837190 300 0.17786128182616331 181049454
837490 300 0.17509253731343286 171600622
837790 300 0.1713945566286216 168975946
838090 300 0.17140403863037754 167926077
838390 300 0.1659044776119403 165563868
838690 300 0.16415978928884986 165432635
838990 300 0.16331589113257242 166613739
839290 300 0.1823367866549605 185773870
839590 300 0.16708972783143108 176981207
839890 300 0.1669569798068481 169238414
840190 300 0.17137559262510974 168844713
840490 300 0.16836979806848112 168729883
840790 300 0.16795258999122037 164776466
841090 300 0.17126180860403864 161758089
841390 300 0.169156804214223 160708219
841690 300 0.18497278314310797 179999584
841990 300 0.17458999122036872 177374908
842290 300 0.1699438103599649 171338155
842590 300 0.17519683933274802 169369648
842890 300 0.16567690956979805 169238414
843190 300 0.17134714661984196 166876206
843490 300 0.1692231782265145 160855857
843790 300 0.17881896400351185 163480532
844090 300 0.1869260755048288 175554040
844390 300 0.17980509218612817 171617026
844690 300 0.1806489903424056 171748260
844990 300 0.1831048287971905 166761377
845290 300 0.1784017559262511 164776466
845590 300 0.17613555750658472 163201660
845890 300 0.17613555750658472 159395881
846190 300 0.17765267778753294 160445751
846490 300 0.20008709394205446 179097352
846790 300 0.1911171202809482 176997612
847090 300 0.19020684811237928 171748260
847390 300 0.19298507462686568 171748260
847690 300 0.1887086918349429 171617026
847990 300 0.18015592625109747 169894583
848290 300 0.18639508340649694 168828309
848590 300 0.18740017559262512 166072399
848890 300 0.19051027216856894 173159023
849190 300 0.18503915715539948 170025817
849490 300 0.18514345917471467 160068454
849790 300 0.19253942054433712 159953625
850090 300 0.19544091308165057 159838795
850390 300 0.19423669885864794 159723966
850690 300 0.18631922739244952 159691157
850990 300 0.19100333625987706 164415573
851290 300 0.20760632133450396 181738432
851590 300 0.19579174714661987 171370963
851890 300 0.18798805970149254 171370963
852190 300 0.19127831431079895 171239730
852490 300 0.1883388937664618 169796158
852790 300 0.19045338015803337 167565184
853090 300 0.18868024582967516 167581588
853390 300 0.19546935908691837 167450354
853690 300 0.20091202809482 182935940
853990 300 0.19817172958735735 179655096
854290 300 0.19144899034240562 170616369
854590 300 0.18959051799824406 168385395
854890 300 0.194615978928885 180852604
855190 300 0.18765618964003514 168122927
855490 300 0.1874570676031607 165235784
855790 300 0.1880449517120281 164694445
856090 300 0.19022581211589112 164825679
856390 300 0.19017840210711148 175455615
856690 300 0.18943880597014925 164956912
856990 300 0.18808287971905183 164825679
857290 300 0.1849348551360843 164842083
857590 300 0.1824979806848112 164842083
857890 300 0.18375908691834944 164842083
858190 300 0.18369271290605796 164710849
858490 300 0.18989394205443372 166695760
858790 300 0.19912941176470592 180458902
859090 300 0.19190412642669005 174405744
859390 300 0.19479613696224757 169533690
859690 300 0.19516593503072868 166892610
859990 300 0.19199894644424934 166006782
860290 300 0.18365478489903422 160888665
860590 300 0.18550377524143988 158001522
860890 300 0.19074732221246707 158788925
861190 300 0.21199648814749783 172306004
861490 300 0.19727093942054433 173355874
861790 300 0.1937625987708516 170599965
862090 300 0.19348762071992978 190941200
862390 300 0.18913538191395965 170337497
862690 300 0.19334539069359086 166138016
862990 300 0.19030166812993854 161807302
863290 300 0.18928709394205445 161807302
863590 300 0.1990251097453907 180967433
863890 300 0.20359543459174714 168762692
864190 300 0.1951564530289728 168762692
864490 300 0.19286180860403865 167581588
864790 300 0.20087410008779633 165613081
865090 300 0.1929945566286216 165350614
865390 300 0.19037752414398593 165350614
865690 300 0.18953362598770854 165219380
865990 300 0.19832344161545215 165481848
866290 300 0.20806145741878843 174930679
866590 300 0.20088358208955223 164956912
866890 300 0.19878805970149255 159313860
867190 300 0.19961299385425813 159707561
867490 300 0.1949857769973661 159182626
867790 300 0.1972614574187884 159313860
868090 300 0.19500474100087797 159445093
868390 300 0.19763125548726954 162217407
868690 300 0.19911044776119405 175340785
868990 300 0.29835856014047407 171928707
869290 300 0.5614556628621598 172174770
869590 300 0.5980087796312554 171781069
869890 300 0.593694468832309 171387367
870190 300 0.5968424934152766 171256134
870490 300 0.5888112379280069 171124900
870790 300 0.5572172080772607 171518601
871090 300 0.5516986830553117 187529122
871390 300 0.5592842844600526 176505484
871690 300 0.5508547848990343 171288942
871990 300 0.5609436347673398 187561930
872290 300 0.5437527655838456 171157708
872590 300 0.5505039508340649 171157708
872890 300 0.5472705882352941 171157708
873190 300 0.5546191395961368 173126215
873490 300 0.5470525021949079 178375566
873790 300 0.5468059701492537 171272538
874090 300 0.5433829675153643 171256134
874390 300 0.5307150131694469 171272538
874690 300 0.5328294995610184 171141304
874990 300 0.5512056189640034 171157708
875290 300 0.5383195785776997 171157708
875590 300 0.5445397717295873 173930022
875890 300 0.5526374012291484 181279113
876190 300 0.5474791922739245 174176085
876490 300 0.5475171202809481 172584876
876790 300 0.543032133450395 171174112
877090 300 0.5323648814749781 171157708
877390 300 0.5282686567164179 171141304
877690 300 0.5383764705882352 171945111
877990 300 0.5509970149253731 192122304
878290 300 0.5466163301141352 190022564
878590 300 0.54625601404741 170485135
878890 300 0.5415908691834943 170632773
879190 300 0.5367171202809482 187053400
879490 300 0.5331803336259877 173257449
879790 300 0.5403202809482002 173011386
880090 300 0.5312649692712906 171436580
880390 300 0.5269222124670764 171010070
880690 300 0.53596804214223 178621629
880990 300 0.5649829675153644 169845370
881290 300 0.5552923617208076 169828966
881590 300 0.5576818261633012 167729226
881890 300 0.5405194029850746 166662951
882190 300 0.5522296751536435 164218722
882490 300 0.5320804214223003 163677383
882790 300 0.5440846356453028 165924762
883090 300 0.5498496927129061 171813877
883390 300 0.5447294117647059 163677383
883690 300 0.5323838454784898 163825021
883990 300 0.5360438981562774 163529745
884290 300 0.540471992976295 163398511
884590 300 0.5370110623353819 163529745
884890 300 0.5389548726953468 163398511
885190 300 0.5530261633011413 161036303
885490 300 0.5592179104477611 180852604
885790 300 0.5393625987708516 176800761
886090 300 0.5583834942932396 172338812
886390 300 0.5552923617208076 172076344
886690 300 0.5434967515364355 171945111
886990 300 0.5410883230904302 171945111
887290 300 0.5434967515364355 169304031
887590 300 0.5406331870061457 166023187
887890 300 0.553718349429324 185577019
888190 300 0.5405194029850746 178752863
888490 300 0.5394194907813872 171928707
888790 300 0.5457724319578577 169697733
889090 300 0.5433829675153643 168910330
889390 300 0.5300512730465321 165891953
889690 300 0.5308951712028095 164054680
889990 300 0.5205787532923617 163939851
890290 300 0.5244474100087796 163923446
890590 300 0.5300417910447761 171010070
890890 300 0.5225320456540825 166154421
891190 300 0.5186444249341527 163792212
891490 300 0.5193460930640913 163660979
891790 300 0.5199813871817384 163660979
892090 300 0.5123768217734854 163529745
892390 300 0.5184168568920104 162479875
892690 300 0.5193271290605794 160642602
892990 300 0.51180790166813 160511368
893290 300 0.5322226514486391 160527772
893590 300 0.5210244073748903 160429347
893890 300 0.5312744512730465 160429347
894190 300 0.5234707638279192 160429347
894490 300 0.5289798068481123 162102577
894790 300 0.5414770851624232 184264682
895090 300 0.5309330992098331 170222668
895390 300 0.5355982440737489 161954940
895690 300 0.5259171202809482 161823706
895990 300 0.5229682177348551 176259421
896290 300 0.5072186128182616 161561238
896590 300 0.5199719051799824 161692472
896890 300 0.51308797190518 161561238
897190 300 0.5164446005267779 161446409
897490 300 0.5339768217734855 172880152
897790 300 0.5283160667251975 161856514
898090 300 0.5161980684811238 161840110
898390 300 0.5227596136962247 178900501
898690 300 0.53571202809482 167466758
898990 300 0.5302314310798947 167335524
899290 300 0.5206071992976296 167335524
899590 300 0.5396660228270412 167335524
899890 300 0.5301555750658472 182296175
900190 300 0.535190517998244 173273853
900490 300 0.5321942054433714 173257449
900790 300 0.5298995610184372 185084893
901090 300 0.5112674275680421 173273853
901390 300 0.5302314310798947 173011386
901690 300 0.5104993854258121 173126215
901990 300 0.5103192273924495 175209551
902290 300 0.5208252853380158 180065201
902590 300 0.5351620719929763 173109811
902890 300 0.510622651448639 173109811
903190 300 0.5257559262510975 173159023
903490 300 0.5082995610184372 173159023
903790 300 0.509105531167691 173027790
904090 300 0.520929587357331 173126215
904390 300 0.5338630377524144 175652465
904690 300 0.5296909569798068 181279113
904990 300 0.5191754170324846 173405086
905290 300 0.5254525021949078 173405086
905590 300 0.5317580333625987 173388682
905890 300 0.5201425812115891 173241045
906190 300 0.526713608428446 173109811
906490 300 0.5312365232660229 173109811
906790 300 0.5179048287971906 173913618
907090 300 0.5348681299385425 191745007
907390 300 0.529397014925373 184806021
907690 300 0.523508691834943 172207578
907990 300 0.5314356453028972 172223983
908290 300 0.5312649692712906 172092749
908590 300 0.5265050043898155 170911645
908890 300 0.5364516242317823 168926734
909190 300 0.529406496927129 168926734
909490 300 0.5209390693590868 168926734
909790 300 0.5255757682177349 175357189
910090 300 0.535332748024583 189546841
910390 300 0.5188909569798068 172223983
910690 300 0.5099968393327481 172371621
910990 300 0.5364421422300264 172371621
911290 300 0.5091150131694469 172355217
911590 300 0.5213847234416155 172371621
911890 300 0.5108122914837576 172240387
912190 300 0.5319571553994732 172109153
912490 300 0.5429467954345918 178391970
912790 300 0.5215743634767339 178654438
913090 300 0.5033309920983319 172880152
913390 300 0.5350482879719051 170517943
913690 300 0.5410598770851623 169730541
913990 300 0.5244948200175592 169878179
914290 300 0.5229018437225637 169746945
914590 300 0.535958560140474 169993008
914890 300 0.5490057945566286 186790932
915190 300 0.5442173836698858 185248935
915490 300 0.5343940298507462 170813220
915790 300 0.527225636523266 169484478
916090 300 0.5130121158911325 167745630
916390 300 0.5232621597892888 167614396
916690 300 0.5218967515364356 167483163
916990 300 0.5338345917471466 170239072
917290 300 0.543297629499561 180737774
917590 300 0.5065548726953467 173142619
917890 300 0.5023827919227392 173142619
918190 300 0.5114570676031607 172486450
918490 300 0.30931975417032487 170403114
918790 300 0.266100790166813 169878179
919090 300 0.2106310798946444 167499567
919390 300 0.17477014925373133 182607855
919690 300 0.1612488147497805 181672815
919990 300 0.1551708516242318 172355217
920290 300 0.15826198419666374 170255476
920590 300 0.15665004389815632 169336840
920890 300 0.15177629499561018 168155736
921190 300 0.15385285338015806 166449696
921490 300 0.1522124670763828 167762034
921790 300 0.16037647058823526 189415608
922090 300 0.1604238805970149 175767295
922390 300 0.15354942932396837 168057310
922690 300 0.1568776119402985 167926077
922990 300 0.15173836698858648 167926077
923290 300 0.1538718173836699 167909672
923590 300 0.15127374890254608 167909672
923890 300 0.15742756804214222 168319778
924190 300 0.158356804214223 168057310
924490 300 0.15552168568920108 167926077
924790 300 0.15083757682177348 168057310
925090 300 0.14988937664618085 168040906
925390 300 0.15606215978928883 168057310
925690 300 0.15854644424934153 168172140
925990 300 0.16794310798946444 187742377
926290 300 0.16722247585601405 181164284
926590 300 0.15338823529411766 173306661
926890 300 0.1536537313432836 173159023
927190 300 0.15262967515364356 173175427
927490 300 0.1487894644424934 173290257
927790 300 0.14822054433713783 171075687
928090 300 0.15490535557506585 174487765
928390 300 0.17078770851624234 186561273
928690 300 0.15002212467076384 179737116
928990 300 0.1453190517998244 174094064
929290 300 0.1497187006145742 173962830
929590 300 0.1471964881474978 173831596
929890 300 0.14984196663740124 172256791
930190 300 0.15165302897278313 170960857
930490 300 0.15194697102721685 172634088
930790 300 0.16031957857769974 181689219
931090 300 0.1546683055311677 173290257
931390 300 0.15061949078138717 167762034
931690 300 0.15193748902546092 167893268
931990 300 0.14660860403863038 168024502
932290 300 0.1502307287093942 167876864
932590 300 0.1508470588235294 167893268
932890 300 0.1567353819139596 167811247
933190 300 0.17474170324846353 176341443
933490 300 0.16966883230904303 180245647
933790 300 0.1588972783143108 173700363
934090 300 0.16147638279192272 173159023
934390 300 0.15924811237928008 170157051
934690 300 0.1593713784021071 167794843
934990 300 0.15439332748024584 167663609
935290 300 0.15371062335381916 167663609
935590 300 0.17354697102721686 188661013
935890 300 0.16374258121158908 195731233
936190 300 0.15588200175592626 172912960
936490 300 0.15289517120280952 172650492
936790 300 0.15906795434591747 169763349
937090 300 0.15501913959613695 169369648
937390 300 0.1559768217734855 166876206
937690 300 0.1552467076382792 166482505
937990 300 0.15523722563652326 166088803
938290 300 0.16574328358208956 173044194
938590 300 0.16599929762949958 183542896
938890 300 0.1601299385425812 171469389
939190 300 0.1556165057067603 171354559
939490 300 0.15473467954345918 171338155
939790 300 0.15680175592625112 169746945
940090 300 0.15475364354697105 165957570
940390 300 0.15696294995610183 163316490
940690 300 0.15681123792800702 163447724
940990 300 0.16580017559262508 171075687
941290 300 0.16475715539947325 176325038
941590 300 0.16057559262510976 171699048
941890 300 0.155398419666374 170780411
942190 300 0.15512344161545216 168943138
942490 300 0.15123582089552237 168811905
942790 300 0.15631817383669885 164628828
943090 300 0.15454503950834067 163300086
943390 300 0.1627564530289728 171174112
943690 300 0.16408393327480247 185363764
943990 300 0.15663107989464445 171977919
944290 300 0.15284776119402987 171846685
944590 300 0.15741808604038632 171715452
944890 300 0.15957998244073748 171042879
945190 300 0.16292712906057943 169090776
945490 300 0.1634770851624232 168155736
945790 300 0.16446321334503952 166187229
946090 300 0.1668526777875329 184838830
946390 300 0.16000667251975417 177620972
946690 300 0.1588972783143108 172240387
946990 300 0.1654398595258999 172240387
947290 300 0.16551571553994734 168828309
947590 300 0.16208323090430202 166334867
947890 300 0.16046180860403864 164628828
948190 300 0.16227287093942053 163710192
948490 300 0.1756614574187884 174602595
948790 300 0.16866374012291485 173815192
949090 300 0.16616049165935032 171715452
949390 300 0.16331589113257242 171305346
949690 300 0.1609548726953468 171567814
949990 300 0.16232028094820017 171436580
950290 300 0.16137208077260756 169615711
950590 300 0.1687111501316945 166712164
950890 300 0.18068691834942935 188382142
951190 300 0.1713566286215979 179474649
951490 300 0.16415978928884986 168451012
951790 300 0.16346760316066727 168565841
952090 300 0.2120154521510097 168303373
952390 300 0.5131543459174714 167794843
952690 300 0.543032133450395 167384737
952990 300 0.5448526777875329 167253504
953290 300 0.5532063213345039 173421491
953590 300 0.5593980684811238 185380169
953890 300 0.5610669007901667 180130818
