655415 300 0.39559648814749776 163529745
655715 300 0.37064934152765583 163792212
656015 300 0.37365513608428447 165088146
656315 300 0.3782633889376646 174274510
656615 300 0.3810890254609306 163907042
656915 300 0.3676056189640035 163907042
657215 300 0.37131308165057064 163907042
657515 300 0.3649885864793678 163907042
657815 300 0.36271290605794554 163513341
658115 300 0.3661928007023704 162463470
658415 300 0.3685538191395961 162594704
658715 300 0.3742050921861282 162594704
659015 300 0.36801334503950833 162725938
659315 300 0.38348797190517997 175586848
659615 300 0.3819708516242318 174126873
659915 300 0.36525408252853375 162725938
660215 300 0.3624948200175592 162594704
660515 300 0.3644670763827919 162578300
660815 300 0.3590718173836699 162594704
661115 300 0.36364214223002633 162857172
661415 300 0.364580860403863 162857172
661715 300 0.3665910447761194 162857172
662015 300 0.38614293239683933 179261394
662315 300 0.3814777875329236 168910330
662615 300 0.36839262510974535 163398511
662915 300 0.37314310798946443 164563211
663215 300 0.36582300263388934 164169510
663515 300 0.3692839332748024 164300743
663815 300 0.2796695346795435 83624779
664115 101 0.274454433713784 82574908
664216 1 0.2745208077260755 82574908
664217 3 0.2745208077260755 82591312
664220 11 0.274454433713784 82591312
664231 1 0.274454433713784 82591312
664232 173 0.2766068481123793 89694341
664405 1 0.2766068481123793 89694341
664406 9 0.30490114135206325 92089357
664415 300 0.2996481123792801 136561204
664715 300 0.36368007023705 166958227
665015 300 0.3457116769095698 162381450
665315 300 0.34428937664618087 159592732
665615 300 0.35021562774363474 159461498
665915 300 0.34230763827919225 159609136
666215 300 0.3475891132572432 159625540
666515 300 0.3523870061457419 159756774
666815 300 0.33753819139596136 159625540
667115 300 0.3568056189640035 178802076
667415 300 0.34477295873573305 179195777
667715 300 0.337073573309921 162020556
668015 300 0.34072414398595263 162693130
668315 300 0.3415395961369623 162824364
668615 300 0.3470012291483758 162807959
668915 300 0.3436540825285338 162824364
669215 300 0.34017418788410886 162561896
669515 300 0.3423550482879719 161905727
669815 300 0.3458918349429324 168598650
670115 300 0.3414352941176471 179228586
670415 300 0.3348168568920105 162676725
670715 300 0.33144126426690074 162020556
671015 300 0.32774328358208954 184855234
671315 300 0.3260649692712906 170452327
671615 300 0.32174117647058825 168615054
671915 300 0.31972151009657596 166777781
672215 300 0.3248892010535558 167548779
672515 300 0.3190103599648815 184494341
672815 300 0.3182897278314311 166515313
673115 300 0.32458577699736607 165990378
673415 300 0.3158812993854258 165990378
673715 300 0.3156442493415276 166515313
674015 300 0.3234289727831431 167302716
674315 300 0.32598911325724317 183854576
674615 300 0.34189991220368743 186331614
674915 300 0.3320196663740123 176111784
675215 300 0.32614082528533805 170468731
675515 300 0.32908024582967516 170731198
675815 300 0.32908024582967516 168237757
676115 300 0.33463669885864794 166400484
676415 300 0.3324179104477612 166679356
676715 300 0.33122317822651454 167204290
677015 300 0.3545109745390694 183739747
677315 300 0.3467357330992098 183870981
677615 300 0.3407620719929763 176505484
677915 300 0.3323799824407375 175980550
678215 300 0.3370166812993854 172437238
678515 300 0.3417102721685689 165891953
678815 300 0.3428860403863038 162086173
679115 300 0.3314886742756804 162479875
679415 300 0.3417482001755926 162873576
679715 300 0.3535817383669886 171666239
680015 300 0.34105601404741 166400484
680315 300 0.32830272168568925 162725938
680615 300 0.33435223880597015 162725938
680915 300 0.32584688323090427 162725938
681215 300 0.31892502194907807 162725938
681515 300 0.3267097453906936 162332237
681815 300 0.3335841966637401 162332237
682115 300 0.35121123792800696 181902474
682415 300 0.35240597014925373 189514033
682715 300 0.338742405618964 179540266
683015 300 0.33152660228270414 173765980
683315 300 0.35086040386303774 172847343
683615 300 0.34025952589991215 169960200
683915 300 0.3324748024582968 169960200
684215 300 0.32918454784899037 169960200
684515 300 0.33478841088674277 167712822
684815 300 0.35275680421422295 180967433
685115 300 0.3482907813871818 178998927
685415 300 0.32830272168568925 163382107
685715 300 0.33916909569798065 159067797
686015 297 0.2452972783143108 80343934
686312 1 0.2452972783143108 80360338
686313 2 0.2452972783143108 80360338
686315 7 0.26572151009657596 80491572
686322 4 0.26572151009657596 80475168
686326 1 0.26572151009657596 80475168
686327 176 0.26799719051799825 87528984
686503 1 0.26799719051799825 87528984
686504 111 0.2827132572431958 101899082
686615 300 0.2948502194907814 151620280
686915 300 0.32005338015803336 156164249
687215 300 0.3137099209833187 156295483
687515 300 0.30867497805092187 156311887
687815 300 0.3086180860403863 156705589
688115 300 0.2952484635645303 157640629
688415 300 0.30145917471466194 157378162
688715 300 0.3044554872695347 157246928
689015 300 0.2951346795434592 157903097
689315 300 0.30693028972783143 165383422
689615 300 0.31240140474100087 180212839
689915 300 0.3006721685689201 176439868
690215 300 0.2975620719929763 169353244
690515 300 0.2942907813871818 169090776
690815 300 0.29785601404741 169369648
691115 300 0.297723266022827 169369648
691415 300 0.3045787532923618 166876206
691715 300 0.29954381035996486 165301401
692015 300 0.305308867427568 172519258
692315 300 0.2883929762949956 176325038
692615 300 0.1910791922739245 169369648
692915 300 0.15536997366110625 165957570
693215 300 0.15579666374012294 180524519
693515 300 0.15422265144863917 169123585
693815 300 0.1562707638279192 168467416
694115 300 0.1612014047410009 162168195
694415 300 0.15994978050921863 161118324
694715 300 0.16516488147497801 174241702
695015 300 0.16461492537313432 164530402
695315 300 0.16227287093942053 164546807
695615 300 0.16163757682177352 161790897
695915 300 0.15899209833187006 160626198
696215 300 0.15323652326602286 160593389
696515 300 0.1562707638279192 160609794
696815 300 0.15198489903424056 160593389
697115 300 0.1543648814749781 163136044
697415 300 0.16520280948200175 183854576
697715 300 0.15628972783143108 178752863
698015 300 0.15305636523266022 173880809
698315 300 0.1555406496927129 172962172
698615 300 0.15848007023705005 182919535
698915 300 0.15461141352063215 170321093
699215 300 0.15646988586479366 170321093
699515 300 0.1543364354697103 170321093
699815 300 0.155654433713784 170321093
700115 300 0.16866374012291485 187512718
700415 300 0.16692853380158032 169779754
700715 300 0.15968428446005267 169927392
701015 300 0.15401404741000876 168615054
701315 300 0.1594093064091308 166777781
701615 300 0.1544502194907814 167171482
701915 300 0.15446918349429326 166777781
702215 300 0.15454503950834067 166515313
702515 300 0.16039543459174713 165071742
702815 300 0.16647339771729588 178588821
703115 300 0.1630978050921861 165613081
703415 300 0.1588972783143108 159297456
703715 300 0.14774644424934152 159034988
704015 300 0.14768007023705007 159166222
704315 300 0.15081861281826162 159067797
704615 300 0.15246848112379283 159051392
704915 300 0.15048674275680424 159182626
705215 300 0.15016435469710274 159182626
705515 300 0.15537945566286218 165219380
705815 300 0.16162809482001758 178736459
706115 300 0.15416575943810357 177834226
706415 300 0.14669394205443373 172962172
706715 300 0.14306233538191396 172552067
707015 300 0.15306584723441616 185429382
707315 300 0.15384337137840212 166941823
707615 300 0.1534546093064091 166662951
707915 300 0.1496428446005268 166548122
708215 300 0.15117892888498685 166400484
708515 300 0.15593889376646183 172962172
708815 300 0.15967480245829677 176259421
709115 300 0.15445970149253732 170206263
709415 300 0.14445618964003512 167040249
709715 300 0.14394416154521508 166006782
710015 300 0.14709218612818262 165990378
710315 300 0.1503350307287094 166121612
710615 300 0.15356839332748023 164940508
710915 300 0.15516136962247587 162184599
711215 300 0.15215557506584723 160347326
711515 300 0.16177032484635645 179409032
711815 300 0.16185566286215983 180048796
712115 300 0.15668797190517997 173618341
712415 300 0.15670693590869184 186725315
712715 300 0.15115996488147498 167712822
713015 300 0.15360632133450397 163775808
713315 300 0.15370114135206325 163890638
713615 300 0.1549527655838455 164284339
713915 300 0.1582714661984197 174668212
714215 300 0.16428305531167692 160101262
714515 300 0.1551329236172081 160101262
714815 300 0.1504488147497805 159970029
715115 300 0.15831887620719928 160101262
715415 300 0.1550665496049166 160232496
715715 300 0.154241615452151 160101262
716015 300 0.15640351185250223 159970029
716315 300 0.1519943810359965 159838795
716615 300 0.16767761194029848 171518601
716915 300 0.16177980684811238 171535005
717215 300 0.15618542581211592 159445093
717515 300 0.15409938542581214 159445093
717815 300 0.15593889376646183 159313860
718115 300 0.1555690956979807 159182626
718415 300 0.1556828797190518 159182626
718715 300 0.16200737489025463 159182626
719015 300 0.1588972783143108 161676068
719315 300 0.16848358208955225 167597992
719615 300 0.1582050921861282 159313860
719915 300 0.15768358208955227 158788925
720215 300 0.1589731343283582 158805329
720515 300 0.15566391571553995 158936563
720815 300 0.155142405618964 158936563
721115 300 0.15107462686567164 158936563
721415 300 0.15762669007901667 159445093
721715 300 0.16484249341527657 181246305
722015 300 0.16037647058823526 178473991
722315 300 0.15169095697980683 172601280
722615 300 0.15351150131694472 171928707
722915 300 0.15726637401229152 169320435
723215 300 0.15449762949956103 167351929
723515 300 0.1520323090430202 166170825
723815 300 0.15172888498683054 166039591
724115 300 0.1558630377524144 167220695
724415 300 0.16414082528533805 185970721
724715 300 0.16078419666374014 185445786
725015 300 0.15905847234416157 168122927
725315 300 0.1575318700614574 167876864
725615 300 0.16165654082528533 167614396
725915 300 0.15705776997366108 167597992
726215 300 0.15722844600526778 164317147
726515 300 0.15810079016681297 164218722
726815 300 0.1610402107111501 165383422
727115 300 0.16926110623353818 184806021
727415 300 0.16308832309043023 178900501
727715 300 0.1627943810359965 171157708
728015 300 0.16566742756804215 170239072
728315 300 0.16268059701492535 166958227
728615 300 0.16306935908691836 166433292
728915 300 0.24274661984196663 166564526
729215 300 0.44139455662862165 166958227
729515 300 0.4686647936786655 167499567
729815 300 0.48682282704126423 178391970
730115 300 0.5037766461808604 182197750
730415 300 0.5042791922739245 176554698
730715 300 0.5085840210711149 176817165
731015 300 0.49639964881474974 191121646
731315 300 0.49369727831431076 176554698
731615 300 0.5016052677787532 176685931
731915 300 0.5036344161545215 176554698
732215 300 0.49705390693590873 176817165
732515 300 0.5022690079016682 176685931
732815 300 0.5130690079016681 181393943
733115 300 0.5315020193151887 182328984
733415 300 0.517335908691835 173930022
733715 300 0.5105278314310798 173536320
734015 300 0.5354370500438982 174192489
734315 300 0.5196684811237928 172338812
734615 300 0.5238974539069359 171813877
734915 300 0.5338156277436347 171830281
735215 300 0.5241155399473222 171813877
735515 300 0.5310184372256365 171699048
735815 300 0.5368972783143108 175619656
736115 300 0.5524856892010535 186790932
736415 300 0.5245517120280948 183247620
736715 300 0.5262869183494293 178408374
737015 300 0.5205123792800702 177079632
737315 300 0.4420298507462686 174733828
737615 300 0.27858858647936785 174323723
737915 300 0.427702546093064 171830281
738215 300 0.2775834942932397 171190516
738515 300 0.3421843722563652 170157051
738815 300 0.3889306409130816 187201038
739115 300 0.22848568920105353 170796816
739415 300 0.19494784899034243 161216749
739715 300 0.23795820895522388 161200345
740015 300 0.18722001755926254 161200345
740315 300 0.18459350307287092 161331579
740615 300 0.1904628621597893 161347983
740915 300 0.18650886742756806 161347983
741215 300 0.1871062335381914 161610451
741515 300 0.18640456540825281 161479217
741815 300 0.18653731343283583 177735801
742115 300 0.18803546971027219 166859802
742415 300 0.18989394205443372 166728568
742715 300 0.18945776997366112 166597335
743015 300 0.20452467076382794 165547464
743315 300 0.20667708516242317 179064543
743615 300 0.20122493415276557 167778438
743915 300 0.1891733099209833 166859802
744215 300 0.18980860403863037 166728568
744515 300 0.19401861281826163 166203633
744815 300 0.1884906057945566 160970686
