236768 300 0.17726391571553993 251390759
237068 300 0.17776646180860403 251784460
237368 300 0.1793878841088674 252079736
237668 300 0.17758630377524143 251521993
237968 300 0.17984302019315188 251521993
238268 300 0.18601580333625986 251653227
238568 300 0.19487199297629498 268057449
238868 300 0.18491589113257245 274619137
239168 300 0.18586409130816506 266482644
239468 300 0.1847926251097454 263611905
239768 300 0.18500122914837575 262562034
240068 300 0.18737172958735734 262709672
240368 300 0.18821562774363476 259937359
240668 300 0.1835315188762072 258887488
240968 300 0.18885092186128183 259166360
241268 300 0.19423669885864794 275422944
241568 300 0.18798805970149254 265055476
241868 300 0.18561755926251097 258756255
242168 300 0.18213766461808603 258772659
242468 300 0.17768112379280068 258625021
242768 300 0.1725798068481124 258083682
243068 300 0.1865562774363477 254950475
243368 300 0.18454609306409134 254671603
243668 300 0.17961545215100966 254704412
243968 300 0.18556066725197543 259822529
244268 300 0.1831048287971905 265203114
244568 300 0.17389780509218614 256295622
244868 300 0.17570886742756806 256164388
245168 300 0.17177383669885865 256164388
245468 300 0.17199192273924493 256164388
245768 300 0.16918525021949077 256164388
246068 300 0.16729833187006143 255623048
246368 300 0.17454258121158908 270846166
246668 300 0.1781172958735733 274815988
246968 300 0.1712902546093064 270337636
247268 300 0.17001018437225637 266417026
247568 300 0.16930851624231782 262988544
247868 300 0.1726841088674276 259576466
248168 300 0.1716790166812994 256574493
248468 300 0.171470412642669 256049558
248768 300 0.17318665496049165 256197196
249068 300 0.17819315188762072 272863886
249368 300 0.1740684811237928 277982003
249668 300 0.17048428446005268 267991832
249968 300 0.17075926251097454 264317286
250268 300 0.1672509218612818 263775946
250568 300 0.16563898156277435 258510192
250868 300 0.16776294995610183 254310711
251168 300 0.16893871817383668 253260840
251468 300 0.16794310798946444 253277244
251768 300 0.1785913959613696 262578438
252068 300 0.17804143985952592 264546945
252368 300 0.17704582967515362 259166360
252668 300 0.17657172958735734 258116490
252968 300 0.17396417910447762 257739193
253268 300 0.17608814749780508 256558089
253568 300 0.1748649692712906 253670946
253868 300 0.1759079894644425 252621076
254168 300 0.17655276558384547 252752310
254468 300 0.1824979806848112 266810728
254768 300 0.17097734855136085 264579754
255068 300 0.17128077260755045 253277244
255368 300 0.16989640035118525 253310053
255668 300 0.16677682177348552 253178819
255968 300 0.16769657594381035 253047585
256268 300 0.12453450395083406 150882090
256568 32 0.11990728709394205 150865686
256600 268 0.16686215978928884 253014777
256868 300 0.16563898156277435 253014777
257168 300 0.17220052677787534 253031181
257468 300 0.17632519754170325 269845509
257768 300 0.17365127304653205 269189340
258068 300 0.1679336259877085 260413081
258368 300 0.16631220368744512 259215573
258668 300 0.1644916593503073 258428170
258968 300 0.1686163301141352 257378300
259268 300 0.1715273046532046 256459663
259568 300 0.16835083406496926 256590897
259868 300 0.1781267778753292 269320574
260168 300 0.1763820895522388 270632911
260468 300 0.17039894644424938 260019380
260768 300 0.168900790166813 257788405
261068 300 0.1650700614574188 277850769
261368 300 0.16690956979806848 259609274
261668 133 0.06366953467954346 49602422
261801 57 0.10289657594381035 152276449
261858 110 0.1641692712906058 258838276
261968 300 0.16400807726075503 258707042
262268 300 0.16236769095697978 256738536
262568 300 0.16949815627743636 271567952
262868 300 0.16668200175592623 261462951
263168 300 0.1637141352063213 261052846
263468 300 0.16183669885864796 261069250
263768 300 0.15801545215100965 258313341
264068 300 0.16235820895522388 254376327
264368 300 0.11986935908691834 151407025
264668 44 0.12040983318700614 151407025
264712 256 0.15921966637401228 254245093
264968 300 0.15944723441615452 254622391
265268 300 0.17546233538191397 280885551
265568 300 0.17402107111501317 301489254
265868 300 0.168 289284512
266168 300 0.16658718173836698 267893406
266468 300 0.16270904302019315 266318601
266768 300 0.16122985074626864 266302197
267068 300 0.16050921861281828 266417026
267368 300 0.15551220368744512 266285793
267668 300 0.15840421422300263 264464924
267968 300 0.16803792800702372 258559404
268268 300 0.1734616330114135 272502993
268568 300 0.16381843722563652 280344211
268868 300 0.1602721685689201 269730679
269168 300 0.15870763827919224 269730679
269468 300 0.1631641791044776 267237238
269768 300 0.1590489903424056 264497733
270068 300 0.15784477611940298 257132237
270368 300 0.1575318700614574 256607302
270668 300 0.1637805092186128 256607302
270968 300 0.16891027216856894 262529226
271268 300 0.17239016681299388 270501678
271568 300 0.165041615452151 263710330
271868 300 0.16830342405618962 257263470
272168 300 0.17366075504828798 298864578
272468 300 0.1657148375768218 257525938
272768 300 0.1666345917471466 257657172
273068 300 0.1637805092186128 257525938
273368 300 0.1648614574187884 257279875
273668 300 0.16953608428446007 267237238
273968 300 0.17415381913959613 282739228
274268 300 0.17749148375768214 257673576
274568 300 0.17170746268656717 257542342
274868 300 0.16405548726953467 257542342
275168 300 0.16944126426690082 257542342
275468 300 0.1647192273924495 257427513
275768 300 0.1665492537313433 257263470
276068 300 0.16647339771729588 257263470
276368 300 0.1645011413520632 257279875
276668 300 0.17333836698858646 268943277
276968 300 0.17210570676031606 270386848
277268 300 0.17320561896400352 258313341
277568 148 0.169545566286216 258067278
277716 152 0.1666630377524144 258067278
277868 300 0.163372783143108 257657172
278168 300 0.16747848990342404 257657172
278468 300 0.16662510974539071 257657172
278768 300 0.16558208955223877 257542342
279068 300 0.16774398595259 257001003
279368 204 0.175841615452151 277211005
279572 96 0.17007655838454785 271567952
279668 284 0.1657243195785777 276833707
279952 16 0.16708972783143108 274865201
279968 53 0.16934644424934156 270124381
280021 247 0.16760175592625112 270124381
280268 300 0.1643399473222125 270124381
280568 300 0.16933696224758557 270009551
280868 300 0.16563898156277435 267384876
281168 300 0.16741211589113258 263972797
281468 300 0.1712238805970149 263316628
281768 300 0.16980158033362597 263447862
282068 300 0.1739926251097454 271059421
282368 300 0.16924214223002632 261610590
282668 300 0.16773450395083406 259248381
282968 300 0.1610971027216857 259248381
283268 300 0.16262370500438983 259527253
283568 300 0.16395118525021948 259527253
283868 300 0.16573380158033363 259527253
284168 300 0.16629323968393325 259543657
284468 300 0.17350904302019313 270829762
284768 300 0.172371202809482 263086969
285068 300 0.15944723441615452 259773316
285368 300 0.16052818261633015 259396020
285668 300 0.15815768217734855 256787748
285968 300 0.1581102721685689 256525281
286268 300 0.158489552238806 256525281
286568 300 0.16212115891132572 256508876
286868 300 0.1634770851624232 256804152
287168 300 0.17041791044776117 294468246
287468 300 0.16887234416154523 295518117
287768 300 0.17014293239683934 280442637
288068 300 0.16491834942932396 257870427
288368 300 0.16991536435469712 257870427
288668 300 0.16429253731343285 257722789
288968 300 0.16056611062335382 257722789
289268 300 0.15929552238805972 257575151
289568 300 0.16210219490781388 257460321
289868 300 0.1625857769973661 257443917
290168 300 0.17104372256365233 263086969
290468 300 0.17169798068481124 270698529
290768 300 0.16031009657594383 261774631
291068 300 0.15701984196663743 257181450
291368 300 0.15815768217734855 257066620
291668 300 0.16147638279192272 256935386
291968 300 0.160025636523266 256804152
292268 300 0.1582714661984197 256672918
292568 300 0.16411237928007025 256935386
292868 300 0.16925162423178228 272814673
293168 300 0.1684741000877963 264284478
293468 300 0.15726637401229152 257197854
293768 300 0.15723792800702371 257197854
294068 300 0.15731378402107113 257181450
294368 300 0.15702932396839334 257197854
294668 300 0.15977910447761193 257197854
294968 300 0.15809130816505704 257066620
295268 300 0.16873959613696224 268221491
295568 300 0.16628375768217735 267959023
295868 300 0.1633443371378402 256541685
296168 300 0.16224442493415278 256541685
296468 300 0.16061352063213344 256279217
296768 300 0.1597316944688323 256147983
297068 300 0.1631926251097454 256147983
297368 300 0.1656200175592625 256147983
297668 300 0.15924811237928008 256049558
297968 300 0.16625531167690957 255901920
298268 300 0.16115399473222125 255754282
298568 300 0.16161861281826165 255639453
298868 300 0.15902054433713783 255639453
299168 300 0.16302194907813872 255508219
299468 300 0.16223494293239685 255508219
299768 300 0.16180825285338019 255508219
300068 300 0.1610307287093942 255508219
300368 300 0.16207374890254608 255508219
300668 300 0.16311676909569797 255508219
300968 300 0.15756979806848112 255754282
301268 300 0.16496575943810357 255524623
301568 300 0.163628797190518 255508219
301868 300 0.1605850746268657 255491814
302168 300 0.1611065847234416 255491814
302468 300 0.15921018437225637 255508219
302768 300 0.15566391571553995 255508219
303068 300 0.16130570676031605 255508219
303368 300 0.15953257243195787 255508219
303668 300 0.1548294995610184 255508219
303968 300 0.15995926251097456 255491814
304268 300 0.15667848990342406 255491814
304568 300 0.16065144863915715 255491814
304868 300 0.15701984196663743 255376985
305168 300 0.1576646180860404 255393389
305468 300 0.16261422300263392 276357985
305768 300 0.16061352063213344 287906557
306068 300 0.16458647936786655 257066620
306368 300 0.16302194907813872 257066620
306668 300 0.16615100965759438 257066620
306968 300 0.17538647936786658 279770064
307268 300 0.18011799824407376 281476102
307568 300 0.1822798946444249 258903893
307868 300 0.17232379280070237 258641425
308168 300 0.16764916593503076 258657829
308468 300 0.17458999122036872 258674233
308768 300 0.16790517998244073 258395362
309068 300 0.1693274802458297 258526596
309368 300 0.16953608428446007 258411766
309668 300 0.18167304653204566 264300882
309968 300 0.18373064091308164 271912441
310268 300 0.17158419666374014 262594843
310568 300 0.17589850746268657 258001660
310868 300 0.1753011413520632 257870427
311168 300 0.17371764705882356 257870427
311468 300 0.17826900790166814 258001660
311768 300 0.1795964881474978 258001660
312068 300 0.18596839332748025 260888803
312368 300 0.1931083406496927 266663090
312668 300 0.18287726075504832 258789063
312968 300 0.17898964003511852 259313998
313268 300 0.18359789288849868 259166360
313568 300 0.18485899912203688 259035126
313868 300 0.183427216856892 259166360
314168 300 0.18354100087796313 259182765
314468 300 0.18289622475856013 259560061
314768 300 0.19611413520632134 275833050
315068 300 0.18882247585601405 264678179
315368 300 0.17802247585601405 258657829
315668 300 0.18428059701492538 258657829
315968 300 0.19098437225636525 258657829
316268 300 0.18383494293239686 258657829
316568 300 0.1875708516242318 258789063
316868 300 0.19129727831431081 258789063
317168 300 0.18823459174714663 258657829
317468 300 0.21089657594381037 292663782
317768 300 0.2074261633011414 298044367
318068 300 0.20039051799824406 278490534
318368 300 0.1919799824407375 259313998
318668 300 0.19134468832309046 259182765
318968 300 0.19205583845478494 259182765
319268 300 0.1938194907813872 259067935
319568 300 0.19157225636523267 259051531
319868 300 0.18682177348551357 259051531
320168 300 0.18903107989464443 259182765
320468 300 0.1965692712906058 275308115
320768 300 0.1980769095697981 264809413
321068 300 0.19827603160667254 259166360
321368 300 0.19980263388937664 259166360
321668 300 0.19732783143107988 259051531
321968 300 0.20279894644424934 259067935
322268 300 0.20309288849868304 259182765
322568 300 0.20286532045654085 261676206
322868 300 0.21239473222124672 267450492
323168 300 0.20170851624231784 259313998
323468 300 0.2041548726953468 259313998
323768 300 0.21065004389815628 271256272
324068 300 0.20833643546971028 259445232
324368 300 0.20532115891132574 259576466
324668 300 0.20299806848112378 259445232
324968 300 0.2096828797190518 259576466
325268 300 0.2129257243195786 270337636
325568 300 0.21288779631255486 259445232
325868 300 0.20367129060579459 259445232
326168 300 0.20771062335381912 259445232
326468 300 0.20316874451273045 272453780
326768 300 0.20919929762949957 259592870
327068 300 0.2035764705882353 259724104
327368 300 0.20165162423178226 259576466
327668 300 0.20876312554872695 259576466
327968 300 0.21558068481123796 270862570
328268 300 0.20850711150131698 259707700
328568 300 0.20900017559262513 259838934
328868 300 0.19904407374890254 303539781
329168 300 0.2085260755048288 260101401
329468 300 0.2058900790166813 260101401
329768 300 0.2136558384547849 260101401
330068 300 0.2163866549604917 261184080
330368 300 0.21917436347673397 291499082
330668 300 0.22281545215100965 260117805
330968 300 0.21248955223880597 259855338
331268 300 0.2066865671641791 259986571
331568 300 0.21778999122036877 260101401
331868 300 0.2110862159789289 259855338
332168 300 0.2140825285338016 260117805
332468 300 0.21120948200175596 259855338
332768 300 0.21738226514486392 259986571
333068 300 0.22360245829675152 271912441
333368 300 0.2182356453028973 269812701
333668 300 0.21209130816505709 260002975
333968 300 0.21046040386303774 259724104
334268 300 0.21637717295873574 259724104
334568 300 0.21187322212467077 259592870
334868 300 0.2193165935030729 259707700
335168 300 0.2131912203687445 259707700
335468 300 0.2187571553994732 260495102
335768 300 0.2246644424934153 274668350
336068 300 0.21986654960491658 270206402
336368 300 0.22208533801580335 260249039
336668 300 0.2194019315188762 260117805
336968 300 0.21565654082528535 259871742
337268 300 0.20452467076382794 260134209
337568 300 0.2078054433713784 260002975
337868 300 0.2106215978928885 260134209
338168 300 0.21052677787532925 260790378
338468 300 0.2197717295873573 275751029
338768 300 0.21651940298507463 265514794
339068 300 0.21323863037752414 260002975
339368 300 0.22025531167690957 265760857
339668 300 0.20760632133450396 259724104
339968 300 0.21192063213345042 259724104
340268 300 0.20517892888498682 259740508
340568 300 0.21439543459174712 262365184
340868 300 0.22115610184372259 262611247
341168 300 0.2199329236172081 259855338
341468 300 0.21248955223880597 259724104
341768 300 0.21568498683055312 259740508
342068 300 0.2152393327480246 259756912
342368 300 0.2156470588235294 259740508
342668 300 0.2131912203687445 259724104
342968 300 0.2167943810359965 259855338
343268 300 0.22970886742756802 297388198
343568 300 0.22204741000877962 300537808
343868 300 0.2200846356453029 278096833
344168 300 0.20858296751536437 261462951
344468 300 0.20982510974539068 261577781
344768 300 0.21360842844600525 261446547
345068 300 0.2144902546093064 261315313
345368 300 0.2071132572431958 261036442
345668 300 0.20307392449517117 261052846
345968 300 0.21341878841088677 261167676
346268 300 0.22348867427568045 276144730
346568 300 0.2187571553994732 267877002
346868 300 0.2077675153643547 260511507
347168 300 0.20495136084284463 260495102
347468 300 0.20732186128182617 260495102
347768 300 0.2088200175592625 259970167
348068 300 0.20509359086918352 259855338
348368 300 0.20406005267778754 259855338
348668 300 0.21177840210711152 260396677
348968 300 0.21466093064091307 276259560
349268 300 0.21390237050043895 266269389
349568 300 0.21228094820017557 260626336
349868 300 0.20264723441615454 268500363
350168 300 0.20433503072870943 260495102
350468 300 0.21391185250219494 260511507
350768 300 0.20959754170324846 260511507
351068 300 0.215703950834065 262742481
351368 300 0.21644354697102722 264973455
351668 300 0.2311880597014925 260331060
351968 300 0.21781843722563654 260445889
352268 300 0.2190700614574188 277785153
352568 300 0.20608920105355574 261233292
352868 300 0.20873467954345917 261102058
353168 300 0.20710377524143986 261085654
353468 300 0.2120154521510097 261085654
353768 300 0.21565654082528535 267778577
354068 300 0.2166900790166813 265564007
354368 300 0.2242946444249342 261479356
354668 300 0.21082071992976295 261348122
354968 300 0.21347568042142231 276177538
355268 300 0.19647445127304652 261495760
355568 300 0.20861141352063214 261364526
355868 300 0.20061808604038628 261216888
356168 300 0.21342827041264267 261479356
356468 300 0.2023438103599649 273536459
356768 300 0.2152393327480246 261200484
357068 300 0.20784337137840214 261200484
357368 300 0.21578928884986828 261069250
357668 300 0.21122844600526774 261085654
357968 300 0.21174047410008778 261085654
358268 300 0.22950026338893761 293106696
358568 300 0.22746163301141348 302014189
358868 300 0.21433854258121157 284970202
359168 300 0.2126412642669008 261889461
359468 300 0.21359894644424934 261758227
359768 300 0.21426268656716418 261758227
360068 300 0.20927515364354699 261626994
360368 300 0.2112758560140474 261741823
360668 300 0.19996382791922737 261758227
360968 300 0.2071511852502195 262135524
361268 300 0.2133998244073749 277358643
361568 300 0.20168955223880597 266072538
361868 300 0.20196453028972783 260839591
362168 300 0.20061808604038628 260970825
362468 300 0.20076979806848114 260839591
362768 300 0.20299806848112378 260970825
363068 300 0.20067497805092185 261364526
363368 300 0.20651589113257246 262808098
363668 300 0.20614609306409132 278031216
363968 300 0.20489446883230902 267401280
364268 300 0.19959402985074629 261889461
364568 300 0.20778647936786654 261889461
364868 300 0.20709429323968392 261741823
365168 300 0.20086461808604036 261889461
365468 300 0.20450570676031607 261741823
365768 300 0.2107922739244952 264875029
366068 300 0.2237352063213345 270173593
366368 300 0.21334293239683935 261774631
366668 300 0.21347568042142231 261364526
366968 300 0.2148410886742757 261102058
367268 300 0.20750201931518875 261102058
367568 300 0.20970184372256365 261102058
367868 300 0.21215768217734854 261102058
368168 300 0.21157928007023707 261102058
368468 300 0.21941141352063215 269238553
368768 300 0.21374117647058824 263447862
369068 300 0.20839332748024583 260954421
369368 300 0.21046040386303774 260954421
369668 300 0.20714170324846357 260691953
369968 300 0.20287480245829673 260724762
370268 300 0.20784337137840214 260708357
370568 300 0.21239473222124672 261512164
370868 300 0.22248358208955224 277243813
371168 300 0.2190795434591747 267270046
371468 300 0.21342827041264267 261495760
371768 300 0.20756839332748026 267155217
372068 238 0.15644143985952588 156918843
372306 6 0.15644143985952588 156935248
372312 7 0.15644143985952588 156935248
372319 1 0.15644143985952588 156935248
372320 48 0.15968428446005267 164235126
372368 300 0.150515188762072 164399169
372668 300 0.15000316066725197 164399169
372968 300 0.1548294995610184 166761377
373268 300 0.164785601404741 164546807
373568 300 0.15147287093942055 164431977
373868 300 0.15089446883230903 164563211
374168 300 0.15294258121158913 164546807
374468 300 0.14992730465320456 164546807
374768 300 0.15583459174714662 164546807
375068 300 0.15772151009657592 164546807
375368 300 0.15612853380158034 164661636
375668 300 0.16488042142230028 203654472
375968 300 0.15788270412642672 190957605
376268 300 0.1590774363476734 164973316
376568 300 0.16107813871817384 164973316
376868 300 0.1580249341527656 164989721
377168 300 0.15423213345039508 164842083
377468 300 0.16213064091308166 164563211
377768 300 0.15570184372256365 164563211
378068 300 0.16427357330992098 164431977
378368 300 0.16252888498683055 164431977
378668 300 0.16013942054433714 164431977
378968 300 0.1552467076382792 164431977
379268 300 0.161959964881475 165481848
379568 300 0.17368920105355576 180458902
379868 300 0.16352449517120285 164481190
380168 300 0.15700087796312556 164464786
380468 300 0.16361931518876208 164448381
380768 300 0.1599687445127305 164464786
381068 300 0.15505706760316068 164333552
381368 300 0.15914381035996486 164317147
381668 300 0.15852748024582966 164317147
381968 300 0.16457699736611062 180869008
382268 300 0.15887831431079896 164710849
382568 300 0.15715258999122036 164448381
382868 300 0.1570482879719052 164317147
383168 300 0.15367269534679542 163923446
383468 300 0.16398911325724322 163792212
383768 300 0.16430201931518876 163775808
384068 300 0.16306935908691836 163792212
384368 300 0.17221000877963125 166400484
384668 300 0.16598981562774365 168910330
384968 300 0.16127726075504828 164317147
385268 300 0.16373309920983317 164317147
385568 300 0.16169446883230904 164169510
385868 300 0.15614749780509218 164169510
386168 300 0.1552941176470588 164169510
386468 300 0.1535209833187006 164185914
386768 300 0.1562612818261633 164349956
387068 300 0.17028516242317823 200980584
387368 300 0.16835083406496926 198880844
387668 300 0.16537348551360845 164481190
387968 300 0.16192203687445125 164349956
388268 300 0.16099280070237046 164349956
388568 300 0.15754135206321335 164349956
388868 300 0.157588762071993 164218722
389168 300 0.16225390693590871 164087488
389468 300 0.1613436347673398 164743657
389768 300 0.17147989464442495 181016646
390068 300 0.16216856892010534 164743657
390368 300 0.16392273924495174 164103893
390668 300 0.16155223880597014 164103893
390968 300 0.15942827041264268 164103893
391268 300 0.1606988586479368 164103893
391568 300 0.15777840210711153 164103893
391868 300 0.16268059701492535 166859802
392168 300 0.16346760316066727 169746945
392468 300 0.1594756804214223 164382765
392768 300 0.15423213345039508 164513998
393068 300 0.16115399473222125 164513998
393368 300 0.15622335381913957 164382765
393668 300 0.1585369622475856 164382765
393968 300 0.1591058823529412 164513998
394268 300 0.165942405618964 165038934
394568 300 0.17347111501316947 179884755
394868 300 0.16860684811237928 167023844
395168 300 0.1650985074626866 164382765
395468 300 0.16844565408252854 180262051
395768 300 0.16194100087796312 164366360
396068 300 0.16520280948200175 164251531
396368 300 0.16543037752414397 164251531
396668 300 0.1724660228270413 165038934
396968 300 0.17573731343283583 168828309
397268 300 0.1723048287971905 164366360
397568 300 0.1629460930640913 164382765
397868 300 0.1645011413520632 178031077
398168 300 0.16672941176470588 164513998
398468 300 0.16692853380158032 164513998
398768 300 0.1686163301141352 164366360
399068 300 0.17344266900790167 164235126
399368 300 0.17037050043898153 170665582
399668 300 0.17457102721685688 164235126
399968 300 0.17173590869183494 164120297
400268 300 0.1598739244951712 163972659
400568 300 0.16592344161545214 164005467
400868 300 0.16929903424056192 163989063
401168 300 0.1724565408252853 164005467
401468 300 0.1752252853380158 164005467
401768 300 0.17297805092186128 164530402
402068 300 0.18445127304653205 200357224
402368 300 0.1772070237050044 182640664
402668 300 0.17733028972783144 164924104
402968 300 0.1694697102721686 164678040
403268 300 0.17020930640913082 177670185
403568 300 0.1729211589113257 164661636
403868 300 0.1738883230904302 164645232
404168 300 0.17176435469710272 164661636
404468 300 0.1779086918349429 164792870
404768 300 0.18292467076382793 170567156
405068 300 0.1846883230904302 164792870
405368 300 0.17757682177348552 164809274
405668 300 0.1790465320456541 164645232
405968 300 0.17096786654960494 164661636
406268 300 0.17737769973661108 164792870
406568 300 0.17362282704126428 164792870
406868 300 0.18392976294995608 165842740
407168 300 0.19091799824407374 179884755
407468 300 0.18358841088674277 164399169
407768 300 0.18117050043898156 164382765
408068 300 0.18520983318700615 164382765
408368 300 0.1862433713784021 164399169
408668 300 0.18817769973661108 164267935
408968 300 0.18589253731343286 164267935
409268 300 0.19805794556628623 167417545
409568 300 0.20640210711150134 169796158
409868 300 0.197185601404741 164513998
410168 300 0.19326953467954347 164792870
410468 300 0.19077576821773487 164792870
410768 300 0.18883195785777 164792870
411068 300 0.20510307287093943 164792870
411368 300 0.22092853380158037 165563868
411668 300 0.23223107989464442 179474649
411968 300 0.2384702370500439 165038934
412268 300 0.1982949956101844 165038934
412568 300 0.2101095697980685 165038934
412868 300 0.2194588235294118 165022529
413168 300 0.23918138718173837 165038934
413468 300 0.22205689201053552 165038934
413768 300 0.25694117647058823 166220037
414068 300 0.304284811237928 179097352
414368 300 0.27631290605794556 165301401
414668 300 0.2634647936786655 165301401
414968 300 0.2972776119402985 165432635
415268 300 0.27920491659350305 165957570
415568 300 0.33226619841966637 165957570
415868 300 0.31955083406496926 165973974
416168 300 0.370763125548727 169123585
416468 300 0.4191877085162423 201538328
416768 300 0.3979859525899912 182919535
417068 300 0.38470166812993856 168615054
417368 300 0.39868762071992975 168877521
417668 300 0.4049362598770851 169008755
417968 300 0.40919367866549605 168992351
418268 300 0.41661808604038625 168992351
418568 300 0.41926356453028973 168861117
418868 300 0.41855241439859525 168992351
419168 300 0.43971624231782264 184084236
419468 300 0.4339891132572432 176735144
419768 300 0.37117085162423175 169386052
420068 300 0.38381035996488144 169517286
420368 300 0.43083160667251974 169386052
420668 300 0.43377102721685684 169648520
420968 300 0.43976365232660225 169500882
421268 300 0.4477474978050922 169369648
421568 300 0.44444776119402984 171354559
421868 300 0.4393464442493415 182903131
422168 300 0.44477963125548725 169910988
422468 300 0.44121439859525896 170042221
422768 300 0.4428642669007902 170042221
423068 300 0.43548726953467953 170304688
423368 300 0.4466381035996488 170698390
423668 300 0.4468087796312554 170829624
423968 300 0.4424375768217735 170960857
424268 300 0.44072133450395085 178703650
424568 300 0.44368920105355575 170681986
424868 300 0.44654328358208956 170681986
425168 300 0.4454149253731343 170813220
425468 300 0.4372888498683055 170681986
425768 300 0.4438503950834065 170829624
426068 300 0.44347111501316944 171075687
426368 300 0.4479276558384548 171354559
426668 300 0.440446356453029 187233846
426968 300 0.4411764705882352 171617026
427268 300 0.44419174714661985 171485793
427568 300 0.44123336259877083 171502197
427868 300 0.44545285338015805 171502197
428168 300 0.44582265144863914 171485793
428468 300 0.43579069359086914 171469389
428768 300 0.44946374012291485 171469389
429068 300 0.439289552238806 171469389
429368 300 0.44098683055311677 207427443
429668 300 0.44354697102721685 197863782
429968 300 0.4427978928884987 172010728
430268 300 0.4358570676031606 172010728
430568 300 0.4425039508340649 172010728
430868 300 0.4418402107111501 172010728
431168 300 0.43401755926251095 172027132
431468 300 0.44582265144863914 172027132
431768 300 0.4491413520632133 172141962
432068 300 0.44724495171202805 173323066
432368 300 0.43862581211589113 192220729
432668 300 0.4405601404741 181574389
432968 300 0.4433383669885865 181443156
433268 300 0.444950307287094 181459560
433568 300 0.4463726075504829 181590793
433868 300 0.4453201053555751 181590793
434168 300 0.4459364354697103 181590793
434468 300 0.4478138718173837 181459560
434768 300 0.44705531167690954 181869666
435068 300 0.43707076382791926 197076379
435368 300 0.4444951712028094 182263366
435668 300 0.44368920105355575 182263366
435968 300 0.4418212467076383 182263366
436268 300 0.44170746268656713 182263366
436568 300 0.44461843722563654 182246962
436868 300 0.4399153643546971 182246962
437168 300 0.45121791044776116 182263366
437468 300 0.45148340649692714 183428067
437768 300 0.4393369622475856 188414950
438068 300 0.44349007901668125 182132133
438368 300 0.4399627743634767 182000899
438668 300 0.4477380158033363 182000899
438968 300 0.4457278314310799 182000899
439268 300 0.43839824407374894 182000899
439568 300 0.4419350307287094 182000899
439868 300 0.45180579455662856 183165599
440168 300 0.44692256365232663 198782418
440468 300 0.444561545215101 182509430
440768 300 0.4456993854258121 182509430
441068 300 0.4451209833187006 182509430
441368 300 0.43708024582967514 182509430
441668 300 0.4437935030728709 182509430
441968 300 0.44277892888498677 182525834
442268 300 0.4452726953467955 182525834
442568 300 0.4440969271290606 183296833
442868 300 0.44501668129938543 196157743
443168 300 0.44023775241439855 182246962
443468 300 0.4518437225636523 182246962
443768 300 0.43918525021949073 182378196
444068 300 0.4482405618964003 182115729
444368 300 0.44931202809482 181984495
444668 300 0.4417548726953468 182132133
444968 300 0.44611659350307287 182148537
445268 300 0.4463915715539947 182148537
445568 300 0.4388533801580334 205360512
445868 300 0.4428927129060579 210084927
446168 300 0.44076874451273046 182919535
446468 300 0.4508670763827919 183050769
446768 300 0.4453864793678665 182788302
447068 300 0.4519385425812116 182903131
447368 300 0.44606918349429325 181197092
447668 300 0.4430444249341528 179901159
447968 300 0.45001369622475856 176882782
448268 300 0.4504783143107989 176505484
448568 300 0.4436228270412643 191974666
448868 300 0.44240913081650574 175718082
449168 300 0.44782335381913957 175964145
449468 300 0.4548021071115013 176111784
449768 300 0.45060158033362596 176653123
450068 300 0.46041545215100965 176767952
450368 300 0.45089552238805963 176751548
450668 300 0.4545081650570676 176751548
450968 300 0.457419139596137 178457587
451268 300 0.4549158911325724 184494341
451568 300 0.45502967515364356 178851288
451868 300 0.45724846356453025 178851288
452168 300 0.45221352063213344 178736459
452468 300 0.4554942932396839 178769268
452768 300 0.4534366988586479 178752863
453068 300 0.45519086918349433 178769268
453368 300 0.45453661106233534 180081605
453668 300 0.4575708516242317 186758124
453968 300 0.4519290605794556 179031735
454268 300 0.45301000877963127 179015331
454568 300 0.4610223002633889 178884097
454868 300 0.45458402107111495 178867693
455168 300 0.45357892888498685 178884097
455468 300 0.4526686567164179 178884097
455768 300 0.4569829675153644 177309292
456068 300 0.459334503950834 177194462
456368 300 0.4577604916593503 186249592
456668 300 0.4568122914837576 179031735
456968 300 0.4547546971027217 179031735
457268 300 0.45503915715539944 179031735
457568 300 0.4586897278314311 178900501
457868 300 0.4522988586479368 177981865
458168 300 0.4540435469710272 177588163
458468 300 0.45776997366110617 177588163
458768 300 0.4573148375768218 177620972
459068 300 0.4555985952589991 177604567
459368 300 0.4555985952589991 177604567
459668 300 0.45306690079016676 177620972
459968 300 0.45969482001755924 177079632
460268 300 0.45511501316944686 176817165
460568 300 0.45400561896400354 176833569
460868 300 0.45495381913959615 176833569
461168 300 0.4556839332748024 176833569
461468 300 0.4475578577699737 176931994
461768 300 0.454849517120281 176931994
462068 300 0.45287726075504825 176964803
462368 300 0.4533703248463564 176948398
462668 300 0.45348410886742757 176948398
462968 300 0.4561485513608428 176948398
463268 300 0.4570493415276558 176948398
463568 300 0.45452712906057946 176931994
463868 300 0.4535030728709394 176948398
464168 300 0.4573243195785777 176948398
464468 300 0.4677734855136084 213037687
464768 300 0.4470837576821774 222486519
465068 300 0.4469510096575943 189415608
465368 300 0.4510661984196664 187955632
465668 300 0.44934047410008776 187972036
465968 300 0.45641404741000874 187955632
466268 300 0.45471676909569797 187972036
466568 300 0.4511325724319578 188103270
466868 300 0.45647093942054434 187988440
467168 300 0.4457373134328358 187972036
467468 300 0.46014995610184367 190727946
467768 300 0.45760877963125546 203178750
468068 300 0.4584147497805092 188496971
468368 300 0.45111360842844606 187709568
468668 300 0.4627006145741879 187840802
468968 300 0.461401580333626 187693164
469268 300 0.45156874451273044 187693164
469568 300 0.44654328358208956 187693164
469868 300 0.4591164179104477 186249592
470168 300 0.4476242317822651 184691191
470468 300 0.46000772607550483 189940543
470768 300 0.4520618086040386 187447101
471068 300 0.4583578577699737 185216127
471368 300 0.45851905179982433 185478594
471668 300 0.4488 185478594
471968 300 0.45906900790166816 185478594
472268 300 0.45710623353819135 185609828
472568 300 0.4534082528533801 185478594
472868 300 0.4538349429323968 185101297
473168 300 0.4608231782265145 199389375
473468 300 0.45558911325724316 190842775
473768 300 0.45892677787532926 184822425
474068 300 0.45611062335381913 184838830
474368 300 0.4566890254609306 184838830
474668 267 0.4518247585601405 184970064
474935 1 0.4518247585601405 184970064
474936 32 0.46435996488147496 195862467
474968 300 0.4157931518876207 249668316
475268 300 0.20674345917471468 335101505
475568 300 0.19488147497805092 280377019
475868 300 0.1969011413520632 280377019
476168 300 0.19780193151887623 280377019
476468 300 0.198219139596137 280245786
476768 300 0.1992052677787533 277883578
477068 300 0.2030549604916594 276702474
477368 300 0.1985320456540825 277096175
477668 300 0.2054633889376646 318172347
477968 300 0.19615206321334505 278277279
478268 300 0.20461000877963126 277473472
478568 300 0.20830798946444248 277604706
478868 300 0.2030549604916594 276948537
479168 300 0.20612712906057945 276571240
479468 300 0.20619350307287096 276440006
479768 300 0.20479964881474977 276308772
480068 300 0.20427813871817382 276308772
480368 300 0.20660122914837578 278539747
480668 300 0.2147747146619842 290071915
480968 300 0.20830798946444248 282476760
481268 300 0.21061211589113255 276702474
481568 300 0.20326356453028974 276440006
481868 300 0.20612712906057945 276702474
482168 300 0.19464442493415277 277621110
482468 300 0.18599683933274805 277227409
482768 300 0.19302300263388938 277096175
483068 300 0.20012502194907814 276964941
483368 300 0.20374714661984197 292466931
483668 300 0.20134820017559263 282214293
483968 300 0.20111115013169448 276440006
484268 300 0.19817172958735735 276440006
484568 300 0.20148094820017556 276440006
484868 300 0.19578226514486388 276440006
485168 300 0.19767866549604915 276440006
485468 300 0.20171799824407374 276440006
485768 300 0.20637366110623356 276981346
486068 300 0.21064056189640037 298356047
486368 300 0.20972080772607551 292056826
486668 300 0.20322563652326603 285888838
486968 300 0.20146198419666375 285757605
487268 300 0.2072649692712906 286003668
487568 300 0.2016611062335382 283018099
487868 300 0.20430658472344163 275504965
488168 300 0.20157576821773485 273831735
488468 300 0.20101633011413525 274192628
488768 300 0.20586163301141353 273667693
489068 300 0.19648393327480246 271305484
489368 300 0.20303599648814752 271453123
489668 300 0.1990251097453907 271453123
489968 300 0.20035258999122038 271453123
490268 300 0.19722352941176471 271305484
490568 300 0.20863037752414398 300685447
490868 300 0.2058900790166813 318926941
491168 300 0.20361439859525898 304376397
491468 300 0.2060417910447761 284297629
491768 300 0.20403160667251974 284412458
492068 300 0.2034342405618964 284281224
492368 300 0.20448674275680423 283772694
492668 300 0.20899069359086916 280623083
492968 300 0.20645899912203686 276686070
493268 300 0.20365232660228272 274586329
493568 300 0.22394381035996486 280754317
493868 300 0.22741422300263392 275111264
494168 300 0.2186907813871817 272224121
494468 300 0.21805548726953464 272224121
494768 300 0.21801755926251098 272486589
495068 300 0.2170029850746269 272224121
495368 300 0.21436698858647935 272092887
495668 300 0.21728744512730463 273273991
495968 300 0.22931062335381913 293254334
496268 300 0.22125092186128184 289235299
496568 300 0.21288779631255486 285085032
496868 300 0.21105776997366107 284838968
497168 300 0.21392133450395082 279327150
497468 300 0.2097113257243196 277998408
497768 300 0.2055771729587357 277604706
498068 300 0.2203027216856892 275636199
498368 300 0.22237928007023708 275997092
498668 300 0.2258402107111501 294533863
498968 300 0.21525829675153646 293730057
499268 300 0.21553327480245832 284166395
499568 300 0.21070693590869183 281656549
499868 300 0.21144653204565406 279294341
500168 300 0.2021352063213345 279048277
500468 300 0.20898121158911326 278096833
500768 300 0.21254644424934152 274947222
501068 300 0.2079476733977173 272322546
501368 300 0.21599789288849872 308411835
501668 300 0.2119490781387182 322601487
501968 300 0.2161780509218613 318926941
502268 300 0.20454363476733975 287168368
502568 300 0.19796312554872694 287168368
502868 300 0.20493239683933276 286512199
503168 300 0.201300790166813 283247758
503468 300 0.1976122914837577 280623083
503768 300 0.1979441615452151 276686070
504068 300 0.19106971027216857 274455096
504368 300 0.19561158911325724 281394081
504668 300 0.2146988586479368 292434123
504968 300 0.2147841966637401 275242498
505268 300 0.19738472344161548 275340924
505568 300 0.19979315188762073 275997092
505868 300 0.20132923617208076 275603391
506168 300 0.20063705004389815 275472157
506468 300 0.19862686567164178 275078456
506768 300 0.19709078138718175 275209690
507068 300 0.2035195785776997 280721508
507368 300 0.20890535557506587 286627028
507668 300 0.20739771729587358 281115210
507968 300 0.20402212467076383 275734624
508268 300 0.1998215978928885 275701816
508568 300 0.20247655838454784 275193285
508868 300 0.19948972783143107 275193285
509168 300 0.196540825285338 275324519
509468 300 0.18385390693590872 275324519
509768 300 0.18452712906057947 275324519
510068 300 0.19600983318700618 284379650
510368 300 0.1910886742756804 278211662
510668 300 0.18225144863915713 275455753
510968 300 0.1772165057067603 292516144
511268 300 0.17807936786654963 280819933
511568 300 0.17992835820895525 280836338
511868 300 0.1781836698858648 281230039
512168 300 0.18025074626865673 281098806
512468 300 0.18956207199297628 293172313
512768 300 0.1799473222124671 284117182
513068 300 0.176742405618964 283985949
513368 300 0.17341422300263387 284133586
513668 300 0.18379701492537312 282575185
513968 300 0.1677155399473222 281377677
514268 300 0.18119894644424936 281246443
514568 300 0.18293415276558384 276522027
514868 300 0.17921720807726077 274947222
515168 300 0.18551325724319578 280721508
515468 300 0.19104126426690077 298700536
515768 300 0.17624934152765584 287151963
516068 300 0.17347111501316947 286741858
516368 300 0.17918876207199297 286331752
516668 300 0.17419174714661984 283985949
516968 300 0.1795206321334504 281656549
517268 300 0.1757942054433714 280705104
517568 300 0.1706170324846356 278621768
517868 300 0.2677885864793679 277046962
518168 300 0.1775957857769974 281115210
518468 300 0.17932151009657596 315892161
518768 300 0.17569938542581212 317729433
519068 300 0.1798525021949078 289120470
519368 300 0.17422967515364357 288858003
519668 300 0.17390728709394207 288858003
519968 300 0.17646742756804215 287939366
520268 300 0.1812653204565408 284658522
520568 300 0.1704558384547849 283477417
520868 300 0.1656579455662862 283608651
521168 300 0.17583213345039508 280737912
521468 300 0.18980860403863037 287545665
521768 300 0.18134117647058823 288726769
522068 300 0.18232730465320454 277178196
522368 300 0.17307287093942056 276915729
522668 300 0.16254784899034241 276390793
522968 300 0.1753769973661106 276259560
523268 300 0.175329587357331 276128326
523568 300 0.17510201931518876 276522027
523868 300 0.17039894644424938 276636857
524168 300 0.1730823529411765 281623740
524468 300 0.17356593503072873 282821248
524768 300 0.17181176470588236 277046962
525068 300 0.17126180860403864 277178196
525368 300 0.17332888498683055 277309430
525668 300 0.16645443371378402 277178196
525968 240 0.17439086918349428 277178196
526208 60 0.13008147497805092 277178196
526268 125 0.12966426690079016 275472157
526393 3 0.14337524143985952 176259421
526396 2 0.12551115013169448 176259421
526398 9 0.12551115013169448 176259421
526407 161 0.1412323090430202 210314587
526568 300 0.1584326602282704 266285793
526868 300 0.18203336259877081 281640145
527168 300 0.17512098331870063 281787783
527468 300 0.1731676909569798 271912441
527768 300 0.17309183494293237 271928845
528068 189 0.18385390693590872 287020729
528257 111 0.12800491659350308 277571898
528368 72 0.13111501316944688 276800899
528440 4 0.12713257243195786 183510088
528444 2 0.12713257243195786 180344073
528446 11 0.12713257243195786 180344073
528457 211 0.13940228270412644 225947811
528668 300 0.15325548726953467 269320574
528968 23 0.1818721685689201 270107976
528991 186 0.1258050921861282 268008236
529177 4 0.12453450395083406 167876864
529181 9 0.12187006145741879 167876864
529190 1 0.12187006145741879 167876864
529191 77 0.13322949956101843 191827028
529268 140 0.15114100087796312 247781830
529408 160 0.1059118525021949 247650596
529568 24 0.12616540825285338 263136182
529592 5 0.11709113257243196 166023187
529597 1 0.11709113257243196 166023187
529598 10 0.11709113257243196 166023187
529608 260 0.1371171202809482 225209620
529868 300 0.17086356453028972 255672261
530168 300 0.16617945566286219 255672261
530468 300 0.16366672519754172 256065962
530768 300 0.15999719051799824 256197196
531068 300 0.16475715539947325 255934728
531368 300 0.1699912203687445 256197196
531668 300 0.16939385425812117 256722131
531968 300 0.16556312554872699 256459663
532268 300 0.16794310798946444 256722131
532568 300 0.15967480245829677 256853365
532868 300 0.15732326602282704 256722131
533168 300 0.16025320456540826 257509534
533468 300 0.16129622475856015 258296937
533768 300 0.15598630377524147 258034469
534068 300 0.15740860403863038 258165703
534368 300 0.1519943810359965 258034469
534668 300 0.15535100965759438 257509534
534968 300 0.1556165057067603 271026613
535268 300 0.1639132572431958 300685447
535568 300 0.15829043020193148 286512199
535868 300 0.15409938542581214 260134209
536168 300 0.15665004389815632 259740508
536468 300 0.15878349429323968 259215573
536768 300 0.1607273046532046 259478040
537068 300 0.15866971027216858 259445232
537368 300 0.15693450395083405 258789063
537668 300 0.15701035996488147 258953106
537968 300 0.1604902546093064 258953106
538268 300 0.16889130816505707 272207717
538568 300 0.1609548726953468 273520054
538868 300 0.16159964881474978 260527911
539168 300 0.1587266022827041 259592870
539468 300 0.1581102721685689 259478040
539768 300 0.1565836698858648 271453123
540068 300 0.09906584723441615 154048105
540368 112 0.11278630377524143 154441806
540480 6 0.11282423178226515 154441806
540486 1 0.1128052677787533 154458210
540487 4 0.11278630377524143 154458210
540491 1 0.11278630377524143 154458210
540492 175 0.11434135206321334 162217407
540667 1 0.11434135206321334 162217407
540668 300 0.12242001755926252 217073126
540968 300 0.15035399473222125 262758885
541268 300 0.16415978928884986 268795639
541568 300 0.16245302897278316 266170963
541868 300 0.15577769973661107 261052846
542168 300 0.15428902546093065 259363211
542468 300 0.15563546971027215 259740508
542768 300 0.14740509218612818 259478040
543068 300 0.15366321334503952 259740508
543368 300 0.14991782265144865 259724104
543668 300 0.15368217734855139 259609274
543968 300 0.1621875329236172 273175566
544268 300 0.1635624231782265 276620452
544568 300 0.15774995610184372 273602076
544868 300 0.16241510096575942 272552206
545168 300 0.1596653204565408 263989201
545468 300 0.16598033362598774 260724762
545768 300 0.1566974539069359 260855995
546068 300 0.16182721685689203 260741166
546368 300 0.15526567164179103 260609932
546668 300 0.15939034240561895 260872399
546968 300 0.1599877085162423 261003633
547268 300 0.15305636523266022 260593528
547568 300 0.14858086040386304 261134867
547868 300 0.1495006145741879 261134867
548168 300 0.15411834942932398 260741166
548468 300 0.15576821773485516 260724762
548768 300 0.1574465320456541 260872399
549068 300 0.15523722563652326 260855995
549368 300 0.15531308165057067 261118463
549668 300 0.1517478489903424 261380930
549968 300 0.1521460930640913 260987229
550268 300 0.15515188762071994 261266101
550568 300 0.15547427568042144 261134867
550868 300 0.151283230904302 260872399
551168 300 0.15916277436347673 261151271
551468 300 0.15676382791922738 261151271
551768 300 0.1505531167690957 261020037
552068 300 0.14663705004389818 260872399
552368 300 0.15668797190517997 261003633
552668 300 0.15549323968393328 260872399
552968 300 0.15363476733977174 317696625
553268 300 0.15535100965759438 271125038
553568 300 0.15370114135206325 270862570
553868 300 0.15573028972783143 270862570
554168 300 0.15881194029850745 287135559
554468 300 0.14655171202809483 301964976
554768 300 0.15339771729587356 261692610
555068 300 0.15412783143107991 261823844
555368 300 0.1550286215978929 261692610
555668 300 0.1549527655838455 261413739
555968 300 0.14737664618086038 261282505
556268 300 0.15884038630377526 261266101
556568 300 0.15978858647936786 261397335
556868 300 0.15761720807726076 261528568
557168 300 0.15612853380158034 261266101
557468 300 0.15157717295873574 262053504
557768 300 0.1548105355575066 263234607
558068 300 0.15881194029850745 262709672
558368 300 0.16430201931518876 270354040
558668 300 0.16642598770851627 309740577
558968 300 0.1644252853380158 315498459
559268 300 0.1658760316066725 278359300
559568 300 0.16906198419666374 273880948
559868 300 0.16227287093942053 270452465
560168 300 0.16454855136084282 268090257
560468 300 0.16782932396839334 266367814
560768 300 0.16300298507462688 263907180
561068 300 0.1609548726953468 264563349
561368 300 0.15771202809482002 264973455
561668 300 0.16373309920983317 264579754
561968 300 0.17260825285338016 274914414
562268 300 0.173528007023705 313365910
562568 300 0.17687515364354695 310741235
562868 300 0.166331167690957 302342273
563168 300 0.1700007023705004 276226752
563468 300 0.15829043020193148 273618480
563768 300 0.17022827041264266 281886208
564068 300 0.16155223880597014 273749714
564368 300 0.1657148375768218 267975427
564668 300 0.16888182616330116 267712960
564968 300 0.17546233538191397 266269389
565268 300 0.1845650570676032 275062051
565568 300 0.17502616330114135 272043675
565868 300 0.1715462686567164 271896037
566168 300 0.17830693590869187 268746426
566468 300 0.16768709394205442 267155217
566768 300 0.17048428446005268 264415711
567068 300 0.16868270412642672 264432115
567368 300 0.17885689201053556 264432115
567668 300 0.1868597014925373 271387506
567968 300 0.18882247585601405 281607336
568268 300 0.18065847234416152 265728049
568568 300 0.16931799824407376 265350752
568868 300 0.1746089552238806 265186710
569168 300 0.17055065847234419 265088284
569468 300 0.17828797190518 264432115
569768 300 0.17194451273046532 264432115
570068 300 0.17889482001755927 264415711
570368 300 0.18830096575943808 283198546
570668 300 0.18086707638279192 291449869
570968 300 0.17814574187884108 280032531
571268 300 0.16955504828797188 279786468
571568 300 0.17867673397717296 275439349
571868 300 0.17366075504828798 272306142
572168 300 0.17472273924495174 272174908
572468 300 0.18106619841966637 266925558
572768 300 0.18361685689201054 264825817
573068 300 0.1844323090430202 285954455
573368 300 0.18369271290605796 283723481
573668 300 0.1800611062335382 278867831
573968 300 0.17810781387181737 278851427
574268 300 0.1791318700614574 278851427
574568 300 0.17995680421422303 275176881
574868 300 0.18041194029850743 270600103
575168 300 0.18391079894644427 268369129
575468 300 0.18084811237928006 268369129
575768 300 0.17795610184372254 268631596
576068 300 0.1929566286215979 301702509
576368 300 0.19097489025460934 302621145
576668 300 0.18316172080772605 265629624
576968 300 0.18378753292361721 266023325
577268 300 0.1863097453906936 266417026
577568 300 0.18553222124670765 266285793
577868 300 0.18514345917471467 266285793
578168 300 0.18238419666374014 266285793
578468 300 0.17971027216856894 266154559
578768 300 0.18084811237928006 266417026
579068 300 0.19009306409130816 266285793
579368 300 0.19316523266022828 277571898
579668 300 0.18894574187884108 276259560
579968 300 0.19114556628621598 273651288
580268 300 0.18773204565408252 270632911
580568 300 0.18974223002633891 269829105
580868 300 0.18447023705004392 269566637
581168 300 0.19069043020193152 267335663
581468 300 0.19406602282704127 267975427
581768 300 0.1985320456540825 275980688
582068 300 0.201300790166813 288579130
582368 300 0.19373415276558384 277686727
582668 300 0.18694503950834065 270583699
582968 300 0.17899912203687446 269041702
583268 300 0.18785531167690958 266531856
583568 300 0.19804846356453032 266417026
583868 300 0.20341527655838454 266285793
584168 300 0.21364635645302898 268894064
584468 300 0.21311536435469708 278605363
584768 300 0.2087441615452151 274553521
585068 300 0.19985004389815628 273634884
585368 300 0.20123441615452148 269960338
585668 300 0.19951817383669887 268123066
585968 300 0.2031497805092186 266285793
586268 300 0.20192660228270415 265892091
586568 300 0.20705636523266022 265629624
586868 300 0.20392730465320455 277555494
587168 300 0.20026725197541703 276522027
587468 300 0.19886391571553996 274028586
587768 300 0.19424618086040388 273766118
588068 300 0.1907093942054434 270485274
588368 300 0.19395223880597015 266810728
588668 300 0.19597190517998245 266941962
588968 300 0.19851308165057072 266925558
589268 300 0.19020684811237928 270993804
589568 300 0.20012502194907814 307361965
589868 300 0.21725899912203686 311282574
590168 300 0.19904407374890254 293861290
590468 300 0.19287129060579458 280606678
590768 300 0.1918567164179104 279671638
591068 300 0.1960667251975417 279540404
591368 300 0.205804741000878 276915729
591668 300 0.2067244951712028 274028586
591968 300 0.19054820017559262 269566637
592268 300 0.19849411764705885 269697871
592568 300 0.20302651448639158 271666378
592868 300 0.20017243195785775 290055511
593168 300 0.20036207199297631 288480705
593468 300 0.20016294995610187 283231354
593768 300 0.19340228270412643 283231354
594068 300 0.1943694468832309 282952482
594368 300 0.18918279192273924 279671638
594668 300 0.19587708516242316 272978715
594968 300 0.19167655838454783 272453780
595268 300 0.19500474100087797 272437376
595568 300 0.19630377524143985 277555494
595868 300 0.20024828797190516 283461013
596168 300 0.19748902546093064 279917701
596468 300 0.19403757682177347 279901297
596768 300 0.1950900790166813 279770064
597068 300 0.19666409130816503 274258245
597368 300 0.1993569798068481 270583699
597668 300 0.1937910447761194 270846166
597968 300 0.19663564530289726 270485274
598268 300 0.1939996488147498 270878975
598568 300 0.2012154521510097 291088977
598868 300 0.21223353819139593 288726769
599168 300 0.20407901668129938 283887523
599468 300 0.19828551360842842 283608651
599768 300 0.19511852502194907 289661809
600068 300 0.19733731343283584 278244471
600368 300 0.1943694468832309 274307457
600668 300 0.1864993854258121 272355355
600968 300 0.19522282704126426 270124381
601268 300 0.19143002633889375 270107976
601568 300 0.20085513608428446 278113237
601868 300 0.19517541703248462 277325834
602168 300 0.18823459174714663 277063366
602468 300 0.18668902546093064 277063366
602768 300 0.17984302019315188 274176223
603068 300 0.19203687445127307 273930160
603368 300 0.18951466198419667 273913756
603668 300 0.1957633011413521 271551548
603968 300 0.18950517998244076 271289080
604268 300 0.1905671641791045 277850769
604568 300 0.19954661984196667 311315383
604868 300 0.20172748024582968 311709084
605168 300 0.19972677787532925 284428863
605468 300 0.2065822651448639 284560096
605768 300 0.19091799824407374 284428863
606068 300 0.19088007023705006 289809447
606368 300 0.19536505706760313 280623083
606668 300 0.18960000000000002 280098148
606968 300 0.20396523266022829 277079771
607268 300 0.1971476733977173 274061394
607568 300 0.19228340649692713 274323862
607868 300 0.19395223880597015 279179511
608168 300 0.209787181738367 273798927
608468 300 0.20959754170324846 273667693
608768 300 0.2088105355575066 273536459
609068 300 0.20141457418788414 273536459
609368 300 0.19805794556628623 274061394
609668 300 0.19695803336259876 273930160
609968 300 0.20040948200175593 273782522
610268 300 0.19048182616330114 274438691
610568 300 0.18706830553116766 282591589
610868 300 0.1766760316066725 287184772
611168 300 0.16948867427568043 281804187
611468 300 0.18236523266022828 281804187
611768 300 0.193459174714662 279966914
612068 300 0.196929587357331 276817303
612368 300 0.19712870939420543 274996435
612668 300 0.19121194029850744 272371759
612968 300 0.18740017559262512 272486589
613268 300 0.2069330992098332 287184772
613568 300 0.1986932396839333 293352759
613868 300 0.19528920105355574 284691330
614168 300 0.18838630377524143 284560096
614468 300 0.19366777875329236 283510226
614768 300 0.1924161545215101 277998408
615068 300 0.18247901668129943 277473472
615368 300 0.18402458296751537 273273991
615668 300 0.19501422300263388 270911784
615968 300 0.19953713784021068 274717563
616268 300 0.20186971027216857 287955770
616568 300 0.197830377524144 284658522
616868 300 0.19878805970149255 284527288
617168 300 0.1865278314310799 284002353
617468 300 0.19290921861281826 279146703
617768 300 0.18294363476733974 275997092
618068 300 0.17911290605794558 273503650
618368 300 0.18426163301141352 273536459
618668 300 0.19037752414398593 281016784
618968 300 0.1984087796312555 312135594
619268 300 0.19996382791922737 318943346
619568 300 0.18723898156277438 285216265
619868 300 0.1915438103599649 284953798
620168 300 0.19367726075504832 295731372
620468 300 0.18476417910447765 278506938
620768 300 0.18300052677787534 273520054
621068 300 0.1756045654082529 272355355
621368 300 0.18213766461808603 272355355
621668 300 0.1980958735733099 286118497
621968 300 0.18860438981562774 278523342
622268 300 0.170958384547849 278785810
622568 300 0.17763371378402107 278523342
622868 300 0.17306338893766463 276686070
623168 300 0.17503564530289728 273421629
623468 300 0.17742510974539072 273027928
623768 300 0.17669499561018437 273159162
624068 300 0.1769889376646181 273027928
624368 300 0.18020333625987708 272880290
624668 300 0.18921123792800704 292040422
624968 300 0.1781267778753292 290465616
625268 300 0.1756899034240562 284822564
625568 300 0.17429604916593502 284035161
625868 300 0.17400210711150133 290071915
626168 300 0.17439086918349428 283116525
626468 300 0.17539596136962246 280098148
626768 300 0.17079719051799827 275783838
627068 300 0.175841615452151 275652604
627368 300 0.17973871817383671 275636199
627668 300 0.18077225636523267 286266135
627968 300 0.18490640913081652 279835680
628268 300 0.1713945566286216 279458383
628568 300 0.1698110623353819 284822564
628868 300 0.16982054433713784 276817303
629168 300 0.16911887620719931 275767433
629468 300 0.16389429323968396 273405225
629768 300 0.17392625109745388 273536459
630068 300 0.17035153643546974 280491849
630368 300 0.17301597892888498 274077798
630668 300 0.16992484635645302 274077798
630968 300 0.17181176470588236 274471500
631268 300 0.17382194907813872 274323862
631568 300 0.17465636523266023 274323862
631868 300 0.17121439859525903 274323862
632168 300 0.1754338893766462 274192628
632468 300 0.1801369622475856 303982695
632768 300 0.18344618086040387 319074580
633068 300 0.175329587357331 302539124
633368 300 0.17159367866549605 287578473
633668 300 0.17087304653204566 288103408
633968 300 0.17411589113257245 288119812
634268 300 0.17123336259877084 286020072
634568 300 0.17202036874451274 284970202
634868 300 0.17418226514486393 284970202
635168 300 0.1778233538191396 282739228
635468 300 0.17418226514486393 281820591
635768 300 0.18337032484635646 286807474
636068 300 0.18264969271290607 295452500
636368 300 0.1751399473222125 288103408
636668 300 0.16780087796312557 284970202
636968 300 0.17293064091308163 284822564
637268 300 0.1763726075504829 281935420
637568 300 0.17258928884986832 276571240
637868 300 0.1751494293239684 275652604
638168 300 0.18144547848990342 276177538
638468 300 0.19336435469710272 287988579
638768 300 0.1812653204565408 290088319
639068 300 0.17536751536435471 287578473
639368 300 0.17555715539947325 287430835
639668 300 0.17228586479367866 286922304
639968 300 0.17033257243195787 284166395
640268 300 0.1704653204565408 279441979
640568 300 0.17737769973661108 277227409
640868 300 0.17679929762949956 283920331
641168 300 0.16760175592625112 276571240
641468 300 0.17146093064091308 274996435
641768 300 0.16798103599648814 274996435
642068 300 0.17110061457418788 274996435
642368 300 0.16456751536435468 274996435
642668 300 0.17231431079894644 274996435
642968 300 0.17669499561018437 274865201
643268 300 0.1832375768217735 286938708
643568 300 0.18421422300263388 289957086
643868 300 0.17940684811237928 287726111
644168 300 0.1764105355575066 287726111
644468 300 0.1792646180860404 283789098
644768 300 0.1696214223002634 280114552
645068 300 0.17094890254609307 277489876
645368 300 0.17577524143985954 276571240
645668 300 0.1784396839332748 276554836
645968 300 0.188955223880597 284953798
646268 300 0.18446075504828796 280770721
646568 300 0.1824410886742757 277096175
646868 300 0.1813222124670764 276833707
647168 300 0.1800326602282704 276833707
647468 300 0.18585460930640912 276702474
647768 300 0.18366426690079019 276702474
648068 300 0.1760502194907814 277489876
648368 300 0.19367726075504832 301636891
648668 300 0.19222651448639158 313841633
648968 300 0.19619947322212464 325258971
649268 300 0.1891638279192274 291531891
649568 300 0.1886233538191396 289169683
649868 300 0.18374012291483757 289038449
650168 300 0.18623388937664617 288907215
650468 300 0.18175838454784898 286676241
650768 300 0.18557014925373136 282870462
651068 300 0.18424266900790168 282476760
651368 300 0.19779244951712027 296125073
651668 300 0.18761826163301143 294550267
651968 300 0.18830096575943808 284707734
652268 300 0.17848709394205445 284707734
652568 300 0.1799757682177349 281951825
652868 300 0.17850605794556632 281033188
653168 300 0.1797766461808604 279195916
653468 300 0.18101878841088673 277358643
653768 300 0.18124635645302897 275783838
654068 300 0.19031115013169447 287463643
654368 300 0.18198595258999123 289432150
654668 300 0.18309534679543463 287332410
654968 300 0.17825004389815627 293237930
655268 300 0.17662862159789286 281951825
655568 300 0.17983353819139597 281033188
655868 300 0.18883195785777 278802214
656168 300 0.19009306409130816 279720850
656468 300 0.19144899034240562 285495137
656768 300 0.19633222124670766 281820591
657068 300 0.18162563652326605 281689357
657368 300 0.18781738366988587 279195916
657668 300 0.18099982440737486 278802214
657968 300 0.1834177348551361 278408513
658268 300 0.18593046532045654 276571240
658568 300 0.18810184372256364 279458383
658868 300 0.19629429323968392 288775981
659168 300 0.19102230026338893 289300917
659468 300 0.19403757682177347 286807474
659768 300 0.19561158911325724 284970202
660068 300 0.187798419666374 281295656
660368 300 0.18936294995610184 278539747
660668 300 0.1815782265144864 276833707
660968 300 0.18176786654960495 277489876
661268 300 0.19033959613696225 316072607
661568 300 0.18998876207199297 316728776
661868 300 0.19138261633011414 305967606
662168 300 0.19223599648814751 287594877
662468 300 0.1878742756804214 287332410
662768 300 0.19350658472344165 287463643
663068 300 0.18920175592625108 286413774
663368 300 0.19500474100087797 283132929
663668 300 0.1924161545215101 283132929
663968 300 0.19833292361720806 283264162
664268 300 0.2058900790166813 301111956
664568 300 0.1961046532045654 293369164
664868 300 0.1783638279192274 285757605
665168 300 0.1696593503072871 285888838
665468 300 0.17768112379280068 283526630
665768 300 0.17367023705004392 277227409
666068 300 0.17059806848112383 277358643
666368 300 0.17344266900790167 276964941
666668 300 0.1710342405618964 276964941
666968 300 0.18224196663740125 283789098
667268 300 0.19149640035118526 300062086
667568 300 0.18099034240561898 290875722
667868 300 0.18018437225636522 289300917
668168 300 0.1807153643546971 289300917
668468 300 0.18292467076382793 286282540
668768 300 0.18272554872695349 281016784
669068 300 0.19031115013169447 278146045
669368 300 0.18426163301141352 277473472
669668 300 0.184716769095698 277998408
669968 300 0.19702440737489027 284970202
670268 300 0.1987406496927129 292450527
670568 300 0.191268832309043 289038449
670868 300 0.19620895522388063 288907215
671168 300 0.19918630377524144 288119812
671468 300 0.19876909569798068 285363903
671768 300 0.19289973661106233 283395396
672068 300 0.19362985074626868 283395396
672368 300 0.1959244951712028 282607994
672668 300 0.20139561018437227 291794358
672968 300 0.19388586479367867 291794358
673268 300 0.19779244951712027 287201176
673568 300 0.20241966637401232 284445267
673868 300 0.19191360842844601 281295656
674168 300 0.19472028094820018 280639487
674468 300 0.1966451273046532 279720850
674768 300 0.19878805970149255 278014812
675068 300 0.20932256365232663 292844229
675368 300 0.20225847234416153 297962346
675668 300 0.19732783143107988 288907215
675968 300 0.197185601404741 288775981
676268 300 0.19738472344161548 287857345
676568 300 0.1919799824407375 283805502
676868 300 0.19490992098331872 280918359
677168 300 0.18883195785777 280787125
677468 300 0.192558384547849 280655892
677768 300 0.19927164179104478 317565391
678068 300 0.2018791922739245 328605433
678368 300 0.19304196663740125 313234677
678668 300 0.1864140474100088 290793700
678968 300 0.19214117647058823 290662467
679268 300 0.19603827919227393 290121127
679568 300 0.18739069359086918 286709049
679868 300 0.1872579455662862 285134244
680168 300 0.18850008779631258 285117840
680468 300 0.18907848990342407 284084374
680768 300 0.20053274802458299 293270738
681068 300 0.2293485513608428 291679528
681368 300 0.3018100087796312 290924934
681668 300 0.21444284460052676 290400000
681968 300 0.1916955223880597 288956428
682268 300 0.19149640035118526 285527946
682568 300 0.19458753292361722 285134244
682868 300 0.20195504828797192 285134244
683168 300 0.20150939420544337 294058141
683468 300 0.19937594381035997 293270738
683768 300 0.194227216856892 288398684
684068 300 0.19102230026338893 288267450
684368 300 0.17771905179982442 286052880
684668 300 0.1807153643546971 282886866
684968 300 0.19204635645302895 282903270
685268 300 0.19522282704126426 281082401
685568 300 0.19771659350307286 280163764
685868 300 0.19836136962247586 285134244
686168 300 0.19165759438103597 296141477
686468 300 0.18691659350307285 291023360
686768 300 0.19542194907813873 290892126
687068 300 0.19401861281826163 287611282
687368 300 0.1917334503950834 285511541
687668 300 0.1939237928007024 283018099
687968 300 0.20101633011413525 280262190
688268 300 0.18913538191395965 279999723
688568 300 0.1899508340649693 284871777
688868 300 0.20665812115891133 294829139
689168 300 0.20599438103599652 294451842
689468 300 0.20091202809482 288562726
689768 300 0.2011870061457419 288546322
690068 300 0.19460649692712903 288529918
690368 300 0.1960667251975417 288415089
690668 300 0.18514345917471467 283821906
690968 300 0.19100333625987706 283280567
691268 300 0.1929566286215979 286955113
691568 300 0.20131027216856892 321600830
691868 300 0.19670201931518877 328293753
692168 300 0.19618999122036876 293516802
692468 300 0.19081369622475855 293385568
692768 300 0.18684073748902544 293254334
693068 300 0.1867459174714662 292335697
693368 300 0.18105671641791046 290629659
693668 300 0.1783733099209833 290629659
693968 300 0.18025074626865673 289579788
694268 300 0.18586409130816506 284199204
694568 300 0.1976502194907814 297978750
694868 300 0.18900263388937663 288415089
695168 300 0.1814739244951712 283182142
695468 300 0.17733028972783144 283050908
695768 300 0.1778233538191396 282919674
696068 300 0.1690050921861282 282919674
696368 300 0.17470377524143987 282788440
696668 300 0.17567093942054432 282919674
696968 300 0.17687515364354695 282657207
697268 300 0.19148691834942932 288415089
697568 300 0.18708726953467952 286069285
697868 300 0.1762114135206321 282132271
698168 300 0.173916769095698 281869804
698468 300 0.17673292361720808 282378334
698768 300 0.18138858647936787 282542377
699068 300 0.17540544337137837 282263505
699368 300 0.1741443371378402 282525973
699668 300 0.17855346795434593 283690672
699968 300 0.18029815627743637 297092922
700268 300 0.1729116769095698 294205779
700568 300 0.17379350307287095 293566014
700868 300 0.17057910447761196 305491884
701168 300 0.17752941176470588 290924934
701468 300 0.17831641791044775 288169025
701768 300 0.1695171202809482 288054196
702068 300 0.1742770851624232 288316663
702368 300 0.17260825285338016 301686104
702668 300 0.17724495171202806 290793700
702968 300 0.17144196663740122 290285170
703268 300 0.16651132572431956 287791728
703568 300 0.1705601404741001 287119155
703868 300 0.16520280948200175 285265478
704168 300 0.17007655838454785 281492506
704468 300 0.17364179104477612 281230039
704768 300 0.1671655838454785 284379650
705068 300 0.18008955223880596 247486554
705368 300 0.17334784899034242 166777781
705668 300 0.16765864793678667 156115036
705968 300 0.16278489903424057 168598650
706268 300 0.16563898156277435 155606506
706568 300 0.1622633889376646 155458867
706868 300 0.16466233538191397 155212804
707168 300 0.17704582967515362 155606506
707468 300 0.1824884986830553 165449039
707768 300 0.17281685689201054 155491676
708068 300 0.16505109745390695 155344038
708368 300 0.16630272168568921 155655718
708668 300 0.15826198419666374 155376847
708968 300 0.15791115013169446 172158366
709268 300 0.1548105355575066 162430662
709568 300 0.15249692712906057 162840768
709868 300 0.15523722563652326 162578300
710168 300 0.15822405618964006 162578300
710468 300 0.1646433713784021 173995639
710768 300 0.1654019315188762 164809274
711068 300 0.1647192273924495 163496937
711368 300 0.16152379280070236 163628170
711668 300 0.16154275680421423 161528430
711968 300 0.16570535557506585 161397196
712268 300 0.15957050043898155 161397196
712568 300 0.160670412642669 161134728
712868 300 0.16364776119402985 161265962
713168 300 0.1619978928884987 161790897
713468 300 0.17287374890254606 175570444
713768 300 0.16160913081650571 168221352
714068 300 0.16204530289727834 167433950
714368 300 0.16552519754170325 167302716
714668 300 0.1653165935030729 167171482
714968 300 0.1669474978050922 163119639
715268 300 0.16690956979806848 159707561
715568 300 0.17332888498683055 158657691
715868 300 0.1757562774363477 171108496
716168 300 0.16696646180860406 170058625
716468 300 0.16825601404741003 165727911
716768 300 0.17072133450395086 165727911
717068 300 0.16728884986830553 163365703
717368 300 0.16600877963125552 161151133
717668 300 0.16976365232660226 160757431
717968 300 0.17212467076382792 160626198
718268 300 0.1751494293239684 161134728
718568 300 0.18344618086040387 181623602
718868 300 0.1759459174714662 184379511
719168 300 0.1759459174714662 168500224
719468 300 0.1749787532923617 168483820
719768 300 0.1672509218612818 168467416
720068 300 0.17158419666374014 180540924
720368 300 0.17344266900790167 161397196
720668 300 0.1726177348551361 160363730
720968 300 0.17281685689201054 160494964
721268 300 0.16989640035118525 159445093
721568 300 0.17910342405618965 172437238
721868 300 0.17660965759438105 163644574
722168 300 0.17607866549604917 163644574
722468 300 0.16681474978050922 163644574
722768 300 0.1685499561018437 161151133
723068 300 0.16764916593503076 158378819
723368 300 0.16647339771729588 158378819
723668 300 0.17079719051799827 158526457
723968 300 0.17275048287971903 158657691
724268 300 0.1742201931518876 164825679
724568 300 0.17019034240561895 176095379
724868 300 0.16556312554872699 172552067
725168 300 0.1674215978928885 167958885
725468 300 0.16762071992976293 167827651
725768 300 0.16630272168568921 167319120
726068 300 0.16335381913959612 164563211
726368 300 0.16598033362598774 160609794
726668 300 0.1637141352063213 158378819
726968 300 0.16460544337137842 156410313
727268 300 0.17259877085162423 171370963
727568 300 0.16926110623353818 166105208
727868 300 0.1663406496927129 156672780
728168 300 0.16979209833187006 156689184
728468 300 0.1679241439859526 156689184
728768 300 0.16651132572431956 156541546
729068 300 0.16667251975417033 156410313
729368 300 0.16840772607550483 156689184
729668 300 0.1763726075504829 156426717
729968 300 0.1819764705882353 166925419
730268 300 0.17642001755926254 161019899
730568 300 0.16825601404741003 157985118
730868 300 0.1766001755926251 158001522
731168 300 0.16803792800702372 157739055
731468 300 0.16212115891132572 157476587
731768 300 0.1610402107111501 157607821
732068 300 0.16479508340649693 157870288
732368 300 0.1707782265144864 179130160
732668 300 0.174684811237928 183592108
732968 300 0.1804972783143108 168237757
733268 300 0.17578472344161547 167319120
733568 300 0.17349007901668131 165481848
733868 300 0.17410640913081651 179917563
734168 300 0.17262721685689203 162725938
734468 300 0.1677819139596137 159838795
734768 300 0.17349956101843725 158657691
735068 300 0.1734616330114135 158526457
735368 300 0.17971027216856894 171124900
735668 300 0.17799402985074628 161019899
735968 300 0.17570886742756806 161151133
736268 300 0.17510201931518876 161019899
736568 300 0.17894223002633888 160888665
736868 300 0.1788379280070237 159970029
737168 300 0.17334784899034242 156164249
737468 300 0.18189113257243195 155376847
737768 300 0.17768112379280068 156295483
738068 300 0.18857594381035997 175455615
738368 300 0.18390131694468834 175718082
738668 300 0.1798809482001756 167581588
738968 300 0.17865776997366112 167450354
739268 300 0.18271606672519752 164825679
739568 300 0.18014644424934154 162201003
739868 300 0.1819669885864794 160888665
740168 300 0.18835785776997366 162069769
740468 300 0.1892396839332748 166006782
740768 300 0.18802598770851625 164038276
741068 300 0.19084214223002632 159576327
741368 300 0.1885474978050922 171797473
741668 300 0.1937057067603161 157214119
741968 300 0.18723898156277438 156820418
742268 300 0.18766567164179107 156689184
742568 300 0.191268832309043 156426717
742868 300 0.20315926251097455 163644574
743168 300 0.20192660228270415 163250873
743468 300 0.198219139596137 156426717
743768 300 0.1963796312554873 156164249
744068 300 0.196929587357331 173093406
744368 300 0.19417980684811237 161544834
744668 300 0.19214117647058823 161413600
744968 300 0.19996382791922737 161151133
745268 300 0.20004916593503072 161151133
745568 300 0.20900965759438103 172059940
745868 300 0.20309288849868304 166810590
746168 300 0.20489446883230902 164825679
746468 300 0.19979315188762073 164694445
746768 300 0.20371870061457423 164710849
747068 300 0.19830447761194028 164185914
747368 300 0.19629429323968392 161692472
747668 300 0.20014398595259 159592732
747968 300 0.20065601404741001 160232496
748268 300 0.2134851624231782 175455615
748568 300 0.20332993854258122 178080290
748868 300 0.20181281826163303 167187886
749168 300 0.19926215978928885 167187886
749468 300 0.2032066725197542 166794185
749768 300 0.20439192273924495 163382107
750068 300 0.19849411764705885 158788925
750368 300 0.20141457418788414 158657691
750668 300 0.2097966637401229 178211524
750968 300 0.2094268656716418 175324381
751268 300 0.1996035118525022 167187886
751568 300 0.19905355575065847 179917563
751868 300 0.20204038630377522 165219380
752168 300 0.2003715539947322 165088146
752468 300 0.19867427568042142 165350614
752768 300 0.20858296751536437 164071084
753068 300 0.20887690956979807 175357189
753368 300 0.20146198419666375 165252188
753668 300 0.20193608428446005 165120954
753968 300 0.20488498683055312 164858487
754268 300 0.20270412642669006 161183941
754568 300 0.20746409130816504 156197058
754868 300 0.20892431957857768 155803356
755168 300 0.20775803336259877 156197058
755468 300 0.22281545215100965 161315175
755768 300 0.22412396839332752 172863747
756068 300 0.20720807726075507 167614396
756368 300 0.20769165935030726 167630800
756668 300 0.21207234416154522 167630800
756968 300 0.24863494293239685 167122270
757268 300 0.380776119402985 164612424
757568 300 0.2832442493415277 161594047
757868 300 0.2166237050043898 160281709
758168 300 0.2203880597014925 170501539
758468 300 0.21780895522388063 181279113
758768 300 0.21506865671641792 168139332
759068 300 0.20882949956101846 168008098
759368 300 0.21274556628621596 165006125
759668 300 0.21188270412642668 162496279
759968 300 0.2096449517120281 161430004
760268 300 0.21528674275680423 159067797
760568 300 0.22575487269534678 159592732
760868 300 0.23154837576821774 170764007
761168 300 0.23760737489025463 183477279
761468 300 0.22717717295873574 183477279
761768 300 0.21740122914837579 169714137
762068 300 0.21281194029850747 167220695
762368 300 0.21797014925373134 167204290
762668 300 0.2143290605794557 167204290
762968 300 0.21446180860403863 165760719
763268 300 0.21453766461808602 165235784
763568 300 0.22053977172958739 163923446
763868 300 0.22243617208077263 168516628
764168 300 0.2209095697980685 179277798
764468 300 0.22205689201053552 172978577
764768 300 0.21633924495171206 165613081
765068 300 0.21501176470588237 179523862
765368 300 0.2170124670763828 166531717
765668 300 0.22449376646180863 164431977
765968 300 0.2209190517998244 160494964
766268 300 0.21207234416154522 157345353
766568 300 0.22952870939420544 163398511
766868 300 0.22265425812115894 164038276
767168 300 0.21873819139596135 157886692
767468 300 0.22360245829675152 157886692
767768 300 0.21703143107989467 157886692
768068 300 0.20916136962247583 158017926
768368 300 0.19953713784021068 157755459
768668 300 0.2024955223880597 157886692
768968 300 0.2160073748902546 157886692
769268 300 0.21329552238805974 157755459
769568 300 0.22267322212467072 167335524
769868 300 0.2113422300263389 173503512
770168 300 0.20980614574187884 168762692
770468 300 0.21038454784899033 168631458
770768 300 0.20578577699736614 167204290
771068 300 0.20550131694468832 166023187
771368 300 0.20251448639157155 163004810
771668 300 0.20786233538191393 160642602
771968 300 0.21322914837576823 162742342
772268 300 0.21826409130816507 168779096
772568 300 0.21665215100965757 160117667
772868 300 0.2051220368744513 160101262
773168 300 0.20208779631255486 159970029
773468 300 0.20153784021071117 159707561
773768 300 0.20417383669885864 159707561
774068 300 0.19618050921861285 159822391
774368 300 0.1995276558384548 159970029
774668 300 0.2069805092186128 160101262
774968 300 0.20901913959613694 175340785
775268 300 0.20215417032484637 179671500
775568 300 0.2174676031606673 169582903
775868 300 0.20147146619841966 169304031
776168 300 0.19922423178226514 169435265
776468 300 0.19497629499561017 169304031
776768 300 0.20782440737489027 169304031
777068 300 0.1981338015803336 169172797
777368 300 0.20186022827041264 169172797
777668 300 0.2055771729587357 176899186
777968 300 0.21229043020193153 184937255
778268 300 0.19597190517998245 174963488
778568 300 0.1996793678665496 168008098
778868 300 0.20023880597014926 179031735
779168 300 0.2016611062335382 164464786
779468 300 0.20329201053555748 162348641
779768 300 0.1975459174714662 161954940
780068 300 0.19712870939420543 161823706
780368 300 0.2014525021949078 161823706
780668 300 0.2058521510096576 174815850
780968 300 0.2096449517120281 164596020
781268 300 0.20070342405618966 164464786
781568 300 0.19452115891132574 162086173
781868 300 0.19198946444249343 161840110
782168 300 0.1959150131694469 162233811
782468 300 0.18994135206321336 161987748
782768 300 0.19235926251097454 160806644
783068 300 0.1969011413520632 159363072
783368 300 0.20164214223002633 173536320
783668 300 0.19117401229148379 179310607
783968 300 0.19302300263388938 169861774
784268 300 0.1815877085162423 169746945
784568 300 0.18309534679543463 169714137
784868 300 0.18167304653204566 168401799
785168 300 0.18478314310798943 159871603
785468 300 0.18472625109745391 158969371
785768 300 0.19701492537313434 160412943
786068 300 0.1967209833187006 176423464
786368 300 0.19587708516242316 165268593
786668 300 0.1869640035118525 159609136
786968 300 0.18937243195785775 159609136
787268 300 0.18513397717295876 159477902
787568 300 0.1903301141352063 159330264
787868 300 0.18507708516242316 159067797
788168 300 0.1826212467076383 158952967
788468 300 0.18044986830553117 158952967
788768 300 0.19004565408252855 162627513
789068 300 0.19110763827919228 174586191
789368 300 0.18437541703248464 169336840
789668 300 0.18267813871817387 169189201
789968 300 0.18143599648814748 166958227
790268 300 0.17333836698858646 166695760
790568 300 0.18119894644424936 166695760
790868 300 0.17080667251975415 165662294
791168 300 0.17806040386303776 164333552
791468 300 0.18073432835820896 169320435
791768 300 0.19226444249341526 183641322
792068 300 0.18549429323968392 173667554
792368 300 0.18246953467954344 172092749
792668 300 0.18802598770851625 170255476
792968 300 0.1729875329236172 167499567
793268 300 0.18935346795434596 165777123
793568 300 0.17202036874451274 161069112
793868 300 0.17845864793678667 160937878
794168 300 0.19589604916593503 171682644
794468 300 0.19848463564530286 180114414
794768 300 0.17935943810359964 169484478
795068 300 0.17063599648814748 165284997
795368 300 0.17452361720807727 180508115
795668 300 0.17618296751536436 169615711
795968 300 0.17917928007023703 168943138
796268 300 0.1792646180860404 168155736
796568 300 0.17865776997366112 166449696
796868 300 0.1818152765583846 177210866
797168 300 0.18454609306409134 168040906
797468 300 0.17459947322212466 167909672
797768 300 0.16710869183494292 167778438
798068 300 0.16940333625987708 166449696
798368 300 0.16583810359964882 162922789
798668 300 0.16160913081650571 162660321
798968 300 0.1665208077260755 162397854
799268 300 0.17412537313432833 163956255
799568 300 0.18448920105355576 177210866
799868 300 0.17587006145741876 173273853
800168 300 0.17625882352941175 171945111
800468 300 0.17583213345039508 170895241
800768 300 0.16859736611062334 164218722
801068 300 0.17929306409130819 164218722
801368 300 0.17160316066725198 164218722
801668 300 0.18005162423178225 165006125
801968 300 0.18069640035118525 175636061
802268 300 0.17199192273924493 174192489
802568 300 0.1704653204565408 172240387
802868 300 0.16976365232660226 171190516
803168 300 0.16868270412642672 169615711
803468 300 0.16850254609306412 167647204
803768 300 0.16585706760316066 167515971
804068 300 0.17196347673397716 167778438
804368 300 0.18275399473222126 184313895
804668 300 0.17634416154521512 178933309
804968 300 0.17212467076382792 164103893
805268 300 0.17148937664618086 163841425
805568 300 0.18083863037752415 162791555
805868 300 0.17133766461808606 161856514
806168 300 0.16964986830553117 161069112
806468 300 0.17661913959613698 161594047
806768 300 0.17480807726075503 160937878
807068 300 0.18287726075504832 172748918
807368 300 0.1789801580333626 165006125
807668 300 0.17571834942932396 159494306
807968 300 0.17850605794556632 169746945
808268 300 0.17823107989464443 164628828
808568 300 0.17305390693590872 164366360
808868 300 0.17609762949956104 164218722
809168 300 0.17754837576821775 163956255
809468 300 0.18253590869183495 171190516
809768 300 0.17908446005267778 167253504
810068 300 0.1688249341527656 165268593
810368 300 0.17393573309920982 165006125
810668 300 0.17396417910447762 164349956
810968 300 0.17234275680421424 160412943
811268 300 0.17264618086040387 160035646
811568 300 0.17478911325724317 159773178
811868 300 0.1728358208955224 160035646
812168 300 0.16653028972783143 160035646
812468 300 0.1641692712906058 160019241
812768 300 0.16704231782265147 160019241
813068 300 0.17487445127304654 160035646
813368 300 0.17254187884108868 159904412
813668 300 0.18377805092186128 172634088
813968 300 0.17275048287971903 173683959
814268 300 0.17062651448639157 160937878
814568 300 0.1704653204565408 160675410
814868 300 0.16911887620719931 160560581
815168 300 0.16826549604916596 160429347
815468 300 0.1817204565408253 160298113
815768 300 0.18667006145741877 160035646
816068 300 0.1956969271290606 172765322
816368 300 0.18374960491659348 173159023
816668 300 0.180345566286216 170271880
816968 300 0.18328498683055314 170255476
817268 300 0.1823083406496927 170255476
817568 300 0.17847761194029851 168040906
817868 300 0.17761474978050923 164891295
818168 300 0.17465636523266023 164366360
818468 300 0.17227638279192273 163054023
818768 300 0.17665706760316066 182722685
819068 300 0.17580368744512734 164874891
819368 300 0.18036453028972785 164612424
819668 300 0.1777569798068481 164481190
819968 300 0.17808884986830556 164218722
820268 300 0.18693555750658472 182476621
820568 300 0.19171448639157154 167647204
820868 300 0.1869545215100966 168172140
821168 300 0.18444179104477612 167893268
821468 300 0.18247901668129943 174061255
821768 300 0.18358841088674277 165006125
822068 300 0.17609762949956104 164612424
822368 300 0.17473222124670765 164891295
822668 300 0.1909369622475856 166203633
822968 300 0.18583564530289726 167122270
823268 300 0.18528568920105357 159888007
823568 300 0.1810756804214223 159789582
823868 300 0.18726742756804218 160035646
824168 300 0.18470728709394207 159920816
824468 300 0.18537102721685692 159888007
824768 300 0.1846124670763828 160019241
825068 300 0.18436593503072868 161331579
825368 300 0.1949383669885865 180901816
825668 300 0.19196101843722566 175898529
825968 300 0.18392976294995608 170271880
826268 300 0.18385390693590872 170124242
826568 300 0.18813977172958735 170009413
826868 300 0.18324705882352943 169353244
827168 300 0.18201439859525903 166334867
827468 300 0.1890595258999122 160937878
827768 300 0.19029218612818263 160150475
828068 300 0.19301352063213348 179589478
828368 300 0.19290921861281826 174602595
828668 300 0.18007058823529412 169353244
828968 300 0.1796723441615452 168811905
829268 300 0.18007058823529412 168811905
829568 300 0.1784017559262511 168828309
829868 300 0.17961545215100966 167105865
830168 300 0.18035504828797191 163562553
830468 300 0.1855796312554873 163431319
830768 300 0.193459174714662 172765322
831068 300 0.18677436347673398 170435922
831368 300 0.18375908691834944 169517286
831668 300 0.18899315188762073 169500882
831968 300 0.18913538191395965 168303373
832268 300 0.18964741000877963 164103893
832568 300 0.19211273046532046 159625540
832868 300 0.1974605794556629 160166880
833168 300 0.21815030728709392 178949714
833468 300 0.20920877963125548 175800103
833768 300 0.1994517998244074 158608478
834068 300 0.19518489903424055 158608478
834368 300 0.19771659350307286 159002179
834668 300 0.19871220368744516 158838138
834968 300 0.19384793678665496 158739712
835268 300 0.1959529411764706 158838138
835568 300 0.20723652326602285 158969371
835868 300 0.21680386303775245 177735801
836168 300 0.21027076382791926 177210866
836468 300 0.20775803336259877 169336840
836768 300 0.20961650570676033 169353244
837068 300 0.2065443371378402 182345388
837368 300 0.20076979806848114 168943138
837668 300 0.20023880597014926 166449696
837968 300 0.20566251097453908 166580930
838268 300 0.20515996488147495 167105865
838568 300 0.2102612818261633 177735801
838868 300 0.21952519754170322 166991036
839168 300 0.20963546971027217 166318463
839468 300 0.2069710272168569 164087488
839768 300 0.2052737489025461 164087488
840068 300 0.21035610184372258 164218722
840368 300 0.20821316944688323 164235126
840668 300 0.20624091308165057 164366360
840968 300 0.21377910447761192 163431319
841268 300 0.21917436347673397 173536320
841568 300 0.21014749780509215 171830281
841868 300 0.21453766461808602 169336840
842168 300 0.205928007023705 167499567
842468 300 0.21214820017559263 166843398
842768 300 0.2119490781387182 165006125
843068 300 0.20886742756804214 164235126
843368 300 0.20851659350307286 164366360
843668 300 0.21553327480245832 174865062
843968 300 0.21971483757682178 181951686
844268 300 0.21410149253731348 168697075
844568 300 0.2160168568920105 167023844
844868 300 0.21677541703248462 165055338
845168 300 0.21625390693590868 164005467
845468 300 0.21191115013169445 164153106
845768 300 0.2099578577699737 164005467
846068 300 0.22267322212467072 164399169
846368 300 0.22410500438981565 177801418
846668 300 0.21892783143107988 177670185
846968 300 0.21525829675153646 167548779
847268 300 0.2128024582967515 167417545
847568 300 0.21434802458296756 167417545
847868 300 0.2080993854258121 167269908
848168 300 0.21129482001755925 166613739
848468 300 0.21224302019315192 164792870
848768 300 0.21013801580333627 164924104
849068 300 0.21815978928884988 182115729
849368 300 0.22232238805970148 193254196
849668 300 0.2101095697980685 175143934
849968 300 0.21676593503072872 173191832
850268 300 0.20593748902546094 173290257
850568 300 0.20839332748024583 173306661
850868 300 0.20746409130816504 173060598
851168 300 0.2054633889376646 170698390
851468 300 0.2057762949956102 170140647
851768 300 0.21021387181738366 169238414
852068 300 0.21341878841088677 173044194
852368 300 0.21274556628621596 179474649
852668 300 0.20364284460052678 176062570
852968 300 0.2104035118525022 175931337
853268 300 0.21177840210711152 174077660
853568 300 0.20396523266022829 172765322
853868 300 0.20462897278314313 170796816
854168 300 0.20254293239683935 170419518
854468 300 0.21301106233538192 177768610
854768 300 0.22376365232660228 184067831
855068 300 0.21229043020193153 177227271
855368 300 0.21101035996488143 168959542
855668 300 0.21562809482001757 168844713
855968 300 0.20699947322212467 167663609
856268 300 0.21411097453906938 166482505
856568 300 0.2118068481123793 166236442
856868 300 0.21489798068481125 166498909
857168 300 0.2104793678665496 184724000
857468 300 0.20428762071992979 183149194
857768 300 0.20789078138718178 175554040
858068 300 0.20891483757682175 175422806
858368 128 0.1516056189640035 92154974
858496 172 0.20846918349429325 172650492
858668 300 0.20327304653204567 169910988
858968 300 0.20153784021071117 167942481
859268 120 0.1467982440737489 84510607
859388 180 0.20159473222124671 167942481
859568 300 0.20354802458296753 167811247
859868 300 0.20401264266900793 183296833
860168 300 0.2093320456540825 181722027
860468 300 0.20737875329236174 175816507
860768 300 0.2071985952589991 175668870
861068 300 0.20760632133450396 175439210
861368 300 0.20000175592625108 174635403
861668 300 0.20648744512730463 171092091
861968 300 0.20344372256365234 167958885
862268 300 0.20236277436347672 169008755
862568 300 0.2075209833187006 189349990
862868 300 0.2191459174714662 185806678
863168 300 0.20981562774363477 181607198
863468 300 0.2052737489025461 195911680
863768 300 0.19199894644424934 180951029
864068 300 0.19365829675153645 178851288
864368 300 0.20613661106233538 176095379
864668 300 0.20352906057945566 173995639
864968 300 0.20756839332748026 185412978
865268 300 0.19931905179982443 174914275
865568 114 0.1409004389815628 90186468
865682 186 0.20064653204565408 172978577
865868 300 0.19961299385425813 172716109
866168 300 0.19608568920105357 172716109
866468 300 0.19223599648814751 172716109
866768 212 0.15269604916593502 90137255
866980 88 0.19825706760316067 172830939
867068 300 0.19037752414398593 172568472
867368 300 0.19362985074626868 171912303
867668 300 0.19983107989464444 187791589
867968 300 0.19694855136084286 193713514
868268 300 0.19243511852502196 177817822
868568 300 0.1957633011413521 177571759
868868 300 0.1968632133450395 175980550
869168 300 0.1917334503950834 173093406
869468 300 0.1958486391571554 172962172
869768 300 0.1976122914837577 172978577
870068 300 0.19604776119402983 172453642
870368 300 0.1981338015803336 185445786
870668 300 0.18822510974539072 183214812
870968 300 0.18608217734855137 180327669
871268 300 0.19846567164179107 178359162
871568 300 0.1928902546093064 177178058
871868 300 0.19057664618086037 170878836
872168 300 0.19841826163301143 170993666
872468 300 0.20309288849868304 170731198
872768 300 0.20706584723441615 184264682
873068 300 0.20087410008779633 191203668
873368 300 0.1915817383669886 180590136
873668 300 0.19110763827919228 180327669
873968 300 0.1844038630377524 192401176
874268 300 0.18863283582089552 180458902
874568 300 0.19161018437225638 177702993
874868 300 0.18622440737489024 174799446
875168 300 0.17803195785776998 172584876
875468 300 0.18413836698858646 176111784
875768 300 0.18817769973661108 175209551
876068 300 0.195772783143108 170321093
876368 300 0.18301949078138718 170075029
876668 300 0.18814925373134328 170206263
876968 300 0.19181878841088676 170075029
877268 300 0.18762774363476734 170222668
877568 300 0.18344618086040387 170353902
877868 300 0.19396172080772606 170337497
878168 300 0.19566848112379281 183723342
878468 300 0.1982949956101844 202227305
878768 300 0.19011202809482003 196977954
879068 300 0.18597787532923618 187414293
879368 300 0.18798805970149254 187151825
879668 300 0.19064302019315188 187135420
879968 300 0.18709675153643548 186758124
880268 300 0.19212221246707636 184789617
880568 300 0.1919799824407375 182296175
880868 300 0.19506163301141352 180065201
881168 300 0.20342475856014047 194369683
881468 300 0.19893028972783147 196338189
881768 300 0.18874661984196664 186889357
882068 300 0.19254890254609308 187151825
882368 300 0.18611062335381914 186758124
882668 300 0.18786479367866551 183214812
882968 300 0.18702089552238807 179261394
883268 300 0.18405302897278317 179277798
883568 300 0.20544442493415277 188070462
883868 300 0.19161018437225638 191876241
884168 300 0.1856649692712906 187020591
884468 300 0.1836358208955224 184920850
884768 300 0.18011799824407376 184658383
885068 300 0.18865179982440738 184395916
885368 300 0.19285232660228271 182148537
885668 300 0.19671150131694468 182279771
885968 300 0.20583318700614575 186872953
886268 300 0.19544091308165057 180180030
886568 300 0.19104126426690077 177292887
886868 300 0.18644249341527655 183329641
887168 300 0.18666057945566286 177555355
887468 300 0.19312730465320455 177161653
887768 300 0.1936962247585601 177178058
888068 300 0.19966040386303774 178342758
888368 300 0.20401264266900793 182427409
888668 300 0.19757436347673396 177817822
888968 300 0.1917334503950834 177424121
889268 300 0.1956969271290606 206033085
889568 300 0.1918282704126427 182148537
889868 300 0.19769762949956102 182148537
890168 300 0.1948340649692713 182279771
890468 300 0.19229288849868303 184773213
890768 300 0.19406602282704127 206426786
891068 300 0.19677787532923618 187397888
891368 300 0.19701492537313434 187397888
891668 300 0.19113608428446005 187135420
891968 300 0.18974223002633891 187119016
892268 300 0.19076628621597894 187102612
892568 300 0.18639508340649694 187119016
892868 300 0.18901211589113256 187004187
893168 300 0.19079473222124668 187135420
893468 300 0.20171799824407374 201554732
893768 300 0.19724249341527658 194353278
894068 300 0.19044389815627744 187004187
894368 300 0.19205583845478494 198569164
894668 300 0.1913636523266023 187151825
894968 300 0.1924635645302897 187004187
895268 300 0.18950517998244076 187004187
895568 300 0.18673643546971028 186741720
895868 300 0.20019139596136962 198027824
896168 300 0.19403757682177347 187414293
896468 300 0.19080421422300262 187545526
896768 300 0.18789323968393326 187529122
897068 300 0.19238770851624232 187529122
897368 300 0.18703985952589988 187397888
897668 300 0.1893819139596137 187414293
897968 300 0.18776049165935033 187414293
898268 300 0.18469780509218614 187529122
898568 300 0.18050676031606672 187529122
898868 300 0.17620193151887623 187381484
899168 300 0.17794661984196664 187496314
899468 300 0.17954907813871815 187643952
899768 300 0.17719754170324847 188152482
900068 300 0.18722001755926254 204294237
900368 300 0.1798145741878841 194993043
900668 300 0.17973871817383671 187397888
900968 300 0.1796723441615452 187397888
901268 300 0.17867673397717296 187381484
901568 300 0.17146093064091308 187266654
901868 300 0.17314872695346795 187266654
902168 300 0.18481158911325724 189891330
902468 300 0.18687866549604917 195009447
902768 300 0.18046883230904304 187414293
903068 300 0.17973871817383671 187119016
903368 300 0.17213415276558383 187430697
903668 300 0.17277892888498683 187283059
903968 300 0.1731676909569798 187299463
904268 300 0.175841615452151 187447101
904568 300 0.18239367866549605 188611801
904868 300 0.1929945566286216 214579684
905168 300 0.1943789288849868 214596088
905468 300 0.18155926251097454 195682020
905768 300 0.17551922739244952 195682020
906068 300 0.1791603160667252 195583595
906368 300 0.18293415276558384 195583595
906668 300 0.18578823529411762 195567191
906968 300 0.191401580333626 195567191
907268 300 0.1891638279192274 195829659
907568 300 0.19524179104477613 211446478
907868 300 0.1907188762071993 200291607
908168 300 0.1819669885864794 194911022
908468 300 0.18553222124670765 194943831
908768 300 0.18261176470588236 194943831
909068 300 0.19153432835820897 195075064
909368 300 0.19417032484635646 195075064
909668 300 0.1875803336259877 195058660
909968 300 0.1955546971027217 197929399
910268 300 0.19785882352941178 203047516
910568 300 0.1917998244073749 195452361
910868 300 0.1878742756804214 195173490
911168 300 0.19106022827041264 195042256
911468 300 0.1901689201053556 195173490
911768 300 0.18943880597014925 194911022
912068 300 0.187798419666374 194763384
912368 300 0.1961330992098332 208821802
912668 300 0.1888698858647937 203047516
912968 300 0.18769411764705882 195173490
913268 300 0.1852572431957858 195075064
913568 300 0.18553222124670765 195075064
913868 300 0.1860252853380158 195075064
914168 300 0.17941633011413521 195189894
914468 300 0.18370219490781384 195321127
914768 300 0.17971975417032485 195321127
915068 300 0.18325654082528534 195321127
915368 300 0.19582019315188762 201079009
915668 300 0.19738472344161548 209215504
915968 300 0.19365829675153645 203703685
916268 300 0.1873148375768218 195550786
916568 300 0.1920084284460053 195550786
916868 300 0.1832091308165057 195435957
917168 300 0.19225496049165938 195452361
917468 300 0.19063353819139597 195452361
917768 300 0.19497629499561017 197420868
918068 300 0.20741668129938542 210281778
918368 300 0.19453064091308167 201243052
918668 300 0.19284284460052678 195452361
918968 300 0.19565899912203688 195468766
919268 300 0.19300403863037752 195468766
919568 300 0.20184126426690077 195468766
919868 300 0.20796663740122914 195468766
920168 300 0.1988354697102722 195452361
920468 300 0.1966451273046532 195452361
920768 300 0.19532712906057947 206869700
921068 300 0.21369376646180863 221321820
921368 300 0.20473327480245831 209773247
921668 300 0.202201580333626 202949091
921968 300 0.2000681299385426 203063920
922268 300 0.19583915715539946 203063920
922568 300 0.19828551360842842 202801453
922868 215 0.20051378402107112 202817857
923083 5 0.14877050043898157 201259456
923088 5 0.14749043020193153 194714172
923093 10 0.14623880597014924 194714172
923103 65 0.1490454784899034 202325730
923168 99 0.15446918349429326 201653157
923267 3 0.1506953467954346 120288215
923270 7 0.1506953467954346 120288215
923277 1 0.1506953467954346 120304620
923278 190 0.16235820895522388 148634711
923468 300 0.19598138718173833 210462225
923768 300 0.20224899034240565 207296210
924068 300 0.19329798068481122 198126250
924368 300 0.19716663740122917 197863782
924668 300 0.19936646180860404 197995016
924968 160 0.20984407374890254 198011420
925128 5 0.15432695346795436 195157086
925133 4 0.15379596136962248 189858522
925137 2 0.15208920105355575 189858522
925139 8 0.15208920105355575 189858522
925147 1 0.15208920105355575 189858522
925148 120 0.1539097453906936 197273230
925268 43 0.14229429323968393 195911680
925311 3 0.1445604916593503 120632704
925314 1 0.13705074626865674 115202907
925315 9 0.13705074626865674 115202907
925324 244 0.15745601404741003 159297456
925568 286 0.18986549604916592 193844748
925854 6 0.14438981562774364 191630178
925860 3 0.14489236172080772 185691849
925863 5 0.1425692712906058 185691849
925868 4 0.1578068481123793 194484512
925872 1 0.1578068481123793 194500917
925873 166 0.15898261633011412 201784391
926039 2 0.15985496049165934 121846617
926041 1 0.15569236172080775 120550683
926042 7 0.15569236172080775 120550683
926049 2 0.15580614574187882 120550683
926051 1 0.15569236172080775 120550683
926052 116 0.17078770851624234 144041529
926168 76 0.21505917471466202 200570479
926244 5 0.14992730465320456 188775843
926249 6 0.14914978050921862 183805363
926255 1 0.14835329236172082 183575704
926256 9 0.14835329236172082 183575704
926265 1 0.14835329236172082 183575704
926266 162 0.14968077260755047 190432669
926428 3 0.15068586479367868 103293441
926431 10 0.14526215978928886 103293441
926441 27 0.15701984196663743 111971275
926468 300 0.17221000877963125 161922131
926768 300 0.20680035118525023 183526492
927068 300 0.20771062335381912 183821768
927368 300 0.1977545215100966 184330299
927668 300 0.20471431079894645 184756809
927968 300 0.20301703248463565 184773213
928268 300 0.20073187006145743 184658383
928568 300 0.20391782265144867 190055372
928868 300 0.21288779631255486 198470738
929168 300 0.20406005267778754 188103270
929468 300 0.1996793678665496 185642637
929768 300 0.20548235294117648 185790274
930068 300 0.20446777875329236 185659041
930368 300 0.2018886742756804 185544211
930668 300 0.20264723441615454 185675445
930968 300 0.20547287093942054 185659041
931268 300 0.21446180860403863 194451704
931568 300 0.2074925373134328 189464820
931868 300 0.2033678665496049 186446443
932168 300 0.20252396839332748 186725315
932468 300 0.20591852502194907 186872953
932768 300 0.20479016681299383 186708911
933068 300 0.2027515364354697 186348018
933368 300 0.20431606672519756 186626890
933668 300 0.21895627743634766 213775878
933968 300 0.2104698858647937 214710918
934268 300 0.20500825285338015 188857864
934568 300 0.1929945566286216 188595396
934868 300 0.2102612818261633 201193839
935168 300 0.20848814749780512 188332929
