132468 300 0.1480593503072871 175078317
132768 300 0.1489222124670764 169550094
133068 300 0.14647585601404742 167187886
133368 300 0.14463634767339772 167302716
133668 300 0.15691553994732219 182788302
133968 300 0.15536997366110625 182000899
134268 300 0.14734820017559264 175176742
134568 300 0.1482774363476734 187775185
134868 300 0.1442001755926251 172568472
135168 300 0.14482598770851624 169796158
135468 300 0.1415262510974539 168877521
135768 300 0.14371659350307286 164546807
136068 300 0.16348656716417911 178326354
136368 300 0.15763617208077263 169796158
136668 300 0.14617243195785776 169812562
136968 300 0.14391571553994734 178851288
137268 300 0.14743353819139596 172306004
137568 300 0.1468266900790167 170731198
137868 300 0.14237014925373134 166777781
138168 300 0.14456997366110622 166909015
138468 300 0.15114100087796312 174947083
138768 300 0.15207023705004388 170731198
139068 300 0.1408056189640035 170468731
139368 300 0.1441622475856014 170337497
139668 300 0.1421710272168569 169139989
139968 300 0.14273046532045655 165875549
140268 300 0.14331834942932395 165498252
140568 300 0.1458215978928885 165990378
140868 300 0.1571620719929763 180311264
141168 300 0.1489222124670764 170977262
141468 300 0.14740509218612818 165859144
141768 300 0.14879894644424935 165990378
142068 300 0.14949113257243196 165859144
142368 300 0.14653274802458296 166039591
142668 300 0.14699736611062336 166302058
142968 300 0.1490739244951712 166449696
143268 300 0.1548294995610184 172355217
143568 300 0.16169446883230904 184297490
143868 300 0.1545545215100966 180229243
144168 300 0.1468266900790167 174323723
144468 300 0.14908340649692714 169845370
144768 300 0.1495480245829675 169861774
145068 300 0.14651378402107113 169582903
145368 300 0.14908340649692714 169845370
145668 300 0.15694398595259 174471361
145968 300 0.1665587357330992 185626232
146268 300 0.15456400351185254 176308634
146568 300 0.14702581211589114 173159023
146868 300 0.15068586479367868 172765322
147168 300 0.1437260755048288 172109153
147468 300 0.1450345917471466 169057968
147768 300 0.14428551360842845 167909672
148068 300 0.14731027216856893 168713479
148368 300 0.1623297629499561 187069804
148668 300 0.1480972783143108 177752206
148968 300 0.14437085162423177 171436580
149268 300 0.14787919227392451 171452984
149568 300 0.14645689201053555 171436580
149868 300 0.1511315188762072 170517943
150168 300 0.15117892888498685 166728568
150468 300 0.15380544337137841 163825021
150768 300 0.16031957857769974 184822425
151068 300 0.15304688323090432 180918220
151368 300 0.1546019315188762 175143934
151668 300 0.15182370500438983 174865062
151968 300 0.15440280948200175 174471361
152268 300 0.14677928007023705 171584218
152568 300 0.15050570676031605 168565841
152868 300 0.15440280948200175 167384737
153168 300 0.15740860403863038 170534348
153468 300 0.16333485513608428 174865062
153768 300 0.1555690956979807 167909672
154068 300 0.15212712906057943 166466101
154368 300 0.15368217734855139 166334867
154668 300 0.1531227392449517 165941166
154968 300 0.15375803336259877 165678698
155268 300 0.15618542581211592 165809932
155568 300 0.1559009657594381 165957570
155868 300 0.16506057945566285 172502854
156168 300 0.16160913081650571 188136078
156468 300 0.1554647936786655 175800103
156768 300 0.15677330992098332 173848000
157068 300 0.16383740122914836 172109153
157368 300 0.1598739244951712 171584218
157668 300 0.15740860403863038 167007440
157968 300 0.15063845478489904 165284997
158268 300 0.15719051799824407 163595362
158568 300 0.17001018437225637 166220037
158868 300 0.16949815627743636 190514691
159168 300 0.17121439859525903 188956290
159468 300 0.4510756804214222 177145249
159768 300 0.5189099209833187 177145249
160068 300 0.5045162423178227 177128845
160368 300 0.5119975417032484 176882782
160668 300 0.4963143107989464 176866378
160968 300 0.5057963125548727 176866378
161268 300 0.49756593503072866 176751548
161568 300 0.5032361720807725 182919535
161868 300 0.5218872695346796 189612458
162168 300 0.5183978928884986 182132133
162468 300 0.5019086918349429 173618341
162768 300 0.5052179104477611 170353902
163068 300 0.4995476733977173 169943796
163368 300 0.5027146619841967 169943796
163668 300 0.49519543459174714 169287627
163968 300 0.49246461808604036 167302716
164268 300 0.4874770851624232 167450354
164568 300 0.49633327480245826 179917563
164868 300 0.48478419666374006 187397888
165168 300 0.47706584723441614 178752863
165468 300 0.47450570676031606 178621629
165768 300 0.4708741000877963 178490395
166068 253 0.48222405618964 178227928
166321 47 0.3566254609306409 178096694
166368 137 0.34468762071992975 176521889
166505 3 0.34337910447761194 101062467
166508 9 0.3415301141352063 101062467
166517 151 0.35273784021071114 116449627
166668 300 0.3816200175592625 163989063
166968 300 0.4426461808604038 171797473
167268 300 0.45062054433713783 171010070
167568 300 0.44859139596136965 179392628
167868 300 0.41914029850746265 168122927
168168 177 0.43428305531167694 167204290
168345 123 0.33742440737489027 167204290
168468 61 0.319977524143986 165645889
168529 4 0.3252021071115014 95993562
168533 1 0.3170665496049166 91367572
168534 8 0.3170665496049166 91367572
168542 1 0.3170665496049166 91367572
168543 1 0.3170665496049166 91367572
168544 224 0.34084741000877966 124963419
168768 300 0.4125977172958736 160134071
169068 184 0.4314669007901668 160412943
169252 116 0.29729657594381037 160281709
169368 68 0.30052045654082526 158575670
169436 2 0.314316769095698 85740924
169438 1 0.2962820017559263 85740924
169439 10 0.2962820017559263 85740924
169449 1 0.2962820017559263 85757328
169450 1 0.2962820017559263 85757328
169451 210 0.32093520632133454 119992939
169661 7 0.23188024582967517 119992939
169668 179 0.30047304653204565 153457552
169847 4 0.29952484635645305 81935144
169851 2 0.29764741000877964 81935144
169853 10 0.29764741000877964 81935144
169863 105 0.3135961369622476 94057864
169968 300 0.350955223880597 159166222
170268 300 0.40175978928884987 167630800
170568 300 0.379249517120281 155294826
170868 300 0.3821415276558384 153473957
171168 300 0.3796477611940299 153703616
171468 300 0.36658156277436343 153851254
171768 300 0.3664772607550483 153687211
172068 300 0.3620017559262511 153818445
172368 300 0.37616786654960493 159871603
172668 300 0.37345601404740997 173782384
172968 300 0.36083546971027214 173782384
173268 300 0.35008287971905183 166302058
173568 300 0.3449720807726076 161840110
173868 300 0.33695978928884984 157771863
174168 300 0.348641615452151 155015953
174468 300 0.3423266022827041 155672122
174768 300 0.3543213345039508 155540889
175068 300 0.35188446005267776 162627513
175368 300 0.3477313432835821 171551410
175668 300 0.34314205443371376 156590759
175968 300 0.3466503950834065 156590759
176268 300 0.34298086040386305 156754801
176568 300 0.3565496049165935 156607163
176868 300 0.33698823529411764 156607163
177168 300 0.3355564530289728 156738397
177468 300 0.34203266022827045 156344695
177768 300 0.3451996488147498 156475929
178068 300 0.34155856014047414 156344695
178368 300 0.338875153643547 156213462
178668 300 0.3449815627743635 156607163
178968 300 0.34922949956101845 156607163
179268 300 0.39467673397717296 156344695
179568 300 0.3525671641791045 156213462
179868 300 0.4140389815627744 174454957
180168 300 0.36533942054433716 184166256
180468 300 0.3503957857769974 173388682
180768 300 0.3274019315188762 170386710
181068 300 0.3345134328358209 170239072
181368 300 0.3264916593503073 168795500
181668 300 0.3246237050043898 164874891
181968 300 0.3231160667251976 162381450
182268 300 0.32193081650570676 162496279
182568 300 0.33066374012291483 179556670
182868 300 0.32353327480245825 177194462
183168 300 0.3184698858647937 169714137
183468 300 0.32854925373134325 169599307
183768 300 0.33403933274802455 174176085
184068 300 0.3228410886742757 165645889
184368 300 0.32436769095697976 159346668
184668 300 0.3300094820017559 158706904
184968 300 0.3357650570676032 159363072
185268 300 0.316753643546971 169205606
185568 300 0.32145671641791046 166974631
185868 300 0.31259104477611943 163825021
186168 300 0.22785039508340654 84051288
186468 69 0.2332456540825285 84051288
186537 231 0.2985197541703249 163152448
186768 107 0.21486005267778752 81820314
186875 193 0.3031469710272168 163152448
187068 300 0.30878876207199296 159740370
187368 300 0.3037253731343284 159330264
187668 300 0.32635891132572437 173388682
187968 300 0.31757857769973663 191876241
188268 300 0.30474942932396837 176685931
188568 300 0.30657945566286215 175357189
188868 300 0.3156063213345039 173405086
189168 300 0.3164312554872695 171567814
189468 300 0.32071712028094823 170124242
189768 300 0.33095768217734856 165006125
190068 300 0.321390342405619 163710192
190368 300 0.3200154521510096 164103893
190668 300 0.32161791044776117 185888700
190968 300 0.35598068481123796 177210866
191268 131 0.19075680421422303 88464024
191399 169 0.23621352063213344 171059283
191568 300 0.1702377524143986 180754178
191868 300 0.15955153643546974 174454957
192168 300 0.15368217734855139 171436580
192468 300 0.15384337137840212 165793528
192768 300 0.14951957857769974 159740370
193068 300 0.15787322212467078 163546149
193368 282 0.10933485513608428 88939747
193650 18 0.16174187884108868 168926734
193668 300 0.15097980684811238 166302058
193968 300 0.14145039508340648 166433292
194268 300 0.14569833187006145 162250216
194568 300 0.14243652326602282 159740370
194868 300 0.1419244951712028 159609136
195168 300 0.13954451273046534 159494306
195468 300 0.1338647936786655 159510711
195768 300 0.13930746268656716 159888007
196068 300 0.14176330114135205 177719397
196368 300 0.13840667251975416 166695760
196668 300 0.13662405618964005 166712164
196968 300 0.13560948200175593 166318463
197268 300 0.1325942054433714 161741685
197568 300 0.14634310798946443 166991036
197868 300 0.14435188762071993 172634088
198168 300 0.13425355575065848 167237099
198468 300 0.12832730465320455 165006125
198768 300 0.13824547848990343 164218722
199068 300 0.13176927129060578 163054023
199368 300 0.12973064091308165 160954282
199668 300 0.13175030728709394 160970686
199968 300 0.13037541703248465 160429347
200268 300 0.13587497805092186 160839453
200568 300 0.13688955223880597 163332894
200868 300 0.14821106233538192 168975946
201168 300 0.1426451273046532 160954282
201468 300 0.13918419666374013 160823048
201768 300 0.14009446883230903 173552725
202068 300 0.1429675153643547 160560581
202368 300 0.14050219490781388 160183284
202668 300 0.13534398595259 159920816
202968 300 0.1315511852502195 159625540
203268 300 0.13414925373134326 159494306
203568 300 0.13344758560140474 159477902
203868 300 0.14391571553994734 170386710
204168 300 0.14609657594381037 160937878
204468 300 0.13655768217734854 160134071
204768 300 0.13523020193151888 159740370
205068 300 0.14010395083406496 159477902
205368 300 0.13416821773485513 159346668
205668 300 0.1385963125548727 159477902
205968 300 0.13439578577699737 159494306
206268 300 0.13348551360842845 159346668
206568 300 0.13777137840210713 159740370
206868 300 0.13932642669007902 160281709
207168 300 0.15123582089552237 175767295
207468 300 0.14630517998244075 165153763
207768 300 0.1381980684811238 160150475
208068 300 0.1379799824407375 159888007
208368 300 0.137657594381036 160150475
208668 300 0.13375100965759437 159871603
208968 300 0.13083055311676908 159756774
209268 300 0.134699209833187 159625540
209568 300 0.130716769095698 159494306
209868 300 0.13352344161545215 159363072
210168 300 0.1392126426690079 176160996
210468 300 0.12976856892010535 165924762
210768 300 0.1275782265144864 159494306
211068 300 0.12788165057067605 159756774
211368 300 0.12363371378402108 159888007
211668 300 0.12238208955223881 159773178
211968 300 0.12172783143107989 159740370
212268 300 0.12180368744512732 159740370
212568 300 0.1169963125548727 159494306
212868 300 0.12323546971027217 160412943
213168 300 0.12825144863915716 168057310
213468 300 0.11510939420544337 162643917
213768 300 0.11399051799824408 159494306
214068 300 0.11553608428446005 159477902
214368 300 0.11413274802458297 159330264
214668 300 0.11528955223880596 159740370
214968 300 0.11643687445127304 159461498
215268 300 0.1133457418788411 159346668
215568 300 0.1132414398595259 159510711
215868 300 0.11070026338893765 159510711
216168 300 0.11251132572431959 159379477
216468 300 0.11913924495171203 174340128
216768 300 0.11443617208077261 170534348
217068 300 0.11033994732221247 159773178
217368 300 0.11187603160667252 159641944
217668 300 0.10997963125548728 159494306
217968 300 0.11080456540825286 159264647
218268 300 0.11047269534679545 159395881
218568 300 0.1072393327480246 159264647
218868 300 0.10880386303775243 159264647
219168 300 0.1102451273046532 161118324
219468 300 0.12079859525899912 181984495
219768 300 0.11133555750658472 169910988
220068 300 0.10726777875329237 160330921
220368 300 0.11084249341527656 160183284
220668 300 0.10706865671641791 160183284
220968 300 0.10753327480245829 160068454
221268 300 0.10800737489025461 159937220
221568 300 0.10515329236172082 159674753
221868 300 0.1086521510096576 160052050
222168 300 0.10625320456540825 160281709
222468 300 0.10752379280070237 160035646
222768 300 0.11838068481123792 173323066
223068 300 0.11654117647058823 175422806
223368 300 0.10719192273924495 160183284
223668 300 0.10830131694468832 160330921
223968 300 0.11016927129060579 160314517
224268 300 0.10403441615452151 159674753
224568 300 0.10359824407374892 159674753
224868 300 0.10960035118525023 159543519
225168 300 0.10687901668129939 159395881
225468 300 0.1129569798068481 163726596
225768 300 0.12116839332748025 169878179
226068 300 0.10783669885864794 160839453
226368 300 0.10420509218612818 160823048
226668 300 0.10993222124670765 160314517
226968 300 0.1333622475856014 160052050
227268 300 0.10169236172080773 160314517
227568 300 0.11289060579455663 160183284
227868 300 0.11429394205443372 160199688
228168 300 0.1110036874451273 160298113
228468 300 0.11608604038630377 160462155
228768 300 0.12079859525899912 178572417
229068 300 0.11917717295873574 181033050
229368 300 0.11336470588235292 173421491
229668 300 0.11508094820017559 173323066
229968 300 0.11441720807726075 166498909
230268 300 0.11221738366988587 161905727
230568 300 0.11565935030728708 160199688
230868 300 0.11398103599648815 160593389
231168 300 0.1145784021071115 160593389
231468 300 0.1145784021071115 160593389
231768 300 0.110529587357331 160593389
232068 300 0.1241172958735733 173060598
232368 300 0.12152870939420544 188267312
232668 300 0.12076066725197543 181705623
232968 300 0.11737559262510974 173700363
233268 300 0.11866514486391572 171748260
233568 300 0.11614293239683934 168336182
233868 300 0.1176410886742757 163332894
234168 300 0.11390517998244072 160330921
234468 300 0.12209762949956103 160330921
234768 300 0.11672133450395084 160330921
235068 300 0.11915820895522387 160462155
235368 300 0.1257387181738367 176062570
235668 300 0.11882633889376645 166367676
235968 300 0.11541281826163301 160708219
236268 300 0.1196702370500439 160970686
236568 300 0.11978402107111501 160970686
236868 300 0.11648428446005268 160839453
237168 300 0.11688252853380159 160855857
237468 300 0.11904442493415276 160839453
237768 300 0.11708165057067603 160855857
238068 300 0.1203244951712028 162693130
238368 300 0.13212010535557506 174635403
238668 300 0.118115188762072 166351271
238968 300 0.11626619841966639 161233154
239268 300 0.11746093064091308 160987090
239568 300 0.11778331870061456 160970686
239868 300 0.11709113257243196 161364388
240168 300 0.11726180860403863 161101920
240468 300 0.11575417032484636 161118324
240768 300 0.12048568920105356 161364388
241068 300 0.11697734855136085 160987090
241368 300 0.13078314310798947 177538951
241668 300 0.12009692712906059 173569129
241968 300 0.11563090430201932 173601937
242268 300 0.11755575065847235 171469389
242568 300 0.11496716417910448 163743000
242868 300 0.11803933274802458 160724623
243168 300 0.11971764705882354 160741027
243468 300 0.11835223880597016 161265962
243768 300 0.12019174714661983 161397196
244068 300 0.12073222124670764 161134728
244368 300 0.13835926251097455 172158366
244668 300 0.1253025460930641 172158366
244968 300 0.12694293239683932 161134728
245268 300 0.12827989464442494 161249558
245568 300 0.12553959613696225 161265962
245868 300 0.12496119402985074 161265962
246168 300 0.12329236172080772 161659663
246468 300 0.12229675153643547 161397196
246768 300 0.11842809482001757 161265962
247068 300 0.12191747146619841 162168195
247368 300 0.13399754170324846 175947741
247668 300 0.12092186128182617 164792870
247968 300 0.11759367866549605 161512026
248268 300 0.11697734855136085 161512026
248568 300 0.117214398595259 161512026
248868 300 0.12138647936786656 161905727
249168 300 0.12214503950834066 161922131
249468 300 0.11586795434591746 161790897
249768 300 0.11704372256365232 161922131
250068 300 0.11507146619841965 161922131
250368 300 0.12831782265144862 176095379
250668 300 0.1254921861281826 167302716
250968 300 0.11941422300263388 162315832
251268 300 0.1233492537313433 162184599
251568 300 0.12182265144863914 162447066
251868 300 0.12042879719051801 162463470
252168 300 0.11803933274802458 162447066
252468 300 0.11999262510974538 161922131
252768 300 0.12094082528533802 161922131
253068 300 0.12480948200175593 161922131
253368 300 0.1389281826163301 175045509
253668 300 0.13016681299385427 173077002
253968 300 0.12362423178226514 163234469
254268 300 0.12901000877963126 163513341
254568 300 0.13118138718173836 162725938
254868 300 0.13016681299385427 162201003
255168 300 0.12833678665496048 162857172
255468 300 0.12998665496049167 163250873
255768 300 0.1304797190517998 162840768
256068 300 0.12528358208955223 162463470
256368 300 0.1279859525899912 165104550
256668 300 0.13901352063213346 175882124
256968 300 0.12897208077260755 165891953
257268 300 0.12470517998244074 163136044
257568 300 0.12505601404741 162988405
257868 300 0.12708516242317822 162988405
258168 300 0.1334286215978929 163103235
258468 300 0.1327459174714662 163250873
258768 300 0.12448709394205444 162972001
259068 300 0.12507497805092185 162578300
259368 300 0.1251603160667252 162184599
259668 300 0.14145987708516242 179769925
259968 300 0.12975908691834945 179507457
260268 300 0.1254542581211589 163365703
260568 300 0.12070377524143985 163103235
260868 300 0.11955645302897279 163103235
261168 300 0.1229604916593503 162972001
261468 300 0.12503705004389815 163234469
261768 300 0.12257172958735733 163103235
262068 300 0.12116839332748025 162709534
262368 300 0.12771097453906935 162972001
262668 300 0.12889622475856014 164431977
262968 300 0.1765148375768218 182279771
263268 300 0.17885689201053556 180836199
263568 300 0.14721545215100967 175865720
263868 300 0.13429148375768218 175718082
264168 300 0.22354556628621597 173487108
264468 300 0.27471992976294995 165219380
264768 300 0.2554809482001756 163119639
265068 300 0.26995048287971907 163644574
265368 300 0.2592453028972783 163759404
265668 300 0.23798665496049165 163365703
265968 300 0.27376224758560147 169927392
266268 300 0.28631641791044776 186479252
266568 300 0.2748052677787533 179507457
266868 300 0.27630342405618963 177555355
267168 300 0.18423318700614574 177424121
267468 300 0.1698774363476734 172945768
267768 300 0.1980674275680421 169271223
268068 300 0.23183283582089553 164825679
268368 300 0.2570265144863916 164678040
268668 300 0.26818683055311676 165219380
268968 300 0.28258050921861283 165727911
269268 300 0.2742837576821774 165465443
269568 300 0.27761194029850744 170714794
269868 300 0.2746345917471466 184904446
270168 300 0.27715680421422295 175586848
270468 300 0.25604986830553117 174536978
270768 300 0.16589499561018436 172322408
271068 300 0.1937057067603161 170862432
271368 300 0.20424021071115014 168516628
271668 300 0.2505692712906058 166941823
271968 300 0.26387251975417036 164563211
272268 300 0.2629906935908692 164956912
272568 300 0.2622605794556629 164842083
272868 300 0.27809552238805973 181098667
273168 300 0.2768818261633011 186758124
273468 300 0.26098999122036876 177949056
273768 300 0.27063318700614575 177686589
274068 300 0.25881861281826163 177817822
274368 300 0.2600702370500439 177834226
274668 300 0.26391044776119404 176374251
274968 300 0.2672860403863038 169943796
275268 300 0.26059174714661987 168795500
275568 300 0.269049692712906 168664266
275868 300 0.27848428446005263 174799446
276168 300 0.2828744512730465 183838172
276468 300 0.27540263388937664 169681328
276768 300 0.26766532045654085 169664924
277068 300 0.2604684811237928 177949056
277368 300 0.26243125548726953 172568472
277668 300 0.2049134328358209 178736459
277968 300 0.14269253731343284 179917563
278268 300 0.13871009657594383 171108496
278568 300 0.13414925373134326 169139989
278868 300 0.13165548726953466 165596677
279168 300 0.1299297629499561 164809274
279468 300 0.12665847234416153 164940508
279768 300 0.1315227392449517 164940508
280068 300 0.1341208077260755 169008755
280368 300 0.1307926251097454 172453642
280668 300 0.1268670763827919 170616369
280968 300 0.12189850746268655 170353902
281268 300 0.12463880597014926 168401799
281568 300 0.11748937664618085 164579615
281868 300 0.12085548726953468 164317147
282168 300 0.12327339771729585 164448381
282468 300 0.11675926251097454 164448381
282768 300 0.11855136084284461 163907042
283068 300 0.12590939420544336 164579615
283368 300 0.1281661106233538 184133448
283668 300 0.12600421422300265 189497629
283968 300 0.1209028972783143 177588163
284268 300 0.12381387181738367 175472019
284568 300 0.11784021071115014 170337497
284868 28 0.1239655838454785 165891953
284896 1 0.12486637401229148 163300086
284897 4 0.09450500438981563 161725281
284901 3 0.09582300263388938 156311887
284904 1 0.0928361720807726 156311887
284905 8 0.0928361720807726 156311887
284913 1 0.0928361720807726 156311887
284914 168 0.09419209833187006 163972659
285082 5 0.09216294995610184 91269146
285087 8 0.09091132572431958 91269146
285095 73 0.10553257243195786 104261290
285168 300 0.0984305531167691 143204914
285468 300 0.1261369622475856 159674753
285768 300 0.12127269534679544 160347326
286068 300 0.1271894644424934 163759404
286368 300 0.13481299385425813 174110468
286668 300 0.12462932396839332 168746287
286968 9 0.1226286215978929 168500224
286977 6 0.09389815627743635 164481190
286983 3 0.09442914837576823 159067797
286986 2 0.09240948200175593 159067797
286988 10 0.09240948200175593 159067797
286998 165 0.09370851624231781 166810590
287163 6 0.09161299385425813 93188440
287169 9 0.09098718173836699 93188440
287178 90 0.10714451273046534 105114310
287268 300 0.10539034240561897 174717424
287568 300 0.11581106233538192 159707561
287868 297 0.11644635645302896 156443121
288165 3 0.0966953467954346 156443121
288168 3 0.08980193151887621 148323031
288171 2 0.08947006145741879 147125523
288173 1 0.08732712906057946 147125523
288174 7 0.08732712906057946 147125523
288181 1 0.08732712906057946 147125523
288182 168 0.08861668129938542 154983145
288350 3 0.086871992976295 86479113
288353 1 0.08568674275680423 86479113
288354 8 0.08568674275680423 86479113
288362 1 0.08568674275680423 86495518
288363 105 0.0984305531167691 101193700
288468 300 0.10298191395961372 151341408
288768 300 0.11451202809482003 156426717
289068 300 0.11984091308165057 158378819
289368 300 0.1289910447761194 176374251
289668 300 0.1253025460930641 161151133
289968 300 0.12031501316944689 161052708
290268 300 0.11784021071115014 160265305
290568 253 0.11937629499561019 157657033
290821 5 0.08991571553994732 154737082
290826 4 0.0896881474978051 149405710
290830 9 0.08841755926251096 149405710
290839 29 0.09386971027216857 155868973
290868 139 0.08773485513608428 154540231
291007 4 0.08624618086040386 86823602
291011 14 0.08533590869183494 86823602
291025 143 0.11256821773485513 100832808
291168 300 0.10172080772607552 151669492
291468 300 0.11736611062335381 156131441
291768 300 0.11817208077260755 155606506
292068 300 0.1140758560140474 156000207
292368 300 0.11269148375768218 155868973
292668 300 0.11810570676031606 155885377
292968 254 0.1319494293239684 172945768
293222 6 0.09896154521510096 182558643
293228 3 0.10050711150131694 177817822
293231 12 0.0970935908691835 177817822
293243 25 0.10274486391571554 184297490
293268 137 0.0883511852502195 168811905
293405 1 0.16366672519754172 92565080
293406 4 0.08599016681299386 92565080
293410 3 0.08599016681299386 92565080
293413 155 0.09801334503950834 117499497
293568 22 0.11365864793678665 153736424
293590 6 0.08598068481123794 148634711
293596 4 0.08555399473222125 144238380
293600 1 0.08394205443371379 144238380
293601 11 0.08394205443371379 144238380
293612 164 0.08505144863915716 151751514
293776 8 0.0823206321334504 78391832
293784 7 0.0823206321334504 78391832
293791 1 0.0823206321334504 78391832
293792 76 0.09832625109745391 90006021
293868 300 0.09751079894644425 138021180
294168 300 0.1153369622475856 147453607
294468 300 0.1157352063213345 147502820
294768 300 0.11830482879719052 148158989
295068 300 0.11415171202809482 148437861
295368 300 0.11413274802458297 148585498
295668 300 0.1129474978050922 148716732
295968 300 0.11973661106233537 156065824
296268 300 0.12510342405618965 175882124
296568 300 0.11485338015803336 166187229
296868 300 0.11301387181738368 164760061
297168 300 0.11344056189640037 158362415
297468 300 0.11564986830553117 154277764
297768 300 0.11360175592625109 150504793
298068 300 0.10927796312554873 150389963
298368 300 0.11501457418788412 150914898
298668 300 0.11652221246707639 150652431
298968 300 0.1197081650570676 150652431
299268 300 0.12394661984196664 153802041
299568 300 0.12644986830553115 168106523
299868 300 0.11753678665496048 168221352
300168 300 0.11676874451273048 165334209
300468 300 0.11830482879719052 154310572
300768 300 0.1151188762071993 151062536
301068 300 0.11729973661106234 151571067
301368 300 0.10920210711150131 151718705
301668 300 0.11309920983318701 151472641
301968 300 0.11103213345039507 151357812
302268 300 0.11816259877085161 153063851
302568 300 0.12585250219490782 166580930
302868 300 0.1196702370500439 166433292
303168 300 0.11267251975417032 152784979
303468 300 0.11665496049165934 152391278
303768 300 0.11110798946444249 151603875
304068 300 0.11776435469710272 151357812
304368 300 0.11536540825285338 151374216
304668 300 0.1153369622475856 152178023
304968 300 0.11521369622475856 152571724
305268 300 0.11568779631255487 153211489
305568 300 0.12529306409130817 175652465
305868 300 0.12557752414398596 174865062
306168 300 0.11507146619841965 162791555
306468 300 0.11814363476733979 159773178
306768 300 0.12022967515364355 157542204
307068 300 0.11946163301141352 155573697
307368 300 0.11697734855136085 152949022
307668 300 0.11565935030728708 152834192
307968 300 0.11455943810359966 152719363
308268 300 0.11795399473222123 153113064
308568 300 0.11588691834942932 153506765
308868 300 0.12687655838454784 167696418
309168 300 0.11965127304653204 161659663
309468 300 0.11386725197541704 153900466
309768 300 0.11566883230904301 153621595
310068 300 0.11615241439859526 153752829
310368 300 0.11287164179104477 153490361
310668 300 0.1097710272168569 153359127
310968 300 0.1185892888498683 153621595
311268 300 0.13191150131694468 154556635
311568 300 0.12237260755048288 154573039
311868 300 0.12847901668129938 167171482
312168 300 0.11558349429323968 162463470
312468 300 0.11454047410008779 160347326
312768 300 0.11689201053555752 160363730
313068 300 0.11452151009657593 158247585
313368 300 0.11611448639157154 156279079
313668 300 0.11590588235294118 154966741
313968 300 0.11829534679543459 154294168
314268 300 0.12015381913959614 154294168
314568 300 0.11943318700614573 154162934
314868 300 0.12941773485513608 162184599
315168 300 0.12643090430201934 167958885
315468 300 0.12112098331870061 155229208
315768 300 0.11996417910447761 154851912
316068 300 0.1198124670763828 173864405
316368 300 0.11351641791044777 154704273
316668 300 0.11512835820895523 154458210
316968 300 0.11245443371378401 154474614
317268 300 0.12035294117647058 154589444
317568 300 0.11648428446005268 154687869
317868 300 0.1185134328358209 154425402
318168 300 0.12943669885864795 167171482
318468 300 0.12947462686567163 160084858
318768 300 0.12527410008779633 155360442
319068 300 0.11888323090430203 155508080
319368 300 0.11952800702370499 166941823
319668 300 0.11782124670763827 154737082
319968 300 0.11563090430201932 154737082
320268 300 0.11386725197541704 154737082
320568 300 0.11706268656716418 154589444
320868 300 0.11768849868305531 154474614
321168 300 0.11371553994732221 154326976
321468 300 0.1263550482879719 164415573
321768 300 0.12466725197541703 154441806
322068 300 0.11469218612818262 154310572
322368 300 0.11400948200175592 154048105
322668 300 0.11509991220368745 154310572
322968 300 0.11702475856014047 154441806
323268 300 0.11304231782265145 154195743
323568 300 0.1153369622475856 154212147
323868 300 0.11979350307287094 154080913
324168 300 0.11973661106233537 153949679
324468 300 0.13320105355575065 166433292
324768 300 0.1254163301141352 163267278
325068 300 0.1171764705882353 154737082
325368 300 0.11836172080772606 154737082
325668 300 0.11575417032484636 154737082
325968 300 0.11716698858647936 154638657
326268 300 0.11705320456540826 154901124
326568 300 0.11692045654082528 154901124
326868 300 0.11611448639157154 154753486
327168 300 0.11827638279192274 155262017
327468 300 0.12614644424934152 175472019
327768 300 0.1201443371378402 175340785
328068 300 0.11373450395083406 170501539
328368 300 0.11692045654082528 169845370
328668 300 0.12137699736611063 163398511
328968 300 0.1173945566286216 159477902
329268 300 0.1167118525021949 156459525
329568 300 0.1225243195785777 154507423
329868 300 0.11943318700614573 154769890
330168 300 0.11977453906935909 154753486
330468 300 0.11894012291483759 154769890
330768 300 0.1279859525899912 163316490
331068 300 0.12815662862159788 180114414
331368 300 0.1250275680421422 170403114
331668 300 0.12119683933274802 167614396
331968 300 0.1223441615452151 160937878
332268 300 0.11871255487269534 158559265
332568 300 0.12078911325724319 156328291
332868 300 0.11798244073748902 155163592
333168 300 0.1197460930640913 155179996
333468 300 0.12137699736611063 155048762
333768 300 0.1187694468832309 155048762
334068 300 0.13182616330114136 174733828
334368 300 0.13150377524143986 178933309
334668 300 0.12392765583845479 164497594
334968 300 0.1229604916593503 164366360
335268 300 0.12681018437225638 163431319
335568 300 0.12254328358208955 161725281
335868 300 0.12163301141352063 160544176
336168 300 0.12052361720807726 160806644
336468 300 0.11640842844600525 160659006
336768 300 0.12004951712028095 159100605
337068 300 0.1255870061457419 158050735
337368 300 0.14045478489903424 163693787
337668 300 0.12589991220368743 158854542
337968 300 0.12105460930640914 157017269
338268 300 0.12416470588235294 157148503
338568 300 0.12211659350307286 157000864
338868 300 0.12395610184372256 157132098
339168 300 0.12771097453906935 156853227
339468 300 0.12318805970149253 156721993
339768 300 0.12405092186128183 157246928
340068 300 0.12491378402107112 157263332
340368 300 0.13491729587357332 165416230
340668 300 0.14020825285338015 176571102
340968 300 0.1278721685689201 165547464
341268 300 0.12820403863037752 164366360
341568 300 0.12637401229148376 163185256
341868 300 0.12831782265144862 158460840
342168 300 0.12731273046532046 157148503
342468 300 0.12456294995610184 157279736
342768 300 0.13010043898156276 157263332
343068 300 0.128526426690079 157132098
343368 300 0.12726532045654085 157788267
343668 300 0.12892467076382794 163168852
343968 300 0.1373636523266023 181033050
344268 300 0.1250275680421422 172486450
344568 300 0.12221141352063214 172240387
344868 300 0.12196488147497805 171452984
345168 300 0.12594732221246707 164760061
345468 300 0.12500860403863037 160954282
345768 300 0.12268551360842846 160954282
346068 300 0.12445864793678665 160150475
346368 300 0.12095978928884987 158198373
346668 300 0.12196488147497805 157935905
346968 300 0.1323476733977173 159658348
347268 300 0.13932642669007902 179491053
347568 300 0.1299582089552239 176997612
347868 300 0.12442071992976295 173191832
348168 300 0.12400351185250219 171223325
348468 300 0.12503705004389815 165071742
348768 300 0.12500860403863037 159018584
349068 300 0.12602317822651446 158756116
349368 300 0.1271515364354697 158493649
349668 300 0.12505601404741 158887350
349968 300 0.12371905179982441 159149818
350268 300 0.12961685689201052 166892610
350568 300 0.13618788410886742 185002872
350868 300 0.1284126426690079 179376223
351168 300 0.12381387181738367 174258106
351468 300 0.12789113257243195 172552067
351768 300 0.12354837576821774 166925419
352068 300 0.12351044776119403 159970029
352368 300 0.12115891132572432 159691157
352668 300 0.12112098331870061 159543519
352968 300 0.1228087796312555 159412285
353268 300 0.12307427568042141 159674753
353568 300 0.1307262510974539 171354559
353868 300 0.12838419666374012 181311922
354168 300 0.12773942054433712 173585533
354468 300 0.1225622475856014 173454300
354768 300 0.12514135206321333 182000899
355068 300 0.12569130816505705 165990378
355368 300 0.12354837576821774 159805986
355668 300 0.12188902546093065 159281052
355968 300 0.1266774363476734 159953625
356268 300 0.12536892010535558 160068454
356568 300 0.1271799824407375 159691157
356868 300 0.13022370500438982 165695102
357168 300 0.1348414398595259 164924104
357468 300 0.12789113257243195 160314517
357768 300 0.12351044776119403 160052050
358068 300 0.1263834942932397 160068454
358368 300 0.1198503950834065 159822391
358668 300 0.12366215978928885 160084858
358968 300 0.12307427568042141 159970029
359268 300 0.12150026338893766 159707561
359568 300 0.1262507462686567 160101262
359868 300 0.1261369622475856 160232496
360168 300 0.13799894644424934 175718082
360468 300 0.13768604038630378 180819795
360768 300 0.12994872695346796 173995639
361068 300 0.12505601404741 173716767
361368 300 0.12387076382791923 193270600
361668 300 0.11751782265144865 166498909
361968 300 0.15984547848990344 163907042
362268 300 0.18863283582089552 161938536
362568 300 0.12195539947322212 161676068
362868 300 0.1233208077260755 161528430
363168 300 0.11868410886742758 161659663
363468 300 0.13020474100087795 180573732
363768 300 0.1330683055311677 168237757
364068 300 0.12616540825285338 166269250
364368 300 0.12409833187006145 164710849
364668 300 0.12067532923617208 164448381
364968 300 0.11965127304653204 162217407
365268 300 0.11724284460052677 161052708
365568 300 0.11915820895522387 160773835
365868 300 0.11666444249341527 161413600
366168 300 0.11802036874451274 161561238
366468 300 0.1190918349429324 161298771
366768 300 0.1294935908691835 168254161
367068 300 0.13536294995610185 184395916
367368 300 0.12455346795434592 174815850
367668 300 0.1208270412642669 172059940
367968 300 0.12248639157155398 170747602
368268 300 0.11610500438981562 162725938
368568 300 0.11337418788410886 161019899
368868 300 0.1152990342405619 160642602
369168 300 0.11677822651448638 160511368
369468 300 0.11891167690956979 161430004
369768 300 0.11768849868305531 161151133
370068 300 0.11756523266022828 160773835
370368 300 0.13178823529411765 178884097
370668 300 0.12771097453906935 180491710
370968 300 0.12187006145741879 174848658
371268 300 0.12207866549604916 172223983
371568 300 0.12531202809482 163956255
371868 300 0.11727129060579455 161216749
372168 300 0.11707216856892011 161331579
372468 300 0.11387673397717296 160937878
372768 300 0.11938577699736612 161052708
373068 300 0.11700579455662863 161577642
373368 300 0.10978999122036874 161708876
373668 300 0.12041931518876207 166712164
373968 300 0.12199332748024583 174602595
374268 300 0.1098089552238806 167237099
374568 300 0.10913573309920983 161200345
374868 300 0.10744793678665497 179048139
375168 300 0.10725829675153643 167893268
375468 300 0.10707813871817383 167762034
375768 300 0.10755223880597016 164743657
376068 300 0.10868059701492538 161347983
376368 300 0.10632906057945567 161069112
376668 300 0.11035891132572434 167253504
376968 300 0.11711957857769972 173044194
377268 300 0.11124073748902547 168024502
377568 300 0.108471992976295 167893268
377868 300 0.10695487269534679 166203633
378168 300 0.10660403863037753 163431319
378468 300 0.1102071992976295 161594047
378768 300 0.10579806848112379 161479217
379068 300 0.10465074626865674 161446409
379368 300 0.10720140474100087 161708876
379668 300 0.1116579455662862 161987748
379968 300 0.1265731343283582 176160996
380268 300 0.11319402985074627 166712164
380568 300 0.10935381913959613 162906384
380868 300 0.10953397717295875 162381450
381168 300 0.11111747146619842 162758746
381468 300 0.10582651448639156 162906384
381768 300 0.11101316944688323 162627513
382068 300 0.10524811237928007 162102577
382368 300 0.10741949078138718 161971344
382668 300 0.1052196663740123 161856514
382968 300 0.10848147497805093 162233811
383268 300 0.11791606672519754 168155736
383568 300 0.1225622475856014 181016646
383868 300 0.11211308165057068 181820452
384168 300 0.11008393327480245 175521231
384468 300 0.11229323968393327 174094064
384768 300 0.11239754170324848 167926077
385068 300 0.11127866549604916 162266620
385368 300 0.10911676909569797 162151790
385668 300 0.1100270412642669 162529087
385968 300 0.11308972783143108 162151790
386268 300 0.11070974539069359 162135386
386568 300 0.12467673397717297 172355217
386868 300 0.11703424056189639 178523204
387168 300 0.1153369622475856 175373593
387468 300 0.11476804214223003 174996296
387768 300 0.11121229148375768 165547464
388068 300 0.11215100965759438 161889323
388368 300 0.11101316944688323 162135386
388668 300 0.11061492537313432 162004152
388968 300 0.11231220368744514 161610451
389268 300 0.11386725197541704 162397854
389568 300 0.1274644424934153 182739089
389868 300 0.12181316944688322 177112441
390168 300 0.11268200175592626 163726596
390468 300 0.11498612818261633 163595362
390768 300 0.11477752414398595 163480532
391068 300 0.11417067603160667 163989063
391368 300 0.11368709394205445 164136701
391668 300 0.11225531167690957 164136701
391968 300 0.11463529411764706 164153106
392268 300 0.11839964881474978 165727911
392568 300 0.12728428446005266 178720054
392868 300 0.11718595258999123 169254819
393168 300 0.11445513608428445 163743000
393468 300 0.11395258999122036 163611766
393768 300 0.11169587357330993 163464128
394068 300 0.11180017559262512 163332894
394368 300 0.11405689201053557 163480532
394668 300 0.11266303775241439 163349298
394968 300 0.11235961369622476 162955597
395268 300 0.1141043020193152 162824364
395568 300 0.12507497805092185 175701678
395868 300 0.12036242317822651 172666897
396168 300 0.11091834942932396 163496937
396468 300 0.11314661984196664 163726596
396768 300 0.11196136962247585 163857829
397068 300 0.1124449517120281 163726596
397368 300 0.1096667251975417 163726596
397668 300 0.10719192273924495 163332894
397968 300 0.11057699736611061 163365703
398268 300 0.11192344161545216 163743000
398568 300 0.11117436347673398 163628170
398868 300 0.11116488147497805 163611766
399168 300 0.12289411764705882 177407717
399468 300 0.11681615452151009 177407717
399768 300 0.1132793678665496 162972001
400068 300 0.10875645302897279 169517286
400368 300 0.11424653204565408 163365703
400668 300 0.11378191395961368 162840768
400968 300 0.11209411764705883 162840768
401268 300 0.1149766461808604 162840768
401568 300 0.1160955223880597 162972001
401868 300 0.11817208077260755 164415573
402168 300 0.12370008779631254 166777781
402468 300 0.11621878841088674 163103235
402768 300 0.11418015803336261 163103235
403068 300 0.11587743634767339 163103235
403368 300 0.11026409130816507 163103235
403668 300 0.1097046532045654 163234469
403968 300 0.1110036874451273 163103235
404268 300 0.10835820895522388 163103235
404568 300 0.1124828797190518 163234469
404868 300 0.11277682177348551 165071742
405168 300 0.12373801580333625 185937912
405468 300 0.12156663740122914 175832911
405768 300 0.11784969271290607 163496937
406068 300 0.11250184372256365 163628170
406368 300 0.11268200175592626 177292887
406668 300 0.11235013169446885 163496937
406968 300 0.11317506584723441 163103235
407268 300 0.11538437225636523 162955597
407568 300 0.11393362598770851 162315832
407868 300 0.1098089552238806 162315832
408168 300 0.11866514486391572 163234469
408468 300 0.11942370500438981 174126873
408768 300 0.12163301141352063 162594704
409068 300 0.11395258999122036 162578300
409368 300 0.1142180860403863 162201003
409668 300 0.11426549604916594 162086173
409968 300 0.11102265144863917 161938536
410268 300 0.11037787532923617 161676068
410568 300 0.11085197541703248 161676068
410868 300 0.11486286215978929 162184599
411168 300 0.12134855136084285 164284339
411468 300 0.1250844600526778 178195120
411768 300 0.11613345039508341 168483820
412068 300 0.1151473222124671 162332237
412368 300 0.11339315188762072 162201003
412668 300 0.11496716417910448 162168195
412968 300 0.11401896400351186 162315832
413268 300 0.11278630377524143 162069769
413568 300 0.11370605794556628 162332237
413868 300 0.11611448639157154 162069769
414168 300 0.11136400351185251 161676068
414468 300 0.12665847234416153 173995639
414768 300 0.1233492537313433 174126873
415068 300 0.11662651448639157 162184599
415368 300 0.11911079894644425 162332237
415668 300 0.11791606672519754 162332237
415968 300 0.11466374012291483 162201003
416268 300 0.11675926251097454 162184599
416568 300 0.11818156277436348 161938536
416868 300 0.11508094820017559 161676068
417168 300 0.11632309043020192 161692472
417468 300 0.12744547848990342 172584876
417768 300 0.12278033362598771 172568472
418068 300 0.11612396839332748 162069769
418368 300 0.11432238805970149 162069769
418668 300 0.11866514486391572 176767952
418968 300 0.11621878841088674 163398511
419268 300 0.11572572431957859 163529745
419568 300 0.11666444249341527 163546149
419868 300 0.11828586479367866 163398511
420168 300 0.11651273046532046 163414915
420468 300 0.11917717295873574 164858487
420768 300 0.12668691834942933 174290914
421068 300 0.12338718173836699 164481190
421368 300 0.11844705882352942 164218722
421668 300 0.12164249341527657 164218722
421968 300 0.11586795434591746 164349956
422268 300 0.11794451273046533 164054680
422568 300 0.11963230904302019 163939851
422868 300 0.11884530289727832 164087488
423168 300 0.12095030728709394 164202318
423468 300 0.12453450395083406 164071084
423768 300 0.13421562774363477 180065201
424068 300 0.13165548726953466 186265997
424368 300 0.12553959613696225 177342100
424668 300 0.12353889376646181 176292230
424968 300 0.13063143107989464 172617684
425268 300 0.12871606672519756 167614396
425568 300 0.12633608428446005 164596020
425868 300 0.12553011413520632 164464786
426168 300 0.12737910447761194 164858487
426468 300 0.1341966637401229 165006125
426768 300 0.1381980684811238 164989721
427068 300 0.1481446883230904 176013358
427368 300 0.1453190517998244 176013358
427668 300 0.13616892010535558 165301401
427968 300 0.1338647936786655 164891295
428268 300 0.13785671641791045 164464786
428568 300 0.13743002633889376 164497594
428868 300 0.13962985074626866 165038934
429168 300 0.14299596136962248 165449039
429468 300 0.14078665496049167 165284997
429768 300 0.14694047410008781 165432635
430068 300 0.14806883230904302 165284997
430368 300 0.1572758560140474 179195777
430668 300 0.15204179104477614 174618999
430968 300 0.14746198419666376 165268593
431268 300 0.15142546093064094 165170167
431568 300 0.15253485513608428 165170167
431868 300 0.14557506584723442 165038934
432168 300 0.14273994732221246 165022529
432468 300 0.14622932396839333 165038934
432768 300 0.14852396839332746 165038934
433068 300 0.15047726075504828 165038934
433368 300 0.15431747146619845 166761377
433668 300 0.16141000877963127 192073092
433968 300 0.16160913081650571 195878871
434268 300 0.15306584723441616 185363764
434568 300 0.15303740122914838 179753521
434868 300 0.15252537313432837 177260079
435168 300 0.1536916593503073 173454300
435468 300 0.15125478489903424 171617026
435768 300 0.15538893766461806 169254819
436068 300 0.1557113257243196 169107180
436368 300 0.15471571553994734 166203633
436668 300 0.1560811237928007 165809932
436968 300 0.15353994732221246 166072399
437268 300 0.15916277436347673 183017961
437568 300 0.1562043898156277 188923481
437868 300 0.149870412642669 178309949
438168 300 0.1474430201931519 175537636
438468 300 0.14999367866549604 174356532
438768 300 0.14933942054433716 170271880
439068 300 0.15073327480245832 165170167
439368 300 0.14995575065847236 164661636
439668 300 0.1495764705882353 165038934
439968 300 0.14818261633011415 165022529
440268 300 0.1485998244073749 165432635
440568 300 0.16305987708516245 172519258
440868 300 0.16430201931518876 179080948
441168 300 0.16056611062335382 172535663
441468 300 0.15612853380158034 165563868
441768 300 0.16071782265144866 165842740
442068 300 0.16000667251975417 166088803
442368 300 0.1662363476733977 167269908
442668 300 0.16551571553994734 169107180
442968 300 0.1587360842844601 168188544
443268 300 0.15607164179104477 168188544
443568 300 0.1560147497805092 168057310
443868 300 0.16052818261633015 167778438
444168 300 0.1683982440737489 182345388
444468 300 0.162728007023705 179080948
444768 300 0.16299350307287094 168073714
445068 300 0.16602774363476738 167926077
445368 300 0.17074978050921863 167942481
445668 300 0.16175136084284458 167171482
445968 300 0.16444424934152765 166515313
446268 300 0.15788270412642672 166515313
446568 300 0.1571241439859526 166400484
446868 300 0.15646040386303775 166400484
447168 300 0.16049973661106234 166269250
447468 300 0.1693274802458297 186069146
447768 300 0.1683603160667252 188037653
448068 300 0.15801545215100965 184888042
448368 300 0.1619978928884987 180442498
448668 300 0.16123933274802463 205114448
448968 300 0.15772151009657592 176505484
449268 300 0.1586412642669008 171272538
449568 300 0.1590489903424056 170222668
449868 300 0.15791115013169446 167483163
450168 300 0.15970324846356454 167351929
450468 300 0.16611308165057068 168237757
450768 300 0.16580017559262508 190563903
451068 300 0.1644916593503073 168467416
