593171 300 0.7704969271290607 7972254690
593471 300 0.7796944688323092 7965693000
593771 300 0.7778454784899034 7959131310
594071 300 0.778414398595259 7959131310
594371 300 0.8100368744512731 7959131310
594671 300 0.794486391571554 8083803420
594971 300 0.8424179104477612 8379899610
595271 300 0.791025460930641 7965693000
595571 300 0.7884179104477613 7939446270
595871 300 0.794865671641791 7940266470
596171 300 0.7783195785776997 7946828160
596471 300 0.77571202809482 7946828160
596771 300 0.7553731343283583 7946828160
597071 300 0.7881334503950833 7972254690
597371 300 0.8242124670763828 9062315250
597671 300 0.8018823529411764 8923699590
597971 300 0.7584547848990342 8630064000
598271 300 0.7675575065847235 8596435350
598571 300 0.7863318700614575 8466021780
598871 300 0.7724881474978051 8367596460
599171 300 0.7601615452151009 8308541250
599471 300 0.7586444249341527 8301979560
599771 300 0.779315188762072 8361034770
600071 300 0.8207041264266902 9298536060
600371 300 0.8039209833187007 9272289300
600671 300 0.7952923617208079 8406146370
600971 300 0.7876593503072871 8393843220
601271 300 0.8082827041264267 8380719840
601571 300 0.7852888498683055 8379899610
601871 300 0.7861422300263389 8215857390
602171 300 0.790503950834065 8210936130
602471 300 0.8052010535557506 8269171110
602771 300 0.8463055311676909 9240301080
603071 300 0.8154416154521511 8945025090
603371 300 0.8139719051799825 8557885440
603671 300 0.8283371378402108 8511953610
603971 300 0.8134029850746268 8347911390
604271 300 0.8153467954345918 8321664630
604571 300 1.2137330992098332 8328226320
604871 300 2.206972783143108 8347911390
605171 300 2.3433239683933276 8374978350
605471 300 2.434114135206321 8919598530
605771 300 2.518883230904302 9109887510
606071 300 2.521395961369622 8827734900
606371 300 2.5429201053555746 8840858250
606671 300 2.4819982440737487 9556082340
606971 300 2.468486391571554 8827734900
607271 300 2.5080263388937665 8834296590
607571 300 2.518172080772608 8827734900
607871 300 2.485269534679544 8840858250
608171 300 2.511345039508341 8834296590
608471 300 2.565345039508341 9069697170
608771 300 2.657510096575944 9116449200
609071 300 2.5866795434591747 8696501100
609371 300 2.5526391571553995 8676816030
609671 300 2.677185250219491 8709624480
609971 300 2.5983424056189643 8616940620
610271 300 2.6194872695346794 8590693890
610571 300 2.6690781387181737 8591514090
610871 300 2.6205776997366113 8590693890
611171 300 2.6550921861281824 8584952400
611471 300 2.684486391571554 8780982840
611771 300 2.7624284460052673 9339546630
612071 300 2.6227585601404746 9162381030
612371 300 2.631434591747147 8920418730
612671 300 2.6025618964003514 8853981630
612971 300 2.210149253731343 8736691440
613271 300 1.3929429323968394 8716186170
613571 300 2.13851273046532 8591514090
613871 300 1.3879174714661984 8559525840
614171 300 1.7109218612818262 8507852550
614471 300 1.944653204565408 9360051900
614771 300 1.1424284460052676 8539840800
615071 300 0.974739244951712 8060837490
615371 300 1.1897910447761193 8060017290
615671 300 0.9361000877963127 8060017290
615971 300 0.9229675153643546 8066578980
616271 300 0.9523143107989466 8067399180
616571 300 0.9325443371378404 8067399180
616871 300 0.935531167690957 8080522560
617171 300 0.9320228270412642 8073960870
617471 300 0.9326865671641792 8886790080
617771 300 0.9401773485513609 8342990130
618071 300 0.9494697102721685 8336428440
618371 300 0.9472888498683056 8329866750
618671 300 1.0226233538191396 8277373230
618971 300 1.0333854258121158 8953227180
619271 300 1.0061246707638278 8388921930
619571 300 0.9458665496049166 8342990130
619871 300 0.9490430201931519 8336428440
620171 300 0.9700930640913081 8310181680
620471 300 0.942453028972783 8048534340
620771 300 0.9325917471466199 8021467380
621071 300 0.959046532045654 8021467380
621371 300 0.9320228270412642 8014905690
621671 300 0.999961369622476 8821993410
621971 300 0.9488533801580334 9117269400
622271 300 0.9500386303775241 8652209700
622571 300 0.9241053555750659 8631704430
622871 300 0.957766461808604 8638266120
623171 300 0.9447287093942055 8638266120
623471 300 0.9158560140474101 8632524630
623771 300 0.919980684811238 8566087530
624071 300 0.9473362598770851 8315923170
624371 300 0.998776119402985 9005720700
624671 300 0.9747866549604918 9104146020
624971 300 0.9659683933274803 8382360240
625271 300 0.9455346795434592 8348731590
625571 300 0.9502756804214223 8343810330
625871 300 0.9483792800702371 8212576560
626171 300 0.9581931518876209 8199453180
626471 300 0.9446338893766462 8186329800
626771 300 0.9421685689201054 8063298120
627071 300 0.9847427568042143 8974552680
627371 300 0.9776786654960491 9249323400
627671 300 0.9410307287093943 8665333080
627971 300 0.9334925373134328 8658771390
628271 300 0.9232045654082528 8652209700
628571 300 0.9467673397717298 8653029930
628871 300 0.9258595258999122 8527537620
629171 300 0.9379490781387181 8330686950
629471 300 0.9607532923617208 8317563570
629771 300 1.0755803336259877 8318383800
630071 300 2.6347058823529412 8540661000
630371 300 1.2390500438981562 9145156590
630671 300 2.743132572431958 8659591620
630971 300 2.531589113257243 8613659790
631271 300 2.752424934152766 8620221480
631571 300 2.764561896400351 8527537620
