1907961 300 0.8299490781387182 8445516510
1908261 300 0.8063863037752415 8215857390
1908561 300 0.8186654960491659 8215857390
1908861 300 0.8084723441615452 8208475500
1909161 300 0.7807374890254609 8208475500
1909461 300 0.776470588235294 8208475500
1909761 300 0.767604916593503 8209295700
1910061 300 0.7813064091308166 8217497820
1910361 300 0.8514258121158912 10049029230
1910661 300 0.8417541703248463 9944042220
1910961 300 0.8268674275680422 8224059510
1911261 300 0.8096101843722563 8217497820
1911561 300 0.8049640035118524 8217497820
1911861 300 0.7877067603160668 8217497820
1912161 300 0.787943810359965 8210936130
1912461 300 0.8112695346795435 8204374440
1912761 300 0.806718173836699 8237182890
1913061 300 0.8573994732221248 9050832300
1913361 300 0.8108428446005267 8237182890
1913661 300 0.8196136962247587 8205194670
1913961 300 0.8077611940298507 8205194670
1914261 300 0.7971413520632135 8205194670
1914561 300 0.803494293239684 8205194670
1914861 300 0.7888920105355577 8205194670
1915161 300 0.8134029850746268 8342990130
1915461 300 0.8173380158033363 8487347280
1915761 300 0.7973784021071115 8219138250
1916061 300 0.7711606672519754 8225699940
1916361 300 0.8057699736611063 8225699940
1916661 300 0.7811167690956979 8219138250
1916961 300 0.7926848112379281 8219138250
1917261 300 0.795529411764706 8225699940
1917561 300 0.82971202809482 8251946700
1917861 300 0.8673555750658474 8994237750
1918161 300 0.8430342405618965 8351192220
1918461 300 0.825492537313433 8219138250
1918761 300 0.8422282704126427 9013102590
1919061 300 0.8097050043898156 8218318020
1919361 300 0.8260140474100088 8212576560
1919661 300 0.8271518876207199 8212576560
1919961 300 0.8623301141352064 8251946700
1920261 300 0.8786865671641791 8441415450
1920561 300 0.8615241439859526 8218318020
1920861 300 0.8147304653204566 8219138250
1921161 300 0.822505706760316 8901553890
1921461 300 0.8336470588235294 8225699940
1921761 300 0.8346426690079016 8225699940
1922061 300 0.8430816505706761 8218318020
1922361 300 0.8672133450395083 8211756330
1922661 300 0.8518525021949077 8533279110
1922961 300 0.8728551360842844 8211756330
1923261 300 0.8586795434591747 8206014870
1923561 300 0.7993696224758561 8198632980
1923861 300 0.8296172080772607 8200273380
1924161 300 0.8464951712028096 8199453180
1924461 300 0.8622827041264266 8200273380
1924761 300 0.876126426690079 8200273380
1925061 300 0.8648902546093065 8226520140
1925361 300 0.9222563652326603 10017861210
1925661 300 0.886035118525022 9132033210
1925961 300 0.8866514486391572 8246205210
1926261 300 0.847348551360843 8233902030
1926561 300 0.8510465320456542 8883509250
1926861 300 0.8646057945566286 8233081830
1927161 300 0.8694416154521509 8232261630
1927461 300 0.8588217734855136 8233081830
1927761 300 0.8895434591747146 8239643520
1928061 300 0.9146233538191397 8528357820
1928361 300 0.923441615452151 8239643520
1928661 300 0.8878841088674276 8240463720
1928961 300 0.8952326602282705 8232261630
1929261 300 0.8548393327480247 8233081830
1929561 300 0.8868884986830554 8239643520
1929861 300 0.8681141352063214 8239643520
1930161 300 0.9196488147497806 8292137040
1930461 300 0.9545899912203687 8994237750
1930761 300 0.9179420544337139 8219958450
1931061 300 0.9058525021949078 8219138250
1931361 300 0.9260491659350308 8219138250
1931661 300 0.9312168568920106 8219958450
1931961 300 0.9408884986830555 8213396760
1932261 300 0.9294626865671644 8213396760
1932561 300 0.9902897278314311 8370877290
1932861 300 1.0320105355575067 8489807910
1933161 300 0.9859280070237051 8225699940
1933461 300 0.9663476733977173 8239643520
1933761 300 0.9538788410886743 8239643520
1934061 300 0.94415978928885 8239643520
1934361 300 1.025515364354697 8239643520
1934661 300 1.1046426690079019 8278193430
1934961 300 1.1611553994732222 8973732450
1935261 300 1.1923511852502195 8251946700
1935561 300 0.991474978050922 8251946700
1935861 300 1.0505478489903424 8251946700
1936161 300 1.097294117647059 8251126470
1936461 300 1.1959069359086918 8251946700
1936761 300 1.1102844600526778 8251946700
1937061 300 1.2847058823529411 8311001880
1937361 300 1.52142405618964 8954867610
1937661 300 1.3815645302897277 8265070080
1937961 300 1.3173239683933275 8265070080
1938261 300 1.4863880597014925 8271631770
1938561 300 1.3960245829675153 8297878500
1938861 300 1.661330992098332 8297878500
1939161 300 1.5977541703248463 8298698730
1939461 300 1.8538156277436348 8456179260
1939761 300 2.0959385425812114 10076916420
1940061 300 1.989929762949956 9145976790
1940361 300 1.923508340649693 8430752700
1940661 300 1.9934381035996487 8443876080
1940961 300 2.0246812993854255 8450437770
1941261 300 2.04596839332748 8449617570
1941561 300 2.0830904302019313 8449617570
1941861 300 2.0963178226514487 8443055880
1942161 300 2.0927620719929765 8449617570
1942461 300 2.1985812115891132 9204211800
1942761 300 2.169945566286216 8836757220
1943061 300 1.8558542581211588 8469302640
1943361 300 1.9190517998244072 8475864330
1943661 300 2.1541580333625987 8469302640
1943961 300 2.168855136084284 8482426020
1944261 300 2.1988182616330114 8475044100
1944561 300 2.2387374890254614 8468482410
1944861 300 2.2222388059701492 8567727960
1945161 300 2.1967322212467075 9145156590
1945461 300 2.2238981562774365 8495549400
1945761 300 2.206071992976295 8502111090
1946061 300 2.214321334503951 8502111090
1946361 300 2.1774363476733978 8515234440
1946661 300 2.233190517998244 8534919510
1946961 300 2.234043898156277 8541481200
1947261 300 2.2121878841088676 8548042890
1947561 300 2.2036066725197543 8935182540
1947861 300 2.218446005267779 8534099310
1948161 300 2.2327164179104475 8534099310
1948461 300 2.2270746268656714 8540661000
1948761 300 2.1864442493415277 8534099310
1949061 300 2.219251975417033 8541481200
1949361 300 2.2173555750658474 8553784380
1949661 300 2.239638279192274 8567727960
1949961 300 2.202231782265145 9361692330
1950261 300 2.205882352941176 8580851340
1950561 300 2.2209587357330993 8574289650
1950861 300 2.206166812993854 8575109880
1951161 300 2.2272642669007903 8575109880
1951461 300 2.229113257243196 8574289650
1951761 300 2.178953467954346 8573469450
1952061 300 2.2473187006145743 8573469450
1952361 300 2.19644776119403 8573469450
1952661 300 2.204934152765584 10371372180
1952961 300 2.2177348551360843 9893189130
1953261 300 2.2139894644424936 8600536410
1953561 300 2.179285338015803 8600536410
1953861 300 2.2125197541703248 8600536410
1954161 300 2.2092010535557502 8600536410
1954461 300 2.170087796312555 8601356610
1954761 300 2.229113257243196 8601356610
1955061 300 2.2457067603160668 8607098100
1955361 300 2.23622475856014 8666153310
1955661 300 2.193129060579456 9611036490
1955961 300 2.2028007023705003 9078719490
1956261 300 2.2166918349429325 9072157800
1956561 300 2.2247515364354697 9072978000
1956861 300 2.2318630377524147 9079539690
1957161 300 2.2266005267778755 9079539690
1957461 300 2.2296821773485513 9079539690
1957761 300 2.239069359086918 9072978000
1958061 300 2.2352765583845478 9093483300
1958361 300 2.1853538191395963 9853818990
1958661 300 2.2224758560140474 9113168340
1958961 300 2.218446005267779 9113168340
1959261 300 2.2091062335381917 9113168340
1959561 300 2.208537313432836 9113168340
1959861 300 2.2230921861281825 9112348140
1960161 300 2.1995768217734852 9112348140
1960461 300 2.256089552238806 9113168340
1960761 300 2.2574170324846357 9171403350
1961061 300 2.1966848112379282 9420747510
1961361 300 2.2174503950834064 9106606650
1961661 300 2.1998138718173834 9100044990
1961961 300 2.2386900790166813 9100044990
1962261 300 2.2286391571553996 9100044990
1962561 300 2.191991220368745 9100044990
1962861 300 2.2096751536435466 9100044990
1963161 300 2.2590289727831427 9158279970
1963461 300 2.234612818261633 9939120930
1963761 300 2.222807726075505 9125471520
1964061 300 2.2284969271290604 9125471520
1964361 300 2.225604916593503 9125471520
1964661 300 2.185401229148376 9125471520
1964961 300 2.218967515364355 9125471520
1965261 300 2.2138946444249337 9126291720
1965561 300 2.2263634767339773 9126291720
1965861 300 2.220484635645303 9164841660
1966161 300 2.2250834064969274 9807887160
1966461 300 2.2011887620719928 9112348140
1966761 300 2.2592186128182616 9112348140
1967061 300 2.195926251097454 9118909830
1967361 300 2.241202809482002 9105786450
1967661 300 2.2465601404741 9099224760
1967961 300 2.208774363476734 9106606650
1968261 300 2.2305829675153643 9107426880
1968561 300 2.2319578577699737 9107426880
1968861 300 2.1942669007901667 10268025600
1969161 300 2.2144635645302895 10504246380
1969461 300 2.2038437225636525 9145976790
1969761 300 2.2543353819139593 9152538480
1970061 300 2.2269323968393326 9139415100
1970361 300 2.259692712906058 9145156590
1970661 300 2.230345917471466 9059854620
1970961 300 2.215222124670764 8995057950
1971261 300 2.250068481123793 8844139110
1971561 300 2.2523915715539946 8825274240
1971861 300 2.2181141352063216 9598733340
1972161 300 2.2120456540825284 8785904130
1972461 300 2.239116769095698 8798207280
1972761 300 2.274010535557507 8805589200
1973061 300 2.2530079016681297 8832656160
1973361 300 2.3020772607550484 8838397620
1973661 300 2.2544776119402985 8837577420
1973961 300 2.272540825285338 8837577420
1974261 300 2.287095697980685 8922879390
1974561 300 2.2745794556628622 9224717070
1974861 300 2.275148375768218 8942564430
1975161 300 2.2862423178226514 8942564430
1975461 300 2.2610676031606673 8936822970
1975761 300 2.2774714661984197 8938463400
1976061 300 2.26718349429324 8937643170
1976361 300 2.2759543459174716 8938463400
1976661 300 2.272683055311677 9004080270
1976961 300 2.287854258121159 9337906200
1977261 300 2.2596453028972783 8951586750
1977561 300 2.2650500438981567 8950766550
1977861 300 2.3051115013169445 8944204860
1978161 300 2.272920105355575 8943384660
1978461 300 2.2678946444249344 8944204860
1978761 300 2.2633432835820897 8944204860
1979061 300 2.284914837576822 8865464610
1979361 300 2.2966725197541704 8859723120
1979661 300 2.2888024582967517 9312479640
1979961 300 2.2840614574187885 8951586750
1980261 300 2.2737734855136087 8951586750
1980561 300 2.2751957857769973 8951586750
1980861 300 2.2934486391571554 8945025090
1981161 300 2.261494293239684 8899093260
1981461 300 2.2702177348551364 8879408190
1981761 300 2.288849868305531 8879408190
1982061 300 2.286574187884109 8881048620
1982361 300 2.2779929762949958 8880228390
1982661 300 2.2779929762949958 8880228390
1982961 300 2.2653345039508337 8881048620
1983261 300 2.2984741000877964 8853981630
1983561 300 2.2755750658472342 8840858250
1983861 300 2.270028094820018 8841678480
1984161 300 2.2747690956979807 8841678480
1984461 300 2.2784196663740124 8841678480
1984761 300 2.2377892888498687 8846599740
1985061 300 2.274247585601405 8846599740
1985361 300 2.2643863037752414 8848240170
1985661 300 2.266851624231782 8847419940
1985961 300 2.267420544337138 8847419940
1986261 300 2.280742756804214 8847419940
1986561 300 2.2852467076382794 8847419940
1986861 300 2.2726356453028975 8846599740
1987161 300 2.267515364354697 8847419940
1987461 300 2.2866215978928888 8847419940
1987761 300 2.3388674275680423 10651884390
1988061 300 2.235418788410887 11124325980
1988361 300 2.2347550482879717 9470780400
1988661 300 2.255330992098332 9397781610
1988961 300 2.246702370500439 9398601810
1989261 300 2.2820702370500436 9397781610
1989561 300 2.27358384547849 9398601810
1989861 300 2.2556628621597894 9405163500
1990161 300 2.282354697102722 9399422040
1990461 300 2.228686567164179 9398601810
1990761 300 2.3007497805092187 9536397300
1991061 300 2.2880438981562774 10158937530
1991361 300 2.2920737489025464 9424848570
1991661 300 2.2555680421422304 9385478430
1991961 300 2.3135030728709394 9392040120
1992261 300 2.30700790166813 9384658230
1992561 300 2.2578437225636523 9384658230
1992861 300 2.2327164179104475 9384658230
1993161 300 2.295582089552239 9312479640
1993461 300 2.2381211589113255 9234559590
1993761 300 2.300038630377524 9497027160
1994061 300 2.260309043020193 9372355050
1994361 300 2.2917892888498685 9260806350
1994661 300 2.2925952589991216 9273929730
1994961 300 2.2439999999999998 9273929730
1995261 300 2.295345039508341 9273929730
1995561 300 2.285531167690957 9280491420
1995861 300 2.2670412642669007 9273929730
1996161 300 2.2691747146619843 9255064890
1996461 300 2.3041158911325725 9969468750
1996761 300 2.277945566286216 9542138760
1997061 300 2.2946338893766463 9241121280
1997361 300 2.280553116769096 9241941510
1997661 300 2.283445127304653 9241941510
1997961 267 2.2591237928007026 9248503200
1998228 1 2.2591237928007026 9248503200
1998229 32 2.3217998244073748 9793123350
1998261 300 2.0789657594381037 12483415800
1998561 300 1.0337172958735734 16755075270
1998861 300 0.9744073748902546 14018850990
1999161 300 0.9845057067603161 14018850990
1999461 300 0.9890096575943812 14018850990
1999761 300 0.991095697980685 14012289300
2000061 300 0.9960263388937666 13894178910
2000361 300 1.015274802458297 13835123700
2000661 300 0.9926602282704126 13854808770
2000961 300 1.027316944688323 15908617380
2001261 300 0.9807603160667253 13913863980
2001561 300 1.0230500438981562 13873673640
2001861 300 1.0415399473222124 13880235330
2002161 300 1.015274802458297 13847426880
2002461 300 1.0306356453028973 13828562010
2002761 300 1.0309675153643547 13822000320
2003061 300 1.023998244073749 13815438630
2003361 300 1.021390693590869 13815438630
2003661 300 1.0330061457418789 13926987360
2003961 300 1.0738735733099212 14503595760
2004261 300 1.0415399473222124 14123838030
2004561 300 1.053060579455663 13835123700
2004861 300 1.0163178226514487 13822000320
2005161 300 1.0306356453028973 13835123700
2005461 300 0.9732221246707639 13881055530
2005761 300 0.9299841966637402 13861370460
2006061 300 0.9651150131694469 13854808770
2006361 300 1.0006251097453907 13848247080
2006661 300 1.01873573309921 14623346580
2006961 300 1.0067410008779631 14110714650
2007261 300 1.0055557506584725 13822000320
2007561 300 0.9908586479367868 13822000320
2007861 300 1.0074047410008777 13822000320
2008161 300 0.9789113257243195 13822000320
2008461 300 0.9883933274802459 13822000320
2008761 300 1.0085899912203686 13822000320
2009061 300 1.0318683055311677 13849067310
2009361 300 1.053202809482002 14917802370
2009661 300 1.0486040386303777 14602841310
2009961 300 1.0161281826163302 14294441940
2010261 300 1.0073099209833187 14287880250
2010561 300 1.036324846356453 14300183400
2010861 300 1.0083055311676912 14150904990
2011161 300 1.0215329236172082 13775248290
2011461 300 1.007878841088674 13691586750
2011761 300 1.005081650570676 13709631420
2012061 300 1.0293081650570677 13683384660
2012361 300 0.9824196663740123 13565274240
2012661 300 1.0151799824407375 13572656160
2012961 300 0.9951255487269535 13572656160
2013261 300 1.0017629499561018 13572656160
2013561 300 0.9861176470588235 13565274240
2013861 300 1.04315188762072 15034272360
2014161 300 1.0294503950834066 15946347090
2014461 300 1.018071992976295 15218819850
2014761 300 1.0302089552238805 14214881460
2015061 300 1.0201580333625988 14220622920
2015361 300 1.017171202809482 14214061230
2015661 300 1.0224337137840211 14188634700
2015961 300 1.044953467954346 14031154170
2016261 300 1.0322949956101843 13834303500
2016561 300 1.0182616330114136 13729316490
2016861 300 1.1197190517998243 14037715860
2017161 300 1.1370711150131696 13755563220
2017461 300 1.0934539069359086 13611206070
2017761 300 1.0902774363476733 13611206070
2018061 300 1.090087796312555 13624329450
2018361 300 1.0850149253731345 13611206070
2018661 300 1.0718349429323968 13604644380
2018961 300 1.0864372256365233 13663699590
2019261 300 1.1465531167690957 14662716720
2019561 300 1.1062546093064092 14461764990
2019861 300 1.0644389815627744 14254251600
2020161 300 1.0552888498683055 14241948420
2020461 300 1.0696066725197542 13966357500
2020761 300 1.048556628621598 13899920400
2021061 300 1.0278858647936786 13880235330
2021361 300 1.101513608428446 13781809980
2021661 300 1.1118964003511853 13799854620
2021961 300 1.1292010535557506 14726693190
2022261 300 1.0762914837576822 14686502850
2022561 300 1.0776663740122916 14208319770
2022861 300 1.0535346795434593 14082827460
2023161 300 1.0572326602282702 13964717070
2023461 300 1.0106760316066725 13952413890
2023761 300 1.0449060579455662 13904841660
2024061 300 1.0627322212467076 13747361130
2024361 300 1.0397383669885865 13616127330
2024661 300 1.0799894644424937 15420591780
2024961 300 1.059745390693591 16130074380
2025261 300 1.0808902546093064 15946347090
2025561 300 1.0227181738366988 14358418410
2025861 300 0.9898156277436347 14358418410
2026161 300 1.0246619841966638 14325609960
2026461 300 1.006503950834065 14162387940
2026761 300 0.9880614574187885 14031154170
2027061 300 0.9897208077260755 13834303500
2027361 300 0.9553485513608428 13722754800
2027661 300 0.9780579455662863 14069704080
2027961 300 1.073494293239684 14621706150
2028261 300 1.0739209833187005 13762124910
2028561 300 0.9869236172080774 13767046200
2028861 300 0.9989657594381037 13799854620
2029161 300 1.006646180860404 13780169550
2029461 300 1.0031852502194907 13773607890
2029761 300 0.9931343283582089 13753922820
2030061 300 0.9854539069359088 13760484510
2030361 300 1.0175978928884986 14036075430
2030661 300 1.0445267778753293 14331351420
2030961 300 1.036988586479368 14055760500
2031261 300 1.020110623353819 13786731240
2031561 300 0.9991079894644426 13785090840
2031861 300 1.0123827919227393 13759664280
2032161 300 0.9974486391571553 13759664280
2032461 300 0.98270412642669 13766225970
2032761 300 0.9192695346795436 13766225970
2033061 300 0.9226356453028973 13766225970
2033361 300 0.9800491659350309 14218982520
2033661 300 0.9554433713784021 13910583120
2033961 300 0.9112572431957857 13772787660
2034261 300 0.8860825285338015 14625807210
2034561 300 0.8903968393327482 14040996690
2034861 300 0.8996417910447763 14041816920
2035161 300 0.890918349429324 14061501960
2035461 300 0.9012537313432837 14054940300
2035761 300 0.9478103599648815 14658615660
2036061 300 0.8997366110623355 14205859140
2036361 300 0.8837120280948201 14199297450
2036661 300 0.8670711150131694 14206679340
2036961 300 0.9189850746268656 14128759290
2037261 300 0.838577699736611 14068883880
2037561 300 0.9059947322212467 14062322190
2037861 300 0.9146707638279192 13826101380
2038161 300 0.8960860403863039 13747361130
2038461 300 0.9275662862159789 14036075430
2038761 300 0.9552063213345039 14935026810
2039061 300 0.8812467076382793 14357598180
2039361 300 0.8673555750658474 14337092910
2039661 300 0.8959438103599648 14316587640
2039961 300 0.8709587357330992 14199297450
2040261 300 0.897603160667252 14082827460
2040561 300 0.8789710272168569 14035255230
2040861 300 0.8530851624231781 13931088420
2041161 300 1.3389429323968394 13852348140
2041461 300 0.887978928884987 14055760500
2041761 300 0.8966075504828798 15794608050
2042061 300 0.8784969271290606 15886471680
2042361 300 0.8992625109745391 14456023530
2042661 300 0.8711483757682179 14442900150
2042961 300 0.8695364354697104 14442900150
2043261 300 0.8823371378402108 14396968320
2043561 300 0.9063266022827041 14232926100
2043861 300 0.8522791922739246 14173870890
2044161 300 0.8282897278314312 14180432580
2044461 300 0.8791606672519755 14036895630
2044761 300 0.9490430201931519 14377283250
2045061 300 0.9067058823529411 14436338460
2045361 300 0.9116365232660227 13858909830
2045661 300 0.8653643546971028 13845786450
2045961 300 0.8127392449517121 13819539690
2046261 300 0.876884986830553 13812978000
2046561 300 0.8766479367866551 13806416310
2046861 300 0.8755100965759438 13826101380
2047161 300 0.8519947322212469 13831842870
2047461 300 0.8654117647058824 14081187030
2047761 300 0.8678296751536437 14141062440
2048061 300 0.8590588235294118 13852348140
2048361 300 0.8563090430201933 13858909830
2048661 300 0.8666444249341528 13865471520
2048961 300 0.8322721685689202 13858909830
2049261 240 0.8719543459174715 13858909830
2049501 60 0.6504073748902546 13858909830
2049561 125 0.6483213345039509 13773607890
2049686 3 0.7168762071992977 8812971090
2049689 2 0.6275557506584724 8812971090
2049691 9 0.6275557506584724 8812971090
2049700 161 0.706161545215101 10515729360
2049861 300 0.792163301141352 13314289650
2050161 300 0.9101668129938542 14082007260
2050461 300 0.8756049165935031 14089389150
2050761 300 0.865838454784899 13595622060
2051061 300 0.8654591747146619 13596442290
2051361 189 0.9192695346795436 14351036490
2051550 111 0.6400245829675154 13878594900
2051661 72 0.6555750658472344 13840044990
2051733 4 0.6356628621597893 9175504410
2051737 2 0.6356628621597893 9017203650
2051739 11 0.6356628621597893 9017203650
2051750 211 0.6970114135206322 11297390550
2051961 300 0.7662774363476733 13466028720
2052261 23 0.9093608428446006 13505398830
2052284 186 0.6290254609306409 13400411820
2052470 4 0.6226725197541703 8393843220
2052474 9 0.6093503072870939 8393843220
2052483 1 0.6093503072870939 8393843220
2052484 77 0.6661474978050921 9591351420
2052561 140 0.7557050043898156 12389091510
2052701 160 0.5295592625109745 12382529820
2052861 24 0.6308270412642669 13156809120
2052885 5 0.5854556628621599 8301159360
2052890 1 0.5854556628621599 8301159360
2052891 10 0.5854556628621599 8301159360
2052901 260 0.685585601404741 11260481040
2053161 300 0.8543178226514487 12783613080
2053461 300 0.8308972783143109 12783613080
2053761 300 0.8183336259877085 12803298120
2054061 300 0.7999859525899913 12809859810
2054361 300 0.8237857769973662 12796736430
2054661 300 0.8499561018437226 12809859810
2054961 300 0.846969271290606 12836106570
2055261 300 0.8278156277436349 12822983190
2055561 300 0.8397155399473222 12836106570
2055861 300 0.7983740122914839 12842668260
2056161 300 0.7866163301141352 12836106570
2056461 300 0.8012660228270414 12875476710
2056761 300 0.8064811237928008 12914846850
2057061 300 0.7799315188762074 12901723470
2057361 300 0.787043020193152 12908285160
2057661 300 0.7599719051799825 12901723470
2057961 300 0.7767550482879719 12875476710
2058261 300 0.7780825285338016 13551330660
2058561 300 0.8195662862159789 15034272360
2058861 300 0.7914521510096575 14325609960
2059161 300 0.7704969271290607 13006710480
2059461 300 0.7832502194907816 12987025410
2059761 300 0.7939174714661985 12960778680
2060061 300 0.803636523266023 12973902030
2060361 300 0.7933485513608429 12972261630
2060661 300 0.7846725197541703 12939453180
2060961 300 0.7850517998244073 12947655300
2061261 300 0.8024512730465321 12947655300
2061561 300 0.8444565408252853 13610385870
2061861 300 0.804774363476734 13676002740
2062161 300 0.8079982440737489 13026395550
2062461 300 0.7936330114135206 12979643520
2062761 300 0.7905513608428446 12973902030
2063061 300 0.782918349429324 13572656160
2063361 300 0.4953292361720808 7702405260
2063661 112 0.5639315188762072 7722090300
2063773 6 0.5641211589113257 7722090300
2063779 1 0.5640263388937665 7722910530
2063780 4 0.5639315188762072 7722910530
2063784 1 0.5639315188762072 7722910530
2063785 175 0.5717067603160668 8110870380
2063960 1 0.5717067603160668 8110870380
2063961 300 0.6121000877963125 10853656320
2064261 300 0.7517699736611062 13137944280
2064561 300 0.8207989464442493 13439781960
2064861 300 0.8122651448639158 13308548190
2065161 300 0.7788884986830553 13052642310
2065461 300 0.7714451273046532 12968160570
2065761 300 0.7781773485513608 12987025410
2066061 300 0.737025460930641 12973902030
2066361 300 0.7683160667251976 12987025410
2066661 300 0.7495891132572432 12986205210
2066961 300 0.7684108867427569 12980463720
2067261 300 0.810937664618086 13658778330
2067561 300 0.8178121158911326 13831022640
2067861 300 0.7887497805092187 13680103800
2068161 300 0.8120755048287971 13627610310
2068461 300 0.798326602282704 13199460090
2068761 300 0.8299016681299387 13036238100
2069061 300 0.7834872695346795 13042799790
2069361 300 0.8091360842844602 13037058300
2069661 300 0.7763283582089552 13030496610
2069961 300 0.7969517120280948 13043619990
2070261 300 0.7999385425812116 13050181680
2070561 300 0.7652818261633011 13029676410
2070861 300 0.7429043020193152 13056743370
2071161 300 0.7475030728709395 13056743370
2071461 300 0.7705917471466199 13037058300
2071761 300 0.7788410886742758 13036238100
2072061 300 0.7872326602282704 13043619990
2072361 300 0.7761861281826163 13042799790
2072661 300 0.7765654082528534 13055923170
2072961 300 0.7587392449517121 13069046520
2073261 300 0.7607304653204565 13049361480
2073561 300 0.7757594381035997 13063305060
2073861 300 0.7773713784021072 13056743370
2074161 300 0.7564161545215101 13043619990
2074461 300 0.7958138718173837 13057563570
2074761 300 0.7838191395961369 13057563570
2075061 300 0.7527655838454784 13051001880
2075361 300 0.7331852502194909 13043619990
2075661 300 0.7834398595258999 13050181680
2075961 300 0.7774661984196665 13043619990
2076261 300 0.7681738366988587 15884831280
2076561 300 0.7767550482879719 13556251920
2076861 300 0.7685057067603163 13543128540
2077161 300 0.7786514486391571 13543128540
2077461 300 0.7940597014925372 14356777980
2077761 300 0.7327585601404742 15098248830
2078061 300 0.7669885864793679 13084630530
2078361 300 0.7706391571553995 13091192220
2078661 300 0.7751431079894646 13084630530
2078961 300 0.7747638279192275 13070686950
2079261 300 0.736883230904302 13064125260
2079561 300 0.7942019315188763 13063305060
2079861 300 0.7989429323968393 13069866750
2080161 300 0.7880860403863038 13076428440
2080461 300 0.7806426690079018 13063305060
2080761 300 0.7578858647936787 13102675200
2081061 300 0.7740526777875331 13161730380
2081361 300 0.7940597014925372 13135483620
2081661 300 0.8215100965759438 13517702010
2081961 300 0.8321299385425813 15487028880
2082261 300 0.822126426690079 15774922980
2082561 300 0.8293801580333625 13917965040
2082861 300 0.8453099209833187 13694047410
2083161 300 0.8113643546971028 13522623270
2083461 300 0.8227427568042142 13404512880
2083761 300 0.8391466198419667 13318390710
2084061 300 0.8150149253731345 13195359030
2084361 300 0.804774363476734 13228167480
2084661 300 0.7885601404741002 13248672780
2084961 300 0.8186654960491659 13228987710
2085261 300 0.8630412642669008 13745720700
2085561 300 0.867640035118525 15668295540
2085861 300 0.8843757682177348 15537061770
2086161 300 0.831655838454785 15117113670
2086461 300 0.8500035118525021 13811337600
2086761 300 0.7914521510096575 13680924030
2087061 300 0.8511413520632134 14094310410
2087361 300 0.8077611940298507 13687485720
2087661 300 0.828574187884109 13398771390
2087961 300 0.8444091308165058 13385648010
2088261 300 0.8773116769095699 13313469450
2088561 300 0.922825285338016 13753102590
2088861 300 0.8751308165057068 13602183750
2089161 300 0.857731343283582 13594801860
2089461 300 0.8915346795434593 13437321330
2089761 300 0.8384354697102722 13357760850
2090061 300 0.8524214223002634 13220785590
2090361 300 0.8434135206321336 13221605790
2090661 300 0.8942844600526778 13221605790
2090961 300 0.9342985074626866 13569375300
2091261 300 0.9441123792800703 14080366830
2091561 300 0.9032923617208076 13286402490
2091861 300 0.8465899912203687 13267537620
2092161 300 0.873044776119403 13259335500
2092461 300 0.8527532923617209 13254414240
2092761 300 0.8914398595259 13221605790
2093061 300 0.8597225636523267 13221605790
2093361 300 0.8944741000877963 13220785590
2093661 300 0.9415048287971906 14159927310
2093961 300 0.9043353819139597 14572493490
2094261 300 0.8907287093942055 14001626550
2094561 300 0.8477752414398595 13989323400
2094861 300 0.8933836698858648 13771967460
2095161 300 0.86830377524144 13615307130
2095461 300 0.8736136962247587 13608745440
2095761 300 0.9053309920983319 13346277900
2096061 300 0.9180842844600527 13241290860
2096361 300 0.922161545215101 14297722770
2096661 300 0.9184635645302898 14186174070
2096961 300 0.900305531167691 13943391570
2097261 300 0.8905390693590869 13942571370
2097561 300 0.895659350307287 13942571370
2097861 300 0.8997840210711151 13758844080
2098161 300 0.9020597014925372 13530005190
2098461 300 0.9195539947322213 13418456460
2098761 300 0.9042405618964003 13418456460
2099061 300 0.8897805092186127 13431579840
2099361 300 0.9647831431079896 15085125450
2099661 300 0.9548744512730467 15131057250
2099961 300 0.9158086040386303 13281481200
2100261 300 0.9189376646180861 13301166270
2100561 300 0.9315487269534679 13320851340
2100861 300 0.9276611062335383 13314289650
2101161 300 0.9257172958735733 13314289650
2101461 300 0.9119209833187008 13314289650
2101761 300 0.8985513608428447 13307727960
2102061 300 0.9042405618964003 13320851340
2102361 300 0.9504653204565408 13314289650
2102661 300 0.9658261633011415 13878594900
2102961 300 0.9447287093942055 13812978000
2103261 300 0.95572783143108 13682564430
2103561 300 0.9386602282704126 13531645590
2103861 300 0.9487111501316945 13491455250
2104161 300 0.9223511852502196 13478331870
2104461 300 0.9534521510096576 13366783170
2104761 300 0.9703301141352063 13398771390
2105061 300 0.9926602282704126 13799034420
2105361 300 1.006503950834065 14428956540
2105661 300 0.9686707638279193 13884336390
2105961 300 0.9347251975417032 13529184960
2106261 300 0.8949956101843723 13452085110
2106561 300 0.9392765583845479 13326592830
2106861 300 0.9902423178226516 13320851340
2107161 300 1.0170763827919227 13314289650
2107461 300 1.068231782265145 13444703220
2107761 300 1.0655768217734853 13930268190
2108061 300 1.0437208077260756 13727676060
2108361 300 0.9992502194907814 13681744230
2108661 300 1.0061720807726076 13498016940
2108961 300 0.9975908691834943 13406153310
2109261 300 1.015748902546093 13314289650
2109561 300 1.0096330114135208 13294604580
2109861 300 1.0352818261633012 13281481200
2110161 300 1.0196365232660227 13877774700
2110461 300 1.0013362598770852 13826101380
2110761 300 0.9943195785776998 13701429300
2111061 300 0.9712309043020194 13688305920
2111361 300 0.953546971027217 13524263700
2111661 300 0.9697611940298508 13340536410
2111961 300 0.9798595258999122 13347098100
2112261 300 0.9925654082528536 13346277900
2112561 300 0.9510342405618966 13549690230
2112861 300 1.0006251097453907 15368098260
2113161 300 1.0862949956101844 15564128730
2113461 300 0.9952203687445127 14693064540
2113761 300 0.9643564530289729 14030333940
2114061 300 0.9592835820895521 13983581910
2114361 300 0.9803336259877086 13977020220
2114661 300 1.02902370500439 13845786450
2114961 300 1.033622475856014 13701429300
2115261 300 0.9527410008779631 13478331870
2115561 300 0.9924705882352942 13484893560
2115861 300 1.015132572431958 13583318910
2116161 300 1.0008621597892888 14502775560
2116461 300 1.0018103599648815 14424035280
2116761 300 1.0008147497805093 14161567740
2117061 300 0.9670114135206322 14161567740
2117361 300 0.9718472344161546 14147624130
2117661 300 0.9459139596136963 13983581910
2117961 300 0.9793854258121159 13648935780
2118261 300 0.9583827919227392 13622689020
2118561 300 0.97502370500439 13621868820
2118861 300 0.9815188762071994 13877774700
2119161 300 1.001241439859526 14173050690
2119461 300 0.9874451273046533 13995885090
2119761 300 0.9701878841088674 13995064890
2120061 300 0.9754503950834065 13988503200
2120361 300 0.9833204565408252 13712912250
2120661 300 0.9967848990342406 13529184960
2120961 300 0.968955223880597 13542308340
2121261 300 0.9831782265144864 13524263700
2121561 300 0.969998244073749 13543948770
2121861 300 1.0060772607550486 14554448850
2122161 300 1.0611676909569798 14436338460
2122461 300 1.020395083406497 14194376160
2122761 300 0.9914275680421422 14180432580
2123061 300 0.9755926251097453 14483090490
2123361 300 0.9866865671641792 13912223550
2123661 300 0.9718472344161546 13715372880
2123961 300 0.9324969271290605 13617767760
2124261 300 0.9761141352063214 13506219060
2124561 300 0.9571501316944688 13505398830
2124861 300 1.0042756804214223 13905661860
2125161 300 0.9758770851624232 13866291720
2125461 300 0.9411729587357331 13853168340
2125761 300 0.9334451273046532 13853168340
2126061 300 0.8992151009657594 13708811190
2126361 300 0.9601843722563653 13696508040
2126661 300 0.9475733099209833 13695687810
2126961 300 0.9788165057067605 13577577420
2127261 300 0.9475258999122038 13564454040
2127561 300 0.9528358208955224 13892538480
2127861 300 0.9977330992098333 15565769160
2128161 300 1.0086374012291484 15585454230
2128461 300 0.9986338893766462 14221443150
2128761 300 1.0329113257243194 14228004840
2129061 300 0.9545899912203687 14221443150
2129361 300 0.9544003511852504 14490472380
2129661 300 0.9768252853380157 14031154170
2129961 300 0.9480000000000002 14004907410
2130261 300 1.0198261633011416 13853988570
2130561 300 0.9857383669885865 13703069730
2130861 300 0.9614170324846357 13716193110
2131161 300 0.9697611940298508 13958975580
2131461 300 1.048935908691835 13689946350
2131761 300 1.0479877085162423 13683384660
2132061 300 1.044052677787533 13676822970
2132361 300 1.0070728709394206 13676822970
2132661 300 0.9902897278314311 13703069730
2132961 300 0.9847901668129938 13696508040
2133261 300 1.0020474100087797 13689126120
2133561 300 0.9524091308165057 13721934570
2133861 300 0.9353415276558383 14129579490
2134161 300 0.8833801580333626 14359238610
2134461 300 0.8474433713784022 14090209350
2134761 300 0.9118261633011414 14090209350
2135061 300 0.96729587357331 13998345720
2135361 300 0.984647936786655 13840865190
2135661 300 0.9856435469710272 13749821760
2135961 300 0.9560597014925373 13618587990
2136261 300 0.9370008779631256 13624329450
2136561 300 1.034665496049166 14359238610
2136861 300 0.9934661984196664 14667637980
2137161 300 0.9764460052677787 14234566530
2137461 300 0.9419315188762072 14228004840
2137761 300 0.9683388937664618 14175511320
2138061 300 0.9620807726075504 13899920400
2138361 300 0.9123950834064971 13873673640
2138661 300 0.9201229148375769 13663699590
2138961 300 0.9750711150131695 13545589200
2139261 300 0.9976856892010535 13735878150
2139561 300 1.009348551360843 14397788520
2139861 300 0.98915188762072 14232926100
2140161 300 0.9939402985074628 14226364410
2140461 300 0.9326391571553996 14200117650
2140761 300 0.9645460930640914 13957335150
2141061 300 0.9147181738366987 13799854620
2141361 300 0.8955645302897279 13675182540
2141661 300 0.9213081650570676 13676822970
2141961 300 0.9518876207199297 14050839240
2142261 300 0.9920438981562776 15606779700
2142561 300 0.9998191395961369 15947167320
2142861 300 0.9361949078138718 14260813260
2143161 300 0.9577190517998245 14247689910
2143461 300 0.9683863037752416 14786568600
2143761 300 0.9238208955223882 13925346930
2144061 300 0.9150026338893767 13676002740
2144361 300 0.8780228270412644 13617767760
2144661 300 0.9106883230904301 13617767760
2144961 300 0.9904793678665496 14305924890
2145261 300 0.9430219490781387 13926167130
2145561 300 0.8547919227392451 13939290510
2145861 300 0.8881685689201053 13926167130
2146161 300 0.8653169446883231 13834303500
2146461 300 0.8751782265144865 13671081480
2146761 300 0.8871255487269536 13651396410
2147061 300 0.8834749780509219 13657958100
2147361 300 0.8849446883230905 13651396410
2147661 300 0.9010166812993855 13644014520
2147961 300 0.9460561896400352 14602021110
2148261 300 0.8906338893766461 14523280830
2148561 300 0.878449517120281 14241128220
2148861 300 0.8714802458296751 14201758080
2149161 300 0.8700105355575067 14503595760
2149461 300 0.8719543459174715 14155826250
2149761 300 0.8769798068481124 14004907410
2150061 300 0.8539859525899913 13789191900
2150361 300 0.879208077260755 13782630210
2150661 300 0.8986935908691835 13781809980
2150961 300 0.9038612818261633 14313306780
2151261 300 0.9245320456540826 13991784030
2151561 300 0.856972783143108 13972919190
2151861 300 0.8490553116769095 14241128220
2152161 300 0.8491027216856892 13840865190
2152461 300 0.8455943810359965 13788371670
2152761 300 0.8194714661984198 13670261280
2153061 300 0.8696312554872695 13676822970
2153361 300 0.8517576821773487 14024592480
2153661 300 0.8650798946444249 13703889930
2153961 300 0.8496242317822651 13703889930
2154261 300 0.8590588235294118 13723575000
2154561 300 0.8691097453906936 13716193110
2154861 300 0.8732818261633012 13716193110
2155161 300 0.8560719929762951 13716193110
2155461 300 0.8771694468832311 13709631420
2155761 300 0.900684811237928 15199134780
2156061 300 0.9172309043020194 15953729010
2156361 300 0.8766479367866551 15126956220
2156661 300 0.8579683933274802 14378923680
2156961 300 0.8543652326602283 14405170440
2157261 300 0.8705794556628622 14405990640
2157561 300 0.8561668129938542 14301003630
2157861 300 0.8601018437225636 14248510110
2158161 300 0.8709113257243197 14248510110
2158461 300 0.889116769095698 14136961410
2158761 300 0.8709113257243197 14091029580
2159061 300 0.9168516242317823 14340373740
2159361 300 0.9132484635645304 14772625020
2159661 300 0.8756997366110625 14405170440
2159961 300 0.8390043898156279 14248510110
2160261 300 0.8646532045654083 14241128220
2160561 300 0.8818630377524145 14096771040
2160861 300 0.8629464442493416 13828562010
2161161 300 0.875747146619842 13782630210
2161461 300 0.9072273924495171 13808876940
2161761 300 0.9668217734855137 14399428950
2162061 300 0.9063266022827041 14504415960
2162361 300 0.8768375768217735 14378923680
2162661 300 0.8777857769973663 14371541760
2162961 300 0.8614293239683934 14346115230
2163261 300 0.8516628621597894 14208319770
2163561 300 0.8523266022827041 13972098960
2163861 300 0.8868884986830554 13861370460
2164161 300 0.8839964881474978 14196016590
2164461 300 0.8380087796312556 13828562010
2164761 300 0.8573046532045655 13749821760
2165061 300 0.8399051799824407 13749821760
2165361 300 0.8555030728709394 13749821760
2165661 300 0.8228375768217735 13749821760
2165961 300 0.8615715539947322 13749821760
2166261 300 0.8834749780509219 13743260070
2166561 300 0.9161878841088675 14346935430
2166861 300 0.9210711150131694 14497854300
2167161 300 0.8970342405618965 14386305570
2167461 300 0.882052677787533 14386305570
2167761 300 0.8963230904302021 14189454900
2168061 300 0.848107111501317 14005727610
2168361 300 0.8547445127304654 13874493840
2168661 300 0.8788762071992977 13828562010
2168961 300 0.892198419666374 13827741810
2169261 300 0.944776119402985 14247689910
2169561 300 0.9223037752414398 14038536060
2169861 300 0.9122054433713784 13854808770
2170161 300 0.906611062335382 13841685390
2170461 300 0.9001633011413521 13841685390
2170761 300 0.9292730465320457 13835123700
2171061 300 0.9183213345039509 13835123700
2171361 300 0.8802510974539071 13874493840
2171661 300 0.9683863037752416 15081844590
2171961 300 0.9611325724319579 15692081670
2172261 300 0.9809973661106233 16262948580
2172561 300 0.9458191395961371 14576594550
2172861 300 0.9431167690956981 14458484160
2173161 300 0.918700614574188 14451922470
2173461 300 0.931169446883231 14445360780
2173761 300 0.9087919227392449 14333812050
2174061 300 0.9278507462686567 14143523100
2174361 300 0.9212133450395084 14123838030
2174661 300 0.9889622475856014 14806253670
2174961 300 0.9380913081650571 14727513390
2175261 300 0.9415048287971906 14235386730
2175561 300 0.8924354697102722 14235386730
2175861 300 0.8998788410886744 14097591270
2176161 300 0.8925302897278315 14051659440
2176461 300 0.898883230904302 13959795810
2176761 300 0.9050939420544337 13867932150
2177061 300 0.9062317822651449 13789191900
2177361 300 0.9515557506584724 14373182190
2177661 300 0.9099297629499561 14471607540
2177961 300 0.9154767339771731 14366620500
2178261 300 0.8912502194907813 14661896520
2178561 300 0.8831431079894644 14097591270
2178861 300 0.8991676909569799 14051659440
2179161 300 0.94415978928885 13940110740
2179461 300 0.9504653204565408 13986042540
2179761 300 0.9572449517120282 14274756870
2180061 300 0.9816611062335383 14091029580
2180361 300 0.9081281826163302 14084467890
2180661 300 0.9390869183494294 13959795810
2180961 300 0.9049991220368744 13940110740
2181261 300 0.9170886742756805 13920425670
2181561 300 0.9296523266022827 13828562010
2181861 300 0.9405092186128183 13972919190
2182161 300 0.9814714661984196 14438799090
2182461 300 0.9551115013169447 14465045850
2182761 300 0.9701878841088674 14340373740
2183061 300 0.9780579455662863 14248510110
2183361 300 0.93899209833187 14064782820
2183661 300 0.9468147497805093 13926987360
2183961 300 0.907891132572432 13841685390
2184261 300 0.9088393327480248 13874493840
2184561 300 0.9516979806848112 15803630370
2184861 300 0.9499438103599649 15836438820
2185161 300 0.9569130816505707 15298380330
2185461 300 0.9611799824407375 14379743880
2185761 300 0.939371378402107 14366620500
2186061 300 0.9675329236172082 14373182190
2186361 300 0.9460087796312554 14320688700
2186661 300 0.97502370500439 14156646450
2186961 300 0.9620807726075504 14156646450
2187261 300 0.9916646180860403 14163208140
2187561 300 1.0294503950834066 15055597830
2187861 300 0.9805232660228271 14668458210
2188161 300 0.891819139596137 14287880250
2188461 300 0.8482967515364355 14294441940
2188761 300 0.8884056189640035 14176331520
2189061 300 0.8683511852502196 13861370460
2189361 300 0.8529903424056191 13867932150
2189661 300 0.8672133450395083 13848247080
2189961 300 0.855171202809482 13848247080
2190261 300 0.9112098331870062 14189454900
2190561 300 0.9574820017559263 15003104340
2190861 300 0.9049517120280949 14543786100
2191161 300 0.9009218612818262 14465045850
2191461 300 0.9035768217734854 14465045850
2191761 300 0.9146233538191397 14314127010
2192061 300 0.9136277436347675 14050839240
2192361 300 0.9515557506584724 13907302290
2192661 300 0.9213081650570676 13873673640
2192961 300 0.92358384547849 13899920400
2193261 300 0.9851220368744513 14248510110
2193561 300 0.9937032484635646 14622526380
2193861 300 0.9563441615452151 14451922470
2194161 300 0.9810447761194031 14445360780
2194461 300 0.9959315188762072 14405990640
2194761 300 0.9938454784899035 14268195180
2195061 300 0.9644986830553117 14169769830
2195361 300 0.9681492537313434 14169769830
2195661 300 0.979622475856014 14130399720
2195961 300 1.0069780509218613 14589717930
2196261 300 0.9694293239683933 14589717930
2196561 300 0.9889622475856014 14360058810
2196861 300 1.0120983318700616 14222263350
2197161 300 0.9595680421422301 14064782820
2197461 300 0.9736014047410009 14031974370
2197761 300 0.9832256365232661 13986042540
2198061 300 0.9939402985074628 13900740600
2198361 300 1.0466128182616332 14642211450
2198661 300 1.0112923617208076 14898117300
2198961 300 0.9866391571553994 14445360780
2199261 300 0.9859280070237051 14438799090
2199561 300 0.9869236172080774 14392867260
2199861 300 0.9598999122036875 14190275130
2200161 300 0.9745496049165936 14045917950
2200461 300 0.94415978928885 14039356290
2200761 300 0.962791922739245 14032794600
2201061 300 0.9963582089552239 15878269590
2201361 300 1.0093959613696226 16430271660
2201661 300 0.9652098331870063 15661733850
2201961 300 0.932070237050044 14539685040
2202261 300 0.9607058823529412 14533123350
2202561 300 0.9801913959613697 14506056390
2202861 300 0.9369534679543459 14335452480
2203161 300 0.936289727831431 14256712230
2203461 300 0.9425004389815629 14255892000
2203761 300 0.9453924495171204 14204218710
2204061 300 1.002663740122915 14663536920
2204361 300 1.1467427568042141 14583976440
2204661 300 1.509050043898156 14546246730
2204961 300 1.072214223002634 14520000000
2205261 300 0.9584776119402986 14447821410
2205561 300 0.9574820017559263 14276397300
2205861 300 0.9729376646180862 14256712230
2206161 300 1.0097752414398595 14256712230
2206461 300 1.007546971027217 14702907060
2206761 300 0.9968797190518 14663536920
2207061 300 0.9711360842844601 14419934220
2207361 300 0.9551115013169447 14413372530
2207661 300 0.8885952589991222 14302644030
2207961 300 0.9035768217734854 14144343300
2208261 300 0.9602317822651448 14145163500
2208561 300 0.9761141352063214 14054120070
2208861 300 0.9885829675153643 14008188240
2209161 300 0.9918068481123794 14256712230
2209461 300 0.9582879719051799 14807073870
2209761 300 0.9345829675153643 14551168020
2210061 300 0.9771097453906937 14544606330
2210361 300 0.9700930640913081 14380564110
2210661 300 0.9586672519754171 14275577070
2210961 300 0.969618964003512 14150904990
2211261 300 1.005081650570676 14013109530
2211561 300 0.9456769095697982 13999986150
2211861 300 0.9497541703248464 14243588850
2212161 300 1.0332906057945568 14741456970
2212461 300 1.0299719051799825 14722592130
2212761 300 1.0045601404741 14428136340
2213061 300 1.0059350307287094 14427316140
2213361 300 0.9730324846356452 14426495910
2213661 300 0.9803336259877086 14420754450
2213961 300 0.9257172958735733 14191095330
2214261 300 0.9550166812993854 14164028370
2214561 300 0.9647831431079896 14347755660
2214861 300 1.0065513608428447 16080041520
2215161 300 0.9835100965759439 16414687650
2215461 300 0.9809499561018438 14675840100
2215761 300 0.9540684811237928 14669278410
2216061 300 0.9342036874451273 14662716720
2216361 300 0.933729587357331 14616784890
2216661 300 0.9052835820895524 14531482950
2216961 300 0.8918665496049165 14531482950
2217261 300 0.9012537313432837 14478989430
2217561 300 0.9293204565408253 14209960200
2217861 300 0.9882510974539069 14898937530
2218161 300 0.9450131694468832 14420754450
2218461 300 0.9073696224758561 14159107110
2218761 300 0.8866514486391572 14152545420
2219061 300 0.889116769095698 14145983730
2219361 300 0.845025460930641 14145983730
2219661 300 0.8735188762071994 14139422040
2219961 300 0.8783546971027216 14145983730
2220261 300 0.8843757682177348 14132860350
2220561 300 0.9574345917471467 14420754450
2220861 300 0.9354363476733977 14303464260
2221161 300 0.8810570676031606 14106613590
2221461 300 0.86958384547849 14093490210
2221761 300 0.8836646180860404 14118916740
2222061 300 0.9069429323968393 14127118860
2222361 300 0.8770272168568919 14113175280
2222661 300 0.870721685689201 14126298660
2222961 300 0.8927673397717297 14184533640
2223261 300 0.9014907813871819 14854646130
2223561 300 0.8645583845478491 14710288950
2223861 300 0.8689675153643548 14678300730
2224161 300 0.8528955223880598 15274594200
2224461 300 0.8876470588235295 14546246730
2224761 300 0.8915820895522388 14408451270
2225061 300 0.8475856014047409 14402709810
2225361 300 0.8713854258121161 14415833160
2225661 300 0.8630412642669008 15084305220
2225961 300 0.8862247585601404 14539685040
2226261 300 0.8572098331870062 14514258510
2226561 300 0.8325566286215978 14389586430
2226861 300 0.8528007023705004 14355957750
2227161 300 0.8260140474100088 14263273920
2227461 300 0.8503827919227394 14074625340
2227761 300 0.8682089552238805 14061501960
2228061 300 0.8358279192273925 14218982520
2228361 300 0.9004477611940298 12374327730
2228661 300 0.8667392449517122 8338889070
2228961 300 0.8382932396839333 7805751840
2229261 300 0.8139244951712028 8429932500
2229561 300 0.8281949078138717 7780325310
2229861 300 0.811316944688323 7772943390
2230161 300 0.8233116769095699 7760640240
2230461 300 0.8852291483757682 7780325310
2230761 300 0.9124424934152766 8272451970
2231061 300 0.8640842844600527 7774583820
2231361 300 0.8252554872695348 7767201930
2231661 300 0.8315136084284461 7782785940
2231961 300 0.7913099209833186 7768842360
2232261 300 0.7895557506584724 8607918300
2232561 300 0.7740526777875331 8121533130
2232861 300 0.762484635645303 8142038400
2233161 300 0.7761861281826163 8128915020
2233461 300 0.7911202809482003 8128915020
2233761 300 0.8232168568920105 8699781960
2234061 300 0.827009657594381 8240463720
2234361 300 0.8235961369622475 8174846850
2234661 300 0.8076189640035119 8181408540
2234961 300 0.8077137840210712 8076421500
2235261 300 0.8285267778753294 8069859810
2235561 300 0.7978525021949079 8069859810
2235861 300 0.8033520632133451 8056736430
2236161 300 0.8182388059701493 8063298120
2236461 300 0.8099894644424934 8089544880
2236761 300 0.8643687445127304 8778522210
2237061 300 0.8080456540825285 8411067630
2237361 300 0.8102265144863916 8371697520
2237661 300 0.8276259877085163 8365135830
2237961 300 0.8265829675153645 8358574140
2238261 300 0.834737489025461 8155981980
2238561 300 0.8345478489903424 7985378070
2238861 300 0.8666444249341528 7932884580
2239161 300 0.8787813871817385 8555424810
2239461 300 0.8348323090430203 8502931290
2239761 300 0.8412800702370502 8286395550
2240061 300 0.8536066725197543 8286395550
2240361 300 0.8364442493415277 8168285160
2240661 300 0.8300438981562775 8057556660
2240961 300 0.8488182616330113 8037871590
2241261 300 0.8606233538191397 8031309900
2241561 300 0.875747146619842 8056736430
2241861 300 0.9172309043020194 9081180120
2242161 300 0.879729587357331 9218975580
2242461 300 0.879729587357331 8425011240
2242761 300 0.8748937664618086 8424191010
2243061 300 0.836254609306409 8423370810
2243361 300 0.8579209833187007 9027046200
2243661 300 0.8672133450395083 8069859810
2243961 300 0.8630886742756805 8018186520
2244261 300 0.8640842844600527 8024748210
2244561 300 0.8494820017559263 7972254690
2244861 300 0.8955171202809482 8621861910
2245161 300 0.8830482879719053 8182228740
2245461 300 0.8803933274802459 8182228740
2245761 300 0.834073748902546 8182228740
2246061 300 0.8427497805092186 8057556660
2246361 300 0.8382458296751538 7918940970
2246661 300 0.8323669885864795 7918940970
2246961 300 0.8539859525899913 7926322890
2247261 300 0.8637524143985952 7932884580
2247561 300 0.8711009657594381 8241283950
2247861 300 0.8509517120280948 8804768970
2248161 300 0.8278156277436349 8627603370
2248461 300 0.8371079894644424 8397944280
2248761 300 0.8381035996488146 8391382590
2249061 300 0.8315136084284461 8365956030
2249361 300 0.8167690956979807 8228160570
2249661 300 0.8299016681299387 8030489700
2249961 300 0.8185706760316066 7918940970
2250261 300 0.8230272168568922 7820515650
2250561 300 0.8629938542581211 8568548190
2250861 300 0.8463055311676909 8305260420
2251161 300 0.8317032484635645 7833639030
2251461 300 0.8489604916593504 7834459230
2251761 300 0.8396207199297631 7834459230
2252061 300 0.8325566286215978 7827077340
2252361 300 0.8333625987708517 7820515650
2252661 300 0.8420386303775242 7834459230
2252961 300 0.8818630377524145 7821335850
2253261 300 0.9098823529411765 8346270960
2253561 300 0.8821000877963127 8050994970
2253861 300 0.8412800702370502 7899255900
2254161 300 0.8830008779631255 7900076130
2254461 300 0.8401896400351185 7886952750
2254761 300 0.8106057945566287 7873829370
2255061 300 0.8052010535557506 7880391060
2255361 300 0.8239754170324847 7893514440
2255661 300 0.853891132572432 8956508040
2255961 300 0.87342405618964 9179605440
2256261 300 0.9024863915715541 8411887860
2256561 300 0.8789236172080773 8365956030
2256861 300 0.8674503950834065 8274092400
2257161 300 0.8705320456540826 8995878150
2257461 300 0.8631360842844602 8136296910
2257761 300 0.8389095697980685 7991939760
2258061 300 0.8674978050921862 7932884580
2258361 300 0.8673081650570675 7926322890
2258661 300 0.8985513608428447 8556245010
2258961 300 0.8899701492537314 8050994970
2259261 300 0.8785443371378403 8057556660
2259561 300 0.8755100965759438 8050994970
2259861 300 0.8947111501316944 8044433280
2260161 300 0.8941896400351185 7998501450
2260461 300 0.8667392449517122 7808212470
2260761 300 0.9094556628621597 7768842360
2261061 300 0.8884056189640035 7814774160
2261361 300 0.9428797190517999 8772780750
2261661 300 0.9195065847234416 8785904130
2261961 300 0.8994047410008781 8379079410
2262261 300 0.8932888498683056 8372517720
2262561 300 0.9135803336259877 8241283950
2262861 300 0.9007322212467077 8110050180
2263161 300 0.909834942932397 8044433280
2263461 300 0.9417892888498683 8103488490
2263761 300 0.9461984196663741 8300339130
2264061 300 0.9401299385425812 8201913810
2264361 300 0.9542107111501317 7978816380
2264661 300 0.9427374890254611 8589873660
2264961 300 0.9685285338015804 7860705990
2265261 300 0.9361949078138718 7841020920
2265561 300 0.9383283582089553 7834459230
2265861 300 0.9563441615452151 7821335850
2266161 300 1.0157963125548728 8182228740
2266461 300 1.0096330114135208 8162543670
2266761 300 0.991095697980685 7821335850
2267061 300 0.9818981562774365 7808212470
2267361 300 0.984647936786655 8654670330
2267661 300 0.9708990342405619 8077241730
2267961 300 0.9607058823529412 8070680040
2268261 300 0.9998191395961369 8057556660
2268561 300 1.0002458296751535 8057556660
2268861 300 1.0450482879719052 8602997040
2269161 300 1.0154644424934154 8340529500
2269461 300 1.024472344161545 8241283950
2269761 300 0.9989657594381037 8234722260
2270061 300 1.018593503072871 8235542460
2270361 300 0.9915223880597015 8209295700
2270661 300 0.9814714661984196 8084623620
2270961 300 1.0007199297629499 7979636610
2271261 300 1.0032800702370501 8011624830
2271561 300 1.067425812115891 8772780750
2271861 300 1.0166496927129063 8904014520
2272161 300 1.009064091308165 8359394340
2272461 300 0.9963107989464443 8359394340
2272761 300 1.016033362598771 8339709270
2273061 300 1.0219596136962248 8169105360
2273361 300 0.9924705882352942 7939446270
2273661 300 1.0070728709394206 7932884580
2273961 300 1.0489833187006146 8910576210
2274261 300 1.0471343283582089 8766219060
2274561 300 0.998017559262511 8359394340
2274861 300 0.9952677787532924 8995878150
2275161 300 1.0102019315188762 8260969020
2275461 300 1.001857769973661 8254407330
2275761 300 0.9933713784021071 8267530710
2276061 300 1.0429148375768218 8203554240
2276361 300 1.0443845478489904 8767859490
2276661 300 1.0073099209833187 8262609420
2276961 300 1.0096804214223003 8256047730
2277261 300 1.0244249341527656 8242924380
2277561 300 1.0135206321334502 8059197090
2277861 300 1.0373204565408254 7809852900
2278161 300 1.0446215978928886 7790167830
2278461 300 1.0387901668129937 7809852900
2278761 300 1.1140772607550482 8065758780
2279061 300 1.1206198419666376 8643187380
2279361 300 1.0360403863037755 8380719840
2279661 300 1.0384582967515363 8381540040
2279961 300 1.0603617208077263 8381540040
2280261 300 1.2431747146619843 8356113510
2280561 300 1.903880597014925 8230621200
2280861 300 1.4162212467076385 8079702360
2281161 300 1.083118525021949 8014085460
2281461 300 1.1019402985074627 8525076990
2281761 300 1.0890447761194033 9063955680
2282061 300 1.0753432835820895 8406966600
2282361 300 1.0441474978050924 8400404910
2282661 300 1.0637278314310799 8250306270
2282961 300 1.0594135206321336 8124813960
2283261 300 1.0482247585601405 8071500240
2283561 300 1.0764337137840212 7953389850
2283861 300 1.128774363476734 7979636610
2284161 300 1.1577418788410887 8538200370
2284461 300 1.188036874451273 9173863980
2284761 300 1.1358858647936787 9173863980
2285061 300 1.087006145741879 8485706850
2285361 300 1.0640597014925373 8361034770
2285661 300 1.0898507462686569 8360214540
2285961 300 1.0716453028972786 8360214540
2286261 300 1.0723090430201931 8288035980
2286561 300 1.0726883230904303 8261789220
2286861 300 1.102698858647937 8196172320
2287161 300 1.1121808604038632 8425831440
2287461 300 1.1045478489903426 8963889930
2287761 300 1.1102844600526778 8648928870
2288061 300 1.0816962247585602 8280654090
2288361 300 1.075058823529412 8976193110
2288661 300 1.085062335381914 8326585890
2288961 300 1.122468832309043 8221598880
2289261 300 1.104595258999122 8024748210
2289561 300 1.0603617208077263 7867267680
2289861 300 1.1476435469710273 8169925590
2290161 300 1.1132712906057947 8201913810
2290461 300 1.0936909569798068 7894334640
2290761 300 1.1180122914837576 7894334640
2291061 300 1.0851571553994734 7894334640
2291361 300 1.0458068481123792 7900896330
2291661 300 0.9976856892010535 7887772950
2291961 300 1.0124776119402985 7894334640
2292261 300 1.080036874451273 7894334640
2292561 300 1.0664776119402988 7887772950
2292861 300 1.1133661106233537 8366776230
2293161 300 1.0567111501316946 8675175630
2293461 300 1.0490307287093943 8438134620
2293761 300 1.0519227392449517 8431572930
2294061 300 1.0289288849868305 8360214540
2294361 300 1.0275065847234415 8301159360
2294661 300 1.0125724319578577 8150240520
2294961 300 1.0393116769095698 8032130100
2295261 300 1.0661457418788411 8137117140
2295561 300 1.0913204565408252 8438954820
2295861 300 1.083260755048288 8005883370
2296161 300 1.0256101843722565 8005063140
2296461 300 1.0104389815627743 7998501450
2296761 300 1.0076892010535559 7985378070
2297061 300 1.0208691834942933 7985378070
2297361 300 0.9809025460930643 7991119560
2297661 300 0.997638279192274 7998501450
2297961 300 1.0349025460930639 8005063140
2298261 300 1.0450956979806847 8767039260
2298561 300 1.010770851624232 8983575000
2298861 300 1.0873380158033363 8479145160
2299161 300 1.0073573309920985 8465201580
2299461 300 0.9961211589113257 8471763270
2299761 300 0.974881474978051 8465201580
2300061 300 1.0391220368744514 8465201580
2300361 300 0.9906690079016681 8458639890
2300661 300 1.0093011413520632 8458639890
2300961 300 1.0278858647936786 8844959310
2301261 300 1.0614521510096577 9246862770
2301561 300 0.9798595258999122 8748174420
2301861 300 0.998396839332748 8400404910
2302161 300 1.0011940298507462 8951586750
2302461 300 1.0083055311676912 8223239310
2302761 300 1.0164600526777874 8117432070
2303061 300 0.987729587357331 8097747000
2303361 300 0.9856435469710272 8091185310
2303661 300 1.007262510974539 8091185310
2303961 300 1.029260755048288 8740792500
2304261 300 1.0482247585601405 8229801000
2304561 300 1.0035171202809483 8223239310
2304861 300 0.9726057945566287 8104308690
2305161 300 0.9599473222124671 8092005510
2305461 300 0.9795750658472345 8111690580
2305761 300 0.9497067603160667 8099387430
2306061 300 0.9617963125548727 8040332220
2306361 300 0.9845057067603161 7968153630
2306661 300 1.0082107111501317 8676816030
2306961 300 0.9558700614574189 8965530360
2307261 300 0.9651150131694469 8493088740
2307561 300 0.9079385425812115 8487347280
2307861 300 0.9154767339771731 8485706850
2308161 300 0.9083652326602284 8420089980
2308461 300 0.9239157155399472 7993580190
2308761 300 0.9236312554872695 7948468590
2309061 300 0.9850746268656716 8020647150
2309361 300 0.983604916593503 8821173210
2309661 300 0.9793854258121159 8263429650
2309961 300 0.9348200175592625 7980456810
2310261 300 0.9468621597892888 7980456810
2310561 300 0.9256698858647938 7973895120
2310861 300 0.9516505706760315 7966513230
2311161 300 0.9253854258121158 7953389850
2311461 300 0.9131062335381914 7947648360
2311761 300 0.9022493415276559 7947648360
2312061 300 0.9502282704126428 8131375650
2312361 300 0.9555381913959614 8729309550
2312661 300 0.9218770851624233 8466842010
2312961 300 0.9133906935908693 8459460090
2313261 300 0.9071799824407375 8347911390
2313561 300 0.8666918349429323 8334788010
2313861 300 0.9059947322212467 8334788010
2314161 300 0.8540333625987708 8283114720
2314461 300 0.8903020193151887 8216677620
2314761 300 0.9036716417910449 8466021780
2315061 300 0.9613222124670764 9182066100
2315361 300 0.9274714661984196 8683377720
2315661 300 0.9123476733977173 8604637470
2315961 300 0.9401299385425812 8512773810
2316261 300 0.8649376646180861 8374978350
2316561 300 0.9467673397717298 8288856180
2316861 300 0.8601018437225636 8053455600
2317161 300 0.8922932396839334 8046893910
2317461 300 0.9794802458296752 8584132200
2317761 300 0.9924231782265144 9005720700
2318061 300 0.8967971905179983 8474223900
2318361 300 0.8531799824407374 8264249850
2318661 300 0.8726180860403863 9025405770
2318961 300 0.8809148375768218 8480785590
2319261 300 0.8958964003511852 8447156940
2319561 300 0.8963230904302021 8407786800
2319861 300 0.8932888498683056 8322484830
2320161 300 0.9090763827919229 8860543320
2320461 300 0.9227304653204567 8402045310
2320761 300 0.8729973661106234 8395483620
2321061 300 0.8355434591747146 8388921930
2321361 300 0.8470166812993855 8322484830
2321661 300 0.8291905179982442 8146139460
2321961 300 0.8080456540825285 8133016080
2322261 300 0.8326040386303775 8119892700
2322561 300 0.8706268656716417 8197812750
2322861 300 0.9224460052677788 8860543320
2323161 300 0.8793503072870938 8663692680
2323461 300 0.8812941176470588 8597255580
2323761 300 0.8791606672519755 8544762060
2324061 300 0.8429868305531167 8210936130
2324361 300 0.8964653204565409 8210936130
2324661 300 0.8580158033362599 8210936130
2324961 300 0.9002581211589114 8250306270
2325261 300 0.9034820017559263 8781803070
2325561 300 0.8599596136962246 8709624480
2325861 300 0.8523266022827041 8612019360
2326161 300 0.8488182616330113 8559525840
2326461 300 0.8434135206321336 8480785590
2326761 300 0.8425127304653206 8382360240
2327061 300 0.8292853380158034 8375798580
2327361 300 0.8598173836698858 8388921930
2327661 300 0.9137699736611063 9215694750
2327961 300 0.8817208077260756 8946665490
2328261 300 0.8606233538191397 8205194670
2328561 300 0.8574468832309043 8192071290
2328861 300 0.9041931518876208 8139577770
2329161 300 0.8566883230904303 8092825740
2329461 300 0.8482493415276559 8053455600
2329761 300 0.8830956979806849 8079702360
2330061 300 0.8740403863037752 8046893910
2330361 300 0.9143863037752415 8637445920
2330661 300 0.894900790166813 8250306270
2330961 300 0.8785917471466198 7974715320
2331261 300 0.8925302897278315 8487347280
2331561 300 0.8911553994732222 8231441400
2331861 300 0.8652695346795436 8218318020
2332161 300 0.8804881474978052 8210936130
2332461 300 0.8877418788410888 8197812750
2332761 300 0.9126795434591748 8559525840
2333061 300 0.8954223002633889 8362675200
2333361 300 0.8441246707638279 8263429650
2333661 300 0.8696786654960491 8250306270
2333961 300 0.8698208955223882 8217497820
2334261 300 0.8617137840210712 8020647150
2334561 300 0.8632309043020193 8001782310
2334861 300 0.8739455662862159 7988658930
2335161 300 0.864179104477612 8001782310
2335461 300 0.8326514486391572 8001782310
2335761 300 0.8208463564530291 8000962080
2336061 300 0.8352115891132573 8000962080
2336361 300 0.8743722563652327 8001782310
2336661 300 0.8627093942054435 7995220620
2336961 300 0.9188902546093065 8631704430
2337261 300 0.8637524143985952 8684197950
2337561 300 0.853132572431958 8046893910
2337861 300 0.8523266022827041 8033770530
2338161 300 0.8455943810359965 8028029070
2338461 300 0.8413274802458298 8021467380
2338761 300 0.9086022827041266 8014905690
2339061 300 0.9333503072870939 8001782310
2339361 300 0.978484635645303 8638266120
2339661 300 0.9187480245829674 8657951190
2339961 300 0.90172783143108 8513594040
2340261 300 0.9164249341527657 8512773810
2340561 300 0.9115417032484636 8512773810
2340861 300 0.8923880597014926 8402045310
2341161 300 0.8880737489025461 8244564780
2341461 300 0.8732818261633012 8218318020
2341761 300 0.8613819139596137 8152701150
2342061 300 0.8832853380158034 9136134270
2342361 300 0.8790184372256367 8243744580
2342661 300 0.9018226514486392 8230621200
2342961 300 0.8887848990342405 8224059510
2343261 300 0.8904442493415278 8210936130
2343561 300 0.9346777875329236 9123831090
2343861 300 0.9585724319578577 8382360240
2344161 300 0.934772607550483 8408607000
2344461 300 0.9222089552238806 8394663420
2344761 300 0.9123950834064971 8703062790
2345061 300 0.9179420544337139 8250306270
2345361 300 0.8804881474978052 8230621200
2345661 300 0.8736611062335382 8244564780
2345961 300 0.954684811237928 8310181680
2346261 300 0.9291782265144863 8356113510
2346561 300 0.9264284460052679 7994400390
2346861 300 0.9053784021071116 7989479130
2347161 300 0.9363371378402109 8001782310
2347461 300 0.9235364354697104 7996040820
2347761 300 0.9268551360842845 7994400390
2348061 300 0.9230623353819141 8000962080
2348361 300 0.9218296751536434 8066578980
2348661 300 0.9746918349429324 9045090840
2348961 300 0.9598050921861283 8794926450
2349261 300 0.9196488147497806 8513594040
2349561 300 0.9192695346795436 8506212120
2349861 300 0.9406988586479368 8500470660
2350161 300 0.9162352941176471 8467662210
2350461 300 0.9100719929762952 8316743370
2350761 300 0.945297629499561 8046893910
2351061 300 0.9514609306409132 8007523770
2351361 300 0.9650676031606674 8979473940
2351661 300 0.9645460930640914 8730129780
2351961 300 0.9003529411764706 8467662210
2352261 300 0.898361720807726 8440595250
2352561 300 0.9003529411764706 8440595250
2352861 300 0.8920087796312555 8441415450
2353161 300 0.8980772607550483 8355293280
2353461 300 0.9017752414398595 8178127680
2353761 300 0.9278981562774364 8171565990
2354061 300 0.96729587357331 8638266120
2354361 300 0.93387181738367 8521796130
2354661 300 0.9187954345917473 8475864330
2354961 300 0.9449657594381037 8475044100
2355261 300 0.9456769095697982 8415168690
2355561 300 0.9482370500438981 8205194670
2355861 300 0.9605636523266023 7981277010
2356161 300 0.9873028972783144 8008344000
2356461 300 1.0907515364354696 8947485720
2356761 300 1.0460438981562774 8790005190
2357061 300 0.997258999122037 7930423920
2357361 300 0.9759244951712028 7930423920
2357661 300 0.9885829675153643 7950108990
2357961 300 0.9935610184372258 7941906900
2358261 300 0.9692396839332749 7936985610
2358561 300 0.9797647058823531 7941906900
2358861 300 1.0361826163301142 7948468590
2359161 300 1.0840193151887623 8886790080
2359461 300 1.0513538191395964 8860543320
2359761 300 1.0387901668129937 8466842010
2360061 300 1.0480825285338016 8467662210
2360361 300 1.032721685689201 9117269400
2360661 300 1.0038489903424057 8447156940
2360961 300 1.0011940298507462 8322484830
2361261 300 1.0283125548726955 8329046520
2361561 300 1.025799824407375 8355293280
2361861 300 1.0513064091308166 8886790080
2362161 300 1.0976259877085162 8349551820
2362461 300 1.0481773485513608 8315923170
2362761 300 1.0348551360842846 8204374440
2363061 300 1.0263687445127305 8204374440
2363361 300 1.051780509218613 8210936130
2363661 300 1.041065847234416 8211756330
2363961 300 1.031204565408253 8218318020
2364261 300 1.0688955223880596 8171565990
2364561 300 1.09587181738367 8676816030
2364861 300 1.0507374890254608 8591514090
2365161 300 1.0726883230904303 8466842010
2365461 300 1.029640035118525 8374978350
2365761 300 1.0607410008779632 8342169900
2366061 300 1.059745390693591 8250306270
2366361 300 1.0443371378402106 8211756330
2366661 300 1.0425829675153644 8218318020
2366961 300 1.0776663740122916 8743253130
2367261 300 1.0985741878841089 9097584330
2367561 300 1.0705074626865674 8434853760
2367861 300 1.0800842844600527 8351192220
2368161 300 1.083877085162423 8252766900
2368461 300 1.0812695346795436 8200273380
2368761 300 1.0595557506584723 8207655300
2369061 300 1.0497892888498686 8200273380
2369361 300 1.1133661106233537 8219958450
2369661 300 1.1205250219490783 8890070940
2369961 300 1.0946391571553995 8883509250
2370261 300 1.0762914837576822 8377438980
2370561 300 1.0640122914837575 8370877290
2370861 300 1.0717401229148378 8370877290
2371161 300 1.0404969271290607 8363495400
2371461 300 1.0564741000877964 8330686950
2371761 300 1.0612151009657596 8239643520
2372061 300 1.0506900790166813 8246205210
2372361 300 1.0907989464442496 9105786450
2372661 300 1.1116119402985074 9662709810
2372961 300 1.0505478489903424 8757196740
2373261 300 1.0838296751536436 8659591620
2373561 300 1.0296874451273048 8664512880
2373861 300 1.041966637401229 8665333080
2374161 300 1.0373204565408254 8653029930
2374461 300 1.027316944688323 8534919510
2374761 300 1.028881474978051 8507032350
2375061 300 1.0510693590869185 8461920720
2375361 300 1.0670939420544339 8652209700
2375661 300 1.0637278314310799 8973732450
2375961 300 1.0182142230026339 8803128540
2376261 300 1.0520175592625112 8796566880
2376561 300 1.0588920105355575 8703883020
2376861 300 1.0198261633011416 8638266120
2377161 300 1.0231448639157157 8539840800
2377461 300 1.0127146619841967 8520975930
2377761 300 1.0650553116769097 8888430510
2378061 300 1.1188182616330113 9203391570
2378361 300 1.0614521510096577 8861363550
2378661 300 1.0550517998244073 8447977140
2378961 300 1.078140474100088 8442235680
2379261 300 1.0349973661106233 8383180470
2379561 300 1.0705548726953469 8324125260
2379861 300 1.0590342405618964 8311822110
2380161 300 1.0744899034240563 8324945490
2380461 300 1.052396839332748 9236200020
2380761 300 1.021438103599649 9157459740
2381061 300 1.039453906935909 8777702010
2381361 300 1.0445741878841088 8771140320
2381661 128 0.7580280948200175 4607748720
2381789 172 1.0423459174714662 8632524630
2381961 300 1.0163652326602284 8495549400
2382261 300 1.0076892010535559 8397124050
2382561 120 0.7339912203687445 4225530360
2382681 180 1.0079736611062335 8397124050
2382861 300 1.0177401229148377 8390562360
2383161 300 1.0200632133450398 9164841660
2383461 300 1.0466602282704125 9086101380
2383761 300 1.0368937664618088 8790825390
2384061 300 1.0359929762949955 8783443500
2384361 300 1.03803160667252 8771960520
2384661 300 1.0000087796312553 8731770180
2384961 300 1.032437225636523 8554604580
2385261 300 1.0172186128182616 8397944280
2385561 300 1.0118138718173837 8450437770
2385861 300 1.037604916593503 9467499540
2386161 300 1.0957295873573312 9290333940
2386461 300 1.049078138718174 9080359920
2386761 300 1.0263687445127305 9795584010
2387061 300 0.9599947322212466 9047551470
2387361 300 0.9682914837576823 8942564430
2387661 300 1.0306830553116768 8804768970
2387961 300 1.0176453028972783 8699781960
2388261 300 1.0378419666374012 9270648900
2388561 300 0.996595258999122 8745713790
2388861 114 0.704502194907814 4509323400
2388975 186 1.0032326602282704 8648928870
2389161 300 0.9980649692712906 8635805490
2389461 300 0.9804284460052679 8635805490
2389761 300 0.9611799824407375 8635805490
2390061 212 0.7634802458296752 4506862770
2390273 88 0.9912853380158033 8641546980
2390361 300 0.9518876207199297 8628423600
2390661 300 0.9681492537313434 8595615150
2390961 300 0.9991553994732223 9389579490
2391261 300 0.9847427568042143 9685675710
2391561 300 0.9621755926251098 8890891140
2391861 300 0.9788165057067605 8878587990
2392161 300 0.9843160667251976 8799027510
2392461 300 0.9586672519754171 8654670330
2392761 300 0.979243195785777 8648108640
2393061 300 0.9880614574187885 8648928870
2393361 300 0.9802388059701492 8622682110
2393661 300 0.9906690079016681 9272289300
2393961 300 0.9411255487269536 9160740600
2394261 300 0.930410886742757 9016383450
2394561 300 0.9923283582089554 8917958100
2394861 300 0.964451273046532 8858902920
2395161 300 0.9528832309043019 8543941830
2395461 300 0.9920913081650572 8549683320
2395761 300 1.0154644424934154 8536559940
2396061 300 1.035329236172081 9213234120
2396361 300 1.0043705004389816 9560183400
2396661 300 0.9579086918349431 9029506830
2396961 300 0.9555381913959614 9016383450
2397261 300 0.9220193151887621 9620058810
2397561 300 0.9431641791044776 9022945140
2397861 300 0.9580509218612818 8885149650
2398161 300 0.9311220368744513 8739972300
2398461 300 0.89015978928885 8629243800
2398761 300 0.9206918349429324 8805589200
2399061 300 0.9408884986830555 8760477570
2399361 300 0.97886391571554 8516054670
2399661 300 0.9150974539069359 8503751490
2399961 300 0.9407462686567165 8510313180
2400261 300 0.9590939420544338 8503751490
2400561 300 0.9381387181738366 8511133410
2400861 300 0.9172309043020194 8517695100
2401161 300 0.9698086040386303 8516874870
2401461 300 0.9783424056189641 9186167130
2401761 300 0.991474978050922 10111365270
2402061 300 0.9505601404741002 9848897730
2402361 300 0.9298893766461809 9370714650
2402661 300 0.9399402985074627 9357591270
2402961 300 0.9532151009657595 9356771040
2403261 300 0.9354837576821775 9337906200
2403561 300 0.9606110623353818 9239480850
2403861 300 0.9598999122036875 9114808770
2404161 300 0.9753081650570676 9003260070
2404461 300 1.0171237928007024 9718484160
2404761 300 0.9946514486391573 9816909480
2405061 300 0.9437330992098333 9344467890
2405361 300 0.9627445127304655 9357591270
2405661 300 0.9305531167690957 9337906200
2405961 300 0.9393239683933275 9160740600
2406261 300 0.9351044776119404 8963069730
2406561 300 0.9202651448639159 8963889930
2406861 300 1.027222124670764 9403523100
2407161 300 0.9580509218612818 9593812050
2407461 300 0.928324846356453 9351029580
2407761 300 0.9181791044776121 9246042540
2408061 300 0.9005899912203688 9232919190
2408361 300 0.9432589991220369 9219795810
2408661 300 0.9642616330114135 9107426880
2408961 300 0.9835575065847234 9113988570
2409261 300 1.0291659350307287 9343647660
2409561 300 0.9772045654082528 9009001530
2409861 300 0.9552063213345039 8864644380
2410161 300 0.9322124670763828 9166482090
2410461 300 0.9333028972783144 8877767760
2410761 300 0.9656365232660228 8858082690
2411061 300 0.9684811237928006 8858902920
2411361 300 0.9983020193151887 8917137900
2411661 300 1.0200632133450398 9121370460
2411961 300 0.9878718173836698 8890891140
2412261 300 0.9586672519754171 8871206070
2412561 300 0.978484635645303 10301654250
2412861 300 0.9591413520632135 9107426880
2413161 300 0.9884881474978051 9107426880
2413461 300 0.9741703248463566 9113988570
2413761 300 0.9614644424934152 9238660650
2414061 300 0.9703301141352063 10321339320
2414361 300 0.9838893766461809 9369894420
2414661 300 0.9850746268656716 9369894420
2414961 300 0.9556804214223003 9356771040
2415261 300 0.9487111501316945 9355950840
2415561 300 0.9538314310798947 9355130640
2415861 300 0.9319754170324847 9355950840
2416161 300 0.9450605794556628 9350209350
2416461 300 0.9539736611062335 9356771040
2416761 300 1.0085899912203686 10077736620
2417061 300 0.9862124670763829 9717663930
2417361 300 0.9522194907813872 9350209350
2417661 300 0.9602791922739247 9928458210
2417961 300 0.9568182616330114 9357591270
2418261 300 0.9623178226514486 9350209350
2418561 300 0.9475258999122038 9350209350
