908235 3 0.44900965759438105 7416151560
908238 2 0.44735030728709396 7356276150
908240 1 0.43663564530289734 7356276150
908241 7 0.43663564530289734 7356276150
908248 1 0.43663564530289734 7356276150
908249 168 0.4430834064969271 7749157290
908417 3 0.434359964881475 4323955680
908420 1 0.4284337137840211 4323955680
908421 8 0.4284337137840211 4323955680
908429 1 0.4284337137840211 4324775910
908430 105 0.4921527655838455 5059685040
908535 300 0.5149095697980686 7567070400
908835 300 0.5725601404741001 7821335850
909135 300 0.599204565408253 7918940970
909435 300 0.644955223880597 8818712580
909735 300 0.6265127304653205 8057556660
910035 300 0.6015750658472344 8052635400
910335 300 0.5892010535557507 8013265260
910635 253 0.5968814749780509 7882851690
910888 5 0.4495785776997366 7736854110
910893 4 0.4484407374890255 7470285510
910897 9 0.44208779631255485 7470285510
910906 29 0.46934855136084286 7793448690
910935 139 0.4386742756804214 7727011590
911074 4 0.4312309043020194 4341180120
911078 14 0.4266795434591747 4341180120
911092 143 0.5628410886742757 5041640400
911235 300 0.5086040386303776 7583474640
911535 300 0.586830553116769 7806572070
911835 300 0.5908604038630378 7780325310
912135 300 0.570379280070237 7800010380
912435 300 0.5634574187884109 7793448690
912735 300 0.5905285338015803 7794268890
913035 254 0.6597471466198419 8647288440
913289 6 0.49480772607550483 9127932150
913295 3 0.5025355575065847 8890891140
913298 12 0.4854679543459175 8890891140
913310 25 0.5137243195785777 9214874520
913335 137 0.4417559262510975 8440595250
913472 1 0.8183336259877085 4628254020
913473 4 0.42995083406496926 4628254020
913477 3 0.42995083406496926 4628254020
913480 155 0.49006672519754174 5874974880
913635 22 0.5682932396839333 7686821220
913657 6 0.4299034240561897 7431735570
913663 4 0.42776997366110625 7211919000
913667 1 0.419710272168569 7211919000
913668 11 0.419710272168569 7211919000
913679 164 0.4252572431957858 7587575700
913843 8 0.411603160667252 3919591620
913851 7 0.411603160667252 3919591620
913858 1 0.411603160667252 3919591620
913859 76 0.4916312554872696 4500301080
913935 300 0.4875539947322213 6901059000
914235 300 0.576684811237928 7372680390
914535 300 0.5786760316066725 7375141020
914835 300 0.5915241439859527 7407949470
915135 300 0.5707585601404741 7421893050
915435 300 0.5706637401229149 7429274940
915735 300 0.564737489025461 7435836630
916035 300 0.5986830553116769 7803291210
916335 300 0.6255171202809483 8794106220
916635 300 0.5742669007901668 8309361480
916935 300 0.5650693590869185 8238003090
917235 300 0.5672028094820019 7918120770
917535 300 0.5782493415276558 7713888210
917835 300 0.5680087796312555 7525239660
918135 300 0.5463898156277437 7519498170
918435 300 0.5750728709394206 7545744930
918735 300 0.582611062335382 7532621550
919035 300 0.598540825285338 7532621550
919335 300 0.6197330992098332 7690102080
919635 300 0.6322493415276558 8405326170
919935 300 0.5876839332748025 8411067630
920235 300 0.5838437225636524 8266710480
920535 300 0.5915241439859527 7715528610
920835 300 0.5755943810359965 7553126820
921135 300 0.5864986830553117 7578553380
921435 300 0.5460105355575066 7585935270
921735 300 0.5654960491659351 7573632090
922035 300 0.5551606672519753 7567890630
922335 300 0.5908129938542581 7653192570
922635 300 0.6292625109745391 8329046520
922935 300 0.5983511852502195 8321664630
923235 300 0.5633625987708517 7639248990
923535 300 0.5832748024582968 7619563920
923835 300 0.5555399473222125 7580193780
924135 300 0.5888217734855137 7567890630
924435 300 0.576827041264267 7568710830
924735 300 0.576684811237928 7608901170
925035 300 0.5760684811237928 7628586240
925335 300 0.5784389815627744 7660574490
925635 300 0.6264653204565409 8782623270
925935 300 0.6278876207199298 8743253130
926235 300 0.5753573309920983 8139577770
926535 300 0.5907181738366989 7988658930
926835 300 0.6011483757682178 7877110200
927135 300 0.5973081650570676 7778684880
927435 300 0.5848867427568043 7647451110
927735 300 0.5782967515364354 7641709620
928035 300 0.5727971905179983 7635968160
928335 300 0.5897699736611062 7655653200
928635 300 0.5794345917471466 7675338270
928935 300 0.6343827919227393 8384820900
929235 300 0.5982563652326602 8082983190
929535 300 0.5693362598770852 7695023340
929835 300 0.5783441615452152 7681079760
930135 300 0.5807620719929764 7687641450
930435 300 0.5643582089552239 7674518070
930735 300 0.5488551360842846 7667956380
931035 300 0.5929464442493415 7681079760
931335 300 0.6595575065847235 7727831790
931635 300 0.6118630377524144 7728651990
931935 300 0.642395083406497 8358574140
932235 300 0.5779174714661984 8123173530
932535 300 0.572702370500439 8017366320
932835 300 0.5844600526777877 8018186520
933135 300 0.5726075504828797 7912379280
933435 300 0.5805724319578578 7813953960
933735 300 0.579529411764706 7748337060
934035 300 0.5914767339771729 7714708410
934335 300 0.6007690956979808 7714708410
934635 300 0.5971659350307287 7708146720
934935 300 0.6470886742756805 8109229950
935235 300 0.6321545215100967 8397944280
935535 300 0.6056049165935031 7761460440
935835 300 0.599820895522388 7742595600
936135 300 0.599062335381914 8693220270
936435 300 0.5675820895522389 7735213680
936735 300 0.5756417910447762 7722910530
937035 300 0.56227216856892 7723730730
937335 300 0.601764705882353 7729472220
937635 300 0.5824214223002634 7734393480
937935 300 0.5925671641791046 7721270100
938235 300 0.6471834942932397 8358574140
938535 300 0.6473731343283582 8004242940
938835 300 0.6263705004389816 7768022130
939135 300 0.5944161545215101 7775404020
939435 300 0.5976400351185249 8347091190
939735 300 0.5891062335381914 7736854110
940035 300 0.5781545215100966 7736854110
940335 300 0.5693362598770852 7736854110
940635 300 0.5853134328358209 7729472220
940935 300 0.5884424934152765 7723730730
941235 300 0.5685776997366111 7716348840
941535 300 0.6317752414398595 8220778680
941835 300 0.6233362598770852 7722090300
942135 300 0.5734609306409131 7715528610
942435 300 0.5700474100087797 7702405260
942735 300 0.5754995610184372 7715528610
943035 300 0.5851237928007024 7722090300
943335 300 0.5652115891132572 7709787150
943635 300 0.576684811237928 7710607350
943935 300 0.5989675153643548 7704045660
944235 300 0.5986830553116769 7697483970
944535 300 0.6660052677787534 8321664630
944835 300 0.627081650570676 8163363900
945135 300 0.5858823529411765 7736854110
945435 300 0.5918086040386303 7736854110
945735 300 0.5787708516242318 7736854110
946035 300 0.5858349429323968 7731932850
946335 300 0.5852660228270413 7745056230
946635 300 0.5846022827041264 7745056230
946935 300 0.5805724319578578 7737674310
947235 300 0.5913819139596137 7763100870
947535 300 0.6307322212467077 8773600950
947835 300 0.600721685689201 8767039260
948135 300 0.5686725197541703 8525076990
948435 300 0.5846022827041264 8492268540
948735 300 0.6068849868305531 8169925590
949035 300 0.586972783143108 7973895120
949335 300 0.5835592625109746 7822976280
949635 300 0.6126215978928885 7725371160
949935 300 0.5971659350307287 7738494540
950235 300 0.5988726953467954 7737674310
950535 300 0.594700614574188 7738494540
950835 300 0.6399297629499561 8165824530
951135 300 0.6407831431079895 9005720700
951435 300 0.6251378402107111 8520155730
951735 300 0.6059841966637401 8380719840
952035 300 0.6117208077260756 8046893910
952335 300 0.5935627743634768 7927963290
952635 300 0.603945566286216 7816414590
952935 300 0.5899122036874451 7758179610
953235 300 0.5987304653204566 7758999810
953535 300 0.6068849868305531 7752438120
953835 300 0.5938472344161545 7752438120
954135 300 0.6591308165057068 8736691440
954435 300 0.6575188762071993 8946665490
954735 300 0.619638279192274 8224879710
955035 300 0.6148024582967515 8218318020
955335 300 0.634050921861282 8171565990
955635 300 0.6127164179104478 8086264050
955935 300 0.6081650570676032 8027208840
956235 300 0.6026180860403864 8040332220
956535 300 0.5820421422300264 8032950330
956835 300 0.6002475856014048 7955030280
957135 300 0.6279350307287095 7902536760
957435 300 0.7022739244951712 8184689370
957735 300 0.6294995610184372 7942727100
958035 300 0.6052730465320457 7850863470
958335 300 0.6208235294117648 7857425160
958635 300 0.6105829675153643 7850043240
958935 300 0.6197805092186128 7856604930
959235 300 0.6385548726953468 7842661350
959535 300 0.6159402985074627 7836099660
959835 300 0.6202546093064092 7862346420
960135 300 0.6245689201053556 7863166620
960435 300 0.6745864793678666 8270811540
960735 300 0.7010412642669008 8828555100
961035 300 0.6393608428446005 8277373230
961335 300 0.6410201931518876 8218318020
961635 300 0.6318700614574189 8159262840
961935 300 0.6415891132572431 7923042030
962235 300 0.6365636523266023 7857425160
962535 300 0.6228147497805092 7863986820
962835 300 0.6505021949078139 7863166620
963135 300 0.642632133450395 7856604930
963435 300 0.6363266022827042 7889413380
963735 300 0.6446233538191397 8158442610
964035 300 0.6868182616330115 9051652530
964335 300 0.6251378402107111 8624322540
964635 300 0.6110570676031607 8612019360
964935 300 0.6098244073748903 8572649220
965235 300 0.6297366110623354 8238003090
965535 300 0.6250430201931519 8047714110
965835 300 0.6134275680421424 8047714110
966135 300 0.6222932396839334 8007523770
966435 300 0.6047989464442494 7909918650
966735 300 0.6098244073748903 7896795270
967035 300 0.6617383669885865 7982917440
967335 300 0.6966321334503951 8974552680
967635 300 0.6497910447761195 8849880600
967935 300 0.6221035996488148 8659591620
968235 300 0.620017559262511 8561166270
968535 300 0.6251852502194908 8253587100
968835 300 0.6250430201931519 7950929220
969135 300 0.6301158911325724 7937805840
969435 300 0.6357576821773485 7924682460
969735 300 0.6252800702370501 7944367530
970035 300 0.6185952589991222 7957490910
970335 300 0.6480842844600527 8344630530
970635 300 0.6809394205443372 9250143600
970935 300 0.6420632133450395 8968811190
971235 300 0.6190693590869184 8712905340
971535 300 0.6394556628621598 8627603370
971835 300 0.6177418788410887 8346270960
972135 300 0.6175522388059702 7998501450
972435 300 0.6057945566286216 7984557870
972735 300 0.6056049165935031 7977175980
973035 300 0.6140438981562775 7970614290
973335 300 0.6153713784021071 7983737670
973635 300 0.6536312554872695 8567727960
973935 300 0.6419209833187007 9065596110
974235 300 0.6386971027216857 8679276690
974535 300 0.6128112379280071 8672715000
974835 300 0.6257067603160668 9100044990
975135 300 0.6284565408252853 8299518930
975435 300 0.6177418788410887 7990299330
975735 300 0.6094451273046533 7964052600
976035 300 0.633387181738367 7997681250
976335 300 0.6268446005267778 8003422710
976635 300 0.6358999122036875 7984557870
976935 300 0.6511185250219491 8284755120
977235 300 0.6742071992976295 8246205210
977535 300 0.6394556628621598 8015725890
977835 300 0.6175522388059702 8002602510
978135 300 0.6319174714661985 8003422710
978435 300 0.5992519754170326 7991119560
978735 300 0.6183107989464443 8004242940
979035 300 0.6153713784021071 7998501450
979335 300 0.6075013169446883 7985378070
979635 300 0.6312537313432836 8005063140
979935 300 0.6306848112379281 8011624830
980235 300 0.6899947322212467 8785904130
980535 300 0.6884302019315189 9040989780
980835 300 0.6497436347673398 8699781960
981135 300 0.6252800702370501 8685838380
981435 300 0.6193538191395962 9663530010
981735 300 0.5875891132572433 8324945490
982035 300 0.7992273924495172 8195352120
982335 300 0.9431641791044776 8096926800
982635 300 0.6097769973661107 8083803420
982935 300 0.6166040386303775 8076421500
983235 300 0.5934205443371379 8082983190
983535 300 0.6510237050043899 9028686600
983835 300 0.6653415276558385 8411887860
984135 300 0.6308270412642669 8313462510
984435 300 0.6204916593503073 8235542460
984735 300 0.6033766461808605 8222419080
985035 300 0.5982563652326602 8110870380
985335 300 0.5862142230026339 8052635400
985635 300 0.5957910447761194 8038691790
985935 300 0.5833222124670764 8070680040
986235 300 0.5901018437225638 8078061930
986535 300 0.595459174714662 8064938550
986835 300 0.6474679543459174 8412708060
987135 300 0.6768147497805093 9219795810
987435 300 0.6227673397717297 8740792500
987735 300 0.6041352063213346 8602997040
988035 300 0.6124319578577699 8537380140
988335 300 0.5805250219490782 8136296910
988635 300 0.5668709394205443 8050994970
988935 300 0.5764951712028095 8032130100
989235 300 0.5838911325724319 8025568410
989535 300 0.594558384547849 8071500240
989835 300 0.5884424934152765 8057556660
990135 300 0.5878261633011415 8038691790
990435 300 0.6589411764705883 8944204860
990735 300 0.6385548726953468 9024585540
991035 300 0.6093503072870939 8742432930
991335 300 0.6103933274802458 8611199160
991635 300 0.6265601404741001 8197812750
991935 300 0.5863564530289728 8060837490
992235 300 0.5853608428446005 8066578980
992535 300 0.5693836698858648 8046893910
992835 300 0.5969288849868306 8052635400
993135 300 0.5850289727831431 8078882130
993435 300 0.5489499561018437 8085443820
993735 300 0.6020965759438104 8335608210
994035 300 0.6099666374012291 8730129780
994335 300 0.5490447761194029 8361854970
994635 300 0.5456786654960493 8060017290
994935 300 0.5372396839332748 8952406980
995235 300 0.5362914837576822 8394663420
995535 300 0.5353906935908692 8388101730
995835 300 0.5377611940298508 8237182890
996135 300 0.5434029850746269 8067399180
996435 300 0.5316453028972784 8053455600
996735 300 0.5517945566286218 8362675200
997035 300 0.5855978928884986 8652209700
997335 300 0.5562036874451274 8401225110
997635 300 0.542359964881475 8394663420
997935 300 0.5347743634767339 8310181680
998235 300 0.5330201931518876 8171565990
998535 300 0.5510359964881475 8079702360
998835 300 0.528990342405619 8073960870
999135 300 0.5232537313432837 8072320470
999435 300 0.5360070237050043 8085443820
999735 300 0.558289727831431 8099387430
1000035 300 0.6328656716417911 8808049830
1000335 300 0.5659701492537313 8335608210
1000635 300 0.5467690956979807 8145319230
1000935 300 0.5476698858647937 8119072500
1001235 300 0.5555873573309922 8137937340
1001535 300 0.5291325724319578 8145319230
1001835 300 0.5550658472344162 8131375650
1002135 300 0.5262405618964003 8105128890
1002435 300 0.537097453906936 8098567200
1002735 300 0.5260983318700615 8092825740
1003035 300 0.5424073748902546 8111690580
1003335 300 0.5895803336259877 8407786800
1003635 300 0.6128112379280071 9050832300
1003935 300 0.5605654082528534 9091022640
1004235 300 0.5504196663740123 8776061580
1004535 300 0.5614661984196664 8704703220
1004835 300 0.5619877085162424 8396303850
1005135 300 0.5563933274802457 8113331010
1005435 300 0.5455838454784898 8107589520
1005735 300 0.5501352063213345 8126454390
1006035 300 0.5654486391571554 8107589520
1006335 300 0.553548726953468 8106769320
1006635 300 0.6233836698858648 8617760850
1006935 300 0.585171202809482 8926160220
1007235 300 0.576684811237928 8768679690
1007535 300 0.5738402107111502 8749814820
1007835 300 0.5560614574187884 8277373230
1008135 300 0.560755048287972 8094466170
1008435 300 0.5550658472344162 8106769320
1008735 300 0.5530746268656717 8100207630
1009035 300 0.5615610184372257 8080522560
1009335 300 0.5693362598770852 8119892700
1009635 300 0.6373222124670764 9136954470
1009935 300 0.6090658472344161 8855622060
1010235 300 0.5634100087796313 8186329800
1010535 300 0.5749306409130817 8179768110
1010835 300 0.5738876207199298 8174026620
1011135 300 0.5708533801580333 8199453180
1011435 300 0.5684354697102723 8206835070
1011735 300 0.5612765583845478 8206835070
1012035 300 0.5731764705882354 8207655300
1012335 300 0.5919982440737489 8286395550
1012635 300 0.6364214223002633 8936002740
1012935 300 0.5859297629499562 8462740950
1013235 300 0.5722756804214223 8187150000
1013535 300 0.5697629499561019 8180588310
1013835 300 0.5584793678665496 8173206420
1014135 300 0.5590008779631256 8166644730
1014435 300 0.5702844600526779 8174026620
1014735 300 0.563315188762072 8167464930
1015035 300 0.5617980684811238 8147779890
1015335 300 0.570521510096576 8141218200
1015635 300 0.6253748902546092 8785083900
1015935 300 0.6018121158911326 8633344860
1016235 300 0.5545917471466199 8174846850
1016535 300 0.5657330992098332 8186329800
1016835 300 0.5598068481123792 8192891490
1017135 300 0.5622247585601405 8186329800
1017435 300 0.5483336259877085 8186329800
1017735 300 0.5359596136962248 8166644730
1018035 300 0.5528849868305531 8168285160
1018335 300 0.5596172080772608 8187150000
1018635 300 0.5558718173836699 8181408540
1018935 300 0.5558244073748903 8180588310
1019235 300 0.6144705882352941 8870385870
1019535 300 0.5840807726075505 8870385870
1019835 300 0.5663968393327481 8148600090
1020135 300 0.5437822651448639 8475864330
1020435 300 0.5712326602282705 8168285160
1020735 300 0.5689095697980684 8142038400
1021035 300 0.5604705882352942 8142038400
1021335 300 0.574883230904302 8142038400
1021635 300 0.5804776119402986 8148600090
1021935 300 0.5908604038630378 8220778680
1022235 300 0.6185004389815627 8338889070
1022535 300 0.5810939420544338 8155161780
1022835 300 0.570900790166813 8155161780
1023135 300 0.579387181738367 8155161780
1023435 300 0.5513204565408254 8155161780
1023735 300 0.548523266022827 8161723470
1024035 300 0.5550184372256366 8155161780
1024335 300 0.5417910447761194 8155161780
1024635 300 0.562414398595259 8161723470
1024935 300 0.5638841088674276 8253587100
1025235 300 0.6186900790166813 9296895630
1025535 300 0.6078331870061457 8791645590
1025835 300 0.5892484635645303 8174846850
1026135 300 0.5625092186128182 8181408540
1026435 300 0.5634100087796313 8864644380
1026735 300 0.5617506584723442 8174846850
1027035 300 0.5658753292361721 8155161780
1027335 300 0.5769218612818262 8147779890
1027635 300 0.5696681299385425 8115791640
1027935 300 0.5490447761194029 8115791640
1028235 300 0.5933257243195786 8161723470
1028535 300 0.5971185250219491 8706343650
1028835 300 0.6081650570676032 8129735220
1029135 300 0.5697629499561019 8128915020
1029435 300 0.5710904302019315 8110050180
1029735 300 0.5713274802458297 8104308690
1030035 300 0.5551132572431958 8096926800
1030335 300 0.5518893766461809 8083803420
1030635 300 0.5542598770851624 8083803420
1030935 300 0.5743143107989465 8109229950
1031235 300 0.6067427568042143 8214216990
1031535 300 0.625422300263389 8909756010
1031835 300 0.580667251975417 8424191010
1032135 300 0.5757366110623354 8116611870
1032435 300 0.5669657594381037 8110050180
1032735 300 0.5748358208955224 8108409750
1033035 300 0.5700948200175593 8115791640
1033335 300 0.5639315188762072 8103488490
1033635 300 0.5685302897278315 8116611870
1033935 300 0.5805724319578578 8103488490
1034235 300 0.5568200175592626 8083803420
1034535 300 0.6332923617208077 8699781960
1034835 300 0.6167462686567164 8706343650
1035135 300 0.5831325724319578 8109229950
1035435 300 0.5955539947322213 8116611870
1035735 300 0.5895803336259877 8116611870
1036035 300 0.5733187006145741 8110050180
1036335 300 0.5837963125548727 8109229950
1036635 300 0.5909078138718175 8096926800
1036935 300 0.575404741000878 8083803420
1037235 300 0.5816154521510096 8084623620
1037535 300 0.6372273924495171 8629243800
1037835 300 0.6139016681299386 8628423600
1038135 300 0.5806198419666374 8103488490
1038435 300 0.5716119402985075 8103488490
1038735 300 0.5933257243195786 8838397620
1039035 300 0.5810939420544338 8169925590
1039335 300 0.578628621597893 8176487280
1039635 300 0.5833222124670764 8177307480
1039935 300 0.5914293239683933 8169925590
1040235 300 0.5825636523266023 8170745790
1040535 300 0.5958858647936787 8242924380
1040835 300 0.6334345917471467 8714545740
1041135 300 0.616935908691835 8224059510
1041435 300 0.5922352941176471 8210936130
1041735 300 0.6082124670763829 8210936130
1042035 300 0.5793397717295874 8217497820
1042335 300 0.5897225636523267 8202734010
1042635 300 0.598161545215101 8196992550
1042935 300 0.5942265144863916 8204374440
1043235 300 0.6047515364354696 8210115930
1043535 300 0.6226725197541703 8203554240
1043835 300 0.6710781387181739 9003260070
1044135 300 0.6582774363476733 9313299870
1044435 300 0.6276979806848113 8867105010
1044735 300 0.617694468832309 8814611520
1045035 300 0.6531571553994733 8630884230
1045335 300 0.6435803336259878 8380719840
1045635 300 0.6316804214223003 8229801000
