401777 300 0.7629587357330991 11810022480
402077 300 0.7876593503072871 11790337410
402377 300 0.7703546971027218 11791157610
402677 300 0.7711606672519754 11797719300
402977 300 0.7612045654082529 11869897890
403277 300 0.761441615452151 11823966060
403577 300 0.769169446883231 11837089440
403877 300 0.8284319578577699 12795096030
404177 300 0.8068129938542581 13162550610
404477 300 0.8234064969271292 12447326520
404777 300 0.7791729587357332 12060186870
405077 300 0.8226953467954347 11876459580
405377 300 0.827009657594381 11876459580
405677 300 0.8512835820895523 11909268030
405977 300 0.8888323090430201 11896144650
406277 300 0.9284670763827918 11895324450
406577 300 0.9901000877963126 12715535550
406877 300 0.9519350307287093 12971441400
407177 300 0.929367866549605 12971441400
407477 300 0.8862247585601404 12650738880
407777 300 0.8783546971027216 12565436910
408077 300 0.8875048287971906 12126623970
408377 300 0.8869833187006146 11949458370
408677 300 0.8873625987708518 11942896680
408977 300 0.8957541703248464 11962581750
409277 300 0.9406040386303776 13589060370
409577 300 0.9324021071115014 14002446780
409877 300 0.9319754170324847 13583318910
410177 300 0.9315013169446883 12749984400
410477 300 0.9217348551360844 12742602510
410777 300 0.9153819139596138 12663862230
411077 300 0.9333028972783144 12250475850
411377 300 0.8920087796312555 12001131660
411677 300 0.890776119402985 11988008280
411977 300 0.9296523266022827 12815601300
412277 300 0.9306005267778754 13223246220
412577 300 0.8984091308165059 12809859810
412877 300 0.8932414398595259 12802477920
413177 300 0.8936681299385426 13445523420
413477 300 0.9012063213345038 12257857740
413777 300 0.8971290605794556 12054445380
414077 300 0.9328762071992978 12028198650
414377 300 0.9063740122914838 12041322000
414677 300 0.9473836698858649 12946835070
414977 300 0.931169446883231 12435023340
415277 300 0.938233538191396 12428461650
415577 300 0.9029130816505708 12427641450
415877 300 0.8852765583845479 12421899960
416177 300 0.8767427568042142 12218487600
416477 300 0.8867462686567165 12041322000
416777 300 0.8813889376646181 12041322000
417077 300 0.9012537313432837 12047883690
417377 300 0.91457594381036 12047883690
417677 300 0.8806303775241441 12047883690
417977 300 0.8648428446005267 12041322000
418277 300 0.8760790166812995 12041322000
418577 300 0.8802036874451273 12047883690
418877 300 0.9049517120280949 12113500590
419177 300 0.9335399473222126 13091192220
419477 300 0.861334503950834 13255234440
419777 300 0.8733292361720808 12854971440
420077 300 0.8682089552238805 12743422710
420377 300 0.8469218612818261 12533448690
420677 300 0.8665496049165935 12350541600
420977 300 0.8816259877085163 12074130450
421277 300 0.8624723441615453 12218487600
421577 300 0.8963230904302021 12887779890
421877 300 0.8775487269534681 12447326520
422177 300 0.8339315188762073 12125803770
422477 300 0.8840913081650571 12112680390
422777 300 0.9004951712028095 12100377210
423077 300 0.9095504828797192 12093815520
423377 300 0.9077489025460932 12100377210
423677 300 0.9274714661984196 12106118700
423977 300 0.9824670763827918 13733417520
424277 300 0.9755926251097453 13680924030
424577 300 0.962791922739245 12552313530
424877 300 0.9356259877085163 12192240870
425177 300 0.9300790166812993 12165994110
425477 300 0.9095978928884988 12165994110
425777 300 0.898361720807726 12165994110
426077 300 0.8975557506584725 12165173880
426377 300 0.8798718173836699 12165994110
426677 300 0.8964179104477611 12165994110
426977 300 0.9368586479367867 12999328590
427277 300 0.9258121158911327 13360221480
427577 300 0.882953467954346 12914026620
427877 300 0.8666444249341528 12874656510
428177 300 0.9083178226514486 12717175980
428477 300 0.9269499561018437 12717175980
428777 300 1.3797155399473222 12606447480
429077 300 1.1795030728709395 12565436910
429377 300 0.9410307287093943 12329216100
429677 300 0.9277085162423178 13064125260
429977 300 0.9291308165057068 12631053810
430277 300 0.8686356453028973 12257857740
430577 300 0.9004003511852503 12257037540
430877 300 0.9178472344161546 13110877290
431177 300 0.903766461808604 12599065560
431477 300 0.901443371378402 12599065560
431777 300 0.8962756804214225 12440764830
432077 300 0.8598647936786656 12329216100
432377 300 0.9041931518876208 12925509600
432677 300 0.8851817383669887 12617930430
432977 300 0.8735662862159789 12617930430
433277 300 0.8842335381913959 12512943390
433577 300 0.8948533801580335 12243914160
433877 300 0.8563564530289728 12250475850
434177 300 0.8602440737489027 12270981120
434477 300 0.8502405618964003 12243914160
434777 300 0.8427023705004391 12251296050
435077 300 0.8882159789288852 13117438980
435377 300 0.8782598770851626 13300346070
435677 300 0.8490079016681299 12972261630
435977 300 0.9843634767339773 12959138250
436277 300 0.8553134328358211 12624492120
436577 300 0.8391940298507462 12480134970
436877 300 0.866359964881475 12441585030
437177 300 0.8112695346795435 12296407680
437477 300 0.8096575943810361 12316912950
437777 300 0.8263933274802459 12316912950
438077 300 0.7972361720807726 14907959850
438377 300 0.772251097453907 12743422710
438677 300 1.3259051799824408 14803793040
438977 300 0.8085197541703247 17231617920
439277 300 0.817385425812116 14212420830
439577 300 0.7988007023705004 13628430510
439877 300 0.7961457418788411 13254414240
440177 300 0.7790781387181738 13261796130
440477 300 0.8201352063213345 13260975930
440777 300 0.7822071992976295 13241290860
441077 300 0.8171483757682179 14744737830
441377 300 0.8241650570676032 15446838540
441677 300 0.8181439859525901 14725052760
441977 300 0.7946760316066727 13694867610
442277 300 1.115641791044776 13707990990
442577 300 0.8293801580333625 14324789730
442877 300 0.8010289727831432 13662059160
443177 300 0.8003178226514488 13648935780
443477 300 0.7862370500438982 13616127330
443777 300 0.8027831431079896 13478331870
444077 300 0.827009657594381 13845786450
444377 300 0.8310395083406498 13477511670
444677 300 0.7971413520632135 13471770180
444977 300 0.7888920105355577 13452085110
445277 300 0.7919262510974538 13314289650
445577 300 0.7926374012291484 13320851340
445877 300 0.8186180860403864 13320851340
446177 300 0.8038261633011413 13242111090
446477 300 0.8068604038630378 13176494190
446777 300 0.8451202809482004 14054940300
447077 300 0.8242598770851626 14173050690
447377 300 0.801692712906058 13753922820
447677 300 0.7992748024582967 13740799440
447977 300 0.8049165935030729 13621868820
448277 300 0.7956716417910449 13563633840
448577 300 0.8035417032484636 13360221480
448877 300 0.7923055311676909 13143685740
449177 300 0.8246391571553996 13150247430
449477 300 0.8520895522388059 14036075430
449777 300 0.8297594381035998 14324789730
450077 300 0.8053906935908692 13780169550
450377 300 0.8747989464442493 13793292930
450677 300 0.901585601404741 13780169550
450977 300 0.8835697980684812 13550510460
451277 300 0.9054732221246707 13458646800
451577 300 0.8732344161545216 13386468240
451877 300 0.9214978050921863 14770984590
452177 300 0.9404618086040386 14915341740
452477 300 0.9077963125548727 14383844940
452777 300 0.8997840210711151 13196179260
453077 300 0.8960860403863039 13189617570
453377 300 0.8747515364354698 13183055880
453677 300 0.9011115013169448 13202740950
453977 300 0.8813889376646181 13215044100
454277 300 0.9045724319578579 13221605790
454577 300 0.8862721685689202 14009828670
454877 300 0.9042405618964003 13609565640
455177 300 0.8539385425812116 13235549400
455477 300 0.830091308165057 13215864330
455777 300 0.8554082528533801 13202740950
456077 300 0.8063388937664617 13189617570
456377 300 0.7990377524143986 13209302640
456677 300 0.808235294117647 13235549400
456977 300 0.8318454784899034 13300346070
457277 300 0.8475381913959613 14082007260
457577 300 0.8401422300263389 13524263700
457877 300 0.8110798946444249 13242111090
458177 300 0.8033046532045655 13222426020
458477 300 0.8088516242317823 13209302640
458777 300 0.8050114135206322 13209302640
459077 300 0.7960983318700614 13202740950
459377 300 0.7724881474978051 13215864330
459677 300 0.7743371378402107 13288042890
459977 300 0.8217945566286216 13642374090
460277 300 0.7947708516242317 13202740950
460577 300 0.7655662862159789 13196179260
460877 300 0.790646180860404 13189617570
461177 300 0.7878015803336261 13169112300
461477 300 0.7811641791044777 13162550610
461777 300 0.8047269534679544 13155988920
462077 300 0.810937664618086 13313469450
462377 300 0.8271992976294995 13844966250
462677 300 0.7701176470588236 13767046200
462977 300 0.7823968393327481 13734237750
463277 300 0.7796470588235296 13727676060
463577 300 0.7612519754170326 13668620850
463877 300 0.7748586479367866 13543948770
464177 300 0.7802633889376646 13419276690
464477 300 0.7817330992098331 13347098100
464777 300 0.8052958735733099 13917965040
465077 300 0.8088042142230027 13550510460
465377 300 0.7743371378402107 13123180470
465677 300 0.7829657594381036 13123180470
465977 300 0.7580755048287974 13124820900
466277 300 0.7532870939420544 13124820900
466577 300 0.7612519754170326 13144505940
466877 300 0.7652818261633011 13282301430
467177 300 0.8244969271290608 14752119720
467477 300 0.8345478489903424 14889915210
467777 300 0.800033362598771 13242931290
468077 300 0.8095153643546973 13228987710
468377 300 0.7850517998244073 13222426020
468677 300 0.7677945566286217 13215864330
468977 300 0.7475030728709395 13209302640
469277 300 0.7528604038630378 13196179260
469577 300 0.7884653204565408 13321671540
469877 300 0.8328410886742756 13551330660
470177 300 0.7896979806848112 13328233230
470477 300 0.753476733977173 13977020220
470777 300 0.7333748902546093 13202740950
471077 300 0.7500632133450394 13215864330
471377 300 0.7414820017559263 13196179260
471677 300 0.7566057945566287 13202740950
471977 300 0.8031624231782266 13866291720
472277 300 0.7788410886742758 13222426020
472577 300 0.7380684811237928 13215864330
472877 300 0.7679367866549606 13215864330
473177 300 0.7251729587357332 13215044100
473477 300 0.7292502194907814 13202740950
473777 300 0.7323318700614574 13175673990
474077 300 0.7589288849868305 13313469450
474377 300 0.8017875329236173 13628430510
474677 300 0.76030377524144 13254414240
474977 300 0.7260737489025461 13254414240
475277 300 0.7548516242317822 13904021430
475577 300 0.8243546971027216 13280661000
475877 300 0.8055803336259877 13260975930
476177 300 0.8104635645302898 13235549400
476477 300 0.8243546971027216 13340536410
476777 300 0.8610500438981562 13668620850
477077 300 0.8816259877085163 13248672780
477377 300 0.8091360842844602 13255234440
477677 300 0.803636523266023 13235549400
477977 300 0.788702370500439 13235549400
478277 300 0.7885601404741002 13242111090
478577 300 0.8053906935908692 13235549400
478877 300 0.8402844600526778 13221605790
479177 300 0.893620719929763 13963896840
479477 300 0.8472063213345041 13772787660
479777 300 0.8234539069359087 13196179260
480077 300 0.8182862159789289 13189617570
480377 300 0.8195662862159789 13183055880
480677 300 0.8063388937664617 13196179260
480977 300 0.7967146619841967 13209302640
481277 300 0.7868533801580334 13196179260
481577 300 0.7448481123792801 13183876080
481877 300 0.8315610184372256 14665997550
482177 300 0.8585373134328359 15066260580
482477 300 0.8256347673397718 15492770370
482777 300 0.8189973661106235 13379906550
483077 300 0.8015504828797192 13327413030
483377 300 0.8028779631255487 13320851340
483677 300 0.7889394205443372 13307727960
483977 300 0.8100368744512731 13314289650
484277 300 0.819044776119403 13301166270
484577 300 0.8507620719929765 13438961730
484877 300 0.8445513608428447 13702249500
485177 300 0.8338366988586479 13282301430
485477 300 0.8235013169446883 13274099310
485777 300 0.8451202809482004 13280661000
486077 300 0.8515206321334505 13267537620
486377 300 0.8263459174714664 13260975930
486677 300 0.8139719051799825 13255234440
486977 300 0.8137822651448641 13288042890
487277 300 0.8473959613696225 14286239820
487577 300 0.8386251097453907 14208319770
487877 300 0.8157260755048288 13873673640
488177 300 0.8318454784899034 13873673640
488477 300 0.8221738366988588 13873673640
488777 300 0.8207989464442493 13794113160
489077 300 0.8326988586479367 13590700800
489377 300 0.8130711150131696 13577577420
489677 300 0.8171483757682179 13563633840
489977 300 0.8621878841088676 14278857930
490277 300 0.8381035996488146 13734237750
490577 300 0.8181439859525901 13419276690
490877 300 0.8076189640035119 13753922820
491177 300 0.7989903424056191 13419276690
491477 300 0.8008393327480247 13419276690
491777 300 0.7959561018437226 13432400040
492077 300 0.8246865671641791 13517702010
492377 300 0.8382458296751538 13629250710
492677 300 0.8368709394205445 13438961730
492977 300 0.8226953467954347 13425838380
493277 300 0.8131185250219491 13425838380
493577 300 0.8207041264266902 13438961730
493877 300 0.8044424934152765 13432400040
494177 300 1.1872783143107992 14213241030
494477 300 0.8328884986830554 14751299520
494777 300 0.8880737489025461 15013767060
495077 300 0.8324618086040385 14568392430
495377 300 0.8287638279192275 13694867610
495677 300 0.8265355575065847 13688305920
495977 300 0.8181439859525901 13681744230
496277 300 0.8500035118525021 13675182540
496577 300 0.865838454784899 13676002740
496877 300 0.8390992098331871 13662879390
497177 300 0.8655065847234418 13669441050
497477 300 0.8875996488147497 15277054830
497777 300 0.8944741000877963 15762619830
498077 300 0.8920087796312555 14909600250
498377 300 0.8107480245829677 13662879390
498677 300 0.7662774363476733 13655497470
498977 300 0.7662774363476733 13655497470
499277 300 0.8088516242317823 13649756010
499577 300 0.8087093942054434 13645654950
499877 300 0.7965250219490783 13639093260
500177 300 0.8046795434591747 13683384660
500477 300 0.8430816505706761 14510157450
500777 300 0.8099420544337138 13953234120
501077 300 0.807097453906936 13631711340
501377 300 0.7803582089552239 13625149650
501677 300 0.7976154521510097 13618587990
501977 300 0.8015504828797192 13618587990
502277 300 0.7936804214223004 13619408190
502577 300 0.800033362598771 13619408190
502877 300 0.7950079016681298 13619408190
503177 300 0.7922107111501319 13612846500
503477 300 0.8073819139596137 13606284810
503777 300 0.7814486391571555 13605464610
504077 300 0.788702370500439 13598902920
504377 300 0.8195662862159789 13566094470
504677 300 0.8527058823529412 14346935430
504977 300 0.8524214223002634 13907302290
505277 300 0.831655838454785 13585779540
505577 300 0.8390043898156279 13579217850
505877 300 0.8003178226514488 13578397620
506177 300 0.8024038630377526 13577577420
506477 300 0.8185232660228271 13577577420
506777 300 0.8175750658472344 13584139110
507077 300 0.8586321334503952 13997525520
507377 300 0.845025460930641 13714552680
507677 300 0.8335522388059701 13576757220
507977 300 0.8546022827041265 16641065910
508277 300 0.7898402107111502 13616127330
508577 300 0.7881334503950833 13623509250
508877 300 0.8075715539947321 13616947560
509177 300 0.8034468832309043 13611206070
509477 300 0.8281474978050921 15166326330
509777 300 0.8237857769973662 14411732130
510077 300 0.8414223002633889 13644014520
510377 300 0.8174802458296753 13644014520
510677 300 0.8220790166812995 13636632630
510977 300 0.8077611940298507 14476528800
511277 300 0.8255399473222125 13872853410
511577 300 0.842180860403863 13904841660
511877 300 0.8107954345917472 13906482090
512177 300 0.792163301141352 13900740600
512477 300 0.863420544337138 14674199670
512777 300 0.8631360842844602 14163208140
513077 300 0.9168042142230026 14162387940
513377 300 1.0607410008779632 14150084760
513677 300 1.2769780509218611 14169769830
513977 300 0.8368709394205445 14136141180
514277 300 0.8588691834942932 14129579490
514577 300 0.8698208955223882 14128759290
514877 300 0.8955171202809482 14128759290
515177 300 0.9501334503950835 14738996340
515477 300 0.9348674275680422 14745558030
515777 300 0.8792554872695348 14029513740
516077 300 0.8423705004389815 13990143600
516377 300 0.8377717295873575 13846606650
516677 300 0.8253977172958736 13735878150
516977 300 0.8410904302019316 13743260070
517277 300 0.8261088674275682 13735878150
517577 300 0.8256821773485513 13755563220
517877 300 0.8308972783143109 13767866400
518177 300 0.8275311676909571 13754743020
518477 300 0.8610500438981562 14443720350
518777 300 0.8413748902546093 14509337250
519077 300 0.8016453028972782 13767866400
519377 300 0.7932537313432836 13762124910
519677 300 0.8143037752414399 13755563220
519977 300 0.8154416154521511 13722754800
520277 300 0.8151097453906936 13709631420
520577 300 0.7975206321334505 13709631420
520877 300 0.812881474978051 13703069730
521177 300 0.8465425812115891 14595459420
521477 300 0.8356856892010537 14490472380
521777 300 0.8055803336259877 14221443150
522077 300 0.7986584723441615 14194376160
522377 300 0.8226005267778753 14030333940
522677 300 0.8193292361720808 13945032000
522977 300 0.804395083406497 13814618430
523277 300 0.8218419666374013 13821180120
523577 300 0.807476733977173 13841685390
523877 300 0.8279578577699738 15554286180
524177 300 0.8751308165057068 15626464770
524477 300 0.8642739244951714 14668458210
524777 300 0.8170061457418789 14320688700
525077 300 0.8209885864793679 14327250360
525377 300 0.8054381035996487 14319868470
525677 300 0.8140667251975419 14313306780
525977 300 1.002521510096576 14136141180
526277 300 1.0238086040386305 13939290510
526577 300 0.7841035996488148 13860550260
526877 300 0.8440298507462688 14583156240
527177 300 0.8383880597014925 14825938740
527477 300 0.8002230026338895 14314127010
527777 300 0.8148252853380159 14320688700
528077 300 0.8162949956101845 14314127010
528377 300 0.8263459174714664 14084467890
528677 300 0.853511852502195 13835123700
528977 300 0.8301861281826164 13756383450
529277 300 0.8229798068481123 13762945140
529577 300 0.8318928884986831 13769506830
529877 300 0.8475381913959613 13756383450
530177 300 0.8257295873573312 13769506830
530477 300 0.7768972783143109 13776068520
530777 300 0.7956716417910449 13762945140
531077 300 0.8092783143107991 13749821760
531377 300 0.7953397717295874 13782630210
531677 300 0.8366812993854259 14602841310
531977 300 0.852611062335382 14071344510
532277 300 0.8251606672519755 13781809980
532577 300 0.7996066725197543 13776068520
532877 300 0.8120280948200176 13769506830
533177 300 0.8093731343283583 13776068520
533477 300 0.8233590869183494 13762945140
533777 300 0.8071448639157155 13749821760
534077 300 0.838198419666374 14353497120
534377 300 0.8177647058823531 14353497120
534677 300 0.8400000000000001 13736698380
534977 300 0.8091360842844602 13742439840
535277 300 0.811601404741001 13728496260
535577 300 0.8408059701492538 13729316490
535877 300 0.8189499561018436 13742439840
536177 300 0.7882756804214224 13741619640
536477 300 0.7899824407374891 13741619640
536777 300 0.8039683933274802 13762124910
537077 300 0.8324618086040385 14476528800
537377 300 0.7983740122914839 14424855510
537677 300 0.7751431079894646 13755563220
537977 300 0.7942019315188763 13749821760
538277 300 0.7864741000877964 13755563220
538577 300 0.8022616330114136 13755563220
538877 300 0.8188551360842846 13755563220
539177 300 0.8056751536435469 13755563220
539477 300 0.8138770851624232 13762945140
539777 300 0.8240228270412644 15166326330
540077 300 0.8214152765583846 15659273220
540377 300 0.7969517120280948 14694704940
540677 300 0.7961457418788411 13743260070
540977 300 0.8056751536435469 13749821760
541277 300 0.8082827041264267 13749821760
541577 300 0.8123125548726953 13749001530
541877 300 0.8270570676031608 13749821760
542177 300 0.8257295873573312 13743260070
542477 300 0.7941545215100967 13730136690
542777 300 0.8293801580333625 14031974370
543077 300 0.8379139596136963 14602841310
543377 300 0.7785092186128183 14536404210
543677 300 0.7728200175592627 14234566530
543977 300 0.7957664618086042 14117276340
544277 300 0.7960509218612819 14117276340
544577 300 0.7677471466198419 14109894420
544877 300 0.7769920983318701 14083647660
545177 300 0.7910728709394206 13985222340
545477 300 0.8195662862159789 14412552330
545777 75 0.8187603160667253 14123838030
545852 5 0.6109622475856015 13931088420
545857 7 0.6068849868305531 13676002740
545864 1 0.5996786654960493 13653857040
545865 11 0.5996786654960493 13653857040
545876 160 0.6075961369622476 14038536060
546036 4 0.668091308165057 8995878150
546040 1 0.5883476733977173 8861363550
546041 8 0.5883476733977173 8861363550
546049 28 0.6330553116769095 9337086000
546077 300 0.6099666374012291 11864156400
546377 300 0.7826812993854259 13308548190
546677 300 0.786379280070237 13164191010
546977 300 0.7539508340649693 13151887860
547277 300 0.7689323968393328 13170752700
547577 296 0.8082827041264267 13329053460
547873 4 0.721332748024583 13245391920
547877 2 0.7364091308165057 13633351770
547879 3 0.7294398595259 13566914670
547882 9 0.7132256365232661 13566914670
547891 165 0.7195785776997367 13964717070
548056 3 0.7418612818261634 8780982840
548059 1 0.6487480245829675 8780982840
548060 9 0.6487480245829675 8780982840
548069 108 0.7139841966637401 10003097400
548177 300 0.6602212467076383 12709794060
548477 207 0.7827287093942055 13307727960
548684 5 0.5739350307287094 13097753910
548689 4 0.5769218612818262 12876296910
548693 8 0.5646900790166813 12876296910
548701 1 0.5646900790166813 12876296910
548702 1 0.5655434591747148 12876296910
548703 74 0.5765425812115891 13252773810
548777 92 0.5810939420544338 13087911390
548869 4 0.5585267778753292 8085443820
548873 9 0.5585267778753292 7891053810
548882 1 0.5585267778753292 7891053810
548883 194 0.6108674275680421 9744730920
549077 70 0.5409850746268656 7426814310
549147 5 0.32123968393327484 7254569970
549152 4 0.324179104477612 6960934410
549156 9 0.3107620719929763 6960934410
549165 3 0.31114135206321336 6960934410
549168 162 0.3179683933274803 7365298470
549330 2 0.4716242317822652 2782779000
549332 1 0.30000000000000004 2391538320
549333 8 0.30000000000000004 2391538320
549341 1 0.32195083406496927 2704038750
549342 35 0.37666198419666375 3254400390
549377 140 0.32218788410886745 6153026460
549517 160 0.3839157155399473 7619563920
549677 300 0.6772414398595259 11553296400
549977 300 0.7796470588235296 12014255040
550277 300 0.7869956101843723 12028198650
550577 300 0.7659929762949956 12038041170
550877 300 0.7570798946444248 12038861370
551177 300 0.7593555750658473 12065108130
551477 300 0.7458437225636524 12065108130
551777 300 0.7658033362598771 12083973000
552077 300 0.814920105355575 13113337920
552377 300 0.804774363476734 13179775020
552677 300 0.7898402107111502 12459629670
552977 300 0.7926848112379281 12212746140
553277 300 0.7809745390693591 12173376000
553577 300 0.7629113257243196 12205364220
553877 300 0.7721088674275681 12244734360
554177 300 0.7381633011413522 12218487600
554477 300 0.8010763827919228 14095130640
554777 300 0.8079982440737489 14613504060
555077 300 0.8071448639157155 13767046200
555377 300 0.7995592625109746 12913206420
555677 300 0.7772291483757683 12893521350
555977 300 0.8104161545215102 12737681250
556277 300 0.7836294995610185 12692569620
556577 300 0.7838665496049166 12366125610
556877 300 0.8015504828797192 12320193780
557177 300 0.7909306409130816 12345620340
557477 300 0.8403792800702371 13441422390
557777 300 0.8199455662862162 13342997040
558077 300 0.7694539069359086 13060844430
558377 300 0.7724881474978051 13119899610
558677 300 0.7983740122914839 12556414590
558977 300 0.7829657594381036 12366945810
559277 300 0.7869956101843723 12360384120
559577 300 0.8103687445127306 12504741300
559877 300 0.8193766461808605 12859892700
560177 300 0.7904565408252853 12775410960
560477 300 0.7687427568042142 12754085460
560777 300 0.7892238805970149 12477674310
561077 300 0.7923055311676909 12386630880
561377 300 0.769548726953468 12380069190
561677 300 0.7178718173836699 12380069190
561977 300 0.7584547848990342 12426001020
562277 300 0.8004126426690078 13502118000
562577 300 0.7630535557506585 13448804280
562877 300 0.7381633011413522 13213403700
563177 300 0.7555627743634767 13607105010
563477 300 0.7768498683055312 13063305060
563777 300 0.7693116769095698 12520325310
564077 300 0.7540456540825287 12415338270
564377 300 0.776375768217735 12604807050
564677 300 0.8261562774363477 13056743370
564977 300 0.8091834942932398 12918947910
565277 300 0.7709236172080772 12663042030
565577 300 0.7604934152765583 12466191360
565877 300 0.7397752414398595 12439944600
566177 300 0.7746690079016683 12439944600
566477 300 0.7904091308165058 12445686090
566777 300 0.811316944688323 12460449900
567077 300 0.843982440737489 14305104660
567377 300 0.8589640035118524 14836601460
567677 300 0.8147304653204566 15204056040
567977 300 0.7912151009657595 13944211800
568277 300 0.7543301141352063 13294604580
568577 300 0.7920684811237928 13288042890
568877 300 0.7605882352941177 13286402490
569177 300 0.7625320456540826 13115798580
569477 300 0.7649973661106234 13076428440
569777 300 0.7882756804214224 12801657720
570077 300 0.8309446883230904 13490635050
570377 300 0.822126426690079 13445523420
570677 300 0.7655188762071993 13320851340
570977 300 0.7580280948200175 13064945490
571277 300 0.7749534679543459 12900903270
571577 300 0.7674152765583847 12487516860
571877 300 0.7713977172958736 12480955170
572177 300 0.7777032484635644 12474393480
572477 300 0.7795996488147499 12487516860
572777 300 0.849908691834943 13504578630
573077 300 0.8025935030728709 13484073360
573377 300 0.7795522388059701 13222426020
573677 300 0.7963353819139596 13366783170
573977 300 0.7944389815627745 12986205210
574277 300 0.7792203687445128 12737681250
574577 300 0.782918349429324 12621211260
574877 300 0.8015978928884987 12614649570
575177 300 0.8417067603160668 12987845640
575477 300 0.8131185250219491 12889420290
575777 300 0.7847199297629499 12881218200
576077 300 0.7809271290605796 12822162990
576377 300 0.7888920105355577 12683547300
576677 300 0.807476733977173 12533448690
576977 300 0.7969991220368746 12512943390
577277 300 0.8178121158911326 12526887000
577577 300 0.860433713784021 13438961730
577877 300 0.8146830553116768 13616947560
578177 300 0.8070026338893767 13265076990
578477 300 0.7932063213345041 13212583470
578777 300 0.7840561896400351 12929610630
579077 300 0.7807374890254609 12830365110
579377 300 0.8181439859525901 12712254690
579677 300 0.8260614574187883 12620391060
579977 300 0.8373450395083406 12581020920
580277 300 0.8676874451273047 13630891140
580577 300 0.8576839332748025 13525904130
580877 300 0.8434135206321336 13283941830
581177 300 0.8501931518876208 13270818480
581477 300 0.8391466198419667 13146146370
581777 300 0.798326602282704 12932071290
582077 300 0.8231220368744514 12683547300
582377 300 0.8155364354697103 12590863470
582677 300 0.8365864793678666 12610548510
582977 300 0.8566883230904303 12990306270
583277 300 0.866359964881475 14250150540
583577 300 0.8768375768217735 13961436210
583877 300 0.8444565408252853 12608908110
584177 300 0.8193766461808605 12608087880
584477 300 0.8297594381035998 12601526190
584777 300 0.8303757682177348 12589223040
585077 300 0.8325566286215978 12590043240
585377 300 0.8615241439859526 12591683670
585677 300 0.8669288849868305 12604807050
585977 300 0.8756523266022829 13666980420
586277 300 0.8779280070237051 13548870030
586577 300 0.8581106233538192 13318390710
586877 300 0.8645583845478491 13239650430
587177 300 0.8657910447761195 12832005510
587477 300 0.8786391571553995 12641716530
587777 300 0.8869359086918349 12641716530
588077 300 0.9239157155399472 12694210050
588377 300 0.9547322212467075 13101034770
588677 300 0.9392291483757682 12970621200
588977 300 0.8973661106233538 12703232370
589277 300 0.9108305531167692 12702412170
589577 300 0.8864143985952591 12702412170
589877 300 0.8867936786654961 12682727100
590177 300 0.8843283582089553 12675345210
590477 300 0.8673081650570675 12675345210
590777 300 0.9094556628621597 13205201580
591077 300 0.9176575943810361 13211763270
591377 300 0.8884056189640035 12654019710
591677 300 0.8629938542581211 12654839910
591977 300 0.8735662862159789 12641716530
592277 300 0.8763160667251975 12655660140
592577 300 0.8426075504828797 12637615500
592877 300 0.8733292361720808 12631053810
593177 300 0.8780228270412644 12636795270
593477 300 0.9479051799824408 13325772600
593777 300 0.9341088674275679 13102675200
594077 300 0.8843283582089553 12682727100
594377 300 0.851188762071993 12676165410
594677 300 0.8592484635645303 12668783520
594977 300 0.8187129060579454 12695030280
595277 300 0.8472537313432836 12688468590
595577 300 0.8671659350307287 12688468590
595877 300 0.8448358208955223 12690108990
596177 300 0.8834275680421422 13242931290
596477 300 0.9151448639157156 14377283250
596777 300 0.8982194907813872 14306745090
597077 300 0.8775487269534681 12817241730
597377 300 0.8485338015803335 12803298120
597677 300 0.9148604038630379 12804118350
597977 300 0.8711009657594381 12804118350
598277 300 0.9524091308165057 12797556660
598577 300 0.9146233538191397 12816421500
598877 300 0.8564038630377523 12816421500
599177 300 0.8877418788410888 13085450760
599477 300 0.8754626865671643 13656317700
599777 300 0.8386725197541703 12849229950
600077 300 0.8349271290605795 12836106570
600377 300 0.8345952589991221 13637452830
600677 300 0.8470166812993855 13164191010
600977 300 0.8568305531167691 13157629320
601277 300 0.8470640913081651 13151067630
601577 300 0.8805355575065847 13203561150
601877 300 0.934772607550483 13636632630
602177 300 0.8925302897278315 13143685740
602477 300 0.8564038630377523 12882038400
602777 300 0.8541755926251097 13275739740
603077 300 0.8257769973661107 12783613080
603377 300 0.8195188762071993 12803298120
603677 300 0.830755048287972 12803298120
603977 300 0.8179543459174714 12790994970
604277 300 0.8796347673397718 13060024200
604577 300 0.8594855136084285 12797556660
604877 300 0.8412800702370502 12810680040
605177 300 0.8818630377524145 13452905340
605477 300 0.8558823529411764 12823803420
605777 300 0.8650798946444249 12817241730
606077 300 0.8682089552238805 12796736430
606377 300 0.8426549604916593 12795916230
606677 300 0.8677348551360844 12856611870
606977 300 0.8823371378402108 13322491770
607277 300 0.9088393327480248 12804118350
607577 300 0.8564512730465321 12804118350
607877 300 0.8849446883230905 12790994970
608177 300 0.8408533801580335 12790994970
608477 300 0.8059596136962249 12790994970
608777 300 0.8198981562774363 12797556660
609077 300 0.8234064969271292 12817241730
609377 300 0.8823845478489903 13834303500
609677 300 0.8657910447761195 13794933360
609977 300 0.8431290605794556 13499657370
610277 300 0.84388762071993 15323806860
610577 300 0.8412800702370502 13474230810
610877 300 0.8239754170324847 13283941830
611177 300 0.8444565408252853 13054282740
611477 300 0.857352063213345 13021474290
611777 300 0.8767427568042142 14517539340
612077 300 0.8756049165935031 13139584680
612377 300 0.8912976294995612 13152708060
612677 300 0.8796821773485514 13152708060
612977 300 0.8612870939420544 13146146370
613277 300 0.9031501316944688 13146146370
613577 300 0.8718595258999122 13047721050
613877 300 0.848865671641791 12883678830
614177 300 0.8189973661106235 12837747000
614477 300 0.9057576821773485 13572656160
614777 300 0.9173731343283582 13375805490
615077 300 0.9080333625987709 12818061930
615377 300 0.8728077260755048 12824623620
615677 300 0.8621404741000878 12804938550
615977 300 0.909834942932397 12791815170
616277 300 0.8926251097453908 12772130100
616577 300 0.8902071992976296 12752445030
616877 300 0.975782265144864 13303626900
617177 300 0.9424056189640035 13356120420
617477 300 0.8851817383669887 12811500240
617777 300 0.9119209833187008 12811500240
618077 300 0.9000210711150133 12798376860
618377 300 0.9012063213345038 12798376860
618677 300 0.8945689201053555 12798376860
618977 300 0.8685408252853382 12772130100
619277 300 0.8898753292361721 12772130100
619577 300 0.8903968393327482 13382367180
619877 300 0.8355434591747146 13913863980
620177 300 0.8381035996488146 13487354190
620477 300 0.8052484635645304 13486533990
620777 300 0.8390992098331871 13322491770
621077 300 0.8299490781387182 13138764480
621377 300 0.8154416154521511 13014092400
621677 300 0.7923055311676909 12941913810
621977 300 0.7842932396839333 12876296910
622277 300 0.8477752414398595 13500477570
622577 300 0.8102265144863916 13625149650
622877 300 0.7914995610184373 13500477570
623177 300 0.8600070237050045 13256874870
623477 300 0.835116769095698 12994407330
623777 300 0.8033520632133451 12869735220
624077 300 0.80785601404741 12810680040
624377 300 0.8435083406496928 12804118350
624677 300 0.8807251975417032 13394670330
624977 300 0.8283845478489903 13407793710
625277 300 0.8343107989464442 12869735220
625577 300 0.8107954345917472 12843488490
625877 300 0.841659350307287 12850050180
626177 300 0.8417067603160668 12844308690
626477 300 0.8228375768217735 12836926800
626777 300 0.7936804214223004 12830365110
627077 300 0.8060070237050044 12823803420
627377 300 0.8230272168568922 12823803420
627677 300 0.8464951712028096 12831185310
627977 300 0.8596277436347675 14189454900
628277 300 0.8670237050043899 15134338110
628577 300 0.8037787532923618 15265571880
628877 300 0.7973784021071115 14268195180
629177 300 0.8404266900790166 13533286020
629477 300 0.857873573309921 13454545740
629777 300 0.8075715539947321 13257695100
630077 300 0.8242124670763828 13034597670
630377 300 0.8364916593503072 12903363900
630677 300 0.8543178226514487 12883678830
630977 300 0.8715750658472344 13467669120
631277 300 0.8890693590869183 13487354190
631577 300 0.9069429323968393 13238010030
631877 300 0.894900790166813 12818882130
632177 300 0.889116769095698 12839387430
632477 300 0.822790166812994 12826264050
632777 300 0.8117910447761194 12826264050
633077 300 0.8545548726953469 12957497820
633377 300 0.8853239683933275 13174033560
633677 300 0.8573994732221248 13016553030
633977 300 0.8207515364354697 12838567200
634277 300 0.8373450395083406 12832005510
634577 300 0.8049640035118524 12818061930
634877 300 0.811601404741001 12798376860
635177 300 0.8207515364354697 12804938550
635477 300 0.8077137840210712 12804938550
635777 300 0.8563090430201933 13114978350
636077 300 0.8525636523266023 13159269750
636377 300 0.8187603160667253 12798376860
636677 300 0.8092309043020193 13119899610
636977 300 0.8341685689201055 12818061930
637277 300 0.8325566286215978 12826264050
637577 300 0.8000807726075506 12827084250
637877 300 0.8018823529411764 12950936130
638177 300 0.8598173836698858 12970621200
638477 300 0.8672133450395083 12819702360
638777 300 0.8307076382791923 12825443820
639077 300 0.851188762071993 12826264050
639377 300 0.8363494293239684 12827904480
639677 300 0.8053906935908692 12819702360
639977 300 0.8018823529411764 12833645940
640277 300 0.8106057945566287 12853331010
640577 300 0.8557875329236173 14533123350
640877 300 0.8471115013169448 14762782470
641177 300 0.8451676909569799 13411074570
641477 300 0.8168165057067603 12865634190
641777 300 0.8061018437225638 12859072500
642077 300 0.8271992976294995 12852510810
642377 300 0.8287638279192275 12840207630
642677 300 0.619638279192274 7557227880
642977 131 0.6556698858647938 7563789570
643108 6 0.6557172958735733 7564609770
643114 13 0.6556698858647938 7564609770
643127 1 0.6556698858647938 7564609770
643128 149 0.6630184372256366 7935345210
643277 21 0.5923301141352064 8022287580
643298 279 0.665910447761194 10679771580
643577 300 0.8900175592625109 12937812750
643877 300 0.8393836698858649 12635975070
644177 300 0.8427023705004391 12533448690
644477 300 0.8125496049165934 12545751840
644777 300 0.8026409130816508 12539190150
645077 300 0.8376294995610185 12546572070
645377 300 0.8346426690079016 12547392270
645677 300 0.8707690956979808 13151067630
645977 300 0.8512361720807726 13196999460
646277 300 0.8119332748024582 12573639030
646577 300 0.8445513608428447 12567077340
646877 300 0.8147304653204566 12560515650
647177 300 0.8400000000000001 12593324100
647477 300 0.822647936786655 12626132520
647777 300 0.8425601404741002 12606447480
648077 300 0.8485338015803335 12613009170
648377 300 0.8236909569798069 12580200720
648677 300 0.8131659350307286 12571998600
648977 300 0.8252554872695348 12585121980
649277 300 0.7842932396839333 12585121980
649577 300 0.8001281826163301 12571998600
649877 300 0.8353538191395962 12565436910
650177 300 0.8374398595258999 12559695420
650477 300 0.833315188762072 12559695420
650777 300 0.8060070237050044 12579380490
651077 300 0.8153467954345918 12579380490
651377 300 0.8098472344161545 12571178400
651677 300 0.8446935908691835 13352019360
651977 300 0.825350307287094 13720294140
652277 300 0.7890342405618965 13228167480
652577 300 0.7862370500438982 13201100520
652877 300 0.7637172958735734 12958318020
653177 300 0.7795048287971905 12761467380
653477 300 0.7915469710272168 12603986820
653777 300 0.8037313432835822 12578560290
654077 300 0.804395083406497 14213241030
654377 300 0.8225531167690958 14227184610
654677 300 0.7708287971905179 12690108990
654977 300 0.7386374012291484 12670423920
655277 300 0.7510114135206322 12657300570
655577 300 0.7506321334503951 12637615500
655877 300 0.7592133450395084 12644177190
656177 300 0.7607778753292362 12636795270
656477 300 0.7647129060579457 12637615500
656777 300 0.8291905179982442 13228167480
657077 300 0.8070500438981563 13228167480
657377 300 0.7987058823529412 12637615500
657677 300 0.742809482001756 12644177190
657977 300 0.7343705004389816 12631053810
658277 300 0.7351290605794557 12604807050
658577 300 0.7513432835820897 12598245360
658877 300 0.7537611940298506 12597425160
659177 300 0.7686005267778753 12617110200
659477 300 0.7991799824407374 13425018150
659777 300 0.8396207199297631 12978823320
660077 300 0.6986233538191396 12715535550
660377 300 0.7621053555750659 13359401280
660677 300 0.7772765583845479 12735220620
660977 300 0.7549464442493415 12736861020
661277 300 0.7708762071992977 12730299330
661577 300 0.770449517120281 12730299330
661877 300 0.7975206321334505 13005890280
662177 300 0.8070026338893767 12992766900
662477 300 0.8022142230026339 12756546090
662777 300 0.7642388059701494 12776231160
663077 300 0.7785566286215979 12769669470
663377 300 0.7617734855136085 12769669470
663677 300 0.7802633889376646 12769669470
663977 300 0.7785566286215979 12770489700
664277 300 0.789745390693591 12874656510
664577 300 0.8335996488147499 13419276690
664877 300 0.8087568042142229 13406973510
665177 300 0.7821123792800702 13210122840
665477 300 0.8116488147497806 13072327380
665777 300 0.7934433713784023 12822162990
666077 300 0.7987532923617209 12723737670
666377 300 0.8134503950834064 12677805840
666677 300 0.8372976294995611 12690929220
666977 300 0.8615715539947322 13471770180
667277 300 0.8482967515364355 13064945490
667577 300 0.8463055311676909 12665502660
667877 300 0.8111747146619842 12685187730
668177 300 0.8299964881474979 15400906710
668477 300 0.8261562774363477 13000148790
668777 266 0.6002949956101844 7622024550
669043 4 0.6002949956101844 7622024550
669047 11 0.6002949956101844 7623664980
669058 1 0.6002949956101844 7623664980
669059 18 0.6436277436347674 7920581400
669077 154 0.6097769973661107 7991939760
669231 146 0.6806075504828797 9456836820
669377 300 0.7521018437225637 12152870730
669677 300 0.8416119402985075 15204876270
669977 300 0.809420544337138 12763928010
670277 300 0.8317980684811238 12711434490
670577 300 0.8296172080772607 12619570860
670877 300 0.8850395083406498 12613009170
671177 300 0.871906935908692 12613009170
671477 300 0.8732818261633012 12626132520
671777 300 0.9029130816505708 14156646450
672077 300 0.8953748902546094 14734075080
672377 300 0.8833327480245831 13979480850
672677 300 0.9053309920983319 12923869170
672977 300 0.8967971905179983 12916487280
673277 300 0.9013485513608428 12923048970
673577 300 0.9127269534679543 12903363900
673877 300 0.935531167690957 12699951540
674177 300 0.8955171202809482 12581841120
674477 300 0.9298893766461809 12581841120
674777 300 0.9681018437225637 13206021780
675077 300 0.9585250219490781 13192898400
675377 300 0.9344407374890255 12576099660
675677 300 0.8863195785776997 12569537970
675977 300 0.8888323090430201 12589223040
676277 300 0.8969394205443371 12603986820
676577 300 0.8879315188762071 12576099660
676877 300 0.8992151009657594 12576099660
677177 300 0.9300790166812993 12582661350
677477 300 0.9743599648814749 13402872450
677777 300 0.9245794556628623 13730956890
678077 300 0.9293204565408253 13324132200
678377 300 0.9239631255487271 13180595250
678677 300 0.9250061457418788 13128101730
678977 300 0.9368586479367867 13135483620
679277 300 0.9410781387181738 12996867960
679577 300 0.9176575943810361 12944374440
679877 300 0.9442546093064091 12958318020
680177 300 0.9711834942932398 13771147230
680477 300 0.9399402985074627 13252773810
680777 300 0.9280877963125549 12937812750
681077 300 0.9106883230904301 12938632980
681377 300 0.8884056189640035 12931251060
681677 300 0.862899034240562 12904184100
681977 300 0.9327813871817385 12747523770
682277 300 0.9227304653204567 12733580190
682577 300 0.8980772607550483 12735220620
682877 300 0.9278033362598771 12991126470
683177 300 0.9155241439859526 13260155730
683477 300 0.8694890254609307 12814781100
683777 300 0.8785443371378403 12808219410
684077 300 0.8588691834942932 12808219410
684377 300 0.8599596136962246 12808219410
684677 300 0.8459262510974539 12808219410
684977 300 0.8364916593503072 12781152420
685277 300 0.8727129060579455 13542308340
685577 300 0.8905864793678666 13740799440
685877 300 0.8564512730465321 13516881810
686177 300 0.850050921861282 13320851340
686477 300 0.8465425812115891 13149427230
686777 300 0.863420544337138 12978823320
687077 300 0.8583950834064971 12828724680
687377 300 0.857352063213345 12802477920
687677 300 0.8659332748024583 12809859810
687977 300 0.8909657594381036 13643194320
688277 300 0.870342405618964 13899100170
688577 300 0.8524214223002634 13399591620
688877 300 0.8537963125548726 13215864330
689177 300 0.836254609306409 13188797340
689477 300 0.8281949078138717 12925509600
689777 300 0.8388147497805092 12715535550
690077 300 0.8446935908691835 12663042030
690377 300 0.8397155399473222 12663862230
690677 300 0.8929569798068481 13128921930
690977 300 0.8902071992976296 13227347280
691277 300 0.8852291483757682 12958318020
691577 300 0.8828586479367867 12905824530
691877 300 0.8698208955223882 12886959660
692177 300 0.8804407374890254 12827904480
692477 300 0.874324846356453 12683547300
692777 300 0.8795399473222125 12631053810
693077 300 0.8827638279192274 12637615500
693377 300 0.9124899034240561 13340536410
693677 300 0.8548867427568042 13228987710
693977 300 0.8564038630377523 12663862230
694277 300 0.8494820017559263 12665502660
694577 300 0.8338841088674276 12658940970
694877 300 0.8384828797190518 12652379280
695177 300 0.6226725197541703 7544104500
695477 32 0.5995364354697102 7543284300
695509 268 0.8343107989464442 12650738880
695777 300 0.8281949078138717 12650738880
696077 300 0.8610026338893767 12651559080
696377 300 0.8816259877085163 13492275480
696677 300 0.8682563652326603 13459467030
696977 300 0.8396681299385426 13020654090
697277 300 0.8315610184372256 12960778680
697577 300 0.8224582967515365 12921408540
697877 300 0.8430816505706761 12868915020
698177 300 0.857636523266023 12822983190
698477 300 0.8417541703248463 12829544880
698777 300 0.8906338893766461 13466028720
699077 300 0.881910447761194 13531645590
699377 300 0.8519947322212469 13000969020
699677 300 0.844503950834065 12889420290
699977 300 0.825350307287094 13892538480
700277 300 0.8345478489903424 12980463720
700577 133 0.3183476733977173 2480121120
700710 57 0.5144828797190518 7613822460
700767 110 0.8208463564530291 12941913810
700877 300 0.8200403863037752 12935352120
701177 300 0.8118384547848989 12836926800
701477 300 0.8474907813871818 13578397620
701777 300 0.8334100087796312 13073147580
702077 300 0.8185706760316066 13052642310
702377 300 0.8091834942932398 13053462510
702677 300 0.7900772607550482 12915667050
702977 300 0.8117910447761194 12718816380
703277 300 0.5993467954345917 7570351260
703577 44 0.6020491659350307 7570351260
703621 256 0.7960983318700614 12712254690
703877 300 0.7972361720807726 12731119560
704177 300 0.8773116769095699 14044277550
704477 300 0.8701053555750659 15074462700
704777 300 0.8400000000000001 14464225620
705077 300 0.8329359086918349 13394670330
705377 300 0.8135452151009659 13315930080
705677 300 0.8061492537313433 13315109880
705977 300 0.8025460930640914 13320851340
706277 300 0.7775610184372256 13314289650
706577 300 0.7920210711150132 13223246220
706877 300 0.8401896400351185 12927970230
707177 300 0.8673081650570675 13625149650
707477 300 0.8190921861281826 14017210590
707777 300 0.8013608428446005 13486533990
708077 300 0.7935381913959613 13486533990
708377 300 0.8158208955223881 13361861910
708677 300 0.795244951712028 13224886650
708977 300 0.7892238805970149 12856611870
709277 300 0.7876593503072871 12830365110
709577 300 0.8189025460930641 12830365110
709877 300 0.8445513608428447 13126461300
710177 300 0.8619508340649694 13525083900
710477 300 0.8252080772607551 13185516510
710777 300 0.8415171202809482 12863173530
711077 300 0.86830377524144 14943228930
711377 300 0.828574187884109 12876296910
711677 300 0.833172958735733 12882858600
711977 300 0.8189025460930641 12876296910
712277 300 0.8243072870939421 12863993760
712577 300 0.8476804214223004 13361861910
712877 300 0.8707690956979808 14136961410
713177 300 0.8874574187884108 12883678830
713477 300 0.8585373134328359 12877117140
713777 300 0.8202774363476734 12877117140
714077 300 0.8472063213345041 12877117140
714377 300 0.8235961369622475 12871375650
714677 300 0.8327462686567165 12863173530
714977 300 0.8323669885864795 12863173530
715277 300 0.822505706760316 12863993760
715577 300 0.8666918349429323 13447163850
715877 300 0.8605285338015803 13519342440
716177 300 0.8660280948200176 12915667050
716477 148 0.84772783143108 12903363900
716625 152 0.833315188762072 12903363900
716777 300 0.81686391571554 12882858600
717077 300 0.8373924495171203 12882858600
717377 300 0.8331255487269535 12882858600
717677 300 0.8279104477611939 12877117140
717977 300 0.83871992976295 12850050180
718277 204 0.879208077260755 13860550260
718481 96 0.8503827919227394 13578397620
718577 284 0.8286215978928885 13841685390
718861 16 0.8354486391571555 13743260070
718877 53 0.8467322212467078 13506219060
718930 247 0.8380087796312556 13506219060
719177 300 0.8216997366110624 13506219060
719477 300 0.8466848112379279 13500477570
719777 300 0.8281949078138717 13369243800
720077 300 0.8370605794556629 13198639890
720377 300 0.8561194029850746 13165831440
720677 300 0.8490079016681299 13172393130
720977 300 0.869963125548727 13552971090
721277 300 0.8462107111501316 13080529500
721577 300 0.8386725197541703 12962419080
721877 300 0.8054855136084286 12962419080
722177 300 0.8131185250219491 12976362690
722477 300 0.8197559262510975 12976362690
722777 300 0.8286690079016681 12976362690
723077 300 0.8314661984196663 12977182890
723377 300 0.8675452151009657 13541488140
723677 300 0.8618560140474101 13154348490
723977 300 0.7972361720807726 12988665840
724277 300 0.8026409130816508 12969801000
724577 300 0.7907884108867428 12839387430
724877 300 0.7905513608428446 12826264050
725177 300 0.79244776119403 12826264050
725477 300 0.8106057945566287 12825443820
725777 300 0.817385425812116 12840207630
726077 300 0.8520895522388059 14723412330
726377 300 0.8443617208077261 14775905850
726677 300 0.8507146619841967 14022131850
726977 300 0.8245917471466198 12893521350
727277 300 0.8495768217734856 12893521350
727577 300 0.8214626865671643 12886139460
727877 300 0.8028305531167691 12886139460
728177 300 0.7964776119402985 12878757570
728477 300 0.8105109745390695 12873016080
728777 300 0.8129288849868305 12872195880
729077 300 0.8552186128182617 13154348490
729377 300 0.8584899034240563 13534926450
729677 300 0.8015504828797192 13088731590
729977 300 0.7850992098331872 12859072500
730277 300 0.7907884108867428 12853331010
730577 300 0.8073819139596137 12846769320
730877 300 0.8001281826163301 12840207630
731177 300 0.7913573309920985 12833645940
731477 300 0.8205618964003512 12846769320
731777 300 0.8462581211589114 13640733690
732077 300 0.8423705004389815 13214223900
732377 300 0.7863318700614575 12859892700
732677 300 0.7861896400351185 12859892700
732977 300 0.7865689201053557 12859072500
733277 300 0.7851466198419667 12859892700
733577 300 0.7988955223880597 12859892700
733877 300 0.7904565408252853 12853331010
734177 300 0.8436979806848113 13411074570
734477 300 0.8314187884108868 13397951190
734777 300 0.816721685689201 12827084250
735077 300 0.8112221246707638 12827084250
735377 300 0.8030676031606673 12813960870
735677 300 0.7986584723441615 12807399180
735977 300 0.815963125548727 12807399180
736277 300 0.8281000877963126 12807399180
736577 300 0.7962405618964004 12802477920
736877 300 0.831276558384548 12795096030
737177 300 0.8057699736611063 12787714110
737477 300 0.8080930640913082 12781972650
737777 300 0.7951027216856892 12781972650
738077 300 0.8151097453906936 12775410960
738377 300 0.8111747146619842 12775410960
738677 300 0.8090412642669009 12775410960
738977 300 0.805153643546971 12775410960
739277 300 0.8103687445127306 12775410960
739577 300 0.8155838454784899 12775410960
739877 300 0.7878489903424056 12787714110
740177 300 0.8248287971905179 12776231160
740477 300 0.8181439859525901 12775410960
740777 300 0.8029253731343284 12774590730
741077 300 0.8055329236172081 12774590730
741377 300 0.7960509218612819 12775410960
741677 300 0.7783195785776997 12775410960
741977 300 0.8065285338015803 12775410960
742277 300 0.7976628621597893 12775410960
742577 300 0.7741474978050921 12775410960
742877 300 0.7997963125548728 12774590730
743177 300 0.7833924495171204 12774590730
743477 300 0.8032572431957858 12774590730
743777 300 0.7850992098331872 12768849270
744077 300 0.788323090430202 12769669470
744377 300 0.8130711150131696 13817899290
744677 300 0.8030676031606673 14395327890
744977 300 0.8229323968393328 12853331010
745277 300 0.8151097453906936 12853331010
745577 300 0.830755048287972 12853331010
745877 300 0.8769323968393329 13988503200
746177 300 0.9005899912203688 14073805140
746477 300 0.9113994732221246 12945194670
746777 300 0.8616189640035119 12932071290
747077 300 0.8382458296751538 12932891490
747377 300 0.8729499561018437 12933711690
747677 300 0.8395258999122037 12919768110
747977 300 0.8466374012291484 12926329800
748277 300 0.8476804214223004 12920588310
748577 300 0.9083652326602284 13215044100
748877 300 0.9186532045654083 13595622060
749177 300 0.8579209833187007 13129742160
749477 300 0.8794925373134328 12900083040
749777 300 0.876505706760316 12893521350
750077 300 0.8685882352941178 12893521350
750377 300 0.8913450395083407 12900083040
750677 300 0.897982440737489 12900083040
750977 300 0.9298419666374012 13044440190
751277 300 0.9655417032484637 13333154520
751577 300 0.9143863037752415 12939453180
751877 300 0.8949482001755926 12965699940
752177 300 0.9179894644424934 12958318020
752477 300 0.9242949956101845 12951756330
752777 300 0.91713608428446 12958318020
753077 300 0.9177050043898157 12959138250
753377 300 0.9144811237928008 12978003090
753677 300 0.9805706760316067 13791652530
753977 300 0.9441123792800703 13233908970
754277 300 0.8901123792800703 12932891490
754577 300 0.9214029850746269 12932891490
754877 300 0.9549218612818262 12932891490
755177 300 0.9191747146619843 12932891490
755477 300 0.937854258121159 12939453180
755777 300 0.9564863915715541 12939453180
756077 300 0.9411729587357331 12932891490
756377 300 1.054482879719052 14633189130
756677 300 1.037130816505707 14902218360
756977 300 1.0019525899912205 13924526730
757277 300 0.9598999122036875 12965699940
757577 300 0.9567234416154523 12959138250
757877 300 0.9602791922739247 12959138250
758177 300 0.9690974539069359 12953396760
758477 300 0.9578612818261634 12952576560
758777 300 0.9341088674275679 12952576560
759077 300 0.9451553994732222 12959138250
759377 300 0.982846356453029 13765405770
759677 300 0.9903845478489904 13240470660
759977 300 0.9913801580333627 12958318020
760277 300 0.9990131694468832 12958318020
760577 300 0.9866391571553994 12952576560
760877 300 1.0139947322212466 12953396760
761177 300 1.0154644424934154 12959138250
761477 300 1.0143266022827042 13083810330
761777 300 1.0619736611062336 13372524630
762077 300 1.0085425812115894 12965699940
762377 300 1.0207743634767341 12965699940
762677 300 1.0532502194907813 13562813610
762977 300 1.0416821773485516 12972261630
763277 300 1.0266057945566287 12978823320
763577 300 1.014990342405619 12972261630
763877 300 1.048414398595259 12978823320
764177 300 1.064628621597893 13516881810
764477 300 1.0644389815627744 12972261630
764777 300 1.0183564530289728 12972261630
765077 300 1.0385531167690956 12972261630
765377 300 1.0158437225636523 13622689020
765677 300 1.045996488147498 12979643520
765977 300 1.0178823529411765 12986205210
766277 300 1.0082581211589114 12978823320
766577 300 1.0438156277436348 12978823320
766877 300 1.0779034240561898 13543128540
767177 300 1.0425355575065849 12985385010
767477 300 1.0450008779631257 12991946700
767777 300 0.9952203687445127 15176989080
768077 300 1.0426303775241441 13005070080
768377 300 1.0294503950834066 13005070080
768677 300 1.0682791922739243 13005070080
768977 300 1.0819332748024584 13059204000
769277 300 1.09587181738367 14574954120
769577 300 1.1140772607550482 13005890280
769877 300 1.06244776119403 12992766900
770177 300 1.0334328358208955 12999328590
770477 300 1.0889499561018439 13005070080
770777 300 1.0554310798946447 12992766900
771077 300 1.070412642669008 13005890280
771377 300 1.0560474100087798 12992766900
771677 300 1.0869113257243197 12999328590
771977 300 1.1180122914837576 13595622060
772277 300 1.0911782265144865 13490635050
772577 300 1.0604565408252855 13000148790
772877 300 1.0523020193151886 12986205210
773177 300 1.0818858647936787 12986205210
773477 300 1.0593661106233538 12979643520
773777 300 1.0965829675153644 12985385010
774077 300 1.0659561018437225 12985385010
774377 300 1.093785776997366 13024755120
774677 300 1.1233222124670765 13733417520
774977 300 1.099332748024583 13510320120
775277 300 1.110426690079017 13012451970
775577 300 1.097009657594381 13005890280
775877 300 1.0782827041264267 12993587100
776177 300 1.0226233538191396 13006710480
776477 300 1.039027216856892 13000148790
776777 300 1.0531079894644426 13006710480
777077 300 1.0526338893766463 13039518930
777377 300 1.0988586479367866 13787551470
777677 300 1.0825970149253732 13275739740
777977 300 1.0661931518876206 13000148790
778277 300 1.1012765583845479 13288042890
778577 300 1.03803160667252 12986205210
778877 300 1.059603160667252 12986205210
779177 300 1.0258946444249342 12987025410
779477 300 1.0719771729587357 13118259210
779777 300 1.1057805092186128 13130562360
780077 300 1.0996646180860403 12992766900
780377 300 1.06244776119403 12986205210
780677 300 1.0784249341527656 12987025410
780977 300 1.076196663740123 12987845640
781277 300 1.078235294117647 12987025410
781577 300 1.0659561018437225 12986205210
781877 300 1.0839719051799825 12992766900
782177 300 1.14854433713784 14869409910
782477 300 1.110237050043898 15026890440
782777 300 1.1004231782265146 13904841660
783077 300 1.0429148375768218 13073147580
783377 300 1.0491255487269533 13078889070
783677 300 1.0680421422300261 13072327380
783977 300 1.072451273046532 13065765690
784277 300 1.0355662862159791 13051822110
784577 300 1.015369622475856 13052642310
784877 300 1.0670939420544339 13058383800
785177 300 1.1174433713784022 13807236540
785477 300 1.093785776997366 13393850130
785777 300 1.0388375768217735 13025575350
786077 300 1.0247568042142232 13024755120
786377 300 1.0366093064091308 13024755120
786677 300 1.0441000877963125 12998508390
786977 300 1.0254679543459178 12992766900
787277 300 1.0203002633889378 12992766900
787577 300 1.0588920105355575 13019833860
787877 300 1.0733046532045654 13812978000
788177 300 1.069511852502195 13313469450
788477 300 1.061404741000878 13031316810
788777 300 1.0132361720807728 13425018150
789077 300 1.021675153643547 13024755120
789377 300 1.0695592625109747 13025575350
789677 300 1.0479877085162423 13025575350
789977 300 1.0785197541703249 13137124050
790277 300 1.0822177348551363 13248672780
790577 300 1.1559402985074625 13016553030
790877 300 1.0890921861281826 13022294490
791177 300 1.095350307287094 13889257650
791477 300 1.0304460052677786 13061664630
791777 300 1.043673397717296 13055102940
792077 300 1.0355188762071994 13054282740
792377 300 1.0600772607550484 13054282740
792677 300 1.0782827041264267 13388928870
792977 300 1.0834503950834065 13278200370
793277 300 1.121473222124671 13073967810
793577 300 1.0541035996488148 13067406120
793877 300 1.0673784021071115 13808876940
794177 300 0.9823722563652326 13074788010
794477 300 1.0430570676031607 13068226320
794777 300 1.0030904302019314 13060844430
795077 300 1.0671413520632134 13073967810
795377 300 1.0117190517998247 13676822970
795677 300 1.076196663740123 13060024200
795977 300 1.0392168568920108 13060024200
796277 300 1.0789464442493415 13053462510
796577 300 1.0561422300263388 13054282740
796877 300 1.058702370500439 13054282740
797177 300 1.1475013169446882 14655334830
797477 300 1.1373081650570676 15100709460
797777 300 1.0716927129060578 14248510110
798077 300 1.063206321334504 13094473080
798377 300 1.0679947322212469 13087911390
798677 300 1.071313432835821 13087911390
798977 300 1.046375768217735 13081349700
799277 300 1.056379280070237 13087091190
799577 300 0.9998191395961369 13087911390
799877 300 1.0357559262510976 13106776230
800177 300 1.0669991220368744 13867932150
800477 300 1.00844776119403 13303626900
800777 300 1.0098226514486393 13041979560
801077 300 1.0030904302019314 13048541250
801377 300 1.0038489903424057 13041979560
801677 300 1.014990342405619 13048541250
801977 300 1.0033748902546094 13068226320
802277 300 1.0325794556628622 13140404910
802577 300 1.0307304653204565 13901560800
802877 300 1.024472344161545 13370064000
803177 300 0.9979701492537315 13094473080
803477 300 1.0389323968393327 13094473080
803777 300 1.0354714661984197 13087091190
804077 300 1.0043230904302018 13094473080
804377 300 1.0225285338015804 13087091190
804677 300 1.0539613696224759 13243751490
804977 300 1.1186760316066726 13508679690
805277 300 1.066714661984197 13088731590
805577 300 1.0673784021071115 13068226320
805877 300 1.0742054433713786 13055102940
806177 300 1.0375100965759438 13055102940
806477 300 1.0485092186128182 13055102940
806777 300 1.0607884108867427 13055102940
807077 300 1.0578964003511855 13055102940
807377 300 1.0970570676031608 13461927660
807677 300 1.0687058823529414 13172393130
807977 300 1.041966637401229 13047721050
808277 300 1.0523020193151886 13047721050
808577 300 1.0357085162423179 13034597670
808877 300 1.0143740122914837 13036238100
809177 300 1.0392168568920108 13035417870
809477 300 1.0619736611062336 13075608210
809777 300 1.1124179104477614 13862190690
810077 300 1.0953977172958735 13363502310
810377 300 1.0671413520632134 13074788010
810677 300 1.0378419666374012 13357760850
810977 238 0.7822071992976295 7845942180
811215 6 0.7822071992976295 7846762410
811221 7 0.7822071992976295 7846762410
811228 1 0.7822071992976295 7846762410
811229 48 0.7984214223002634 8211756330
811277 300 0.7525759438103601 8219958450
811577 300 0.75001580333626 8219958450
811877 300 0.7741474978050921 8338068870
812177 300 0.8239280070237051 8227340370
812477 300 0.7573643546971028 8221598880
812777 300 0.7544723441615452 8228160570
813077 300 0.7647129060579457 8227340370
813377 300 0.7496365232660228 8227340370
813677 300 0.7791729587357332 8227340370
813977 300 0.7886075504828797 8227340370
814277 300 0.7806426690079018 8233081830
814577 300 0.8244021071115014 10182723630
814877 300 0.7894135206321335 9547880250
815177 300 0.7953871817383671 8248665840
815477 300 0.8053906935908692 8248665840
815777 300 0.7901246707638281 8249486070
816077 300 0.7711606672519754 8242104150
816377 300 0.8106532045654083 8228160570
816677 300 0.7785092186128183 8228160570
816977 300 0.8213678665496049 8221598880
817277 300 0.8126444249341528 8221598880
817577 300 0.8006971027216856 8221598880
817877 300 0.7762335381913961 8221598880
818177 300 0.809799824407375 8274092400
818477 300 0.8684460052677787 9022945140
818777 300 0.8176224758560142 8224059510
819077 300 0.7850043898156278 8223239310
819377 300 0.8180965759438104 8222419080
819677 300 0.7998437225636524 8223239310
819977 300 0.7752853380158035 8216677620
820277 300 0.7957190517998244 8215857390
820577 300 0.7926374012291484 8215857390
820877 300 0.8228849868305532 9043450410
821177 300 0.7943915715539949 8235542460
821477 300 0.7857629499561019 8222419080
821777 300 0.785241439859526 8215857390
822077 300 0.7683634767339771 8196172320
822377 300 0.8199455662862162 8189610630
822677 300 0.8215100965759438 8188790430
822977 300 0.8153467954345918 8189610630
823277 300 0.8610500438981562 8320024200
823577 300 0.8299490781387182 8445516510
823877 300 0.8063863037752415 8215857390
824177 300 0.8186654960491659 8215857390
824477 300 0.8084723441615452 8208475500
824777 300 0.7807374890254609 8208475500
825077 300 0.776470588235294 8208475500
825377 300 0.767604916593503 8209295700
825677 300 0.7813064091308166 8217497820
825977 300 0.8514258121158912 10049029230
826277 300 0.8417541703248463 9944042220
826577 300 0.8268674275680422 8224059510
826877 300 0.8096101843722563 8217497820
827177 300 0.8049640035118524 8217497820
827477 300 0.7877067603160668 8217497820
827777 300 0.787943810359965 8210936130
828077 300 0.8112695346795435 8204374440
828377 300 0.806718173836699 8237182890
828677 300 0.8573994732221248 9050832300
828977 300 0.8108428446005267 8237182890
829277 300 0.8196136962247587 8205194670
829577 300 0.8077611940298507 8205194670
829877 300 0.7971413520632135 8205194670
830177 300 0.803494293239684 8205194670
830477 300 0.7888920105355577 8205194670
830777 300 0.8134029850746268 8342990130
831077 300 0.8173380158033363 8487347280
831377 300 0.7973784021071115 8219138250
831677 300 0.7711606672519754 8225699940
831977 300 0.8057699736611063 8225699940
832277 300 0.7811167690956979 8219138250
832577 300 0.7926848112379281 8219138250
832877 300 0.795529411764706 8225699940
833177 300 0.82971202809482 8251946700
833477 300 0.8673555750658474 8994237750
833777 300 0.8430342405618965 8351192220
834077 300 0.825492537313433 8219138250
834377 300 0.8422282704126427 9013102590
834677 300 0.8097050043898156 8218318020
834977 300 0.8260140474100088 8212576560
835277 300 0.8271518876207199 8212576560
835577 300 0.8623301141352064 8251946700
835877 300 0.8786865671641791 8441415450
836177 300 0.8615241439859526 8218318020
836477 300 0.8147304653204566 8219138250
836777 300 0.822505706760316 8901553890
837077 300 0.8336470588235294 8225699940
837377 300 0.8346426690079016 8225699940
837677 300 0.8430816505706761 8218318020
837977 300 0.8672133450395083 8211756330
838277 300 0.8518525021949077 8533279110
838577 300 0.8728551360842844 8211756330
838877 300 0.8586795434591747 8206014870
839177 300 0.7993696224758561 8198632980
839477 300 0.8296172080772607 8200273380
839777 300 0.8464951712028096 8199453180
840077 300 0.8622827041264266 8200273380
840377 300 0.876126426690079 8200273380
840677 300 0.8648902546093065 8226520140
840977 300 0.9222563652326603 10017861210
841277 300 0.886035118525022 9132033210
841577 300 0.8866514486391572 8246205210
841877 300 0.847348551360843 8233902030
842177 300 0.8510465320456542 8883509250
842477 300 0.8646057945566286 8233081830
842777 300 0.8694416154521509 8232261630
843077 300 0.8588217734855136 8233081830
843377 300 0.8895434591747146 8239643520
843677 300 0.9146233538191397 8528357820
843977 300 0.923441615452151 8239643520
844277 300 0.8878841088674276 8240463720
844577 300 0.8952326602282705 8232261630
844877 300 0.8548393327480247 8233081830
845177 300 0.8868884986830554 8239643520
845477 300 0.8681141352063214 8239643520
845777 300 0.9196488147497806 8292137040
846077 300 0.9545899912203687 8994237750
846377 300 0.9179420544337139 8219958450
846677 300 0.9058525021949078 8219138250
846977 300 0.9260491659350308 8219138250
847277 300 0.9312168568920106 8219958450
847577 300 0.9408884986830555 8213396760
847877 300 0.9294626865671644 8213396760
848177 300 0.9902897278314311 8370877290
848477 300 1.0320105355575067 8489807910
848777 300 0.9859280070237051 8225699940
849077 300 0.9663476733977173 8239643520
849377 300 0.9538788410886743 8239643520
849677 300 0.94415978928885 8239643520
849977 300 1.025515364354697 8239643520
850277 300 1.1046426690079019 8278193430
850577 300 1.1611553994732222 8973732450
850877 300 1.1923511852502195 8251946700
851177 300 0.991474978050922 8251946700
851477 300 1.0505478489903424 8251946700
851777 300 1.097294117647059 8251126470
852077 300 1.1959069359086918 8251946700
852377 300 1.1102844600526778 8251946700
852677 300 1.2847058823529411 8311001880
852977 300 1.52142405618964 8954867610
853277 300 1.3815645302897277 8265070080
853577 300 1.3173239683933275 8265070080
853877 300 1.4863880597014925 8271631770
854177 300 1.3960245829675153 8297878500
854477 300 1.661330992098332 8297878500
854777 300 1.5977541703248463 8298698730
855077 300 1.8538156277436348 8456179260
855377 300 2.0959385425812114 10076916420
855677 300 1.989929762949956 9145976790
855977 300 1.923508340649693 8430752700
856277 300 1.9934381035996487 8443876080
856577 300 2.0246812993854255 8450437770
856877 300 2.04596839332748 8449617570
857177 300 2.0830904302019313 8449617570
857477 300 2.0963178226514487 8443055880
857777 300 2.0927620719929765 8449617570
858077 300 2.1985812115891132 9204211800
858377 300 2.169945566286216 8836757220
858677 300 1.8558542581211588 8469302640
858977 300 1.9190517998244072 8475864330
859277 300 2.1541580333625987 8469302640
859577 300 2.168855136084284 8482426020
859877 300 2.1988182616330114 8475044100
860177 300 2.2387374890254614 8468482410
860477 300 2.2222388059701492 8567727960
860777 300 2.1967322212467075 9145156590
861077 300 2.2238981562774365 8495549400
861377 300 2.206071992976295 8502111090
861677 300 2.214321334503951 8502111090
861977 300 2.1774363476733978 8515234440
862277 300 2.233190517998244 8534919510
862577 300 2.234043898156277 8541481200
862877 300 2.2121878841088676 8548042890
863177 300 2.2036066725197543 8935182540
863477 300 2.218446005267779 8534099310
863777 300 2.2327164179104475 8534099310
864077 300 2.2270746268656714 8540661000
864377 300 2.1864442493415277 8534099310
864677 300 2.219251975417033 8541481200
864977 300 2.2173555750658474 8553784380
865277 300 2.239638279192274 8567727960
865577 300 2.202231782265145 9361692330
865877 300 2.205882352941176 8580851340
866177 300 2.2209587357330993 8574289650
866477 300 2.206166812993854 8575109880
866777 300 2.2272642669007903 8575109880
867077 300 2.229113257243196 8574289650
867377 300 2.178953467954346 8573469450
867677 300 2.2473187006145743 8573469450
867977 300 2.19644776119403 8573469450
868277 300 2.204934152765584 10371372180
868577 300 2.2177348551360843 9893189130
868877 300 2.2139894644424936 8600536410
869177 300 2.179285338015803 8600536410
869477 300 2.2125197541703248 8600536410
869777 300 2.2092010535557502 8600536410
870077 300 2.170087796312555 8601356610
870377 300 2.229113257243196 8601356610
870677 300 2.2457067603160668 8607098100
870977 300 2.23622475856014 8666153310
871277 300 2.193129060579456 9611036490
871577 300 2.2028007023705003 9078719490
871877 300 2.2166918349429325 9072157800
872177 300 2.2247515364354697 9072978000
872477 300 2.2318630377524147 9079539690
872777 300 2.2266005267778755 9079539690
873077 300 2.2296821773485513 9079539690
873377 300 2.239069359086918 9072978000
873677 300 2.2352765583845478 9093483300
873977 300 2.1853538191395963 9853818990
874277 300 2.2224758560140474 9113168340
874577 300 2.218446005267779 9113168340
874877 300 2.2091062335381917 9113168340
875177 300 2.208537313432836 9113168340
875477 300 2.2230921861281825 9112348140
875777 300 2.1995768217734852 9112348140
876077 300 2.256089552238806 9113168340
876377 300 2.2574170324846357 9171403350
876677 300 2.1966848112379282 9420747510
876977 300 2.2174503950834064 9106606650
877277 300 2.1998138718173834 9100044990
877577 300 2.2386900790166813 9100044990
877877 300 2.2286391571553996 9100044990
878177 300 2.191991220368745 9100044990
878477 300 2.2096751536435466 9100044990
878777 300 2.2590289727831427 9158279970
879077 300 2.234612818261633 9939120930
879377 300 2.222807726075505 9125471520
879677 300 2.2284969271290604 9125471520
879977 300 2.225604916593503 9125471520
880277 300 2.185401229148376 9125471520
880577 300 2.218967515364355 9125471520
880877 300 2.2138946444249337 9126291720
881177 300 2.2263634767339773 9126291720
881477 300 2.220484635645303 9164841660
881777 300 2.2250834064969274 9807887160
882077 300 2.2011887620719928 9112348140
882377 300 2.2592186128182616 9112348140
882677 300 2.195926251097454 9118909830
882977 300 2.241202809482002 9105786450
883277 300 2.2465601404741 9099224760
883577 300 2.208774363476734 9106606650
883877 300 2.2305829675153643 9107426880
884177 300 2.2319578577699737 9107426880
884477 300 2.1942669007901667 10268025600
884777 300 2.2144635645302895 10504246380
885077 300 2.2038437225636525 9145976790
885377 300 2.2543353819139593 9152538480
885677 300 2.2269323968393326 9139415100
885977 300 2.259692712906058 9145156590
886277 300 2.230345917471466 9059854620
886577 300 2.215222124670764 8995057950
886877 300 2.250068481123793 8844139110
887177 300 2.2523915715539946 8825274240
887477 300 2.2181141352063216 9598733340
887777 300 2.2120456540825284 8785904130
888077 300 2.239116769095698 8798207280
888377 300 2.274010535557507 8805589200
888677 300 2.2530079016681297 8832656160
888977 300 2.3020772607550484 8838397620
889277 300 2.2544776119402985 8837577420
889577 300 2.272540825285338 8837577420
889877 300 2.287095697980685 8922879390
890177 300 2.2745794556628622 9224717070
890477 300 2.275148375768218 8942564430
890777 300 2.2862423178226514 8942564430
891077 300 2.2610676031606673 8936822970
891377 300 2.2774714661984197 8938463400
891677 300 2.26718349429324 8937643170
891977 300 2.2759543459174716 8938463400
892277 300 2.272683055311677 9004080270
892577 300 2.287854258121159 9337906200
892877 300 2.2596453028972783 8951586750
893177 300 2.2650500438981567 8950766550
893477 300 2.3051115013169445 8944204860
893777 300 2.272920105355575 8943384660
894077 300 2.2678946444249344 8944204860
894377 300 2.2633432835820897 8944204860
894677 300 2.284914837576822 8865464610
894977 300 2.2966725197541704 8859723120
895277 300 2.2888024582967517 9312479640
895577 300 2.2840614574187885 8951586750
895877 300 2.2737734855136087 8951586750
896177 300 2.2751957857769973 8951586750
896477 300 2.2934486391571554 8945025090
896777 300 2.261494293239684 8899093260
897077 300 2.2702177348551364 8879408190
897377 300 2.288849868305531 8879408190
897677 300 2.286574187884109 8881048620
897977 300 2.2779929762949958 8880228390
898277 300 2.2779929762949958 8880228390
898577 300 2.2653345039508337 8881048620
898877 300 2.2984741000877964 8853981630
899177 300 2.2755750658472342 8840858250
899477 300 2.270028094820018 8841678480
899777 300 2.2747690956979807 8841678480
900077 300 2.2784196663740124 8841678480
900377 300 2.2377892888498687 8846599740
900677 300 2.274247585601405 8846599740
900977 300 2.2643863037752414 8848240170
901277 300 2.266851624231782 8847419940
901577 300 2.267420544337138 8847419940
901877 300 2.280742756804214 8847419940
902177 300 2.2852467076382794 8847419940
902477 300 2.2726356453028975 8846599740
902777 300 2.267515364354697 8847419940
903077 300 2.2866215978928888 8847419940
903377 300 2.3388674275680423 10651884390
903677 300 2.235418788410887 11124325980
903977 300 2.2347550482879717 9470780400
904277 300 2.255330992098332 9397781610
904577 300 2.246702370500439 9398601810
904877 300 2.2820702370500436 9397781610
905177 300 2.27358384547849 9398601810
905477 300 2.2556628621597894 9405163500
905777 300 2.282354697102722 9399422040
906077 300 2.228686567164179 9398601810
906377 300 2.3007497805092187 9536397300
906677 300 2.2880438981562774 10158937530
906977 300 2.2920737489025464 9424848570
907277 300 2.2555680421422304 9385478430
907577 300 2.3135030728709394 9392040120
907877 300 2.30700790166813 9384658230
908177 300 2.2578437225636523 9384658230
908477 300 2.2327164179104475 9384658230
908777 300 2.295582089552239 9312479640
909077 300 2.2381211589113255 9234559590
909377 300 2.300038630377524 9497027160
909677 300 2.260309043020193 9372355050
909977 300 2.2917892888498685 9260806350
910277 300 2.2925952589991216 9273929730
910577 300 2.2439999999999998 9273929730
910877 300 2.295345039508341 9273929730
911177 300 2.285531167690957 9280491420
911477 300 2.2670412642669007 9273929730
911777 300 2.2691747146619843 9255064890
912077 300 2.3041158911325725 9969468750
912377 300 2.277945566286216 9542138760
912677 300 2.2946338893766463 9241121280
912977 300 2.280553116769096 9241941510
913277 300 2.283445127304653 9241941510
913577 267 2.2591237928007026 9248503200
913844 1 2.2591237928007026 9248503200
913845 32 2.3217998244073748 9793123350
913877 300 2.0789657594381037 12483415800
914177 300 1.0337172958735734 16755075270
914477 300 0.9744073748902546 14018850990
914777 300 0.9845057067603161 14018850990
915077 300 0.9890096575943812 14018850990
915377 300 0.991095697980685 14012289300
915677 300 0.9960263388937666 13894178910
915977 300 1.015274802458297 13835123700
916277 300 0.9926602282704126 13854808770
916577 300 1.027316944688323 15908617380
916877 300 0.9807603160667253 13913863980
917177 300 1.0230500438981562 13873673640
917477 300 1.0415399473222124 13880235330
917777 300 1.015274802458297 13847426880
918077 300 1.0306356453028973 13828562010
918377 300 1.0309675153643547 13822000320
918677 300 1.023998244073749 13815438630
918977 300 1.021390693590869 13815438630
919277 300 1.0330061457418789 13926987360
919577 300 1.0738735733099212 14503595760
919877 300 1.0415399473222124 14123838030
920177 300 1.053060579455663 13835123700
920477 300 1.0163178226514487 13822000320
920777 300 1.0306356453028973 13835123700
921077 300 0.9732221246707639 13881055530
921377 300 0.9299841966637402 13861370460
921677 300 0.9651150131694469 13854808770
921977 300 1.0006251097453907 13848247080
922277 300 1.01873573309921 14623346580
922577 300 1.0067410008779631 14110714650
922877 300 1.0055557506584725 13822000320
923177 300 0.9908586479367868 13822000320
923477 300 1.0074047410008777 13822000320
923777 300 0.9789113257243195 13822000320
924077 300 0.9883933274802459 13822000320
924377 300 1.0085899912203686 13822000320
924677 300 1.0318683055311677 13849067310
924977 300 1.053202809482002 14917802370
925277 300 1.0486040386303777 14602841310
925577 300 1.0161281826163302 14294441940
925877 300 1.0073099209833187 14287880250
926177 300 1.036324846356453 14300183400
