1740903 194 0.6108674275680421 9744730920
1741097 70 0.5409850746268656 7426814310
1741167 5 0.32123968393327484 7254569970
1741172 4 0.324179104477612 6960934410
1741176 9 0.3107620719929763 6960934410
1741185 3 0.31114135206321336 6960934410
1741188 162 0.3179683933274803 7365298470
1741350 2 0.4716242317822652 2782779000
1741352 1 0.30000000000000004 2391538320
1741353 8 0.30000000000000004 2391538320
1741361 1 0.32195083406496927 2704038750
1741362 35 0.37666198419666375 3254400390
1741397 140 0.32218788410886745 6153026460
1741537 160 0.3839157155399473 7619563920
1741697 300 0.6772414398595259 11553296400
1741997 300 0.7796470588235296 12014255040
1742297 300 0.7869956101843723 12028198650
1742597 300 0.7659929762949956 12038041170
1742897 300 0.7570798946444248 12038861370
1743197 300 0.7593555750658473 12065108130
1743497 300 0.7458437225636524 12065108130
1743797 300 0.7658033362598771 12083973000
1744097 300 0.814920105355575 13113337920
1744397 300 0.804774363476734 13179775020
1744697 300 0.7898402107111502 12459629670
1744997 300 0.7926848112379281 12212746140
1745297 300 0.7809745390693591 12173376000
1745597 300 0.7629113257243196 12205364220
1745897 300 0.7721088674275681 12244734360
1746197 300 0.7381633011413522 12218487600
1746497 300 0.8010763827919228 14095130640
1746797 300 0.8079982440737489 14613504060
1747097 300 0.8071448639157155 13767046200
1747397 300 0.7995592625109746 12913206420
1747697 300 0.7772291483757683 12893521350
1747997 300 0.8104161545215102 12737681250
1748297 300 0.7836294995610185 12692569620
1748597 300 0.7838665496049166 12366125610
1748897 300 0.8015504828797192 12320193780
1749197 300 0.7909306409130816 12345620340
1749497 300 0.8403792800702371 13441422390
1749797 300 0.8199455662862162 13342997040
1750097 300 0.7694539069359086 13060844430
1750397 300 0.7724881474978051 13119899610
1750697 300 0.7983740122914839 12556414590
1750997 300 0.7829657594381036 12366945810
1751297 300 0.7869956101843723 12360384120
1751597 300 0.8103687445127306 12504741300
1751897 300 0.8193766461808605 12859892700
1752197 300 0.7904565408252853 12775410960
1752497 300 0.7687427568042142 12754085460
1752797 300 0.7892238805970149 12477674310
1753097 300 0.7923055311676909 12386630880
1753397 300 0.769548726953468 12380069190
1753697 300 0.7178718173836699 12380069190
1753997 300 0.7584547848990342 12426001020
1754297 300 0.8004126426690078 13502118000
1754597 300 0.7630535557506585 13448804280
1754897 300 0.7381633011413522 13213403700
1755197 300 0.7555627743634767 13607105010
1755497 300 0.7768498683055312 13063305060
1755797 300 0.7693116769095698 12520325310
1756097 300 0.7540456540825287 12415338270
1756397 300 0.776375768217735 12604807050
1756697 300 0.8261562774363477 13056743370
1756997 300 0.8091834942932398 12918947910
1757297 300 0.7709236172080772 12663042030
1757597 300 0.7604934152765583 12466191360
1757897 300 0.7397752414398595 12439944600
1758197 300 0.7746690079016683 12439944600
1758497 300 0.7904091308165058 12445686090
1758797 300 0.811316944688323 12460449900
1759097 300 0.843982440737489 14305104660
1759397 300 0.8589640035118524 14836601460
1759697 300 0.8147304653204566 15204056040
1759997 300 0.7912151009657595 13944211800
1760297 300 0.7543301141352063 13294604580
1760597 300 0.7920684811237928 13288042890
1760897 300 0.7605882352941177 13286402490
1761197 300 0.7625320456540826 13115798580
1761497 300 0.7649973661106234 13076428440
1761797 300 0.7882756804214224 12801657720
1762097 300 0.8309446883230904 13490635050
1762397 300 0.822126426690079 13445523420
1762697 300 0.7655188762071993 13320851340
1762997 300 0.7580280948200175 13064945490
1763297 300 0.7749534679543459 12900903270
1763597 300 0.7674152765583847 12487516860
1763897 300 0.7713977172958736 12480955170
1764197 300 0.7777032484635644 12474393480
1764497 300 0.7795996488147499 12487516860
1764797 300 0.849908691834943 13504578630
1765097 300 0.8025935030728709 13484073360
1765397 300 0.7795522388059701 13222426020
1765697 300 0.7963353819139596 13366783170
1765997 300 0.7944389815627745 12986205210
1766297 300 0.7792203687445128 12737681250
1766597 300 0.782918349429324 12621211260
1766897 300 0.8015978928884987 12614649570
1767197 300 0.8417067603160668 12987845640
1767497 300 0.8131185250219491 12889420290
1767797 300 0.7847199297629499 12881218200
1768097 300 0.7809271290605796 12822162990
1768397 300 0.7888920105355577 12683547300
1768697 300 0.807476733977173 12533448690
1768997 300 0.7969991220368746 12512943390
1769297 300 0.8178121158911326 12526887000
1769597 300 0.860433713784021 13438961730
1769897 300 0.8146830553116768 13616947560
1770197 300 0.8070026338893767 13265076990
1770497 300 0.7932063213345041 13212583470
1770797 300 0.7840561896400351 12929610630
1771097 300 0.7807374890254609 12830365110
1771397 300 0.8181439859525901 12712254690
1771697 300 0.8260614574187883 12620391060
1771997 300 0.8373450395083406 12581020920
1772297 300 0.8676874451273047 13630891140
1772597 300 0.8576839332748025 13525904130
1772897 300 0.8434135206321336 13283941830
1773197 300 0.8501931518876208 13270818480
1773497 300 0.8391466198419667 13146146370
1773797 300 0.798326602282704 12932071290
1774097 300 0.8231220368744514 12683547300
1774397 300 0.8155364354697103 12590863470
1774697 300 0.8365864793678666 12610548510
1774997 300 0.8566883230904303 12990306270
1775297 300 0.866359964881475 14250150540
1775597 300 0.8768375768217735 13961436210
1775897 300 0.8444565408252853 12608908110
1776197 300 0.8193766461808605 12608087880
1776497 300 0.8297594381035998 12601526190
1776797 300 0.8303757682177348 12589223040
1777097 300 0.8325566286215978 12590043240
1777397 300 0.8615241439859526 12591683670
1777697 300 0.8669288849868305 12604807050
1777997 300 0.8756523266022829 13666980420
1778297 300 0.8779280070237051 13548870030
1778597 300 0.8581106233538192 13318390710
1778897 300 0.8645583845478491 13239650430
1779197 300 0.8657910447761195 12832005510
1779497 300 0.8786391571553995 12641716530
1779797 300 0.8869359086918349 12641716530
1780097 300 0.9239157155399472 12694210050
1780397 300 0.9547322212467075 13101034770
1780697 300 0.9392291483757682 12970621200
1780997 300 0.8973661106233538 12703232370
1781297 300 0.9108305531167692 12702412170
1781597 300 0.8864143985952591 12702412170
1781897 300 0.8867936786654961 12682727100
1782197 300 0.8843283582089553 12675345210
1782497 300 0.8673081650570675 12675345210
1782797 300 0.9094556628621597 13205201580
1783097 300 0.9176575943810361 13211763270
1783397 300 0.8884056189640035 12654019710
1783697 300 0.8629938542581211 12654839910
1783997 300 0.8735662862159789 12641716530
1784297 300 0.8763160667251975 12655660140
1784597 300 0.8426075504828797 12637615500
1784897 300 0.8733292361720808 12631053810
1785197 300 0.8780228270412644 12636795270
1785497 300 0.9479051799824408 13325772600
1785797 300 0.9341088674275679 13102675200
1786097 300 0.8843283582089553 12682727100
1786397 300 0.851188762071993 12676165410
1786697 300 0.8592484635645303 12668783520
1786997 300 0.8187129060579454 12695030280
1787297 300 0.8472537313432836 12688468590
1787597 300 0.8671659350307287 12688468590
1787897 300 0.8448358208955223 12690108990
1788197 300 0.8834275680421422 13242931290
1788497 300 0.9151448639157156 14377283250
1788797 300 0.8982194907813872 14306745090
1789097 300 0.8775487269534681 12817241730
1789397 300 0.8485338015803335 12803298120
1789697 300 0.9148604038630379 12804118350
1789997 300 0.8711009657594381 12804118350
1790297 300 0.9524091308165057 12797556660
1790597 300 0.9146233538191397 12816421500
1790897 300 0.8564038630377523 12816421500
1791197 300 0.8877418788410888 13085450760
1791497 300 0.8754626865671643 13656317700
1791797 300 0.8386725197541703 12849229950
1792097 300 0.8349271290605795 12836106570
1792397 300 0.8345952589991221 13637452830
1792697 300 0.8470166812993855 13164191010
1792997 300 0.8568305531167691 13157629320
1793297 300 0.8470640913081651 13151067630
1793597 300 0.8805355575065847 13203561150
1793897 300 0.934772607550483 13636632630
1794197 300 0.8925302897278315 13143685740
1794497 300 0.8564038630377523 12882038400
1794797 300 0.8541755926251097 13275739740
1795097 300 0.8257769973661107 12783613080
1795397 300 0.8195188762071993 12803298120
1795697 300 0.830755048287972 12803298120
1795997 300 0.8179543459174714 12790994970
1796297 300 0.8796347673397718 13060024200
1796597 300 0.8594855136084285 12797556660
1796897 300 0.8412800702370502 12810680040
1797197 300 0.8818630377524145 13452905340
1797497 300 0.8558823529411764 12823803420
1797797 300 0.8650798946444249 12817241730
1798097 300 0.8682089552238805 12796736430
1798397 300 0.8426549604916593 12795916230
1798697 300 0.8677348551360844 12856611870
1798997 300 0.8823371378402108 13322491770
1799297 300 0.9088393327480248 12804118350
1799597 300 0.8564512730465321 12804118350
1799897 300 0.8849446883230905 12790994970
1800197 300 0.8408533801580335 12790994970
1800497 300 0.8059596136962249 12790994970
1800797 300 0.8198981562774363 12797556660
1801097 300 0.8234064969271292 12817241730
1801397 300 0.8823845478489903 13834303500
1801697 300 0.8657910447761195 13794933360
1801997 300 0.8431290605794556 13499657370
1802297 300 0.84388762071993 15323806860
1802597 300 0.8412800702370502 13474230810
1802897 300 0.8239754170324847 13283941830
1803197 300 0.8444565408252853 13054282740
1803497 300 0.857352063213345 13021474290
1803797 300 0.8767427568042142 14517539340
1804097 300 0.8756049165935031 13139584680
1804397 300 0.8912976294995612 13152708060
1804697 300 0.8796821773485514 13152708060
1804997 300 0.8612870939420544 13146146370
1805297 300 0.9031501316944688 13146146370
1805597 300 0.8718595258999122 13047721050
1805897 300 0.848865671641791 12883678830
1806197 300 0.8189973661106235 12837747000
1806497 300 0.9057576821773485 13572656160
1806797 300 0.9173731343283582 13375805490
1807097 300 0.9080333625987709 12818061930
1807397 300 0.8728077260755048 12824623620
1807697 300 0.8621404741000878 12804938550
1807997 300 0.909834942932397 12791815170
1808297 300 0.8926251097453908 12772130100
1808597 300 0.8902071992976296 12752445030
1808897 300 0.975782265144864 13303626900
1809197 300 0.9424056189640035 13356120420
1809497 300 0.8851817383669887 12811500240
1809797 300 0.9119209833187008 12811500240
1810097 300 0.9000210711150133 12798376860
1810397 300 0.9012063213345038 12798376860
1810697 300 0.8945689201053555 12798376860
1810997 300 0.8685408252853382 12772130100
1811297 300 0.8898753292361721 12772130100
1811597 300 0.8903968393327482 13382367180
1811897 300 0.8355434591747146 13913863980
1812197 300 0.8381035996488146 13487354190
1812497 300 0.8052484635645304 13486533990
1812797 300 0.8390992098331871 13322491770
1813097 300 0.8299490781387182 13138764480
1813397 300 0.8154416154521511 13014092400
1813697 300 0.7923055311676909 12941913810
1813997 300 0.7842932396839333 12876296910
1814297 300 0.8477752414398595 13500477570
1814597 300 0.8102265144863916 13625149650
1814897 300 0.7914995610184373 13500477570
1815197 300 0.8600070237050045 13256874870
1815497 300 0.835116769095698 12994407330
1815797 300 0.8033520632133451 12869735220
1816097 300 0.80785601404741 12810680040
1816397 300 0.8435083406496928 12804118350
1816697 300 0.8807251975417032 13394670330
1816997 300 0.8283845478489903 13407793710
1817297 300 0.8343107989464442 12869735220
1817597 300 0.8107954345917472 12843488490
1817897 300 0.841659350307287 12850050180
1818197 300 0.8417067603160668 12844308690
1818497 300 0.8228375768217735 12836926800
1818797 300 0.7936804214223004 12830365110
1819097 300 0.8060070237050044 12823803420
1819397 300 0.8230272168568922 12823803420
1819697 300 0.8464951712028096 12831185310
1819997 300 0.8596277436347675 14189454900
1820297 300 0.8670237050043899 15134338110
1820597 300 0.8037787532923618 15265571880
1820897 300 0.7973784021071115 14268195180
1821197 300 0.8404266900790166 13533286020
1821497 300 0.857873573309921 13454545740
1821797 300 0.8075715539947321 13257695100
1822097 300 0.8242124670763828 13034597670
1822397 300 0.8364916593503072 12903363900
1822697 300 0.8543178226514487 12883678830
1822997 300 0.8715750658472344 13467669120
1823297 300 0.8890693590869183 13487354190
1823597 300 0.9069429323968393 13238010030
1823897 300 0.894900790166813 12818882130
1824197 300 0.889116769095698 12839387430
1824497 300 0.822790166812994 12826264050
1824797 300 0.8117910447761194 12826264050
1825097 300 0.8545548726953469 12957497820
1825397 300 0.8853239683933275 13174033560
1825697 300 0.8573994732221248 13016553030
1825997 300 0.8207515364354697 12838567200
1826297 300 0.8373450395083406 12832005510
1826597 300 0.8049640035118524 12818061930
1826897 300 0.811601404741001 12798376860
1827197 300 0.8207515364354697 12804938550
1827497 300 0.8077137840210712 12804938550
1827797 300 0.8563090430201933 13114978350
1828097 300 0.8525636523266023 13159269750
1828397 300 0.8187603160667253 12798376860
1828697 300 0.8092309043020193 13119899610
1828997 300 0.8341685689201055 12818061930
1829297 300 0.8325566286215978 12826264050
1829597 300 0.8000807726075506 12827084250
1829897 300 0.8018823529411764 12950936130
1830197 300 0.8598173836698858 12970621200
1830497 300 0.8672133450395083 12819702360
1830797 300 0.8307076382791923 12825443820
1831097 300 0.851188762071993 12826264050
1831397 300 0.8363494293239684 12827904480
1831697 300 0.8053906935908692 12819702360
1831997 300 0.8018823529411764 12833645940
1832297 300 0.8106057945566287 12853331010
1832597 300 0.8557875329236173 14533123350
1832897 300 0.8471115013169448 14762782470
1833197 300 0.8451676909569799 13411074570
1833497 300 0.8168165057067603 12865634190
1833797 300 0.8061018437225638 12859072500
1834097 300 0.8271992976294995 12852510810
1834397 300 0.8287638279192275 12840207630
1834697 300 0.619638279192274 7557227880
1834997 131 0.6556698858647938 7563789570
1835128 6 0.6557172958735733 7564609770
1835134 13 0.6556698858647938 7564609770
1835147 1 0.6556698858647938 7564609770
1835148 149 0.6630184372256366 7935345210
1835297 21 0.5923301141352064 8022287580
1835318 279 0.665910447761194 10679771580
1835597 300 0.8900175592625109 12937812750
1835897 300 0.8393836698858649 12635975070
1836197 300 0.8427023705004391 12533448690
1836497 300 0.8125496049165934 12545751840
1836797 300 0.8026409130816508 12539190150
1837097 300 0.8376294995610185 12546572070
1837397 300 0.8346426690079016 12547392270
1837697 300 0.8707690956979808 13151067630
1837997 300 0.8512361720807726 13196999460
1838297 300 0.8119332748024582 12573639030
1838597 300 0.8445513608428447 12567077340
1838897 300 0.8147304653204566 12560515650
1839197 300 0.8400000000000001 12593324100
1839497 300 0.822647936786655 12626132520
1839797 300 0.8425601404741002 12606447480
1840097 300 0.8485338015803335 12613009170
1840397 300 0.8236909569798069 12580200720
1840697 300 0.8131659350307286 12571998600
1840997 300 0.8252554872695348 12585121980
1841297 300 0.7842932396839333 12585121980
1841597 300 0.8001281826163301 12571998600
1841897 300 0.8353538191395962 12565436910
1842197 300 0.8374398595258999 12559695420
1842497 300 0.833315188762072 12559695420
1842797 300 0.8060070237050044 12579380490
1843097 300 0.8153467954345918 12579380490
1843397 300 0.8098472344161545 12571178400
1843697 300 0.8446935908691835 13352019360
1843997 300 0.825350307287094 13720294140
1844297 300 0.7890342405618965 13228167480
1844597 300 0.7862370500438982 13201100520
1844897 300 0.7637172958735734 12958318020
1845197 300 0.7795048287971905 12761467380
1845497 300 0.7915469710272168 12603986820
1845797 300 0.8037313432835822 12578560290
1846097 300 0.804395083406497 14213241030
1846397 300 0.8225531167690958 14227184610
1846697 300 0.7708287971905179 12690108990
1846997 300 0.7386374012291484 12670423920
1847297 300 0.7510114135206322 12657300570
1847597 300 0.7506321334503951 12637615500
1847897 300 0.7592133450395084 12644177190
1848197 300 0.7607778753292362 12636795270
1848497 300 0.7647129060579457 12637615500
1848797 300 0.8291905179982442 13228167480
1849097 300 0.8070500438981563 13228167480
1849397 300 0.7987058823529412 12637615500
1849697 300 0.742809482001756 12644177190
1849997 300 0.7343705004389816 12631053810
1850297 300 0.7351290605794557 12604807050
1850597 300 0.7513432835820897 12598245360
1850897 300 0.7537611940298506 12597425160
1851197 300 0.7686005267778753 12617110200
1851497 300 0.7991799824407374 13425018150
1851797 300 0.8396207199297631 12978823320
1852097 300 0.6986233538191396 12715535550
1852397 300 0.7621053555750659 13359401280
1852697 300 0.7772765583845479 12735220620
1852997 300 0.7549464442493415 12736861020
1853297 300 0.7708762071992977 12730299330
1853597 300 0.770449517120281 12730299330
1853897 300 0.7975206321334505 13005890280
1854197 300 0.8070026338893767 12992766900
1854497 300 0.8022142230026339 12756546090
1854797 300 0.7642388059701494 12776231160
1855097 300 0.7785566286215979 12769669470
1855397 300 0.7617734855136085 12769669470
1855697 300 0.7802633889376646 12769669470
1855997 300 0.7785566286215979 12770489700
1856297 300 0.789745390693591 12874656510
1856597 300 0.8335996488147499 13419276690
1856897 300 0.8087568042142229 13406973510
1857197 300 0.7821123792800702 13210122840
1857497 300 0.8116488147497806 13072327380
1857797 300 0.7934433713784023 12822162990
1858097 300 0.7987532923617209 12723737670
1858397 300 0.8134503950834064 12677805840
1858697 300 0.8372976294995611 12690929220
1858997 300 0.8615715539947322 13471770180
1859297 300 0.8482967515364355 13064945490
1859597 300 0.8463055311676909 12665502660
1859897 300 0.8111747146619842 12685187730
1860197 300 0.8299964881474979 15400906710
1860497 300 0.8261562774363477 13000148790
1860797 266 0.6002949956101844 7622024550
1861063 4 0.6002949956101844 7622024550
1861067 11 0.6002949956101844 7623664980
1861078 1 0.6002949956101844 7623664980
1861079 18 0.6436277436347674 7920581400
1861097 154 0.6097769973661107 7991939760
1861251 146 0.6806075504828797 9456836820
1861397 300 0.7521018437225637 12152870730
1861697 300 0.8416119402985075 15204876270
1861997 300 0.809420544337138 12763928010
1862297 300 0.8317980684811238 12711434490
1862597 300 0.8296172080772607 12619570860
1862897 300 0.8850395083406498 12613009170
1863197 300 0.871906935908692 12613009170
1863497 300 0.8732818261633012 12626132520
1863797 300 0.9029130816505708 14156646450
1864097 300 0.8953748902546094 14734075080
1864397 300 0.8833327480245831 13979480850
1864697 300 0.9053309920983319 12923869170
1864997 300 0.8967971905179983 12916487280
1865297 300 0.9013485513608428 12923048970
1865597 300 0.9127269534679543 12903363900
1865897 300 0.935531167690957 12699951540
1866197 300 0.8955171202809482 12581841120
1866497 300 0.9298893766461809 12581841120
1866797 300 0.9681018437225637 13206021780
1867097 300 0.9585250219490781 13192898400
1867397 300 0.9344407374890255 12576099660
1867697 300 0.8863195785776997 12569537970
1867997 300 0.8888323090430201 12589223040
1868297 300 0.8969394205443371 12603986820
1868597 300 0.8879315188762071 12576099660
1868897 300 0.8992151009657594 12576099660
1869197 300 0.9300790166812993 12582661350
1869497 300 0.9743599648814749 13402872450
1869797 300 0.9245794556628623 13730956890
1870097 300 0.9293204565408253 13324132200
1870397 300 0.9239631255487271 13180595250
1870697 300 0.9250061457418788 13128101730
1870997 300 0.9368586479367867 13135483620
1871297 300 0.9410781387181738 12996867960
1871597 300 0.9176575943810361 12944374440
1871897 300 0.9442546093064091 12958318020
1872197 300 0.9711834942932398 13771147230
1872497 300 0.9399402985074627 13252773810
1872797 300 0.9280877963125549 12937812750
1873097 300 0.9106883230904301 12938632980
1873397 300 0.8884056189640035 12931251060
1873697 300 0.862899034240562 12904184100
1873997 300 0.9327813871817385 12747523770
1874297 300 0.9227304653204567 12733580190
1874597 300 0.8980772607550483 12735220620
1874897 300 0.9278033362598771 12991126470
1875197 300 0.9155241439859526 13260155730
1875497 300 0.8694890254609307 12814781100
1875797 300 0.8785443371378403 12808219410
1876097 300 0.8588691834942932 12808219410
1876397 300 0.8599596136962246 12808219410
1876697 300 0.8459262510974539 12808219410
1876997 300 0.8364916593503072 12781152420
1877297 300 0.8727129060579455 13542308340
1877597 300 0.8905864793678666 13740799440
1877897 300 0.8564512730465321 13516881810
1878197 300 0.850050921861282 13320851340
1878497 300 0.8465425812115891 13149427230
1878797 300 0.863420544337138 12978823320
1879097 300 0.8583950834064971 12828724680
1879397 300 0.857352063213345 12802477920
1879697 300 0.8659332748024583 12809859810
1879997 300 0.8909657594381036 13643194320
1880297 300 0.870342405618964 13899100170
1880597 300 0.8524214223002634 13399591620
1880897 300 0.8537963125548726 13215864330
1881197 300 0.836254609306409 13188797340
1881497 300 0.8281949078138717 12925509600
1881797 300 0.8388147497805092 12715535550
1882097 300 0.8446935908691835 12663042030
1882397 300 0.8397155399473222 12663862230
1882697 300 0.8929569798068481 13128921930
1882997 300 0.8902071992976296 13227347280
1883297 300 0.8852291483757682 12958318020
1883597 300 0.8828586479367867 12905824530
1883897 300 0.8698208955223882 12886959660
1884197 300 0.8804407374890254 12827904480
1884497 300 0.874324846356453 12683547300
1884797 300 0.8795399473222125 12631053810
1885097 300 0.8827638279192274 12637615500
1885397 300 0.9124899034240561 13340536410
1885697 300 0.8548867427568042 13228987710
1885997 300 0.8564038630377523 12663862230
1886297 300 0.8494820017559263 12665502660
1886597 300 0.8338841088674276 12658940970
1886897 300 0.8384828797190518 12652379280
1887197 300 0.6226725197541703 7544104500
1887497 32 0.5995364354697102 7543284300
1887529 268 0.8343107989464442 12650738880
1887797 300 0.8281949078138717 12650738880
1888097 300 0.8610026338893767 12651559080
1888397 300 0.8816259877085163 13492275480
1888697 300 0.8682563652326603 13459467030
1888997 300 0.8396681299385426 13020654090
1889297 300 0.8315610184372256 12960778680
1889597 300 0.8224582967515365 12921408540
1889897 300 0.8430816505706761 12868915020
1890197 300 0.857636523266023 12822983190
1890497 300 0.8417541703248463 12829544880
1890797 300 0.8906338893766461 13466028720
1891097 300 0.881910447761194 13531645590
1891397 300 0.8519947322212469 13000969020
1891697 300 0.844503950834065 12889420290
1891997 300 0.825350307287094 13892538480
1892297 300 0.8345478489903424 12980463720
1892597 133 0.3183476733977173 2480121120
1892730 57 0.5144828797190518 7613822460
1892787 110 0.8208463564530291 12941913810
1892897 300 0.8200403863037752 12935352120
1893197 300 0.8118384547848989 12836926800
1893497 300 0.8474907813871818 13578397620
1893797 300 0.8334100087796312 13073147580
1894097 300 0.8185706760316066 13052642310
1894397 300 0.8091834942932398 13053462510
1894697 300 0.7900772607550482 12915667050
1894997 300 0.8117910447761194 12718816380
1895297 300 0.5993467954345917 7570351260
1895597 44 0.6020491659350307 7570351260
1895641 256 0.7960983318700614 12712254690
1895897 300 0.7972361720807726 12731119560
1896197 300 0.8773116769095699 14044277550
1896497 300 0.8701053555750659 15074462700
1896797 300 0.8400000000000001 14464225620
1897097 300 0.8329359086918349 13394670330
1897397 300 0.8135452151009659 13315930080
1897697 300 0.8061492537313433 13315109880
1897997 300 0.8025460930640914 13320851340
1898297 300 0.7775610184372256 13314289650
1898597 300 0.7920210711150132 13223246220
1898897 300 0.8401896400351185 12927970230
1899197 300 0.8673081650570675 13625149650
1899497 300 0.8190921861281826 14017210590
1899797 300 0.8013608428446005 13486533990
1900097 300 0.7935381913959613 13486533990
1900397 300 0.8158208955223881 13361861910
1900697 300 0.795244951712028 13224886650
1900997 300 0.7892238805970149 12856611870
1901297 300 0.7876593503072871 12830365110
1901597 300 0.8189025460930641 12830365110
1901897 300 0.8445513608428447 13126461300
1902197 300 0.8619508340649694 13525083900
1902497 300 0.8252080772607551 13185516510
1902797 300 0.8415171202809482 12863173530
1903097 300 0.86830377524144 14943228930
1903397 300 0.828574187884109 12876296910
1903697 300 0.833172958735733 12882858600
1903997 300 0.8189025460930641 12876296910
1904297 300 0.8243072870939421 12863993760
1904597 300 0.8476804214223004 13361861910
1904897 300 0.8707690956979808 14136961410
1905197 300 0.8874574187884108 12883678830
1905497 300 0.8585373134328359 12877117140
1905797 300 0.8202774363476734 12877117140
1906097 300 0.8472063213345041 12877117140
1906397 300 0.8235961369622475 12871375650
1906697 300 0.8327462686567165 12863173530
1906997 300 0.8323669885864795 12863173530
1907297 300 0.822505706760316 12863993760
1907597 300 0.8666918349429323 13447163850
1907897 300 0.8605285338015803 13519342440
1908197 300 0.8660280948200176 12915667050
1908497 148 0.84772783143108 12903363900
1908645 152 0.833315188762072 12903363900
1908797 300 0.81686391571554 12882858600
1909097 300 0.8373924495171203 12882858600
1909397 300 0.8331255487269535 12882858600
1909697 300 0.8279104477611939 12877117140
1909997 300 0.83871992976295 12850050180
1910297 204 0.879208077260755 13860550260
1910501 96 0.8503827919227394 13578397620
1910597 284 0.8286215978928885 13841685390
1910881 16 0.8354486391571555 13743260070
1910897 53 0.8467322212467078 13506219060
1910950 247 0.8380087796312556 13506219060
1911197 300 0.8216997366110624 13506219060
1911497 300 0.8466848112379279 13500477570
1911797 300 0.8281949078138717 13369243800
1912097 300 0.8370605794556629 13198639890
1912397 300 0.8561194029850746 13165831440
1912697 300 0.8490079016681299 13172393130
1912997 300 0.869963125548727 13552971090
1913297 300 0.8462107111501316 13080529500
1913597 300 0.8386725197541703 12962419080
1913897 300 0.8054855136084286 12962419080
1914197 300 0.8131185250219491 12976362690
1914497 300 0.8197559262510975 12976362690
1914797 300 0.8286690079016681 12976362690
1915097 300 0.8314661984196663 12977182890
1915397 300 0.8675452151009657 13541488140
1915697 300 0.8618560140474101 13154348490
1915997 300 0.7972361720807726 12988665840
1916297 300 0.8026409130816508 12969801000
1916597 300 0.7907884108867428 12839387430
1916897 300 0.7905513608428446 12826264050
1917197 300 0.79244776119403 12826264050
1917497 300 0.8106057945566287 12825443820
1917797 300 0.817385425812116 12840207630
1918097 300 0.8520895522388059 14723412330
1918397 300 0.8443617208077261 14775905850
1918697 300 0.8507146619841967 14022131850
1918997 300 0.8245917471466198 12893521350
1919297 300 0.8495768217734856 12893521350
1919597 300 0.8214626865671643 12886139460
1919897 300 0.8028305531167691 12886139460
1920197 300 0.7964776119402985 12878757570
1920497 300 0.8105109745390695 12873016080
1920797 300 0.8129288849868305 12872195880
1921097 300 0.8552186128182617 13154348490
1921397 300 0.8584899034240563 13534926450
1921697 300 0.8015504828797192 13088731590
1921997 300 0.7850992098331872 12859072500
1922297 300 0.7907884108867428 12853331010
1922597 300 0.8073819139596137 12846769320
1922897 300 0.8001281826163301 12840207630
1923197 300 0.7913573309920985 12833645940
1923497 300 0.8205618964003512 12846769320
1923797 300 0.8462581211589114 13640733690
1924097 300 0.8423705004389815 13214223900
1924397 300 0.7863318700614575 12859892700
1924697 300 0.7861896400351185 12859892700
1924997 300 0.7865689201053557 12859072500
1925297 300 0.7851466198419667 12859892700
1925597 300 0.7988955223880597 12859892700
1925897 300 0.7904565408252853 12853331010
1926197 300 0.8436979806848113 13411074570
1926497 300 0.8314187884108868 13397951190
1926797 300 0.816721685689201 12827084250
1927097 300 0.8112221246707638 12827084250
1927397 300 0.8030676031606673 12813960870
1927697 300 0.7986584723441615 12807399180
1927997 300 0.815963125548727 12807399180
1928297 300 0.8281000877963126 12807399180
1928597 300 0.7962405618964004 12802477920
1928897 300 0.831276558384548 12795096030
1929197 300 0.8057699736611063 12787714110
1929497 300 0.8080930640913082 12781972650
1929797 300 0.7951027216856892 12781972650
1930097 300 0.8151097453906936 12775410960
1930397 300 0.8111747146619842 12775410960
1930697 300 0.8090412642669009 12775410960
1930997 300 0.805153643546971 12775410960
1931297 300 0.8103687445127306 12775410960
1931597 300 0.8155838454784899 12775410960
1931897 300 0.7878489903424056 12787714110
1932197 300 0.8248287971905179 12776231160
1932497 300 0.8181439859525901 12775410960
1932797 300 0.8029253731343284 12774590730
1933097 300 0.8055329236172081 12774590730
1933397 300 0.7960509218612819 12775410960
1933697 300 0.7783195785776997 12775410960
1933997 300 0.8065285338015803 12775410960
1934297 300 0.7976628621597893 12775410960
1934597 300 0.7741474978050921 12775410960
1934897 300 0.7997963125548728 12774590730
1935197 300 0.7833924495171204 12774590730
1935497 300 0.8032572431957858 12774590730
1935797 300 0.7850992098331872 12768849270
1936097 300 0.788323090430202 12769669470
1936397 300 0.8130711150131696 13817899290
1936697 300 0.8030676031606673 14395327890
1936997 300 0.8229323968393328 12853331010
1937297 300 0.8151097453906936 12853331010
1937597 300 0.830755048287972 12853331010
1937897 300 0.8769323968393329 13988503200
1938197 300 0.9005899912203688 14073805140
1938497 300 0.9113994732221246 12945194670
1938797 300 0.8616189640035119 12932071290
1939097 300 0.8382458296751538 12932891490
1939397 300 0.8729499561018437 12933711690
1939697 300 0.8395258999122037 12919768110
1939997 300 0.8466374012291484 12926329800
1940297 300 0.8476804214223004 12920588310
1940597 300 0.9083652326602284 13215044100
1940897 300 0.9186532045654083 13595622060
1941197 300 0.8579209833187007 13129742160
1941497 300 0.8794925373134328 12900083040
1941797 300 0.876505706760316 12893521350
1942097 300 0.8685882352941178 12893521350
1942397 300 0.8913450395083407 12900083040
1942697 300 0.897982440737489 12900083040
1942997 300 0.9298419666374012 13044440190
1943297 300 0.9655417032484637 13333154520
1943597 300 0.9143863037752415 12939453180
1943897 300 0.8949482001755926 12965699940
1944197 300 0.9179894644424934 12958318020
1944497 300 0.9242949956101845 12951756330
1944797 300 0.91713608428446 12958318020
1945097 300 0.9177050043898157 12959138250
1945397 300 0.9144811237928008 12978003090
1945697 300 0.9805706760316067 13791652530
1945997 300 0.9441123792800703 13233908970
1946297 300 0.8901123792800703 12932891490
1946597 300 0.9214029850746269 12932891490
1946897 300 0.9549218612818262 12932891490
1947197 300 0.9191747146619843 12932891490
1947497 300 0.937854258121159 12939453180
1947797 300 0.9564863915715541 12939453180
1948097 300 0.9411729587357331 12932891490
1948397 300 1.054482879719052 14633189130
1948697 300 1.037130816505707 14902218360
1948997 300 1.0019525899912205 13924526730
1949297 300 0.9598999122036875 12965699940
1949597 300 0.9567234416154523 12959138250
1949897 300 0.9602791922739247 12959138250
1950197 300 0.9690974539069359 12953396760
1950497 300 0.9578612818261634 12952576560
1950797 300 0.9341088674275679 12952576560
1951097 300 0.9451553994732222 12959138250
1951397 300 0.982846356453029 13765405770
1951697 300 0.9903845478489904 13240470660
1951997 300 0.9913801580333627 12958318020
1952297 300 0.9990131694468832 12958318020
1952597 300 0.9866391571553994 12952576560
1952897 300 1.0139947322212466 12953396760
1953197 300 1.0154644424934154 12959138250
1953497 300 1.0143266022827042 13083810330
1953797 300 1.0619736611062336 13372524630
1954097 300 1.0085425812115894 12965699940
1954397 300 1.0207743634767341 12965699940
1954697 300 1.0532502194907813 13562813610
1954997 300 1.0416821773485516 12972261630
1955297 300 1.0266057945566287 12978823320
1955597 300 1.014990342405619 12972261630
1955897 300 1.048414398595259 12978823320
1956197 300 1.064628621597893 13516881810
1956497 300 1.0644389815627744 12972261630
1956797 300 1.0183564530289728 12972261630
1957097 300 1.0385531167690956 12972261630
1957397 300 1.0158437225636523 13622689020
1957697 300 1.045996488147498 12979643520
1957997 300 1.0178823529411765 12986205210
1958297 300 1.0082581211589114 12978823320
1958597 300 1.0438156277436348 12978823320
1958897 300 1.0779034240561898 13543128540
1959197 300 1.0425355575065849 12985385010
1959497 300 1.0450008779631257 12991946700
1959797 300 0.9952203687445127 15176989080
1960097 300 1.0426303775241441 13005070080
1960397 300 1.0294503950834066 13005070080
1960697 300 1.0682791922739243 13005070080
1960997 300 1.0819332748024584 13059204000
1961297 300 1.09587181738367 14574954120
1961597 300 1.1140772607550482 13005890280
1961897 300 1.06244776119403 12992766900
1962197 300 1.0334328358208955 12999328590
1962497 300 1.0889499561018439 13005070080
1962797 300 1.0554310798946447 12992766900
1963097 300 1.070412642669008 13005890280
1963397 300 1.0560474100087798 12992766900
1963697 300 1.0869113257243197 12999328590
1963997 300 1.1180122914837576 13595622060
1964297 300 1.0911782265144865 13490635050
1964597 300 1.0604565408252855 13000148790
1964897 300 1.0523020193151886 12986205210
1965197 300 1.0818858647936787 12986205210
1965497 300 1.0593661106233538 12979643520
1965797 300 1.0965829675153644 12985385010
1966097 300 1.0659561018437225 12985385010
1966397 300 1.093785776997366 13024755120
1966697 300 1.1233222124670765 13733417520
1966997 300 1.099332748024583 13510320120
1967297 300 1.110426690079017 13012451970
1967597 300 1.097009657594381 13005890280
1967897 300 1.0782827041264267 12993587100
1968197 300 1.0226233538191396 13006710480
1968497 300 1.039027216856892 13000148790
1968797 300 1.0531079894644426 13006710480
1969097 300 1.0526338893766463 13039518930
1969397 300 1.0988586479367866 13787551470
1969697 300 1.0825970149253732 13275739740
1969997 300 1.0661931518876206 13000148790
1970297 300 1.1012765583845479 13288042890
1970597 300 1.03803160667252 12986205210
1970897 300 1.059603160667252 12986205210
1971197 300 1.0258946444249342 12987025410
1971497 300 1.0719771729587357 13118259210
1971797 300 1.1057805092186128 13130562360
1972097 300 1.0996646180860403 12992766900
1972397 300 1.06244776119403 12986205210
1972697 300 1.0784249341527656 12987025410
1972997 300 1.076196663740123 12987845640
1973297 300 1.078235294117647 12987025410
1973597 300 1.0659561018437225 12986205210
1973897 300 1.0839719051799825 12992766900
1974197 300 1.14854433713784 14869409910
1974497 300 1.110237050043898 15026890440
1974797 300 1.1004231782265146 13904841660
1975097 300 1.0429148375768218 13073147580
1975397 300 1.0491255487269533 13078889070
1975697 300 1.0680421422300261 13072327380
1975997 300 1.072451273046532 13065765690
1976297 300 1.0355662862159791 13051822110
1976597 300 1.015369622475856 13052642310
1976897 300 1.0670939420544339 13058383800
1977197 300 1.1174433713784022 13807236540
1977497 300 1.093785776997366 13393850130
1977797 300 1.0388375768217735 13025575350
1978097 300 1.0247568042142232 13024755120
1978397 300 1.0366093064091308 13024755120
1978697 300 1.0441000877963125 12998508390
1978997 300 1.0254679543459178 12992766900
1979297 300 1.0203002633889378 12992766900
1979597 300 1.0588920105355575 13019833860
1979897 300 1.0733046532045654 13812978000
1980197 300 1.069511852502195 13313469450
1980497 300 1.061404741000878 13031316810
1980797 300 1.0132361720807728 13425018150
1981097 300 1.021675153643547 13024755120
1981397 300 1.0695592625109747 13025575350
1981697 300 1.0479877085162423 13025575350
1981997 300 1.0785197541703249 13137124050
1982297 300 1.0822177348551363 13248672780
1982597 300 1.1559402985074625 13016553030
1982897 300 1.0890921861281826 13022294490
1983197 300 1.095350307287094 13889257650
1983497 300 1.0304460052677786 13061664630
1983797 300 1.043673397717296 13055102940
1984097 300 1.0355188762071994 13054282740
1984397 300 1.0600772607550484 13054282740
1984697 300 1.0782827041264267 13388928870
1984997 300 1.0834503950834065 13278200370
1985297 300 1.121473222124671 13073967810
1985597 300 1.0541035996488148 13067406120
1985897 300 1.0673784021071115 13808876940
1986197 300 0.9823722563652326 13074788010
1986497 300 1.0430570676031607 13068226320
1986797 300 1.0030904302019314 13060844430
1987097 300 1.0671413520632134 13073967810
1987397 300 1.0117190517998247 13676822970
1987697 300 1.076196663740123 13060024200
1987997 300 1.0392168568920108 13060024200
1988297 300 1.0789464442493415 13053462510
1988597 300 1.0561422300263388 13054282740
1988897 300 1.058702370500439 13054282740
1989197 300 1.1475013169446882 14655334830
1989497 300 1.1373081650570676 15100709460
1989797 300 1.0716927129060578 14248510110
1990097 300 1.063206321334504 13094473080
1990397 300 1.0679947322212469 13087911390
1990697 300 1.071313432835821 13087911390
1990997 300 1.046375768217735 13081349700
1991297 300 1.056379280070237 13087091190
1991597 300 0.9998191395961369 13087911390
1991897 300 1.0357559262510976 13106776230
1992197 300 1.0669991220368744 13867932150
1992497 300 1.00844776119403 13303626900
1992797 300 1.0098226514486393 13041979560
1993097 300 1.0030904302019314 13048541250
1993397 300 1.0038489903424057 13041979560
1993697 300 1.014990342405619 13048541250
1993997 300 1.0033748902546094 13068226320
1994297 300 1.0325794556628622 13140404910
1994597 300 1.0307304653204565 13901560800
1994897 300 1.024472344161545 13370064000
1995197 300 0.9979701492537315 13094473080
1995497 300 1.0389323968393327 13094473080
1995797 300 1.0354714661984197 13087091190
1996097 300 1.0043230904302018 13094473080
1996397 300 1.0225285338015804 13087091190
1996697 300 1.0539613696224759 13243751490
1996997 300 1.1186760316066726 13508679690
1997297 300 1.066714661984197 13088731590
1997597 300 1.0673784021071115 13068226320
1997897 300 1.0742054433713786 13055102940
1998197 300 1.0375100965759438 13055102940
1998497 300 1.0485092186128182 13055102940
1998797 300 1.0607884108867427 13055102940
1999097 300 1.0578964003511855 13055102940
1999397 300 1.0970570676031608 13461927660
1999697 300 1.0687058823529414 13172393130
1999997 300 1.041966637401229 13047721050
2000297 300 1.0523020193151886 13047721050
2000597 300 1.0357085162423179 13034597670
2000897 300 1.0143740122914837 13036238100
2001197 300 1.0392168568920108 13035417870
2001497 300 1.0619736611062336 13075608210
2001797 300 1.1124179104477614 13862190690
2002097 300 1.0953977172958735 13363502310
2002397 300 1.0671413520632134 13074788010
2002697 300 1.0378419666374012 13357760850
2002997 238 0.7822071992976295 7845942180
2003235 6 0.7822071992976295 7846762410
2003241 7 0.7822071992976295 7846762410
2003248 1 0.7822071992976295 7846762410
2003249 48 0.7984214223002634 8211756330
2003297 300 0.7525759438103601 8219958450
2003597 300 0.75001580333626 8219958450
2003897 300 0.7741474978050921 8338068870
2004197 300 0.8239280070237051 8227340370
2004497 300 0.7573643546971028 8221598880
2004797 300 0.7544723441615452 8228160570
2005097 300 0.7647129060579457 8227340370
2005397 300 0.7496365232660228 8227340370
2005697 300 0.7791729587357332 8227340370
2005997 300 0.7886075504828797 8227340370
2006297 300 0.7806426690079018 8233081830
2006597 300 0.8244021071115014 10182723630
2006897 300 0.7894135206321335 9547880250
2007197 300 0.7953871817383671 8248665840
2007497 300 0.8053906935908692 8248665840
2007797 300 0.7901246707638281 8249486070
2008097 300 0.7711606672519754 8242104150
2008397 300 0.8106532045654083 8228160570
2008697 300 0.7785092186128183 8228160570
2008997 300 0.8213678665496049 8221598880
2009297 300 0.8126444249341528 8221598880
2009597 300 0.8006971027216856 8221598880
2009897 300 0.7762335381913961 8221598880
2010197 300 0.809799824407375 8274092400
2010497 300 0.8684460052677787 9022945140
2010797 300 0.8176224758560142 8224059510
2011097 300 0.7850043898156278 8223239310
2011397 300 0.8180965759438104 8222419080
2011697 300 0.7998437225636524 8223239310
2011997 300 0.7752853380158035 8216677620
2012297 300 0.7957190517998244 8215857390
2012597 300 0.7926374012291484 8215857390
2012897 300 0.8228849868305532 9043450410
2013197 300 0.7943915715539949 8235542460
2013497 300 0.7857629499561019 8222419080
2013797 300 0.785241439859526 8215857390
2014097 300 0.7683634767339771 8196172320
2014397 300 0.8199455662862162 8189610630
2014697 300 0.8215100965759438 8188790430
2014997 300 0.8153467954345918 8189610630
2015297 300 0.8610500438981562 8320024200
2015597 300 0.8299490781387182 8445516510
2015897 300 0.8063863037752415 8215857390
2016197 300 0.8186654960491659 8215857390
2016497 300 0.8084723441615452 8208475500
2016797 300 0.7807374890254609 8208475500
2017097 300 0.776470588235294 8208475500
2017397 300 0.767604916593503 8209295700
2017697 300 0.7813064091308166 8217497820
2017997 300 0.8514258121158912 10049029230
2018297 300 0.8417541703248463 9944042220
2018597 300 0.8268674275680422 8224059510
2018897 300 0.8096101843722563 8217497820
2019197 300 0.8049640035118524 8217497820
2019497 300 0.7877067603160668 8217497820
2019797 300 0.787943810359965 8210936130
2020097 300 0.8112695346795435 8204374440
2020397 300 0.806718173836699 8237182890
2020697 300 0.8573994732221248 9050832300
2020997 300 0.8108428446005267 8237182890
2021297 300 0.8196136962247587 8205194670
2021597 300 0.8077611940298507 8205194670
2021897 300 0.7971413520632135 8205194670
2022197 300 0.803494293239684 8205194670
2022497 300 0.7888920105355577 8205194670
2022797 300 0.8134029850746268 8342990130
2023097 300 0.8173380158033363 8487347280
2023397 300 0.7973784021071115 8219138250
2023697 300 0.7711606672519754 8225699940
2023997 300 0.8057699736611063 8225699940
2024297 300 0.7811167690956979 8219138250
2024597 300 0.7926848112379281 8219138250
2024897 300 0.795529411764706 8225699940
2025197 300 0.82971202809482 8251946700
2025497 300 0.8673555750658474 8994237750
2025797 300 0.8430342405618965 8351192220
2026097 300 0.825492537313433 8219138250
2026397 300 0.8422282704126427 9013102590
2026697 300 0.8097050043898156 8218318020
2026997 300 0.8260140474100088 8212576560
2027297 300 0.8271518876207199 8212576560
2027597 300 0.8623301141352064 8251946700
2027897 300 0.8786865671641791 8441415450
2028197 300 0.8615241439859526 8218318020
2028497 300 0.8147304653204566 8219138250
2028797 300 0.822505706760316 8901553890
2029097 300 0.8336470588235294 8225699940
2029397 300 0.8346426690079016 8225699940
2029697 300 0.8430816505706761 8218318020
2029997 300 0.8672133450395083 8211756330
2030297 300 0.8518525021949077 8533279110
2030597 300 0.8728551360842844 8211756330
2030897 300 0.8586795434591747 8206014870
2031197 300 0.7993696224758561 8198632980
2031497 300 0.8296172080772607 8200273380
2031797 300 0.8464951712028096 8199453180
2032097 300 0.8622827041264266 8200273380
2032397 300 0.876126426690079 8200273380
2032697 300 0.8648902546093065 8226520140
2032997 300 0.9222563652326603 10017861210
2033297 300 0.886035118525022 9132033210
2033597 300 0.8866514486391572 8246205210
2033897 300 0.847348551360843 8233902030
2034197 300 0.8510465320456542 8883509250
2034497 300 0.8646057945566286 8233081830
2034797 300 0.8694416154521509 8232261630
2035097 300 0.8588217734855136 8233081830
2035397 300 0.8895434591747146 8239643520
2035697 300 0.9146233538191397 8528357820
2035997 300 0.923441615452151 8239643520
2036297 300 0.8878841088674276 8240463720
2036597 300 0.8952326602282705 8232261630
2036897 300 0.8548393327480247 8233081830
2037197 300 0.8868884986830554 8239643520
2037497 300 0.8681141352063214 8239643520
2037797 300 0.9196488147497806 8292137040
2038097 300 0.9545899912203687 8994237750
2038397 300 0.9179420544337139 8219958450
2038697 300 0.9058525021949078 8219138250
2038997 300 0.9260491659350308 8219138250
2039297 300 0.9312168568920106 8219958450
2039597 300 0.9408884986830555 8213396760
2039897 300 0.9294626865671644 8213396760
2040197 300 0.9902897278314311 8370877290
2040497 300 1.0320105355575067 8489807910
2040797 300 0.9859280070237051 8225699940
2041097 300 0.9663476733977173 8239643520
2041397 300 0.9538788410886743 8239643520
2041697 300 0.94415978928885 8239643520
2041997 300 1.025515364354697 8239643520
2042297 300 1.1046426690079019 8278193430
2042597 300 1.1611553994732222 8973732450
2042897 300 1.1923511852502195 8251946700
2043197 300 0.991474978050922 8251946700
2043497 300 1.0505478489903424 8251946700
2043797 300 1.097294117647059 8251126470
2044097 300 1.1959069359086918 8251946700
2044397 300 1.1102844600526778 8251946700
2044697 300 1.2847058823529411 8311001880
2044997 300 1.52142405618964 8954867610
2045297 300 1.3815645302897277 8265070080
2045597 300 1.3173239683933275 8265070080
2045897 300 1.4863880597014925 8271631770
2046197 300 1.3960245829675153 8297878500
2046497 300 1.661330992098332 8297878500
2046797 300 1.5977541703248463 8298698730
2047097 300 1.8538156277436348 8456179260
2047397 300 2.0959385425812114 10076916420
2047697 300 1.989929762949956 9145976790
2047997 300 1.923508340649693 8430752700
2048297 300 1.9934381035996487 8443876080
2048597 300 2.0246812993854255 8450437770
2048897 300 2.04596839332748 8449617570
2049197 300 2.0830904302019313 8449617570
2049497 300 2.0963178226514487 8443055880
2049797 300 2.0927620719929765 8449617570
2050097 300 2.1985812115891132 9204211800
2050397 300 2.169945566286216 8836757220
2050697 300 1.8558542581211588 8469302640
2050997 300 1.9190517998244072 8475864330
2051297 300 2.1541580333625987 8469302640
2051597 300 2.168855136084284 8482426020
2051897 300 2.1988182616330114 8475044100
2052197 300 2.2387374890254614 8468482410
2052497 300 2.2222388059701492 8567727960
2052797 300 2.1967322212467075 9145156590
2053097 300 2.2238981562774365 8495549400
2053397 300 2.206071992976295 8502111090
2053697 300 2.214321334503951 8502111090
2053997 300 2.1774363476733978 8515234440
2054297 300 2.233190517998244 8534919510
2054597 300 2.234043898156277 8541481200
2054897 300 2.2121878841088676 8548042890
2055197 300 2.2036066725197543 8935182540
2055497 300 2.218446005267779 8534099310
2055797 300 2.2327164179104475 8534099310
2056097 300 2.2270746268656714 8540661000
2056397 300 2.1864442493415277 8534099310
2056697 300 2.219251975417033 8541481200
2056997 300 2.2173555750658474 8553784380
2057297 300 2.239638279192274 8567727960
2057597 300 2.202231782265145 9361692330
2057897 300 2.205882352941176 8580851340
2058197 300 2.2209587357330993 8574289650
2058497 300 2.206166812993854 8575109880
2058797 300 2.2272642669007903 8575109880
2059097 300 2.229113257243196 8574289650
2059397 300 2.178953467954346 8573469450
2059697 300 2.2473187006145743 8573469450
2059997 300 2.19644776119403 8573469450
2060297 300 2.204934152765584 10371372180
2060597 300 2.2177348551360843 9893189130
2060897 300 2.2139894644424936 8600536410
2061197 300 2.179285338015803 8600536410
2061497 300 2.2125197541703248 8600536410
2061797 300 2.2092010535557502 8600536410
2062097 300 2.170087796312555 8601356610
2062397 300 2.229113257243196 8601356610
2062697 300 2.2457067603160668 8607098100
2062997 300 2.23622475856014 8666153310
2063297 300 2.193129060579456 9611036490
2063597 300 2.2028007023705003 9078719490
2063897 300 2.2166918349429325 9072157800
2064197 300 2.2247515364354697 9072978000
2064497 300 2.2318630377524147 9079539690
2064797 300 2.2266005267778755 9079539690
2065097 300 2.2296821773485513 9079539690
2065397 300 2.239069359086918 9072978000
2065697 300 2.2352765583845478 9093483300
2065997 300 2.1853538191395963 9853818990
2066297 300 2.2224758560140474 9113168340
2066597 300 2.218446005267779 9113168340
2066897 300 2.2091062335381917 9113168340
2067197 300 2.208537313432836 9113168340
2067497 300 2.2230921861281825 9112348140
2067797 300 2.1995768217734852 9112348140
2068097 300 2.256089552238806 9113168340
2068397 300 2.2574170324846357 9171403350
2068697 300 2.1966848112379282 9420747510
2068997 300 2.2174503950834064 9106606650
2069297 300 2.1998138718173834 9100044990
2069597 300 2.2386900790166813 9100044990
2069897 300 2.2286391571553996 9100044990
2070197 300 2.191991220368745 9100044990
2070497 300 2.2096751536435466 9100044990
2070797 300 2.2590289727831427 9158279970
2071097 300 2.234612818261633 9939120930
2071397 300 2.222807726075505 9125471520
2071697 300 2.2284969271290604 9125471520
2071997 300 2.225604916593503 9125471520
2072297 300 2.185401229148376 9125471520
2072597 300 2.218967515364355 9125471520
2072897 300 2.2138946444249337 9126291720
2073197 300 2.2263634767339773 9126291720
2073497 300 2.220484635645303 9164841660
2073797 300 2.2250834064969274 9807887160
2074097 300 2.2011887620719928 9112348140
2074397 300 2.2592186128182616 9112348140
2074697 300 2.195926251097454 9118909830
2074997 300 2.241202809482002 9105786450
2075297 300 2.2465601404741 9099224760
2075597 300 2.208774363476734 9106606650
2075897 300 2.2305829675153643 9107426880
2076197 300 2.2319578577699737 9107426880
2076497 300 2.1942669007901667 10268025600
2076797 300 2.2144635645302895 10504246380
2077097 300 2.2038437225636525 9145976790
2077397 300 2.2543353819139593 9152538480
2077697 300 2.2269323968393326 9139415100
2077997 300 2.259692712906058 9145156590
2078297 300 2.230345917471466 9059854620
2078597 300 2.215222124670764 8995057950
2078897 300 2.250068481123793 8844139110
2079197 300 2.2523915715539946 8825274240
2079497 300 2.2181141352063216 9598733340
2079797 300 2.2120456540825284 8785904130
2080097 300 2.239116769095698 8798207280
2080397 300 2.274010535557507 8805589200
2080697 300 2.2530079016681297 8832656160
2080997 300 2.3020772607550484 8838397620
2081297 300 2.2544776119402985 8837577420
2081597 300 2.272540825285338 8837577420
2081897 300 2.287095697980685 8922879390
2082197 300 2.2745794556628622 9224717070
2082497 300 2.275148375768218 8942564430
2082797 300 2.2862423178226514 8942564430
2083097 300 2.2610676031606673 8936822970
2083397 300 2.2774714661984197 8938463400
2083697 300 2.26718349429324 8937643170
2083997 300 2.2759543459174716 8938463400
2084297 300 2.272683055311677 9004080270
2084597 300 2.287854258121159 9337906200
2084897 300 2.2596453028972783 8951586750
2085197 300 2.2650500438981567 8950766550
2085497 300 2.3051115013169445 8944204860
2085797 300 2.272920105355575 8943384660
2086097 300 2.2678946444249344 8944204860
2086397 300 2.2633432835820897 8944204860
2086697 300 2.284914837576822 8865464610
2086997 300 2.2966725197541704 8859723120
2087297 300 2.2888024582967517 9312479640
2087597 300 2.2840614574187885 8951586750
2087897 300 2.2737734855136087 8951586750
2088197 300 2.2751957857769973 8951586750
2088497 300 2.2934486391571554 8945025090
2088797 300 2.261494293239684 8899093260
2089097 300 2.2702177348551364 8879408190
2089397 300 2.288849868305531 8879408190
2089697 300 2.286574187884109 8881048620
2089997 300 2.2779929762949958 8880228390
2090297 300 2.2779929762949958 8880228390
2090597 300 2.2653345039508337 8881048620
2090897 300 2.2984741000877964 8853981630
2091197 300 2.2755750658472342 8840858250
2091497 300 2.270028094820018 8841678480
2091797 300 2.2747690956979807 8841678480
2092097 300 2.2784196663740124 8841678480
2092397 300 2.2377892888498687 8846599740
2092697 300 2.274247585601405 8846599740
2092997 300 2.2643863037752414 8848240170
2093297 300 2.266851624231782 8847419940
2093597 300 2.267420544337138 8847419940
2093897 300 2.280742756804214 8847419940
2094197 300 2.2852467076382794 8847419940
2094497 300 2.2726356453028975 8846599740
2094797 300 2.267515364354697 8847419940
2095097 300 2.2866215978928888 8847419940
2095397 300 2.3388674275680423 10651884390
2095697 300 2.235418788410887 11124325980
2095997 300 2.2347550482879717 9470780400
2096297 300 2.255330992098332 9397781610
2096597 300 2.246702370500439 9398601810
2096897 300 2.2820702370500436 9397781610
2097197 300 2.27358384547849 9398601810
2097497 300 2.2556628621597894 9405163500
2097797 300 2.282354697102722 9399422040
2098097 300 2.228686567164179 9398601810
2098397 300 2.3007497805092187 9536397300
2098697 300 2.2880438981562774 10158937530
2098997 300 2.2920737489025464 9424848570
2099297 300 2.2555680421422304 9385478430
2099597 300 2.3135030728709394 9392040120
2099897 300 2.30700790166813 9384658230
2100197 300 2.2578437225636523 9384658230
2100497 300 2.2327164179104475 9384658230
2100797 300 2.295582089552239 9312479640
2101097 300 2.2381211589113255 9234559590
2101397 300 2.300038630377524 9497027160
2101697 300 2.260309043020193 9372355050
2101997 300 2.2917892888498685 9260806350
2102297 300 2.2925952589991216 9273929730
2102597 300 2.2439999999999998 9273929730
2102897 300 2.295345039508341 9273929730
2103197 300 2.285531167690957 9280491420
2103497 300 2.2670412642669007 9273929730
2103797 300 2.2691747146619843 9255064890
2104097 300 2.3041158911325725 9969468750
2104397 300 2.277945566286216 9542138760
2104697 300 2.2946338893766463 9241121280
2104997 300 2.280553116769096 9241941510
2105297 300 2.283445127304653 9241941510
2105597 267 2.2591237928007026 9248503200
2105864 1 2.2591237928007026 9248503200
2105865 32 2.3217998244073748 9793123350
2105897 300 2.0789657594381037 12483415800
2106197 300 1.0337172958735734 16755075270
2106497 300 0.9744073748902546 14018850990
2106797 300 0.9845057067603161 14018850990
2107097 300 0.9890096575943812 14018850990
2107397 300 0.991095697980685 14012289300
2107697 300 0.9960263388937666 13894178910
2107997 300 1.015274802458297 13835123700
2108297 300 0.9926602282704126 13854808770
2108597 300 1.027316944688323 15908617380
2108897 300 0.9807603160667253 13913863980
2109197 300 1.0230500438981562 13873673640
2109497 300 1.0415399473222124 13880235330
2109797 300 1.015274802458297 13847426880
2110097 300 1.0306356453028973 13828562010
2110397 300 1.0309675153643547 13822000320
2110697 300 1.023998244073749 13815438630
2110997 300 1.021390693590869 13815438630
2111297 300 1.0330061457418789 13926987360
2111597 300 1.0738735733099212 14503595760
2111897 300 1.0415399473222124 14123838030
2112197 300 1.053060579455663 13835123700
2112497 300 1.0163178226514487 13822000320
2112797 300 1.0306356453028973 13835123700
2113097 300 0.9732221246707639 13881055530
2113397 300 0.9299841966637402 13861370460
2113697 300 0.9651150131694469 13854808770
2113997 300 1.0006251097453907 13848247080
2114297 300 1.01873573309921 14623346580
2114597 300 1.0067410008779631 14110714650
2114897 300 1.0055557506584725 13822000320
2115197 300 0.9908586479367868 13822000320
2115497 300 1.0074047410008777 13822000320
2115797 300 0.9789113257243195 13822000320
2116097 300 0.9883933274802459 13822000320
2116397 300 1.0085899912203686 13822000320
2116697 300 1.0318683055311677 13849067310
2116997 300 1.053202809482002 14917802370
2117297 300 1.0486040386303777 14602841310
2117597 300 1.0161281826163302 14294441940
2117897 300 1.0073099209833187 14287880250
2118197 300 1.036324846356453 14300183400
2118497 300 1.0083055311676912 14150904990
2118797 300 1.0215329236172082 13775248290
2119097 300 1.007878841088674 13691586750
2119397 300 1.005081650570676 13709631420
2119697 300 1.0293081650570677 13683384660
2119997 300 0.9824196663740123 13565274240
2120297 300 1.0151799824407375 13572656160
2120597 300 0.9951255487269535 13572656160
2120897 300 1.0017629499561018 13572656160
2121197 300 0.9861176470588235 13565274240
2121497 300 1.04315188762072 15034272360
2121797 300 1.0294503950834066 15946347090
2122097 300 1.018071992976295 15218819850
2122397 300 1.0302089552238805 14214881460
2122697 300 1.0201580333625988 14220622920
2122997 300 1.017171202809482 14214061230
2123297 300 1.0224337137840211 14188634700
2123597 300 1.044953467954346 14031154170
2123897 300 1.0322949956101843 13834303500
2124197 300 1.0182616330114136 13729316490
2124497 300 1.1197190517998243 14037715860
2124797 300 1.1370711150131696 13755563220
2125097 300 1.0934539069359086 13611206070
2125397 300 1.0902774363476733 13611206070
2125697 300 1.090087796312555 13624329450
2125997 300 1.0850149253731345 13611206070
2126297 300 1.0718349429323968 13604644380
2126597 300 1.0864372256365233 13663699590
2126897 300 1.1465531167690957 14662716720
2127197 300 1.1062546093064092 14461764990
2127497 300 1.0644389815627744 14254251600
2127797 300 1.0552888498683055 14241948420
2128097 300 1.0696066725197542 13966357500
2128397 300 1.048556628621598 13899920400
2128697 300 1.0278858647936786 13880235330
2128997 300 1.101513608428446 13781809980
2129297 300 1.1118964003511853 13799854620
2129597 300 1.1292010535557506 14726693190
2129897 300 1.0762914837576822 14686502850
2130197 300 1.0776663740122916 14208319770
2130497 300 1.0535346795434593 14082827460
2130797 300 1.0572326602282702 13964717070
2131097 300 1.0106760316066725 13952413890
2131397 300 1.0449060579455662 13904841660
2131697 300 1.0627322212467076 13747361130
2131997 300 1.0397383669885865 13616127330
2132297 300 1.0799894644424937 15420591780
2132597 300 1.059745390693591 16130074380
2132897 300 1.0808902546093064 15946347090
2133197 300 1.0227181738366988 14358418410
2133497 300 0.9898156277436347 14358418410
2133797 300 1.0246619841966638 14325609960
2134097 300 1.006503950834065 14162387940
2134397 300 0.9880614574187885 14031154170
2134697 300 0.9897208077260755 13834303500
2134997 300 0.9553485513608428 13722754800
2135297 300 0.9780579455662863 14069704080
2135597 300 1.073494293239684 14621706150
2135897 300 1.0739209833187005 13762124910
2136197 300 0.9869236172080774 13767046200
2136497 300 0.9989657594381037 13799854620
2136797 300 1.006646180860404 13780169550
2137097 300 1.0031852502194907 13773607890
2137397 300 0.9931343283582089 13753922820
2137697 300 0.9854539069359088 13760484510
2137997 300 1.0175978928884986 14036075430
2138297 300 1.0445267778753293 14331351420
2138597 300 1.036988586479368 14055760500
2138897 300 1.020110623353819 13786731240
2139197 300 0.9991079894644426 13785090840
2139497 300 1.0123827919227393 13759664280
2139797 300 0.9974486391571553 13759664280
2140097 300 0.98270412642669 13766225970
2140397 300 0.9192695346795436 13766225970
2140697 300 0.9226356453028973 13766225970
2140997 300 0.9800491659350309 14218982520
2141297 300 0.9554433713784021 13910583120
2141597 300 0.9112572431957857 13772787660
2141897 300 0.8860825285338015 14625807210
2142197 300 0.8903968393327482 14040996690
2142497 300 0.8996417910447763 14041816920
2142797 300 0.890918349429324 14061501960
2143097 300 0.9012537313432837 14054940300
2143397 300 0.9478103599648815 14658615660
2143697 300 0.8997366110623355 14205859140
2143997 300 0.8837120280948201 14199297450
2144297 300 0.8670711150131694 14206679340
2144597 300 0.9189850746268656 14128759290
2144897 300 0.838577699736611 14068883880
2145197 300 0.9059947322212467 14062322190
2145497 300 0.9146707638279192 13826101380
2145797 300 0.8960860403863039 13747361130
2146097 300 0.9275662862159789 14036075430
2146397 300 0.9552063213345039 14935026810
2146697 300 0.8812467076382793 14357598180
2146997 300 0.8673555750658474 14337092910
2147297 300 0.8959438103599648 14316587640
2147597 300 0.8709587357330992 14199297450
2147897 300 0.897603160667252 14082827460
2148197 300 0.8789710272168569 14035255230
2148497 300 0.8530851624231781 13931088420
2148797 300 1.3389429323968394 13852348140
2149097 300 0.887978928884987 14055760500
2149397 300 0.8966075504828798 15794608050
2149697 300 0.8784969271290606 15886471680
2149997 300 0.8992625109745391 14456023530
2150297 300 0.8711483757682179 14442900150
2150597 300 0.8695364354697104 14442900150
2150897 300 0.8823371378402108 14396968320
2151197 300 0.9063266022827041 14232926100
2151497 300 0.8522791922739246 14173870890
2151797 300 0.8282897278314312 14180432580
2152097 300 0.8791606672519755 14036895630
2152397 300 0.9490430201931519 14377283250
2152697 300 0.9067058823529411 14436338460
2152997 300 0.9116365232660227 13858909830
2153297 300 0.8653643546971028 13845786450
2153597 300 0.8127392449517121 13819539690
2153897 300 0.876884986830553 13812978000
2154197 300 0.8766479367866551 13806416310
2154497 300 0.8755100965759438 13826101380
2154797 300 0.8519947322212469 13831842870
2155097 300 0.8654117647058824 14081187030
2155397 300 0.8678296751536437 14141062440
2155697 300 0.8590588235294118 13852348140
2155997 300 0.8563090430201933 13858909830
2156297 300 0.8666444249341528 13865471520
2156597 300 0.8322721685689202 13858909830
2156897 240 0.8719543459174715 13858909830
2157137 60 0.6504073748902546 13858909830
2157197 125 0.6483213345039509 13773607890
2157322 3 0.7168762071992977 8812971090
2157325 2 0.6275557506584724 8812971090
2157327 9 0.6275557506584724 8812971090
2157336 161 0.706161545215101 10515729360
2157497 300 0.792163301141352 13314289650
2157797 300 0.9101668129938542 14082007260
2158097 300 0.8756049165935031 14089389150
2158397 300 0.865838454784899 13595622060
2158697 300 0.8654591747146619 13596442290
2158997 189 0.9192695346795436 14351036490
2159186 111 0.6400245829675154 13878594900
2159297 72 0.6555750658472344 13840044990
2159369 4 0.6356628621597893 9175504410
2159373 2 0.6356628621597893 9017203650
2159375 11 0.6356628621597893 9017203650
2159386 211 0.6970114135206322 11297390550
2159597 300 0.7662774363476733 13466028720
2159897 23 0.9093608428446006 13505398830
2159920 186 0.6290254609306409 13400411820
2160106 4 0.6226725197541703 8393843220
2160110 9 0.6093503072870939 8393843220
2160119 1 0.6093503072870939 8393843220
2160120 77 0.6661474978050921 9591351420
2160197 140 0.7557050043898156 12389091510
2160337 160 0.5295592625109745 12382529820
2160497 24 0.6308270412642669 13156809120
2160521 5 0.5854556628621599 8301159360
2160526 1 0.5854556628621599 8301159360
2160527 10 0.5854556628621599 8301159360
2160537 260 0.685585601404741 11260481040
2160797 300 0.8543178226514487 12783613080
2161097 300 0.8308972783143109 12783613080
2161397 300 0.8183336259877085 12803298120
2161697 300 0.7999859525899913 12809859810
2161997 300 0.8237857769973662 12796736430
2162297 300 0.8499561018437226 12809859810
2162597 300 0.846969271290606 12836106570
2162897 300 0.8278156277436349 12822983190
2163197 300 0.8397155399473222 12836106570
2163497 300 0.7983740122914839 12842668260
2163797 300 0.7866163301141352 12836106570
2164097 300 0.8012660228270414 12875476710
2164397 300 0.8064811237928008 12914846850
2164697 300 0.7799315188762074 12901723470
2164997 300 0.787043020193152 12908285160
2165297 300 0.7599719051799825 12901723470
2165597 300 0.7767550482879719 12875476710
2165897 300 0.7780825285338016 13551330660
2166197 300 0.8195662862159789 15034272360
2166497 300 0.7914521510096575 14325609960
2166797 300 0.7704969271290607 13006710480
2167097 300 0.7832502194907816 12987025410
2167397 300 0.7939174714661985 12960778680
2167697 300 0.803636523266023 12973902030
2167997 300 0.7933485513608429 12972261630
2168297 300 0.7846725197541703 12939453180
2168597 300 0.7850517998244073 12947655300
2168897 300 0.8024512730465321 12947655300
2169197 300 0.8444565408252853 13610385870
2169497 300 0.804774363476734 13676002740
2169797 300 0.8079982440737489 13026395550
2170097 300 0.7936330114135206 12979643520
2170397 300 0.7905513608428446 12973902030
2170697 300 0.782918349429324 13572656160
2170997 300 0.4953292361720808 7702405260
2171297 112 0.5639315188762072 7722090300
2171409 6 0.5641211589113257 7722090300
2171415 1 0.5640263388937665 7722910530
2171416 4 0.5639315188762072 7722910530
2171420 1 0.5639315188762072 7722910530
2171421 175 0.5717067603160668 8110870380
2171596 1 0.5717067603160668 8110870380
2171597 300 0.6121000877963125 10853656320
2171897 300 0.7517699736611062 13137944280
2172197 300 0.8207989464442493 13439781960
2172497 300 0.8122651448639158 13308548190
2172797 300 0.7788884986830553 13052642310
2173097 300 0.7714451273046532 12968160570
2173397 300 0.7781773485513608 12987025410
2173697 300 0.737025460930641 12973902030
2173997 300 0.7683160667251976 12987025410
2174297 300 0.7495891132572432 12986205210
2174597 300 0.7684108867427569 12980463720
2174897 300 0.810937664618086 13658778330
2175197 300 0.8178121158911326 13831022640
2175497 300 0.7887497805092187 13680103800
2175797 300 0.8120755048287971 13627610310
2176097 300 0.798326602282704 13199460090
2176397 300 0.8299016681299387 13036238100
2176697 300 0.7834872695346795 13042799790
2176997 300 0.8091360842844602 13037058300
2177297 300 0.7763283582089552 13030496610
2177597 300 0.7969517120280948 13043619990
2177897 300 0.7999385425812116 13050181680
2178197 300 0.7652818261633011 13029676410
2178497 300 0.7429043020193152 13056743370
2178797 300 0.7475030728709395 13056743370
2179097 300 0.7705917471466199 13037058300
2179397 300 0.7788410886742758 13036238100
2179697 300 0.7872326602282704 13043619990
2179997 300 0.7761861281826163 13042799790
2180297 300 0.7765654082528534 13055923170
2180597 300 0.7587392449517121 13069046520
2180897 300 0.7607304653204565 13049361480
2181197 300 0.7757594381035997 13063305060
2181497 300 0.7773713784021072 13056743370
2181797 300 0.7564161545215101 13043619990
2182097 300 0.7958138718173837 13057563570
2182397 300 0.7838191395961369 13057563570
2182697 300 0.7527655838454784 13051001880
2182997 300 0.7331852502194909 13043619990
2183297 300 0.7834398595258999 13050181680
2183597 300 0.7774661984196665 13043619990
2183897 300 0.7681738366988587 15884831280
2184197 300 0.7767550482879719 13556251920
2184497 300 0.7685057067603163 13543128540
2184797 300 0.7786514486391571 13543128540
2185097 300 0.7940597014925372 14356777980
2185397 300 0.7327585601404742 15098248830
2185697 300 0.7669885864793679 13084630530
2185997 300 0.7706391571553995 13091192220
2186297 300 0.7751431079894646 13084630530
2186597 300 0.7747638279192275 13070686950
2186897 300 0.736883230904302 13064125260
2187197 300 0.7942019315188763 13063305060
2187497 300 0.7989429323968393 13069866750
2187797 300 0.7880860403863038 13076428440
2188097 300 0.7806426690079018 13063305060
2188397 300 0.7578858647936787 13102675200
2188697 300 0.7740526777875331 13161730380
2188997 300 0.7940597014925372 13135483620
2189297 300 0.8215100965759438 13517702010
2189597 300 0.8321299385425813 15487028880
2189897 300 0.822126426690079 15774922980
2190197 300 0.8293801580333625 13917965040
2190497 300 0.8453099209833187 13694047410
2190797 300 0.8113643546971028 13522623270
2191097 300 0.8227427568042142 13404512880
2191397 300 0.8391466198419667 13318390710
2191697 300 0.8150149253731345 13195359030
2191997 300 0.804774363476734 13228167480
2192297 300 0.7885601404741002 13248672780
2192597 300 0.8186654960491659 13228987710
2192897 300 0.8630412642669008 13745720700
2193197 300 0.867640035118525 15668295540
2193497 300 0.8843757682177348 15537061770
2193797 300 0.831655838454785 15117113670
2194097 300 0.8500035118525021 13811337600
2194397 300 0.7914521510096575 13680924030
2194697 300 0.8511413520632134 14094310410
2194997 300 0.8077611940298507 13687485720
2195297 300 0.828574187884109 13398771390
2195597 300 0.8444091308165058 13385648010
2195897 300 0.8773116769095699 13313469450
2196197 300 0.922825285338016 13753102590
2196497 300 0.8751308165057068 13602183750
2196797 300 0.857731343283582 13594801860
2197097 300 0.8915346795434593 13437321330
2197397 300 0.8384354697102722 13357760850
2197697 300 0.8524214223002634 13220785590
2197997 300 0.8434135206321336 13221605790
2198297 300 0.8942844600526778 13221605790
2198597 300 0.9342985074626866 13569375300
2198897 300 0.9441123792800703 14080366830
2199197 300 0.9032923617208076 13286402490
2199497 300 0.8465899912203687 13267537620
2199797 300 0.873044776119403 13259335500
2200097 300 0.8527532923617209 13254414240
2200397 300 0.8914398595259 13221605790
2200697 300 0.8597225636523267 13221605790
2200997 300 0.8944741000877963 13220785590
2201297 300 0.9415048287971906 14159927310
2201597 300 0.9043353819139597 14572493490
2201897 300 0.8907287093942055 14001626550
2202197 300 0.8477752414398595 13989323400
2202497 300 0.8933836698858648 13771967460
2202797 300 0.86830377524144 13615307130
2203097 300 0.8736136962247587 13608745440
2203397 300 0.9053309920983319 13346277900
2203697 300 0.9180842844600527 13241290860
2203997 300 0.922161545215101 14297722770
2204297 300 0.9184635645302898 14186174070
2204597 300 0.900305531167691 13943391570
2204897 300 0.8905390693590869 13942571370
2205197 300 0.895659350307287 13942571370
2205497 300 0.8997840210711151 13758844080
2205797 300 0.9020597014925372 13530005190
2206097 300 0.9195539947322213 13418456460
2206397 300 0.9042405618964003 13418456460
2206697 300 0.8897805092186127 13431579840
2206997 300 0.9647831431079896 15085125450
2207297 300 0.9548744512730467 15131057250
2207597 300 0.9158086040386303 13281481200
2207897 300 0.9189376646180861 13301166270
2208197 300 0.9315487269534679 13320851340
2208497 300 0.9276611062335383 13314289650
2208797 300 0.9257172958735733 13314289650
2209097 300 0.9119209833187008 13314289650
2209397 300 0.8985513608428447 13307727960
2209697 300 0.9042405618964003 13320851340
2209997 300 0.9504653204565408 13314289650
2210297 300 0.9658261633011415 13878594900
2210597 300 0.9447287093942055 13812978000
2210897 300 0.95572783143108 13682564430
2211197 300 0.9386602282704126 13531645590
2211497 300 0.9487111501316945 13491455250
2211797 300 0.9223511852502196 13478331870
2212097 300 0.9534521510096576 13366783170
2212397 300 0.9703301141352063 13398771390
2212697 300 0.9926602282704126 13799034420
2212997 300 1.006503950834065 14428956540
2213297 300 0.9686707638279193 13884336390
2213597 300 0.9347251975417032 13529184960
2213897 300 0.8949956101843723 13452085110
2214197 300 0.9392765583845479 13326592830
2214497 300 0.9902423178226516 13320851340
2214797 300 1.0170763827919227 13314289650
2215097 300 1.068231782265145 13444703220
2215397 300 1.0655768217734853 13930268190
2215697 300 1.0437208077260756 13727676060
2215997 300 0.9992502194907814 13681744230
2216297 300 1.0061720807726076 13498016940
2216597 300 0.9975908691834943 13406153310
2216897 300 1.015748902546093 13314289650
2217197 300 1.0096330114135208 13294604580
2217497 300 1.0352818261633012 13281481200
2217797 300 1.0196365232660227 13877774700
2218097 300 1.0013362598770852 13826101380
2218397 300 0.9943195785776998 13701429300
2218697 300 0.9712309043020194 13688305920
2218997 300 0.953546971027217 13524263700
2219297 300 0.9697611940298508 13340536410
2219597 300 0.9798595258999122 13347098100
2219897 300 0.9925654082528536 13346277900
2220197 300 0.9510342405618966 13549690230
2220497 300 1.0006251097453907 15368098260
2220797 300 1.0862949956101844 15564128730
2221097 300 0.9952203687445127 14693064540
2221397 300 0.9643564530289729 14030333940
2221697 300 0.9592835820895521 13983581910
2221997 300 0.9803336259877086 13977020220
2222297 300 1.02902370500439 13845786450
2222597 300 1.033622475856014 13701429300
2222897 300 0.9527410008779631 13478331870
2223197 300 0.9924705882352942 13484893560
2223497 300 1.015132572431958 13583318910
2223797 300 1.0008621597892888 14502775560
2224097 300 1.0018103599648815 14424035280
2224397 300 1.0008147497805093 14161567740
2224697 300 0.9670114135206322 14161567740
2224997 300 0.9718472344161546 14147624130
2225297 300 0.9459139596136963 13983581910
2225597 300 0.9793854258121159 13648935780
2225897 300 0.9583827919227392 13622689020
2226197 300 0.97502370500439 13621868820
2226497 300 0.9815188762071994 13877774700
2226797 300 1.001241439859526 14173050690
2227097 300 0.9874451273046533 13995885090
2227397 300 0.9701878841088674 13995064890
2227697 300 0.9754503950834065 13988503200
2227997 300 0.9833204565408252 13712912250
2228297 300 0.9967848990342406 13529184960
2228597 300 0.968955223880597 13542308340
2228897 300 0.9831782265144864 13524263700
2229197 300 0.969998244073749 13543948770
2229497 300 1.0060772607550486 14554448850
2229797 300 1.0611676909569798 14436338460
2230097 300 1.020395083406497 14194376160
2230397 300 0.9914275680421422 14180432580
2230697 300 0.9755926251097453 14483090490
2230997 300 0.9866865671641792 13912223550
2231297 300 0.9718472344161546 13715372880
2231597 300 0.9324969271290605 13617767760
2231897 300 0.9761141352063214 13506219060
2232197 300 0.9571501316944688 13505398830
2232497 300 1.0042756804214223 13905661860
2232797 300 0.9758770851624232 13866291720
2233097 300 0.9411729587357331 13853168340
2233397 300 0.9334451273046532 13853168340
2233697 300 0.8992151009657594 13708811190
2233997 300 0.9601843722563653 13696508040
2234297 300 0.9475733099209833 13695687810
2234597 300 0.9788165057067605 13577577420
2234897 300 0.9475258999122038 13564454040
2235197 300 0.9528358208955224 13892538480
2235497 300 0.9977330992098333 15565769160
2235797 300 1.0086374012291484 15585454230
2236097 300 0.9986338893766462 14221443150
2236397 300 1.0329113257243194 14228004840
2236697 300 0.9545899912203687 14221443150
2236997 300 0.9544003511852504 14490472380
2237297 300 0.9768252853380157 14031154170
2237597 300 0.9480000000000002 14004907410
2237897 300 1.0198261633011416 13853988570
2238197 300 0.9857383669885865 13703069730
2238497 300 0.9614170324846357 13716193110
2238797 300 0.9697611940298508 13958975580
2239097 300 1.048935908691835 13689946350
2239397 300 1.0479877085162423 13683384660
2239697 300 1.044052677787533 13676822970
2239997 300 1.0070728709394206 13676822970
2240297 300 0.9902897278314311 13703069730
2240597 300 0.9847901668129938 13696508040
2240897 300 1.0020474100087797 13689126120
2241197 300 0.9524091308165057 13721934570
2241497 300 0.9353415276558383 14129579490
2241797 300 0.8833801580333626 14359238610
2242097 300 0.8474433713784022 14090209350
2242397 300 0.9118261633011414 14090209350
2242697 300 0.96729587357331 13998345720
2242997 300 0.984647936786655 13840865190
2243297 300 0.9856435469710272 13749821760
2243597 300 0.9560597014925373 13618587990
2243897 300 0.9370008779631256 13624329450
2244197 300 1.034665496049166 14359238610
2244497 300 0.9934661984196664 14667637980
2244797 300 0.9764460052677787 14234566530
2245097 300 0.9419315188762072 14228004840
2245397 300 0.9683388937664618 14175511320
2245697 300 0.9620807726075504 13899920400
2245997 300 0.9123950834064971 13873673640
2246297 300 0.9201229148375769 13663699590
2246597 300 0.9750711150131695 13545589200
2246897 300 0.9976856892010535 13735878150
2247197 300 1.009348551360843 14397788520
2247497 300 0.98915188762072 14232926100
2247797 300 0.9939402985074628 14226364410
2248097 300 0.9326391571553996 14200117650
2248397 300 0.9645460930640914 13957335150
2248697 300 0.9147181738366987 13799854620
2248997 300 0.8955645302897279 13675182540
2249297 300 0.9213081650570676 13676822970
2249597 300 0.9518876207199297 14050839240
2249897 300 0.9920438981562776 15606779700
2250197 300 0.9998191395961369 15947167320
2250497 300 0.9361949078138718 14260813260
2250797 300 0.9577190517998245 14247689910
2251097 300 0.9683863037752416 14786568600
2251397 300 0.9238208955223882 13925346930
2251697 300 0.9150026338893767 13676002740
2251997 300 0.8780228270412644 13617767760
2252297 300 0.9106883230904301 13617767760
2252597 300 0.9904793678665496 14305924890
2252897 300 0.9430219490781387 13926167130
2253197 300 0.8547919227392451 13939290510
2253497 300 0.8881685689201053 13926167130
2253797 300 0.8653169446883231 13834303500
2254097 300 0.8751782265144865 13671081480
2254397 300 0.8871255487269536 13651396410
2254697 300 0.8834749780509219 13657958100
2254997 300 0.8849446883230905 13651396410
2255297 300 0.9010166812993855 13644014520
2255597 300 0.9460561896400352 14602021110
2255897 300 0.8906338893766461 14523280830
2256197 300 0.878449517120281 14241128220
2256497 300 0.8714802458296751 14201758080
2256797 300 0.8700105355575067 14503595760
2257097 300 0.8719543459174715 14155826250
2257397 300 0.8769798068481124 14004907410
2257697 300 0.8539859525899913 13789191900
2257997 300 0.879208077260755 13782630210
2258297 300 0.8986935908691835 13781809980
2258597 300 0.9038612818261633 14313306780
2258897 300 0.9245320456540826 13991784030
2259197 300 0.856972783143108 13972919190
2259497 300 0.8490553116769095 14241128220
2259797 300 0.8491027216856892 13840865190
2260097 300 0.8455943810359965 13788371670
2260397 300 0.8194714661984198 13670261280
2260697 300 0.8696312554872695 13676822970
2260997 300 0.8517576821773487 14024592480
2261297 300 0.8650798946444249 13703889930
2261597 300 0.8496242317822651 13703889930
2261897 300 0.8590588235294118 13723575000
2262197 300 0.8691097453906936 13716193110
2262497 300 0.8732818261633012 13716193110
2262797 300 0.8560719929762951 13716193110
2263097 300 0.8771694468832311 13709631420
2263397 300 0.900684811237928 15199134780
2263697 300 0.9172309043020194 15953729010
2263997 300 0.8766479367866551 15126956220
2264297 300 0.8579683933274802 14378923680
2264597 300 0.8543652326602283 14405170440
2264897 300 0.8705794556628622 14405990640
2265197 300 0.8561668129938542 14301003630
2265497 300 0.8601018437225636 14248510110
2265797 300 0.8709113257243197 14248510110
2266097 300 0.889116769095698 14136961410
2266397 300 0.8709113257243197 14091029580
2266697 300 0.9168516242317823 14340373740
2266997 300 0.9132484635645304 14772625020
2267297 300 0.8756997366110625 14405170440
2267597 300 0.8390043898156279 14248510110
2267897 300 0.8646532045654083 14241128220
2268197 300 0.8818630377524145 14096771040
2268497 300 0.8629464442493416 13828562010
2268797 300 0.875747146619842 13782630210
2269097 300 0.9072273924495171 13808876940
2269397 300 0.9668217734855137 14399428950
2269697 300 0.9063266022827041 14504415960
2269997 300 0.8768375768217735 14378923680
2270297 300 0.8777857769973663 14371541760
2270597 300 0.8614293239683934 14346115230
2270897 300 0.8516628621597894 14208319770
2271197 300 0.8523266022827041 13972098960
2271497 300 0.8868884986830554 13861370460
2271797 300 0.8839964881474978 14196016590
2272097 300 0.8380087796312556 13828562010
2272397 300 0.8573046532045655 13749821760
2272697 300 0.8399051799824407 13749821760
2272997 300 0.8555030728709394 13749821760
2273297 300 0.8228375768217735 13749821760
2273597 300 0.8615715539947322 13749821760
2273897 300 0.8834749780509219 13743260070
2274197 300 0.9161878841088675 14346935430
2274497 300 0.9210711150131694 14497854300
2274797 300 0.8970342405618965 14386305570
2275097 300 0.882052677787533 14386305570
2275397 300 0.8963230904302021 14189454900
2275697 300 0.848107111501317 14005727610
2275997 300 0.8547445127304654 13874493840
2276297 300 0.8788762071992977 13828562010
2276597 300 0.892198419666374 13827741810
2276897 300 0.944776119402985 14247689910
2277197 300 0.9223037752414398 14038536060
2277497 300 0.9122054433713784 13854808770
2277797 300 0.906611062335382 13841685390
2278097 300 0.9001633011413521 13841685390
2278397 300 0.9292730465320457 13835123700
2278697 300 0.9183213345039509 13835123700
2278997 300 0.8802510974539071 13874493840
2279297 300 0.9683863037752416 15081844590
2279597 300 0.9611325724319579 15692081670
2279897 300 0.9809973661106233 16262948580
2280197 300 0.9458191395961371 14576594550
2280497 300 0.9431167690956981 14458484160
2280797 300 0.918700614574188 14451922470
2281097 300 0.931169446883231 14445360780
2281397 300 0.9087919227392449 14333812050
2281697 300 0.9278507462686567 14143523100
2281997 300 0.9212133450395084 14123838030
2282297 300 0.9889622475856014 14806253670
2282597 300 0.9380913081650571 14727513390
2282897 300 0.9415048287971906 14235386730
2283197 300 0.8924354697102722 14235386730
2283497 300 0.8998788410886744 14097591270
2283797 300 0.8925302897278315 14051659440
2284097 300 0.898883230904302 13959795810
2284397 300 0.9050939420544337 13867932150
2284697 300 0.9062317822651449 13789191900
2284997 300 0.9515557506584724 14373182190
2285297 300 0.9099297629499561 14471607540
2285597 300 0.9154767339771731 14366620500
2285897 300 0.8912502194907813 14661896520
2286197 300 0.8831431079894644 14097591270
2286497 300 0.8991676909569799 14051659440
2286797 300 0.94415978928885 13940110740
2287097 300 0.9504653204565408 13986042540
2287397 300 0.9572449517120282 14274756870
2287697 300 0.9816611062335383 14091029580
2287997 300 0.9081281826163302 14084467890
2288297 300 0.9390869183494294 13959795810
2288597 300 0.9049991220368744 13940110740
2288897 300 0.9170886742756805 13920425670
2289197 300 0.9296523266022827 13828562010
2289497 300 0.9405092186128183 13972919190
2289797 300 0.9814714661984196 14438799090
2290097 300 0.9551115013169447 14465045850
2290397 300 0.9701878841088674 14340373740
2290697 300 0.9780579455662863 14248510110
2290997 300 0.93899209833187 14064782820
2291297 300 0.9468147497805093 13926987360
2291597 300 0.907891132572432 13841685390
2291897 300 0.9088393327480248 13874493840
2292197 300 0.9516979806848112 15803630370
2292497 300 0.9499438103599649 15836438820
2292797 300 0.9569130816505707 15298380330
2293097 300 0.9611799824407375 14379743880
2293397 300 0.939371378402107 14366620500
2293697 300 0.9675329236172082 14373182190
2293997 300 0.9460087796312554 14320688700
2294297 300 0.97502370500439 14156646450
2294597 300 0.9620807726075504 14156646450
2294897 300 0.9916646180860403 14163208140
2295197 300 1.0294503950834066 15055597830
2295497 300 0.9805232660228271 14668458210
2295797 300 0.891819139596137 14287880250
2296097 300 0.8482967515364355 14294441940
2296397 300 0.8884056189640035 14176331520
2296697 300 0.8683511852502196 13861370460
2296997 300 0.8529903424056191 13867932150
2297297 300 0.8672133450395083 13848247080
2297597 300 0.855171202809482 13848247080
2297897 300 0.9112098331870062 14189454900
2298197 300 0.9574820017559263 15003104340
2298497 300 0.9049517120280949 14543786100
2298797 300 0.9009218612818262 14465045850
2299097 300 0.9035768217734854 14465045850
2299397 300 0.9146233538191397 14314127010
2299697 300 0.9136277436347675 14050839240
2299997 300 0.9515557506584724 13907302290
2300297 300 0.9213081650570676 13873673640
2300597 300 0.92358384547849 13899920400
2300897 300 0.9851220368744513 14248510110
2301197 300 0.9937032484635646 14622526380
2301497 300 0.9563441615452151 14451922470
2301797 300 0.9810447761194031 14445360780
2302097 300 0.9959315188762072 14405990640
2302397 300 0.9938454784899035 14268195180
2302697 300 0.9644986830553117 14169769830
2302997 300 0.9681492537313434 14169769830
2303297 300 0.979622475856014 14130399720
2303597 300 1.0069780509218613 14589717930
2303897 300 0.9694293239683933 14589717930
2304197 300 0.9889622475856014 14360058810
2304497 300 1.0120983318700616 14222263350
2304797 300 0.9595680421422301 14064782820
2305097 300 0.9736014047410009 14031974370
2305397 300 0.9832256365232661 13986042540
2305697 300 0.9939402985074628 13900740600
2305997 300 1.0466128182616332 14642211450
2306297 300 1.0112923617208076 14898117300
2306597 300 0.9866391571553994 14445360780
2306897 300 0.9859280070237051 14438799090
2307197 300 0.9869236172080774 14392867260
2307497 300 0.9598999122036875 14190275130
2307797 300 0.9745496049165936 14045917950
2308097 300 0.94415978928885 14039356290
2308397 300 0.962791922739245 14032794600
2308697 300 0.9963582089552239 15878269590
2308997 300 1.0093959613696226 16430271660
2309297 300 0.9652098331870063 15661733850
2309597 300 0.932070237050044 14539685040
2309897 300 0.9607058823529412 14533123350
2310197 300 0.9801913959613697 14506056390
2310497 300 0.9369534679543459 14335452480
2310797 300 0.936289727831431 14256712230
2311097 300 0.9425004389815629 14255892000
2311397 300 0.9453924495171204 14204218710
2311697 300 1.002663740122915 14663536920
2311997 300 1.1467427568042141 14583976440
2312297 300 1.509050043898156 14546246730
2312597 300 1.072214223002634 14520000000
2312897 300 0.9584776119402986 14447821410
2313197 300 0.9574820017559263 14276397300
2313497 300 0.9729376646180862 14256712230
2313797 300 1.0097752414398595 14256712230
2314097 300 1.007546971027217 14702907060
2314397 300 0.9968797190518 14663536920
2314697 300 0.9711360842844601 14419934220
2314997 300 0.9551115013169447 14413372530
2315297 300 0.8885952589991222 14302644030
2315597 300 0.9035768217734854 14144343300
2315897 300 0.9602317822651448 14145163500
2316197 300 0.9761141352063214 14054120070
2316497 300 0.9885829675153643 14008188240
2316797 300 0.9918068481123794 14256712230
2317097 300 0.9582879719051799 14807073870
2317397 300 0.9345829675153643 14551168020
2317697 300 0.9771097453906937 14544606330
2317997 300 0.9700930640913081 14380564110
2318297 300 0.9586672519754171 14275577070
2318597 300 0.969618964003512 14150904990
2318897 300 1.005081650570676 14013109530
2319197 300 0.9456769095697982 13999986150
2319497 300 0.9497541703248464 14243588850
2319797 300 1.0332906057945568 14741456970
2320097 300 1.0299719051799825 14722592130
2320397 300 1.0045601404741 14428136340
2320697 300 1.0059350307287094 14427316140
2320997 300 0.9730324846356452 14426495910
2321297 300 0.9803336259877086 14420754450
2321597 300 0.9257172958735733 14191095330
2321897 300 0.9550166812993854 14164028370
2322197 300 0.9647831431079896 14347755660
2322497 300 1.0065513608428447 16080041520
2322797 300 0.9835100965759439 16414687650
2323097 300 0.9809499561018438 14675840100
2323397 300 0.9540684811237928 14669278410
2323697 300 0.9342036874451273 14662716720
2323997 300 0.933729587357331 14616784890
2324297 300 0.9052835820895524 14531482950
2324597 300 0.8918665496049165 14531482950
2324897 300 0.9012537313432837 14478989430
2325197 300 0.9293204565408253 14209960200
2325497 300 0.9882510974539069 14898937530
2325797 300 0.9450131694468832 14420754450
2326097 300 0.9073696224758561 14159107110
2326397 300 0.8866514486391572 14152545420
2326697 300 0.889116769095698 14145983730
2326997 300 0.845025460930641 14145983730
2327297 300 0.8735188762071994 14139422040
2327597 300 0.8783546971027216 14145983730
2327897 300 0.8843757682177348 14132860350
2328197 300 0.9574345917471467 14420754450
2328497 300 0.9354363476733977 14303464260
2328797 300 0.8810570676031606 14106613590
2329097 300 0.86958384547849 14093490210
2329397 300 0.8836646180860404 14118916740
2329697 300 0.9069429323968393 14127118860
2329997 300 0.8770272168568919 14113175280
2330297 300 0.870721685689201 14126298660
2330597 300 0.8927673397717297 14184533640
2330897 300 0.9014907813871819 14854646130
2331197 300 0.8645583845478491 14710288950
2331497 300 0.8689675153643548 14678300730
2331797 300 0.8528955223880598 15274594200
2332097 300 0.8876470588235295 14546246730
2332397 300 0.8915820895522388 14408451270
2332697 300 0.8475856014047409 14402709810
2332997 300 0.8713854258121161 14415833160
2333297 300 0.8630412642669008 15084305220
2333597 300 0.8862247585601404 14539685040
2333897 300 0.8572098331870062 14514258510
2334197 300 0.8325566286215978 14389586430
2334497 300 0.8528007023705004 14355957750
2334797 300 0.8260140474100088 14263273920
2335097 300 0.8503827919227394 14074625340
2335397 300 0.8682089552238805 14061501960
2335697 300 0.8358279192273925 14218982520
2335997 300 0.9004477611940298 12374327730
2336297 300 0.8667392449517122 8338889070
2336597 300 0.8382932396839333 7805751840
2336897 300 0.8139244951712028 8429932500
2337197 300 0.8281949078138717 7780325310
2337497 300 0.811316944688323 7772943390
2337797 300 0.8233116769095699 7760640240
2338097 300 0.8852291483757682 7780325310
2338397 300 0.9124424934152766 8272451970
2338697 300 0.8640842844600527 7774583820
2338997 300 0.8252554872695348 7767201930
2339297 300 0.8315136084284461 7782785940
2339597 300 0.7913099209833186 7768842360
2339897 300 0.7895557506584724 8607918300
2340197 300 0.7740526777875331 8121533130
2340497 300 0.762484635645303 8142038400
2340797 300 0.7761861281826163 8128915020
2341097 300 0.7911202809482003 8128915020
2341397 300 0.8232168568920105 8699781960
2341697 300 0.827009657594381 8240463720
2341997 300 0.8235961369622475 8174846850
2342297 300 0.8076189640035119 8181408540
2342597 300 0.8077137840210712 8076421500
2342897 300 0.8285267778753294 8069859810
2343197 300 0.7978525021949079 8069859810
2343497 300 0.8033520632133451 8056736430
2343797 300 0.8182388059701493 8063298120
2344097 300 0.8099894644424934 8089544880
2344397 300 0.8643687445127304 8778522210
2344697 300 0.8080456540825285 8411067630
2344997 300 0.8102265144863916 8371697520
2345297 300 0.8276259877085163 8365135830
2345597 300 0.8265829675153645 8358574140
2345897 300 0.834737489025461 8155981980
2346197 300 0.8345478489903424 7985378070
2346497 300 0.8666444249341528 7932884580
2346797 300 0.8787813871817385 8555424810
2347097 300 0.8348323090430203 8502931290
2347397 300 0.8412800702370502 8286395550
2347697 300 0.8536066725197543 8286395550
2347997 300 0.8364442493415277 8168285160
2348297 300 0.8300438981562775 8057556660
2348597 300 0.8488182616330113 8037871590
2348897 300 0.8606233538191397 8031309900
2349197 300 0.875747146619842 8056736430
2349497 300 0.9172309043020194 9081180120
2349797 300 0.879729587357331 9218975580
2350097 300 0.879729587357331 8425011240
2350397 300 0.8748937664618086 8424191010
2350697 300 0.836254609306409 8423370810
2350997 300 0.8579209833187007 9027046200
2351297 300 0.8672133450395083 8069859810
2351597 300 0.8630886742756805 8018186520
2351897 300 0.8640842844600527 8024748210
2352197 300 0.8494820017559263 7972254690
2352497 300 0.8955171202809482 8621861910
2352797 300 0.8830482879719053 8182228740
2353097 300 0.8803933274802459 8182228740
2353397 300 0.834073748902546 8182228740
2353697 300 0.8427497805092186 8057556660
2353997 300 0.8382458296751538 7918940970
2354297 300 0.8323669885864795 7918940970
2354597 300 0.8539859525899913 7926322890
2354897 300 0.8637524143985952 7932884580
2355197 300 0.8711009657594381 8241283950
2355497 300 0.8509517120280948 8804768970
2355797 300 0.8278156277436349 8627603370
2356097 300 0.8371079894644424 8397944280
2356397 300 0.8381035996488146 8391382590
2356697 300 0.8315136084284461 8365956030
2356997 300 0.8167690956979807 8228160570
2357297 300 0.8299016681299387 8030489700
2357597 300 0.8185706760316066 7918940970
2357897 300 0.8230272168568922 7820515650
2358197 300 0.8629938542581211 8568548190
2358497 300 0.8463055311676909 8305260420
2358797 300 0.8317032484635645 7833639030
2359097 300 0.8489604916593504 7834459230
2359397 300 0.8396207199297631 7834459230
2359697 300 0.8325566286215978 7827077340
2359997 300 0.8333625987708517 7820515650
2360297 300 0.8420386303775242 7834459230
2360597 300 0.8818630377524145 7821335850
2360897 300 0.9098823529411765 8346270960
2361197 300 0.8821000877963127 8050994970
2361497 300 0.8412800702370502 7899255900
2361797 300 0.8830008779631255 7900076130
2362097 300 0.8401896400351185 7886952750
2362397 300 0.8106057945566287 7873829370
2362697 300 0.8052010535557506 7880391060
2362997 300 0.8239754170324847 7893514440
2363297 300 0.853891132572432 8956508040
2363597 300 0.87342405618964 9179605440
2363897 300 0.9024863915715541 8411887860
2364197 300 0.8789236172080773 8365956030
2364497 300 0.8674503950834065 8274092400
2364797 300 0.8705320456540826 8995878150
2365097 300 0.8631360842844602 8136296910
2365397 300 0.8389095697980685 7991939760
2365697 300 0.8674978050921862 7932884580
2365997 300 0.8673081650570675 7926322890
2366297 300 0.8985513608428447 8556245010
2366597 300 0.8899701492537314 8050994970
2366897 300 0.8785443371378403 8057556660
2367197 300 0.8755100965759438 8050994970
2367497 300 0.8947111501316944 8044433280
2367797 300 0.8941896400351185 7998501450
2368097 300 0.8667392449517122 7808212470
2368397 300 0.9094556628621597 7768842360
2368697 300 0.8884056189640035 7814774160
2368997 300 0.9428797190517999 8772780750
