1368268 300 0.8234064969271292 12817241730
1368568 300 0.8823845478489903 13834303500
1368868 300 0.8657910447761195 13794933360
1369168 300 0.8431290605794556 13499657370
1369468 300 0.84388762071993 15323806860
1369768 300 0.8412800702370502 13474230810
1370068 300 0.8239754170324847 13283941830
1370368 300 0.8444565408252853 13054282740
1370668 300 0.857352063213345 13021474290
1370968 300 0.8767427568042142 14517539340
1371268 300 0.8756049165935031 13139584680
1371568 300 0.8912976294995612 13152708060
1371868 300 0.8796821773485514 13152708060
1372168 300 0.8612870939420544 13146146370
1372468 300 0.9031501316944688 13146146370
1372768 300 0.8718595258999122 13047721050
1373068 300 0.848865671641791 12883678830
1373368 300 0.8189973661106235 12837747000
1373668 300 0.9057576821773485 13572656160
1373968 300 0.9173731343283582 13375805490
1374268 300 0.9080333625987709 12818061930
1374568 300 0.8728077260755048 12824623620
1374868 300 0.8621404741000878 12804938550
1375168 300 0.909834942932397 12791815170
1375468 300 0.8926251097453908 12772130100
1375768 300 0.8902071992976296 12752445030
1376068 300 0.975782265144864 13303626900
1376368 300 0.9424056189640035 13356120420
1376668 300 0.8851817383669887 12811500240
1376968 300 0.9119209833187008 12811500240
1377268 300 0.9000210711150133 12798376860
1377568 300 0.9012063213345038 12798376860
1377868 300 0.8945689201053555 12798376860
1378168 300 0.8685408252853382 12772130100
1378468 300 0.8898753292361721 12772130100
1378768 300 0.8903968393327482 13382367180
1379068 300 0.8355434591747146 13913863980
1379368 300 0.8381035996488146 13487354190
1379668 300 0.8052484635645304 13486533990
1379968 300 0.8390992098331871 13322491770
1380268 300 0.8299490781387182 13138764480
1380568 300 0.8154416154521511 13014092400
1380868 300 0.7923055311676909 12941913810
1381168 300 0.7842932396839333 12876296910
1381468 300 0.8477752414398595 13500477570
1381768 300 0.8102265144863916 13625149650
1382068 300 0.7914995610184373 13500477570
1382368 300 0.8600070237050045 13256874870
1382668 300 0.835116769095698 12994407330
1382968 300 0.8033520632133451 12869735220
1383268 300 0.80785601404741 12810680040
1383568 300 0.8435083406496928 12804118350
1383868 300 0.8807251975417032 13394670330
1384168 300 0.8283845478489903 13407793710
1384468 300 0.8343107989464442 12869735220
1384768 300 0.8107954345917472 12843488490
1385068 300 0.841659350307287 12850050180
1385368 300 0.8417067603160668 12844308690
1385668 300 0.8228375768217735 12836926800
1385968 300 0.7936804214223004 12830365110
1386268 300 0.8060070237050044 12823803420
1386568 300 0.8230272168568922 12823803420
1386868 300 0.8464951712028096 12831185310
1387168 300 0.8596277436347675 14189454900
1387468 300 0.8670237050043899 15134338110
1387768 300 0.8037787532923618 15265571880
1388068 300 0.7973784021071115 14268195180
1388368 300 0.8404266900790166 13533286020
1388668 300 0.857873573309921 13454545740
1388968 300 0.8075715539947321 13257695100
1389268 300 0.8242124670763828 13034597670
1389568 300 0.8364916593503072 12903363900
1389868 300 0.8543178226514487 12883678830
1390168 300 0.8715750658472344 13467669120
1390468 300 0.8890693590869183 13487354190
1390768 300 0.9069429323968393 13238010030
1391068 300 0.894900790166813 12818882130
1391368 300 0.889116769095698 12839387430
1391668 300 0.822790166812994 12826264050
1391968 300 0.8117910447761194 12826264050
1392268 300 0.8545548726953469 12957497820
1392568 300 0.8853239683933275 13174033560
1392868 300 0.8573994732221248 13016553030
1393168 300 0.8207515364354697 12838567200
1393468 300 0.8373450395083406 12832005510
1393768 300 0.8049640035118524 12818061930
1394068 300 0.811601404741001 12798376860
1394368 300 0.8207515364354697 12804938550
1394668 300 0.8077137840210712 12804938550
1394968 300 0.8563090430201933 13114978350
1395268 300 0.8525636523266023 13159269750
1395568 300 0.8187603160667253 12798376860
1395868 300 0.8092309043020193 13119899610
1396168 300 0.8341685689201055 12818061930
1396468 300 0.8325566286215978 12826264050
1396768 300 0.8000807726075506 12827084250
1397068 300 0.8018823529411764 12950936130
1397368 300 0.8598173836698858 12970621200
1397668 300 0.8672133450395083 12819702360
1397968 300 0.8307076382791923 12825443820
1398268 300 0.851188762071993 12826264050
1398568 300 0.8363494293239684 12827904480
1398868 300 0.8053906935908692 12819702360
1399168 300 0.8018823529411764 12833645940
1399468 300 0.8106057945566287 12853331010
1399768 300 0.8557875329236173 14533123350
1400068 300 0.8471115013169448 14762782470
1400368 300 0.8451676909569799 13411074570
1400668 300 0.8168165057067603 12865634190
1400968 300 0.8061018437225638 12859072500
1401268 300 0.8271992976294995 12852510810
1401568 300 0.8287638279192275 12840207630
1401868 300 0.619638279192274 7557227880
1402168 131 0.6556698858647938 7563789570
1402299 6 0.6557172958735733 7564609770
1402305 13 0.6556698858647938 7564609770
1402318 1 0.6556698858647938 7564609770
1402319 149 0.6630184372256366 7935345210
1402468 21 0.5923301141352064 8022287580
1402489 279 0.665910447761194 10679771580
1402768 300 0.8900175592625109 12937812750
1403068 300 0.8393836698858649 12635975070
1403368 300 0.8427023705004391 12533448690
1403668 300 0.8125496049165934 12545751840
1403968 300 0.8026409130816508 12539190150
1404268 300 0.8376294995610185 12546572070
1404568 300 0.8346426690079016 12547392270
1404868 300 0.8707690956979808 13151067630
1405168 300 0.8512361720807726 13196999460
1405468 300 0.8119332748024582 12573639030
1405768 300 0.8445513608428447 12567077340
1406068 300 0.8147304653204566 12560515650
1406368 300 0.8400000000000001 12593324100
1406668 300 0.822647936786655 12626132520
1406968 300 0.8425601404741002 12606447480
1407268 300 0.8485338015803335 12613009170
1407568 300 0.8236909569798069 12580200720
1407868 300 0.8131659350307286 12571998600
1408168 300 0.8252554872695348 12585121980
1408468 300 0.7842932396839333 12585121980
1408768 300 0.8001281826163301 12571998600
1409068 300 0.8353538191395962 12565436910
1409368 300 0.8374398595258999 12559695420
1409668 300 0.833315188762072 12559695420
1409968 300 0.8060070237050044 12579380490
1410268 300 0.8153467954345918 12579380490
1410568 300 0.8098472344161545 12571178400
1410868 300 0.8446935908691835 13352019360
1411168 300 0.825350307287094 13720294140
1411468 300 0.7890342405618965 13228167480
1411768 300 0.7862370500438982 13201100520
1412068 300 0.7637172958735734 12958318020
1412368 300 0.7795048287971905 12761467380
1412668 300 0.7915469710272168 12603986820
1412968 300 0.8037313432835822 12578560290
1413268 300 0.804395083406497 14213241030
1413568 300 0.8225531167690958 14227184610
1413868 300 0.7708287971905179 12690108990
1414168 300 0.7386374012291484 12670423920
1414468 300 0.7510114135206322 12657300570
1414768 300 0.7506321334503951 12637615500
1415068 300 0.7592133450395084 12644177190
1415368 300 0.7607778753292362 12636795270
1415668 300 0.7647129060579457 12637615500
1415968 300 0.8291905179982442 13228167480
1416268 300 0.8070500438981563 13228167480
1416568 300 0.7987058823529412 12637615500
1416868 300 0.742809482001756 12644177190
1417168 300 0.7343705004389816 12631053810
1417468 300 0.7351290605794557 12604807050
1417768 300 0.7513432835820897 12598245360
1418068 300 0.7537611940298506 12597425160
1418368 300 0.7686005267778753 12617110200
1418668 300 0.7991799824407374 13425018150
1418968 300 0.8396207199297631 12978823320
1419268 300 0.6986233538191396 12715535550
1419568 300 0.7621053555750659 13359401280
1419868 300 0.7772765583845479 12735220620
1420168 300 0.7549464442493415 12736861020
1420468 300 0.7708762071992977 12730299330
1420768 300 0.770449517120281 12730299330
1421068 300 0.7975206321334505 13005890280
1421368 300 0.8070026338893767 12992766900
1421668 300 0.8022142230026339 12756546090
1421968 300 0.7642388059701494 12776231160
1422268 300 0.7785566286215979 12769669470
1422568 300 0.7617734855136085 12769669470
1422868 300 0.7802633889376646 12769669470
1423168 300 0.7785566286215979 12770489700
1423468 300 0.789745390693591 12874656510
1423768 300 0.8335996488147499 13419276690
1424068 300 0.8087568042142229 13406973510
1424368 300 0.7821123792800702 13210122840
1424668 300 0.8116488147497806 13072327380
1424968 300 0.7934433713784023 12822162990
1425268 300 0.7987532923617209 12723737670
1425568 300 0.8134503950834064 12677805840
1425868 300 0.8372976294995611 12690929220
1426168 300 0.8615715539947322 13471770180
1426468 300 0.8482967515364355 13064945490
1426768 300 0.8463055311676909 12665502660
1427068 300 0.8111747146619842 12685187730
1427368 300 0.8299964881474979 15400906710
1427668 300 0.8261562774363477 13000148790
1427968 266 0.6002949956101844 7622024550
1428234 4 0.6002949956101844 7622024550
1428238 11 0.6002949956101844 7623664980
1428249 1 0.6002949956101844 7623664980
1428250 18 0.6436277436347674 7920581400
1428268 154 0.6097769973661107 7991939760
1428422 146 0.6806075504828797 9456836820
1428568 300 0.7521018437225637 12152870730
1428868 300 0.8416119402985075 15204876270
1429168 300 0.809420544337138 12763928010
1429468 300 0.8317980684811238 12711434490
1429768 300 0.8296172080772607 12619570860
1430068 300 0.8850395083406498 12613009170
1430368 300 0.871906935908692 12613009170
1430668 300 0.8732818261633012 12626132520
1430968 300 0.9029130816505708 14156646450
1431268 300 0.8953748902546094 14734075080
1431568 300 0.8833327480245831 13979480850
1431868 300 0.9053309920983319 12923869170
1432168 300 0.8967971905179983 12916487280
1432468 300 0.9013485513608428 12923048970
1432768 300 0.9127269534679543 12903363900
1433068 300 0.935531167690957 12699951540
1433368 300 0.8955171202809482 12581841120
1433668 300 0.9298893766461809 12581841120
1433968 300 0.9681018437225637 13206021780
1434268 300 0.9585250219490781 13192898400
1434568 300 0.9344407374890255 12576099660
1434868 300 0.8863195785776997 12569537970
1435168 300 0.8888323090430201 12589223040
1435468 300 0.8969394205443371 12603986820
1435768 300 0.8879315188762071 12576099660
1436068 300 0.8992151009657594 12576099660
1436368 300 0.9300790166812993 12582661350
1436668 300 0.9743599648814749 13402872450
1436968 300 0.9245794556628623 13730956890
1437268 300 0.9293204565408253 13324132200
1437568 300 0.9239631255487271 13180595250
1437868 300 0.9250061457418788 13128101730
1438168 300 0.9368586479367867 13135483620
1438468 300 0.9410781387181738 12996867960
1438768 300 0.9176575943810361 12944374440
1439068 300 0.9442546093064091 12958318020
1439368 300 0.9711834942932398 13771147230
1439668 300 0.9399402985074627 13252773810
1439968 300 0.9280877963125549 12937812750
1440268 300 0.9106883230904301 12938632980
1440568 300 0.8884056189640035 12931251060
1440868 300 0.862899034240562 12904184100
1441168 300 0.9327813871817385 12747523770
1441468 300 0.9227304653204567 12733580190
1441768 300 0.8980772607550483 12735220620
1442068 300 0.9278033362598771 12991126470
1442368 300 0.9155241439859526 13260155730
1442668 300 0.8694890254609307 12814781100
1442968 300 0.8785443371378403 12808219410
1443268 300 0.8588691834942932 12808219410
1443568 300 0.8599596136962246 12808219410
1443868 300 0.8459262510974539 12808219410
1444168 300 0.8364916593503072 12781152420
1444468 300 0.8727129060579455 13542308340
1444768 300 0.8905864793678666 13740799440
1445068 300 0.8564512730465321 13516881810
1445368 300 0.850050921861282 13320851340
1445668 300 0.8465425812115891 13149427230
1445968 300 0.863420544337138 12978823320
1446268 300 0.8583950834064971 12828724680
1446568 300 0.857352063213345 12802477920
1446868 300 0.8659332748024583 12809859810
1447168 300 0.8909657594381036 13643194320
1447468 300 0.870342405618964 13899100170
1447768 300 0.8524214223002634 13399591620
1448068 300 0.8537963125548726 13215864330
1448368 300 0.836254609306409 13188797340
1448668 300 0.8281949078138717 12925509600
1448968 300 0.8388147497805092 12715535550
1449268 300 0.8446935908691835 12663042030
1449568 300 0.8397155399473222 12663862230
1449868 300 0.8929569798068481 13128921930
1450168 300 0.8902071992976296 13227347280
1450468 300 0.8852291483757682 12958318020
1450768 300 0.8828586479367867 12905824530
1451068 300 0.8698208955223882 12886959660
1451368 300 0.8804407374890254 12827904480
1451668 300 0.874324846356453 12683547300
1451968 300 0.8795399473222125 12631053810
1452268 300 0.8827638279192274 12637615500
1452568 300 0.9124899034240561 13340536410
1452868 300 0.8548867427568042 13228987710
1453168 300 0.8564038630377523 12663862230
1453468 300 0.8494820017559263 12665502660
1453768 300 0.8338841088674276 12658940970
1454068 300 0.8384828797190518 12652379280
1454368 300 0.6226725197541703 7544104500
1454668 32 0.5995364354697102 7543284300
1454700 268 0.8343107989464442 12650738880
1454968 300 0.8281949078138717 12650738880
1455268 300 0.8610026338893767 12651559080
1455568 300 0.8816259877085163 13492275480
1455868 300 0.8682563652326603 13459467030
1456168 300 0.8396681299385426 13020654090
1456468 300 0.8315610184372256 12960778680
1456768 300 0.8224582967515365 12921408540
1457068 300 0.8430816505706761 12868915020
1457368 300 0.857636523266023 12822983190
1457668 300 0.8417541703248463 12829544880
1457968 300 0.8906338893766461 13466028720
1458268 300 0.881910447761194 13531645590
1458568 300 0.8519947322212469 13000969020
1458868 300 0.844503950834065 12889420290
1459168 300 0.825350307287094 13892538480
1459468 300 0.8345478489903424 12980463720
1459768 133 0.3183476733977173 2480121120
1459901 57 0.5144828797190518 7613822460
1459958 110 0.8208463564530291 12941913810
1460068 300 0.8200403863037752 12935352120
1460368 300 0.8118384547848989 12836926800
1460668 300 0.8474907813871818 13578397620
1460968 300 0.8334100087796312 13073147580
1461268 300 0.8185706760316066 13052642310
1461568 300 0.8091834942932398 13053462510
1461868 300 0.7900772607550482 12915667050
1462168 300 0.8117910447761194 12718816380
1462468 300 0.5993467954345917 7570351260
1462768 44 0.6020491659350307 7570351260
1462812 256 0.7960983318700614 12712254690
1463068 300 0.7972361720807726 12731119560
1463368 300 0.8773116769095699 14044277550
1463668 300 0.8701053555750659 15074462700
1463968 300 0.8400000000000001 14464225620
1464268 300 0.8329359086918349 13394670330
1464568 300 0.8135452151009659 13315930080
1464868 300 0.8061492537313433 13315109880
1465168 300 0.8025460930640914 13320851340
1465468 300 0.7775610184372256 13314289650
1465768 300 0.7920210711150132 13223246220
1466068 300 0.8401896400351185 12927970230
1466368 300 0.8673081650570675 13625149650
1466668 300 0.8190921861281826 14017210590
1466968 300 0.8013608428446005 13486533990
1467268 300 0.7935381913959613 13486533990
1467568 300 0.8158208955223881 13361861910
1467868 300 0.795244951712028 13224886650
1468168 300 0.7892238805970149 12856611870
1468468 300 0.7876593503072871 12830365110
1468768 300 0.8189025460930641 12830365110
1469068 300 0.8445513608428447 13126461300
1469368 300 0.8619508340649694 13525083900
1469668 300 0.8252080772607551 13185516510
1469968 300 0.8415171202809482 12863173530
1470268 300 0.86830377524144 14943228930
1470568 300 0.828574187884109 12876296910
1470868 300 0.833172958735733 12882858600
1471168 300 0.8189025460930641 12876296910
1471468 300 0.8243072870939421 12863993760
1471768 300 0.8476804214223004 13361861910
1472068 300 0.8707690956979808 14136961410
1472368 300 0.8874574187884108 12883678830
1472668 300 0.8585373134328359 12877117140
1472968 300 0.8202774363476734 12877117140
1473268 300 0.8472063213345041 12877117140
1473568 300 0.8235961369622475 12871375650
1473868 300 0.8327462686567165 12863173530
1474168 300 0.8323669885864795 12863173530
1474468 300 0.822505706760316 12863993760
1474768 300 0.8666918349429323 13447163850
1475068 300 0.8605285338015803 13519342440
1475368 300 0.8660280948200176 12915667050
1475668 148 0.84772783143108 12903363900
1475816 152 0.833315188762072 12903363900
1475968 300 0.81686391571554 12882858600
1476268 300 0.8373924495171203 12882858600
1476568 300 0.8331255487269535 12882858600
1476868 300 0.8279104477611939 12877117140
1477168 300 0.83871992976295 12850050180
1477468 204 0.879208077260755 13860550260
1477672 96 0.8503827919227394 13578397620
1477768 284 0.8286215978928885 13841685390
1478052 16 0.8354486391571555 13743260070
1478068 53 0.8467322212467078 13506219060
1478121 247 0.8380087796312556 13506219060
1478368 300 0.8216997366110624 13506219060
1478668 300 0.8466848112379279 13500477570
1478968 300 0.8281949078138717 13369243800
1479268 300 0.8370605794556629 13198639890
1479568 300 0.8561194029850746 13165831440
1479868 300 0.8490079016681299 13172393130
1480168 300 0.869963125548727 13552971090
1480468 300 0.8462107111501316 13080529500
1480768 300 0.8386725197541703 12962419080
1481068 300 0.8054855136084286 12962419080
1481368 300 0.8131185250219491 12976362690
1481668 300 0.8197559262510975 12976362690
1481968 300 0.8286690079016681 12976362690
1482268 300 0.8314661984196663 12977182890
1482568 300 0.8675452151009657 13541488140
1482868 300 0.8618560140474101 13154348490
1483168 300 0.7972361720807726 12988665840
1483468 300 0.8026409130816508 12969801000
1483768 300 0.7907884108867428 12839387430
1484068 300 0.7905513608428446 12826264050
1484368 300 0.79244776119403 12826264050
1484668 300 0.8106057945566287 12825443820
1484968 300 0.817385425812116 12840207630
1485268 300 0.8520895522388059 14723412330
1485568 300 0.8443617208077261 14775905850
1485868 300 0.8507146619841967 14022131850
1486168 300 0.8245917471466198 12893521350
1486468 300 0.8495768217734856 12893521350
1486768 300 0.8214626865671643 12886139460
1487068 300 0.8028305531167691 12886139460
1487368 300 0.7964776119402985 12878757570
1487668 300 0.8105109745390695 12873016080
1487968 300 0.8129288849868305 12872195880
1488268 300 0.8552186128182617 13154348490
1488568 300 0.8584899034240563 13534926450
1488868 300 0.8015504828797192 13088731590
1489168 300 0.7850992098331872 12859072500
1489468 300 0.7907884108867428 12853331010
1489768 300 0.8073819139596137 12846769320
1490068 300 0.8001281826163301 12840207630
1490368 300 0.7913573309920985 12833645940
1490668 300 0.8205618964003512 12846769320
1490968 300 0.8462581211589114 13640733690
1491268 300 0.8423705004389815 13214223900
1491568 300 0.7863318700614575 12859892700
1491868 300 0.7861896400351185 12859892700
1492168 300 0.7865689201053557 12859072500
1492468 300 0.7851466198419667 12859892700
1492768 300 0.7988955223880597 12859892700
1493068 300 0.7904565408252853 12853331010
1493368 300 0.8436979806848113 13411074570
1493668 300 0.8314187884108868 13397951190
1493968 300 0.816721685689201 12827084250
1494268 300 0.8112221246707638 12827084250
1494568 300 0.8030676031606673 12813960870
1494868 300 0.7986584723441615 12807399180
1495168 300 0.815963125548727 12807399180
1495468 300 0.8281000877963126 12807399180
1495768 300 0.7962405618964004 12802477920
1496068 300 0.831276558384548 12795096030
1496368 300 0.8057699736611063 12787714110
1496668 300 0.8080930640913082 12781972650
1496968 300 0.7951027216856892 12781972650
1497268 300 0.8151097453906936 12775410960
1497568 300 0.8111747146619842 12775410960
1497868 300 0.8090412642669009 12775410960
1498168 300 0.805153643546971 12775410960
1498468 300 0.8103687445127306 12775410960
1498768 300 0.8155838454784899 12775410960
1499068 300 0.7878489903424056 12787714110
1499368 300 0.8248287971905179 12776231160
1499668 300 0.8181439859525901 12775410960
1499968 300 0.8029253731343284 12774590730
1500268 300 0.8055329236172081 12774590730
1500568 300 0.7960509218612819 12775410960
1500868 300 0.7783195785776997 12775410960
1501168 300 0.8065285338015803 12775410960
1501468 300 0.7976628621597893 12775410960
1501768 300 0.7741474978050921 12775410960
1502068 300 0.7997963125548728 12774590730
1502368 300 0.7833924495171204 12774590730
1502668 300 0.8032572431957858 12774590730
1502968 300 0.7850992098331872 12768849270
1503268 300 0.788323090430202 12769669470
1503568 300 0.8130711150131696 13817899290
1503868 300 0.8030676031606673 14395327890
1504168 300 0.8229323968393328 12853331010
1504468 300 0.8151097453906936 12853331010
1504768 300 0.830755048287972 12853331010
1505068 300 0.8769323968393329 13988503200
1505368 300 0.9005899912203688 14073805140
1505668 300 0.9113994732221246 12945194670
1505968 300 0.8616189640035119 12932071290
1506268 300 0.8382458296751538 12932891490
1506568 300 0.8729499561018437 12933711690
1506868 300 0.8395258999122037 12919768110
1507168 300 0.8466374012291484 12926329800
1507468 300 0.8476804214223004 12920588310
1507768 300 0.9083652326602284 13215044100
1508068 300 0.9186532045654083 13595622060
1508368 300 0.8579209833187007 13129742160
1508668 300 0.8794925373134328 12900083040
1508968 300 0.876505706760316 12893521350
1509268 300 0.8685882352941178 12893521350
1509568 300 0.8913450395083407 12900083040
1509868 300 0.897982440737489 12900083040
1510168 300 0.9298419666374012 13044440190
1510468 300 0.9655417032484637 13333154520
1510768 300 0.9143863037752415 12939453180
1511068 300 0.8949482001755926 12965699940
1511368 300 0.9179894644424934 12958318020
1511668 300 0.9242949956101845 12951756330
1511968 300 0.91713608428446 12958318020
1512268 300 0.9177050043898157 12959138250
1512568 300 0.9144811237928008 12978003090
1512868 300 0.9805706760316067 13791652530
1513168 300 0.9441123792800703 13233908970
1513468 300 0.8901123792800703 12932891490
1513768 300 0.9214029850746269 12932891490
1514068 300 0.9549218612818262 12932891490
1514368 300 0.9191747146619843 12932891490
1514668 300 0.937854258121159 12939453180
1514968 300 0.9564863915715541 12939453180
1515268 300 0.9411729587357331 12932891490
1515568 300 1.054482879719052 14633189130
1515868 300 1.037130816505707 14902218360
1516168 300 1.0019525899912205 13924526730
1516468 300 0.9598999122036875 12965699940
1516768 300 0.9567234416154523 12959138250
1517068 300 0.9602791922739247 12959138250
1517368 300 0.9690974539069359 12953396760
1517668 300 0.9578612818261634 12952576560
1517968 300 0.9341088674275679 12952576560
1518268 300 0.9451553994732222 12959138250
1518568 300 0.982846356453029 13765405770
1518868 300 0.9903845478489904 13240470660
1519168 300 0.9913801580333627 12958318020
1519468 300 0.9990131694468832 12958318020
1519768 300 0.9866391571553994 12952576560
1520068 300 1.0139947322212466 12953396760
1520368 300 1.0154644424934154 12959138250
1520668 300 1.0143266022827042 13083810330
1520968 300 1.0619736611062336 13372524630
1521268 300 1.0085425812115894 12965699940
1521568 300 1.0207743634767341 12965699940
1521868 300 1.0532502194907813 13562813610
1522168 300 1.0416821773485516 12972261630
1522468 300 1.0266057945566287 12978823320
1522768 300 1.014990342405619 12972261630
1523068 300 1.048414398595259 12978823320
1523368 300 1.064628621597893 13516881810
1523668 300 1.0644389815627744 12972261630
1523968 300 1.0183564530289728 12972261630
1524268 300 1.0385531167690956 12972261630
1524568 300 1.0158437225636523 13622689020
1524868 300 1.045996488147498 12979643520
1525168 300 1.0178823529411765 12986205210
1525468 300 1.0082581211589114 12978823320
1525768 300 1.0438156277436348 12978823320
1526068 300 1.0779034240561898 13543128540
1526368 300 1.0425355575065849 12985385010
1526668 300 1.0450008779631257 12991946700
1526968 300 0.9952203687445127 15176989080
1527268 300 1.0426303775241441 13005070080
1527568 300 1.0294503950834066 13005070080
1527868 300 1.0682791922739243 13005070080
1528168 300 1.0819332748024584 13059204000
1528468 300 1.09587181738367 14574954120
1528768 300 1.1140772607550482 13005890280
1529068 300 1.06244776119403 12992766900
1529368 300 1.0334328358208955 12999328590
1529668 300 1.0889499561018439 13005070080
1529968 300 1.0554310798946447 12992766900
1530268 300 1.070412642669008 13005890280
1530568 300 1.0560474100087798 12992766900
1530868 300 1.0869113257243197 12999328590
1531168 300 1.1180122914837576 13595622060
1531468 300 1.0911782265144865 13490635050
1531768 300 1.0604565408252855 13000148790
1532068 300 1.0523020193151886 12986205210
1532368 300 1.0818858647936787 12986205210
1532668 300 1.0593661106233538 12979643520
1532968 300 1.0965829675153644 12985385010
1533268 300 1.0659561018437225 12985385010
1533568 300 1.093785776997366 13024755120
1533868 300 1.1233222124670765 13733417520
1534168 300 1.099332748024583 13510320120
1534468 300 1.110426690079017 13012451970
1534768 300 1.097009657594381 13005890280
1535068 300 1.0782827041264267 12993587100
1535368 300 1.0226233538191396 13006710480
1535668 300 1.039027216856892 13000148790
1535968 300 1.0531079894644426 13006710480
1536268 300 1.0526338893766463 13039518930
1536568 300 1.0988586479367866 13787551470
1536868 300 1.0825970149253732 13275739740
1537168 300 1.0661931518876206 13000148790
1537468 300 1.1012765583845479 13288042890
1537768 300 1.03803160667252 12986205210
1538068 300 1.059603160667252 12986205210
1538368 300 1.0258946444249342 12987025410
1538668 300 1.0719771729587357 13118259210
1538968 300 1.1057805092186128 13130562360
1539268 300 1.0996646180860403 12992766900
1539568 300 1.06244776119403 12986205210
1539868 300 1.0784249341527656 12987025410
1540168 300 1.076196663740123 12987845640
1540468 300 1.078235294117647 12987025410
1540768 300 1.0659561018437225 12986205210
1541068 300 1.0839719051799825 12992766900
1541368 300 1.14854433713784 14869409910
1541668 300 1.110237050043898 15026890440
1541968 300 1.1004231782265146 13904841660
1542268 300 1.0429148375768218 13073147580
1542568 300 1.0491255487269533 13078889070
1542868 300 1.0680421422300261 13072327380
1543168 300 1.072451273046532 13065765690
1543468 300 1.0355662862159791 13051822110
1543768 300 1.015369622475856 13052642310
1544068 300 1.0670939420544339 13058383800
1544368 300 1.1174433713784022 13807236540
1544668 300 1.093785776997366 13393850130
1544968 300 1.0388375768217735 13025575350
1545268 300 1.0247568042142232 13024755120
1545568 300 1.0366093064091308 13024755120
1545868 300 1.0441000877963125 12998508390
1546168 300 1.0254679543459178 12992766900
1546468 300 1.0203002633889378 12992766900
1546768 300 1.0588920105355575 13019833860
1547068 300 1.0733046532045654 13812978000
1547368 300 1.069511852502195 13313469450
1547668 300 1.061404741000878 13031316810
1547968 300 1.0132361720807728 13425018150
1548268 300 1.021675153643547 13024755120
1548568 300 1.0695592625109747 13025575350
1548868 300 1.0479877085162423 13025575350
1549168 300 1.0785197541703249 13137124050
1549468 300 1.0822177348551363 13248672780
1549768 300 1.1559402985074625 13016553030
1550068 300 1.0890921861281826 13022294490
1550368 300 1.095350307287094 13889257650
1550668 300 1.0304460052677786 13061664630
1550968 300 1.043673397717296 13055102940
1551268 300 1.0355188762071994 13054282740
1551568 300 1.0600772607550484 13054282740
1551868 300 1.0782827041264267 13388928870
1552168 300 1.0834503950834065 13278200370
1552468 300 1.121473222124671 13073967810
1552768 300 1.0541035996488148 13067406120
1553068 300 1.0673784021071115 13808876940
1553368 300 0.9823722563652326 13074788010
1553668 300 1.0430570676031607 13068226320
1553968 300 1.0030904302019314 13060844430
1554268 300 1.0671413520632134 13073967810
1554568 300 1.0117190517998247 13676822970
1554868 300 1.076196663740123 13060024200
1555168 300 1.0392168568920108 13060024200
1555468 300 1.0789464442493415 13053462510
1555768 300 1.0561422300263388 13054282740
1556068 300 1.058702370500439 13054282740
1556368 300 1.1475013169446882 14655334830
1556668 300 1.1373081650570676 15100709460
1556968 300 1.0716927129060578 14248510110
1557268 300 1.063206321334504 13094473080
1557568 300 1.0679947322212469 13087911390
1557868 300 1.071313432835821 13087911390
1558168 300 1.046375768217735 13081349700
1558468 300 1.056379280070237 13087091190
1558768 300 0.9998191395961369 13087911390
1559068 300 1.0357559262510976 13106776230
1559368 300 1.0669991220368744 13867932150
1559668 300 1.00844776119403 13303626900
1559968 300 1.0098226514486393 13041979560
1560268 300 1.0030904302019314 13048541250
1560568 300 1.0038489903424057 13041979560
1560868 300 1.014990342405619 13048541250
1561168 300 1.0033748902546094 13068226320
1561468 300 1.0325794556628622 13140404910
1561768 300 1.0307304653204565 13901560800
1562068 300 1.024472344161545 13370064000
1562368 300 0.9979701492537315 13094473080
1562668 300 1.0389323968393327 13094473080
1562968 300 1.0354714661984197 13087091190
1563268 300 1.0043230904302018 13094473080
1563568 300 1.0225285338015804 13087091190
1563868 300 1.0539613696224759 13243751490
1564168 300 1.1186760316066726 13508679690
1564468 300 1.066714661984197 13088731590
1564768 300 1.0673784021071115 13068226320
1565068 300 1.0742054433713786 13055102940
1565368 300 1.0375100965759438 13055102940
1565668 300 1.0485092186128182 13055102940
1565968 300 1.0607884108867427 13055102940
1566268 300 1.0578964003511855 13055102940
1566568 300 1.0970570676031608 13461927660
1566868 300 1.0687058823529414 13172393130
1567168 300 1.041966637401229 13047721050
1567468 300 1.0523020193151886 13047721050
1567768 300 1.0357085162423179 13034597670
1568068 300 1.0143740122914837 13036238100
1568368 300 1.0392168568920108 13035417870
1568668 300 1.0619736611062336 13075608210
1568968 300 1.1124179104477614 13862190690
1569268 300 1.0953977172958735 13363502310
1569568 300 1.0671413520632134 13074788010
1569868 300 1.0378419666374012 13357760850
1570168 238 0.7822071992976295 7845942180
1570406 6 0.7822071992976295 7846762410
1570412 7 0.7822071992976295 7846762410
1570419 1 0.7822071992976295 7846762410
1570420 48 0.7984214223002634 8211756330
1570468 300 0.7525759438103601 8219958450
1570768 300 0.75001580333626 8219958450
1571068 300 0.7741474978050921 8338068870
1571368 300 0.8239280070237051 8227340370
1571668 300 0.7573643546971028 8221598880
1571968 300 0.7544723441615452 8228160570
1572268 300 0.7647129060579457 8227340370
1572568 300 0.7496365232660228 8227340370
1572868 300 0.7791729587357332 8227340370
1573168 300 0.7886075504828797 8227340370
1573468 300 0.7806426690079018 8233081830
1573768 300 0.8244021071115014 10182723630
1574068 300 0.7894135206321335 9547880250
1574368 300 0.7953871817383671 8248665840
1574668 300 0.8053906935908692 8248665840
1574968 300 0.7901246707638281 8249486070
1575268 300 0.7711606672519754 8242104150
1575568 300 0.8106532045654083 8228160570
1575868 300 0.7785092186128183 8228160570
1576168 300 0.8213678665496049 8221598880
1576468 300 0.8126444249341528 8221598880
1576768 300 0.8006971027216856 8221598880
1577068 300 0.7762335381913961 8221598880
1577368 300 0.809799824407375 8274092400
1577668 300 0.8684460052677787 9022945140
1577968 300 0.8176224758560142 8224059510
1578268 300 0.7850043898156278 8223239310
1578568 300 0.8180965759438104 8222419080
1578868 300 0.7998437225636524 8223239310
1579168 300 0.7752853380158035 8216677620
1579468 300 0.7957190517998244 8215857390
1579768 300 0.7926374012291484 8215857390
1580068 300 0.8228849868305532 9043450410
1580368 300 0.7943915715539949 8235542460
1580668 300 0.7857629499561019 8222419080
1580968 300 0.785241439859526 8215857390
1581268 300 0.7683634767339771 8196172320
1581568 300 0.8199455662862162 8189610630
1581868 300 0.8215100965759438 8188790430
1582168 300 0.8153467954345918 8189610630
1582468 300 0.8610500438981562 8320024200
1582768 300 0.8299490781387182 8445516510
1583068 300 0.8063863037752415 8215857390
1583368 300 0.8186654960491659 8215857390
1583668 300 0.8084723441615452 8208475500
1583968 300 0.7807374890254609 8208475500
1584268 300 0.776470588235294 8208475500
1584568 300 0.767604916593503 8209295700
1584868 300 0.7813064091308166 8217497820
1585168 300 0.8514258121158912 10049029230
1585468 300 0.8417541703248463 9944042220
1585768 300 0.8268674275680422 8224059510
1586068 300 0.8096101843722563 8217497820
1586368 300 0.8049640035118524 8217497820
1586668 300 0.7877067603160668 8217497820
1586968 300 0.787943810359965 8210936130
1587268 300 0.8112695346795435 8204374440
1587568 300 0.806718173836699 8237182890
1587868 300 0.8573994732221248 9050832300
1588168 300 0.8108428446005267 8237182890
1588468 300 0.8196136962247587 8205194670
1588768 300 0.8077611940298507 8205194670
1589068 300 0.7971413520632135 8205194670
1589368 300 0.803494293239684 8205194670
1589668 300 0.7888920105355577 8205194670
1589968 300 0.8134029850746268 8342990130
1590268 300 0.8173380158033363 8487347280
1590568 300 0.7973784021071115 8219138250
1590868 300 0.7711606672519754 8225699940
1591168 300 0.8057699736611063 8225699940
1591468 300 0.7811167690956979 8219138250
1591768 300 0.7926848112379281 8219138250
1592068 300 0.795529411764706 8225699940
1592368 300 0.82971202809482 8251946700
1592668 300 0.8673555750658474 8994237750
1592968 300 0.8430342405618965 8351192220
1593268 300 0.825492537313433 8219138250
1593568 300 0.8422282704126427 9013102590
1593868 300 0.8097050043898156 8218318020
1594168 300 0.8260140474100088 8212576560
1594468 300 0.8271518876207199 8212576560
1594768 300 0.8623301141352064 8251946700
1595068 300 0.8786865671641791 8441415450
1595368 300 0.8615241439859526 8218318020
1595668 300 0.8147304653204566 8219138250
1595968 300 0.822505706760316 8901553890
1596268 300 0.8336470588235294 8225699940
1596568 300 0.8346426690079016 8225699940
1596868 300 0.8430816505706761 8218318020
1597168 300 0.8672133450395083 8211756330
1597468 300 0.8518525021949077 8533279110
1597768 300 0.8728551360842844 8211756330
1598068 300 0.8586795434591747 8206014870
1598368 300 0.7993696224758561 8198632980
1598668 300 0.8296172080772607 8200273380
1598968 300 0.8464951712028096 8199453180
1599268 300 0.8622827041264266 8200273380
1599568 300 0.876126426690079 8200273380
1599868 300 0.8648902546093065 8226520140
1600168 300 0.9222563652326603 10017861210
1600468 300 0.886035118525022 9132033210
1600768 300 0.8866514486391572 8246205210
1601068 300 0.847348551360843 8233902030
1601368 300 0.8510465320456542 8883509250
1601668 300 0.8646057945566286 8233081830
1601968 300 0.8694416154521509 8232261630
1602268 300 0.8588217734855136 8233081830
1602568 300 0.8895434591747146 8239643520
1602868 300 0.9146233538191397 8528357820
1603168 300 0.923441615452151 8239643520
1603468 300 0.8878841088674276 8240463720
1603768 300 0.8952326602282705 8232261630
1604068 300 0.8548393327480247 8233081830
1604368 300 0.8868884986830554 8239643520
1604668 300 0.8681141352063214 8239643520
1604968 300 0.9196488147497806 8292137040
1605268 300 0.9545899912203687 8994237750
1605568 300 0.9179420544337139 8219958450
1605868 300 0.9058525021949078 8219138250
1606168 300 0.9260491659350308 8219138250
1606468 300 0.9312168568920106 8219958450
1606768 300 0.9408884986830555 8213396760
1607068 300 0.9294626865671644 8213396760
1607368 300 0.9902897278314311 8370877290
1607668 300 1.0320105355575067 8489807910
1607968 300 0.9859280070237051 8225699940
1608268 300 0.9663476733977173 8239643520
1608568 300 0.9538788410886743 8239643520
1608868 300 0.94415978928885 8239643520
1609168 300 1.025515364354697 8239643520
1609468 300 1.1046426690079019 8278193430
1609768 300 1.1611553994732222 8973732450
1610068 300 1.1923511852502195 8251946700
1610368 300 0.991474978050922 8251946700
1610668 300 1.0505478489903424 8251946700
1610968 300 1.097294117647059 8251126470
1611268 300 1.1959069359086918 8251946700
1611568 300 1.1102844600526778 8251946700
1611868 300 1.2847058823529411 8311001880
1612168 300 1.52142405618964 8954867610
1612468 300 1.3815645302897277 8265070080
1612768 300 1.3173239683933275 8265070080
1613068 300 1.4863880597014925 8271631770
1613368 300 1.3960245829675153 8297878500
1613668 300 1.661330992098332 8297878500
1613968 300 1.5977541703248463 8298698730
1614268 300 1.8538156277436348 8456179260
1614568 300 2.0959385425812114 10076916420
1614868 300 1.989929762949956 9145976790
1615168 300 1.923508340649693 8430752700
1615468 300 1.9934381035996487 8443876080
1615768 300 2.0246812993854255 8450437770
1616068 300 2.04596839332748 8449617570
1616368 300 2.0830904302019313 8449617570
1616668 300 2.0963178226514487 8443055880
1616968 300 2.0927620719929765 8449617570
1617268 300 2.1985812115891132 9204211800
1617568 300 2.169945566286216 8836757220
1617868 300 1.8558542581211588 8469302640
1618168 300 1.9190517998244072 8475864330
1618468 300 2.1541580333625987 8469302640
1618768 300 2.168855136084284 8482426020
1619068 300 2.1988182616330114 8475044100
1619368 300 2.2387374890254614 8468482410
1619668 300 2.2222388059701492 8567727960
1619968 300 2.1967322212467075 9145156590
1620268 300 2.2238981562774365 8495549400
1620568 300 2.206071992976295 8502111090
1620868 300 2.214321334503951 8502111090
1621168 300 2.1774363476733978 8515234440
1621468 300 2.233190517998244 8534919510
1621768 300 2.234043898156277 8541481200
1622068 300 2.2121878841088676 8548042890
1622368 300 2.2036066725197543 8935182540
1622668 300 2.218446005267779 8534099310
1622968 300 2.2327164179104475 8534099310
1623268 300 2.2270746268656714 8540661000
1623568 300 2.1864442493415277 8534099310
1623868 300 2.219251975417033 8541481200
1624168 300 2.2173555750658474 8553784380
1624468 300 2.239638279192274 8567727960
1624768 300 2.202231782265145 9361692330
1625068 300 2.205882352941176 8580851340
1625368 300 2.2209587357330993 8574289650
1625668 300 2.206166812993854 8575109880
1625968 300 2.2272642669007903 8575109880
1626268 300 2.229113257243196 8574289650
1626568 300 2.178953467954346 8573469450
1626868 300 2.2473187006145743 8573469450
1627168 300 2.19644776119403 8573469450
1627468 300 2.204934152765584 10371372180
1627768 300 2.2177348551360843 9893189130
1628068 300 2.2139894644424936 8600536410
1628368 300 2.179285338015803 8600536410
1628668 300 2.2125197541703248 8600536410
1628968 300 2.2092010535557502 8600536410
1629268 300 2.170087796312555 8601356610
1629568 300 2.229113257243196 8601356610
1629868 300 2.2457067603160668 8607098100
1630168 300 2.23622475856014 8666153310
1630468 300 2.193129060579456 9611036490
1630768 300 2.2028007023705003 9078719490
1631068 300 2.2166918349429325 9072157800
1631368 300 2.2247515364354697 9072978000
1631668 300 2.2318630377524147 9079539690
1631968 300 2.2266005267778755 9079539690
1632268 300 2.2296821773485513 9079539690
1632568 300 2.239069359086918 9072978000
1632868 300 2.2352765583845478 9093483300
1633168 300 2.1853538191395963 9853818990
1633468 300 2.2224758560140474 9113168340
1633768 300 2.218446005267779 9113168340
1634068 300 2.2091062335381917 9113168340
1634368 300 2.208537313432836 9113168340
1634668 300 2.2230921861281825 9112348140
1634968 300 2.1995768217734852 9112348140
1635268 300 2.256089552238806 9113168340
1635568 300 2.2574170324846357 9171403350
1635868 300 2.1966848112379282 9420747510
1636168 300 2.2174503950834064 9106606650
1636468 300 2.1998138718173834 9100044990
1636768 300 2.2386900790166813 9100044990
1637068 300 2.2286391571553996 9100044990
1637368 300 2.191991220368745 9100044990
1637668 300 2.2096751536435466 9100044990
1637968 300 2.2590289727831427 9158279970
1638268 300 2.234612818261633 9939120930
1638568 300 2.222807726075505 9125471520
1638868 300 2.2284969271290604 9125471520
1639168 300 2.225604916593503 9125471520
1639468 300 2.185401229148376 9125471520
1639768 300 2.218967515364355 9125471520
1640068 300 2.2138946444249337 9126291720
1640368 300 2.2263634767339773 9126291720
1640668 300 2.220484635645303 9164841660
1640968 300 2.2250834064969274 9807887160
1641268 300 2.2011887620719928 9112348140
1641568 300 2.2592186128182616 9112348140
1641868 300 2.195926251097454 9118909830
1642168 300 2.241202809482002 9105786450
1642468 300 2.2465601404741 9099224760
1642768 300 2.208774363476734 9106606650
1643068 300 2.2305829675153643 9107426880
1643368 300 2.2319578577699737 9107426880
1643668 300 2.1942669007901667 10268025600
1643968 300 2.2144635645302895 10504246380
1644268 300 2.2038437225636525 9145976790
1644568 300 2.2543353819139593 9152538480
1644868 300 2.2269323968393326 9139415100
1645168 300 2.259692712906058 9145156590
1645468 300 2.230345917471466 9059854620
1645768 300 2.215222124670764 8995057950
1646068 300 2.250068481123793 8844139110
1646368 300 2.2523915715539946 8825274240
1646668 300 2.2181141352063216 9598733340
1646968 300 2.2120456540825284 8785904130
1647268 300 2.239116769095698 8798207280
1647568 300 2.274010535557507 8805589200
1647868 300 2.2530079016681297 8832656160
1648168 300 2.3020772607550484 8838397620
1648468 300 2.2544776119402985 8837577420
1648768 300 2.272540825285338 8837577420
1649068 300 2.287095697980685 8922879390
1649368 300 2.2745794556628622 9224717070
1649668 300 2.275148375768218 8942564430
1649968 300 2.2862423178226514 8942564430
1650268 300 2.2610676031606673 8936822970
1650568 300 2.2774714661984197 8938463400
1650868 300 2.26718349429324 8937643170
1651168 300 2.2759543459174716 8938463400
1651468 300 2.272683055311677 9004080270
1651768 300 2.287854258121159 9337906200
1652068 300 2.2596453028972783 8951586750
1652368 300 2.2650500438981567 8950766550
1652668 300 2.3051115013169445 8944204860
1652968 300 2.272920105355575 8943384660
1653268 300 2.2678946444249344 8944204860
1653568 300 2.2633432835820897 8944204860
1653868 300 2.284914837576822 8865464610
1654168 300 2.2966725197541704 8859723120
1654468 300 2.2888024582967517 9312479640
1654768 300 2.2840614574187885 8951586750
1655068 300 2.2737734855136087 8951586750
1655368 300 2.2751957857769973 8951586750
1655668 300 2.2934486391571554 8945025090
1655968 300 2.261494293239684 8899093260
1656268 300 2.2702177348551364 8879408190
1656568 300 2.288849868305531 8879408190
1656868 300 2.286574187884109 8881048620
1657168 300 2.2779929762949958 8880228390
1657468 300 2.2779929762949958 8880228390
1657768 300 2.2653345039508337 8881048620
1658068 300 2.2984741000877964 8853981630
1658368 300 2.2755750658472342 8840858250
1658668 300 2.270028094820018 8841678480
1658968 300 2.2747690956979807 8841678480
1659268 300 2.2784196663740124 8841678480
1659568 300 2.2377892888498687 8846599740
1659868 300 2.274247585601405 8846599740
1660168 300 2.2643863037752414 8848240170
1660468 300 2.266851624231782 8847419940
1660768 300 2.267420544337138 8847419940
1661068 300 2.280742756804214 8847419940
1661368 300 2.2852467076382794 8847419940
1661668 300 2.2726356453028975 8846599740
1661968 300 2.267515364354697 8847419940
1662268 300 2.2866215978928888 8847419940
1662568 300 2.3388674275680423 10651884390
1662868 300 2.235418788410887 11124325980
1663168 300 2.2347550482879717 9470780400
1663468 300 2.255330992098332 9397781610
1663768 300 2.246702370500439 9398601810
1664068 300 2.2820702370500436 9397781610
1664368 300 2.27358384547849 9398601810
1664668 300 2.2556628621597894 9405163500
1664968 300 2.282354697102722 9399422040
1665268 300 2.228686567164179 9398601810
1665568 300 2.3007497805092187 9536397300
1665868 300 2.2880438981562774 10158937530
1666168 300 2.2920737489025464 9424848570
1666468 300 2.2555680421422304 9385478430
1666768 300 2.3135030728709394 9392040120
1667068 300 2.30700790166813 9384658230
1667368 300 2.2578437225636523 9384658230
1667668 300 2.2327164179104475 9384658230
1667968 300 2.295582089552239 9312479640
1668268 300 2.2381211589113255 9234559590
1668568 300 2.300038630377524 9497027160
1668868 300 2.260309043020193 9372355050
1669168 300 2.2917892888498685 9260806350
1669468 300 2.2925952589991216 9273929730
1669768 300 2.2439999999999998 9273929730
1670068 300 2.295345039508341 9273929730
1670368 300 2.285531167690957 9280491420
1670668 300 2.2670412642669007 9273929730
1670968 300 2.2691747146619843 9255064890
1671268 300 2.3041158911325725 9969468750
1671568 300 2.277945566286216 9542138760
1671868 300 2.2946338893766463 9241121280
1672168 300 2.280553116769096 9241941510
1672468 300 2.283445127304653 9241941510
1672768 267 2.2591237928007026 9248503200
1673035 1 2.2591237928007026 9248503200
1673036 32 2.3217998244073748 9793123350
1673068 300 2.0789657594381037 12483415800
1673368 300 1.0337172958735734 16755075270
1673668 300 0.9744073748902546 14018850990
1673968 300 0.9845057067603161 14018850990
1674268 300 0.9890096575943812 14018850990
1674568 300 0.991095697980685 14012289300
1674868 300 0.9960263388937666 13894178910
1675168 300 1.015274802458297 13835123700
1675468 300 0.9926602282704126 13854808770
1675768 300 1.027316944688323 15908617380
1676068 300 0.9807603160667253 13913863980
1676368 300 1.0230500438981562 13873673640
1676668 300 1.0415399473222124 13880235330
1676968 300 1.015274802458297 13847426880
1677268 300 1.0306356453028973 13828562010
1677568 300 1.0309675153643547 13822000320
1677868 300 1.023998244073749 13815438630
1678168 300 1.021390693590869 13815438630
1678468 300 1.0330061457418789 13926987360
1678768 300 1.0738735733099212 14503595760
1679068 300 1.0415399473222124 14123838030
1679368 300 1.053060579455663 13835123700
1679668 300 1.0163178226514487 13822000320
1679968 300 1.0306356453028973 13835123700
1680268 300 0.9732221246707639 13881055530
1680568 300 0.9299841966637402 13861370460
1680868 300 0.9651150131694469 13854808770
1681168 300 1.0006251097453907 13848247080
1681468 300 1.01873573309921 14623346580
1681768 300 1.0067410008779631 14110714650
1682068 300 1.0055557506584725 13822000320
1682368 300 0.9908586479367868 13822000320
1682668 300 1.0074047410008777 13822000320
1682968 300 0.9789113257243195 13822000320
1683268 300 0.9883933274802459 13822000320
1683568 300 1.0085899912203686 13822000320
1683868 300 1.0318683055311677 13849067310
1684168 300 1.053202809482002 14917802370
1684468 300 1.0486040386303777 14602841310
1684768 300 1.0161281826163302 14294441940
1685068 300 1.0073099209833187 14287880250
1685368 300 1.036324846356453 14300183400
1685668 300 1.0083055311676912 14150904990
1685968 300 1.0215329236172082 13775248290
1686268 300 1.007878841088674 13691586750
1686568 300 1.005081650570676 13709631420
1686868 300 1.0293081650570677 13683384660
1687168 300 0.9824196663740123 13565274240
1687468 300 1.0151799824407375 13572656160
1687768 300 0.9951255487269535 13572656160
1688068 300 1.0017629499561018 13572656160
1688368 300 0.9861176470588235 13565274240
1688668 300 1.04315188762072 15034272360
1688968 300 1.0294503950834066 15946347090
1689268 300 1.018071992976295 15218819850
1689568 300 1.0302089552238805 14214881460
1689868 300 1.0201580333625988 14220622920
1690168 300 1.017171202809482 14214061230
1690468 300 1.0224337137840211 14188634700
1690768 300 1.044953467954346 14031154170
1691068 300 1.0322949956101843 13834303500
1691368 300 1.0182616330114136 13729316490
1691668 300 1.1197190517998243 14037715860
1691968 300 1.1370711150131696 13755563220
1692268 300 1.0934539069359086 13611206070
1692568 300 1.0902774363476733 13611206070
1692868 300 1.090087796312555 13624329450
1693168 300 1.0850149253731345 13611206070
1693468 300 1.0718349429323968 13604644380
1693768 300 1.0864372256365233 13663699590
1694068 300 1.1465531167690957 14662716720
1694368 300 1.1062546093064092 14461764990
1694668 300 1.0644389815627744 14254251600
1694968 300 1.0552888498683055 14241948420
1695268 300 1.0696066725197542 13966357500
1695568 300 1.048556628621598 13899920400
1695868 300 1.0278858647936786 13880235330
1696168 300 1.101513608428446 13781809980
1696468 300 1.1118964003511853 13799854620
1696768 300 1.1292010535557506 14726693190
1697068 300 1.0762914837576822 14686502850
1697368 300 1.0776663740122916 14208319770
1697668 300 1.0535346795434593 14082827460
1697968 300 1.0572326602282702 13964717070
1698268 300 1.0106760316066725 13952413890
1698568 300 1.0449060579455662 13904841660
1698868 300 1.0627322212467076 13747361130
1699168 300 1.0397383669885865 13616127330
1699468 300 1.0799894644424937 15420591780
1699768 300 1.059745390693591 16130074380
1700068 300 1.0808902546093064 15946347090
1700368 300 1.0227181738366988 14358418410
1700668 300 0.9898156277436347 14358418410
1700968 300 1.0246619841966638 14325609960
1701268 300 1.006503950834065 14162387940
1701568 300 0.9880614574187885 14031154170
1701868 300 0.9897208077260755 13834303500
1702168 300 0.9553485513608428 13722754800
1702468 300 0.9780579455662863 14069704080
1702768 300 1.073494293239684 14621706150
1703068 300 1.0739209833187005 13762124910
1703368 300 0.9869236172080774 13767046200
1703668 300 0.9989657594381037 13799854620
1703968 300 1.006646180860404 13780169550
1704268 300 1.0031852502194907 13773607890
1704568 300 0.9931343283582089 13753922820
1704868 300 0.9854539069359088 13760484510
1705168 300 1.0175978928884986 14036075430
1705468 300 1.0445267778753293 14331351420
1705768 300 1.036988586479368 14055760500
1706068 300 1.020110623353819 13786731240
1706368 300 0.9991079894644426 13785090840
1706668 300 1.0123827919227393 13759664280
1706968 300 0.9974486391571553 13759664280
1707268 300 0.98270412642669 13766225970
1707568 300 0.9192695346795436 13766225970
1707868 300 0.9226356453028973 13766225970
1708168 300 0.9800491659350309 14218982520
1708468 300 0.9554433713784021 13910583120
1708768 300 0.9112572431957857 13772787660
1709068 300 0.8860825285338015 14625807210
1709368 300 0.8903968393327482 14040996690
1709668 300 0.8996417910447763 14041816920
1709968 300 0.890918349429324 14061501960
1710268 300 0.9012537313432837 14054940300
1710568 300 0.9478103599648815 14658615660
1710868 300 0.8997366110623355 14205859140
1711168 300 0.8837120280948201 14199297450
1711468 300 0.8670711150131694 14206679340
1711768 300 0.9189850746268656 14128759290
1712068 300 0.838577699736611 14068883880
1712368 300 0.9059947322212467 14062322190
1712668 300 0.9146707638279192 13826101380
1712968 300 0.8960860403863039 13747361130
1713268 300 0.9275662862159789 14036075430
1713568 300 0.9552063213345039 14935026810
1713868 300 0.8812467076382793 14357598180
1714168 300 0.8673555750658474 14337092910
1714468 300 0.8959438103599648 14316587640
1714768 300 0.8709587357330992 14199297450
1715068 300 0.897603160667252 14082827460
1715368 300 0.8789710272168569 14035255230
1715668 300 0.8530851624231781 13931088420
1715968 300 1.3389429323968394 13852348140
1716268 300 0.887978928884987 14055760500
1716568 300 0.8966075504828798 15794608050
1716868 300 0.8784969271290606 15886471680
1717168 300 0.8992625109745391 14456023530
1717468 300 0.8711483757682179 14442900150
1717768 300 0.8695364354697104 14442900150
1718068 300 0.8823371378402108 14396968320
1718368 300 0.9063266022827041 14232926100
1718668 300 0.8522791922739246 14173870890
1718968 300 0.8282897278314312 14180432580
1719268 300 0.8791606672519755 14036895630
1719568 300 0.9490430201931519 14377283250
1719868 300 0.9067058823529411 14436338460
1720168 300 0.9116365232660227 13858909830
1720468 300 0.8653643546971028 13845786450
1720768 300 0.8127392449517121 13819539690
1721068 300 0.876884986830553 13812978000
1721368 300 0.8766479367866551 13806416310
1721668 300 0.8755100965759438 13826101380
1721968 300 0.8519947322212469 13831842870
1722268 300 0.8654117647058824 14081187030
1722568 300 0.8678296751536437 14141062440
1722868 300 0.8590588235294118 13852348140
1723168 300 0.8563090430201933 13858909830
1723468 300 0.8666444249341528 13865471520
1723768 300 0.8322721685689202 13858909830
1724068 240 0.8719543459174715 13858909830
1724308 60 0.6504073748902546 13858909830
1724368 125 0.6483213345039509 13773607890
1724493 3 0.7168762071992977 8812971090
1724496 2 0.6275557506584724 8812971090
1724498 9 0.6275557506584724 8812971090
1724507 161 0.706161545215101 10515729360
1724668 300 0.792163301141352 13314289650
1724968 300 0.9101668129938542 14082007260
1725268 300 0.8756049165935031 14089389150
1725568 300 0.865838454784899 13595622060
1725868 300 0.8654591747146619 13596442290
1726168 189 0.9192695346795436 14351036490
1726357 111 0.6400245829675154 13878594900
1726468 72 0.6555750658472344 13840044990
1726540 4 0.6356628621597893 9175504410
1726544 2 0.6356628621597893 9017203650
1726546 11 0.6356628621597893 9017203650
1726557 211 0.6970114135206322 11297390550
1726768 300 0.7662774363476733 13466028720
1727068 23 0.9093608428446006 13505398830
1727091 186 0.6290254609306409 13400411820
1727277 4 0.6226725197541703 8393843220
1727281 9 0.6093503072870939 8393843220
1727290 1 0.6093503072870939 8393843220
1727291 77 0.6661474978050921 9591351420
1727368 140 0.7557050043898156 12389091510
1727508 160 0.5295592625109745 12382529820
1727668 24 0.6308270412642669 13156809120
1727692 5 0.5854556628621599 8301159360
1727697 1 0.5854556628621599 8301159360
1727698 10 0.5854556628621599 8301159360
1727708 260 0.685585601404741 11260481040
1727968 300 0.8543178226514487 12783613080
1728268 300 0.8308972783143109 12783613080
1728568 300 0.8183336259877085 12803298120
1728868 300 0.7999859525899913 12809859810
1729168 300 0.8237857769973662 12796736430
1729468 300 0.8499561018437226 12809859810
1729768 300 0.846969271290606 12836106570
1730068 300 0.8278156277436349 12822983190
1730368 300 0.8397155399473222 12836106570
1730668 300 0.7983740122914839 12842668260
1730968 300 0.7866163301141352 12836106570
1731268 300 0.8012660228270414 12875476710
1731568 300 0.8064811237928008 12914846850
1731868 300 0.7799315188762074 12901723470
1732168 300 0.787043020193152 12908285160
1732468 300 0.7599719051799825 12901723470
1732768 300 0.7767550482879719 12875476710
1733068 300 0.7780825285338016 13551330660
1733368 300 0.8195662862159789 15034272360
1733668 300 0.7914521510096575 14325609960
1733968 300 0.7704969271290607 13006710480
1734268 300 0.7832502194907816 12987025410
1734568 300 0.7939174714661985 12960778680
1734868 300 0.803636523266023 12973902030
1735168 300 0.7933485513608429 12972261630
1735468 300 0.7846725197541703 12939453180
1735768 300 0.7850517998244073 12947655300
1736068 300 0.8024512730465321 12947655300
1736368 300 0.8444565408252853 13610385870
1736668 300 0.804774363476734 13676002740
1736968 300 0.8079982440737489 13026395550
1737268 300 0.7936330114135206 12979643520
1737568 300 0.7905513608428446 12973902030
1737868 300 0.782918349429324 13572656160
1738168 300 0.4953292361720808 7702405260
1738468 112 0.5639315188762072 7722090300
1738580 6 0.5641211589113257 7722090300
1738586 1 0.5640263388937665 7722910530
1738587 4 0.5639315188762072 7722910530
1738591 1 0.5639315188762072 7722910530
1738592 175 0.5717067603160668 8110870380
1738767 1 0.5717067603160668 8110870380
1738768 300 0.6121000877963125 10853656320
1739068 300 0.7517699736611062 13137944280
1739368 300 0.8207989464442493 13439781960
1739668 300 0.8122651448639158 13308548190
1739968 300 0.7788884986830553 13052642310
1740268 300 0.7714451273046532 12968160570
1740568 300 0.7781773485513608 12987025410
1740868 300 0.737025460930641 12973902030
1741168 300 0.7683160667251976 12987025410
1741468 300 0.7495891132572432 12986205210
1741768 300 0.7684108867427569 12980463720
1742068 300 0.810937664618086 13658778330
1742368 300 0.8178121158911326 13831022640
1742668 300 0.7887497805092187 13680103800
1742968 300 0.8120755048287971 13627610310
1743268 300 0.798326602282704 13199460090
1743568 300 0.8299016681299387 13036238100
1743868 300 0.7834872695346795 13042799790
1744168 300 0.8091360842844602 13037058300
1744468 300 0.7763283582089552 13030496610
1744768 300 0.7969517120280948 13043619990
1745068 300 0.7999385425812116 13050181680
1745368 300 0.7652818261633011 13029676410
1745668 300 0.7429043020193152 13056743370
1745968 300 0.7475030728709395 13056743370
1746268 300 0.7705917471466199 13037058300
1746568 300 0.7788410886742758 13036238100
1746868 300 0.7872326602282704 13043619990
1747168 300 0.7761861281826163 13042799790
1747468 300 0.7765654082528534 13055923170
1747768 300 0.7587392449517121 13069046520
1748068 300 0.7607304653204565 13049361480
1748368 300 0.7757594381035997 13063305060
1748668 300 0.7773713784021072 13056743370
1748968 300 0.7564161545215101 13043619990
1749268 300 0.7958138718173837 13057563570
1749568 300 0.7838191395961369 13057563570
1749868 300 0.7527655838454784 13051001880
1750168 300 0.7331852502194909 13043619990
1750468 300 0.7834398595258999 13050181680
1750768 300 0.7774661984196665 13043619990
1751068 300 0.7681738366988587 15884831280
1751368 300 0.7767550482879719 13556251920
1751668 300 0.7685057067603163 13543128540
1751968 300 0.7786514486391571 13543128540
1752268 300 0.7940597014925372 14356777980
1752568 300 0.7327585601404742 15098248830
1752868 300 0.7669885864793679 13084630530
1753168 300 0.7706391571553995 13091192220
1753468 300 0.7751431079894646 13084630530
1753768 300 0.7747638279192275 13070686950
1754068 300 0.736883230904302 13064125260
1754368 300 0.7942019315188763 13063305060
1754668 300 0.7989429323968393 13069866750
1754968 300 0.7880860403863038 13076428440
1755268 300 0.7806426690079018 13063305060
1755568 300 0.7578858647936787 13102675200
1755868 300 0.7740526777875331 13161730380
1756168 300 0.7940597014925372 13135483620
1756468 300 0.8215100965759438 13517702010
1756768 300 0.8321299385425813 15487028880
1757068 300 0.822126426690079 15774922980
1757368 300 0.8293801580333625 13917965040
1757668 300 0.8453099209833187 13694047410
1757968 300 0.8113643546971028 13522623270
1758268 300 0.8227427568042142 13404512880
1758568 300 0.8391466198419667 13318390710
1758868 300 0.8150149253731345 13195359030
1759168 300 0.804774363476734 13228167480
1759468 300 0.7885601404741002 13248672780
1759768 300 0.8186654960491659 13228987710
1760068 300 0.8630412642669008 13745720700
1760368 300 0.867640035118525 15668295540
1760668 300 0.8843757682177348 15537061770
1760968 300 0.831655838454785 15117113670
1761268 300 0.8500035118525021 13811337600
1761568 300 0.7914521510096575 13680924030
1761868 300 0.8511413520632134 14094310410
1762168 300 0.8077611940298507 13687485720
1762468 300 0.828574187884109 13398771390
1762768 300 0.8444091308165058 13385648010
1763068 300 0.8773116769095699 13313469450
1763368 300 0.922825285338016 13753102590
1763668 300 0.8751308165057068 13602183750
1763968 300 0.857731343283582 13594801860
1764268 300 0.8915346795434593 13437321330
1764568 300 0.8384354697102722 13357760850
1764868 300 0.8524214223002634 13220785590
1765168 300 0.8434135206321336 13221605790
1765468 300 0.8942844600526778 13221605790
1765768 300 0.9342985074626866 13569375300
1766068 300 0.9441123792800703 14080366830
1766368 300 0.9032923617208076 13286402490
1766668 300 0.8465899912203687 13267537620
1766968 300 0.873044776119403 13259335500
1767268 300 0.8527532923617209 13254414240
1767568 300 0.8914398595259 13221605790
1767868 300 0.8597225636523267 13221605790
1768168 300 0.8944741000877963 13220785590
1768468 300 0.9415048287971906 14159927310
1768768 300 0.9043353819139597 14572493490
1769068 300 0.8907287093942055 14001626550
1769368 300 0.8477752414398595 13989323400
1769668 300 0.8933836698858648 13771967460
1769968 300 0.86830377524144 13615307130
1770268 300 0.8736136962247587 13608745440
1770568 300 0.9053309920983319 13346277900
1770868 300 0.9180842844600527 13241290860
1771168 300 0.922161545215101 14297722770
1771468 300 0.9184635645302898 14186174070
1771768 300 0.900305531167691 13943391570
1772068 300 0.8905390693590869 13942571370
1772368 300 0.895659350307287 13942571370
1772668 300 0.8997840210711151 13758844080
1772968 300 0.9020597014925372 13530005190
1773268 300 0.9195539947322213 13418456460
1773568 300 0.9042405618964003 13418456460
1773868 300 0.8897805092186127 13431579840
1774168 300 0.9647831431079896 15085125450
1774468 300 0.9548744512730467 15131057250
1774768 300 0.9158086040386303 13281481200
1775068 300 0.9189376646180861 13301166270
1775368 300 0.9315487269534679 13320851340
1775668 300 0.9276611062335383 13314289650
1775968 300 0.9257172958735733 13314289650
1776268 300 0.9119209833187008 13314289650
1776568 300 0.8985513608428447 13307727960
1776868 300 0.9042405618964003 13320851340
1777168 300 0.9504653204565408 13314289650
1777468 300 0.9658261633011415 13878594900
1777768 300 0.9447287093942055 13812978000
1778068 300 0.95572783143108 13682564430
1778368 300 0.9386602282704126 13531645590
1778668 300 0.9487111501316945 13491455250
1778968 300 0.9223511852502196 13478331870
1779268 300 0.9534521510096576 13366783170
1779568 300 0.9703301141352063 13398771390
1779868 300 0.9926602282704126 13799034420
1780168 300 1.006503950834065 14428956540
1780468 300 0.9686707638279193 13884336390
1780768 300 0.9347251975417032 13529184960
1781068 300 0.8949956101843723 13452085110
1781368 300 0.9392765583845479 13326592830
1781668 300 0.9902423178226516 13320851340
1781968 300 1.0170763827919227 13314289650
1782268 300 1.068231782265145 13444703220
1782568 300 1.0655768217734853 13930268190
1782868 300 1.0437208077260756 13727676060
1783168 300 0.9992502194907814 13681744230
1783468 300 1.0061720807726076 13498016940
1783768 300 0.9975908691834943 13406153310
1784068 300 1.015748902546093 13314289650
1784368 300 1.0096330114135208 13294604580
1784668 300 1.0352818261633012 13281481200
1784968 300 1.0196365232660227 13877774700
1785268 300 1.0013362598770852 13826101380
1785568 300 0.9943195785776998 13701429300
1785868 300 0.9712309043020194 13688305920
1786168 300 0.953546971027217 13524263700
1786468 300 0.9697611940298508 13340536410
1786768 300 0.9798595258999122 13347098100
1787068 300 0.9925654082528536 13346277900
1787368 300 0.9510342405618966 13549690230
1787668 300 1.0006251097453907 15368098260
1787968 300 1.0862949956101844 15564128730
1788268 300 0.9952203687445127 14693064540
1788568 300 0.9643564530289729 14030333940
1788868 300 0.9592835820895521 13983581910
1789168 300 0.9803336259877086 13977020220
1789468 300 1.02902370500439 13845786450
1789768 300 1.033622475856014 13701429300
