1574009 300 0.7549464442493415 12736861020
1574309 300 0.7708762071992977 12730299330
1574609 300 0.770449517120281 12730299330
1574909 300 0.7975206321334505 13005890280
1575209 300 0.8070026338893767 12992766900
1575509 300 0.8022142230026339 12756546090
1575809 300 0.7642388059701494 12776231160
1576109 300 0.7785566286215979 12769669470
1576409 300 0.7617734855136085 12769669470
1576709 300 0.7802633889376646 12769669470
1577009 300 0.7785566286215979 12770489700
1577309 300 0.789745390693591 12874656510
1577609 300 0.8335996488147499 13419276690
1577909 300 0.8087568042142229 13406973510
1578209 300 0.7821123792800702 13210122840
1578509 300 0.8116488147497806 13072327380
1578809 300 0.7934433713784023 12822162990
1579109 300 0.7987532923617209 12723737670
1579409 300 0.8134503950834064 12677805840
1579709 300 0.8372976294995611 12690929220
1580009 300 0.8615715539947322 13471770180
1580309 300 0.8482967515364355 13064945490
1580609 300 0.8463055311676909 12665502660
1580909 300 0.8111747146619842 12685187730
1581209 300 0.8299964881474979 15400906710
1581509 300 0.8261562774363477 13000148790
1581809 266 0.6002949956101844 7622024550
1582075 4 0.6002949956101844 7622024550
1582079 11 0.6002949956101844 7623664980
1582090 1 0.6002949956101844 7623664980
1582091 18 0.6436277436347674 7920581400
1582109 154 0.6097769973661107 7991939760
1582263 146 0.6806075504828797 9456836820
1582409 300 0.7521018437225637 12152870730
1582709 300 0.8416119402985075 15204876270
1583009 300 0.809420544337138 12763928010
1583309 300 0.8317980684811238 12711434490
1583609 300 0.8296172080772607 12619570860
1583909 300 0.8850395083406498 12613009170
1584209 300 0.871906935908692 12613009170
1584509 300 0.8732818261633012 12626132520
1584809 300 0.9029130816505708 14156646450
1585109 300 0.8953748902546094 14734075080
1585409 300 0.8833327480245831 13979480850
1585709 300 0.9053309920983319 12923869170
1586009 300 0.8967971905179983 12916487280
1586309 300 0.9013485513608428 12923048970
1586609 300 0.9127269534679543 12903363900
1586909 300 0.935531167690957 12699951540
1587209 300 0.8955171202809482 12581841120
1587509 300 0.9298893766461809 12581841120
1587809 300 0.9681018437225637 13206021780
1588109 300 0.9585250219490781 13192898400
1588409 300 0.9344407374890255 12576099660
1588709 300 0.8863195785776997 12569537970
1589009 300 0.8888323090430201 12589223040
1589309 300 0.8969394205443371 12603986820
1589609 300 0.8879315188762071 12576099660
1589909 300 0.8992151009657594 12576099660
1590209 300 0.9300790166812993 12582661350
1590509 300 0.9743599648814749 13402872450
1590809 300 0.9245794556628623 13730956890
1591109 300 0.9293204565408253 13324132200
1591409 300 0.9239631255487271 13180595250
1591709 300 0.9250061457418788 13128101730
1592009 300 0.9368586479367867 13135483620
1592309 300 0.9410781387181738 12996867960
1592609 300 0.9176575943810361 12944374440
1592909 300 0.9442546093064091 12958318020
1593209 300 0.9711834942932398 13771147230
1593509 300 0.9399402985074627 13252773810
1593809 300 0.9280877963125549 12937812750
1594109 300 0.9106883230904301 12938632980
1594409 300 0.8884056189640035 12931251060
1594709 300 0.862899034240562 12904184100
1595009 300 0.9327813871817385 12747523770
1595309 300 0.9227304653204567 12733580190
1595609 300 0.8980772607550483 12735220620
1595909 300 0.9278033362598771 12991126470
1596209 300 0.9155241439859526 13260155730
1596509 300 0.8694890254609307 12814781100
1596809 300 0.8785443371378403 12808219410
1597109 300 0.8588691834942932 12808219410
1597409 300 0.8599596136962246 12808219410
1597709 300 0.8459262510974539 12808219410
1598009 300 0.8364916593503072 12781152420
1598309 300 0.8727129060579455 13542308340
1598609 300 0.8905864793678666 13740799440
1598909 300 0.8564512730465321 13516881810
1599209 300 0.850050921861282 13320851340
1599509 300 0.8465425812115891 13149427230
1599809 300 0.863420544337138 12978823320
1600109 300 0.8583950834064971 12828724680
1600409 300 0.857352063213345 12802477920
1600709 300 0.8659332748024583 12809859810
1601009 300 0.8909657594381036 13643194320
1601309 300 0.870342405618964 13899100170
1601609 300 0.8524214223002634 13399591620
1601909 300 0.8537963125548726 13215864330
1602209 300 0.836254609306409 13188797340
1602509 300 0.8281949078138717 12925509600
1602809 300 0.8388147497805092 12715535550
1603109 300 0.8446935908691835 12663042030
1603409 300 0.8397155399473222 12663862230
1603709 300 0.8929569798068481 13128921930
1604009 300 0.8902071992976296 13227347280
1604309 300 0.8852291483757682 12958318020
1604609 300 0.8828586479367867 12905824530
1604909 300 0.8698208955223882 12886959660
1605209 300 0.8804407374890254 12827904480
1605509 300 0.874324846356453 12683547300
1605809 300 0.8795399473222125 12631053810
1606109 300 0.8827638279192274 12637615500
1606409 300 0.9124899034240561 13340536410
1606709 300 0.8548867427568042 13228987710
1607009 300 0.8564038630377523 12663862230
1607309 300 0.8494820017559263 12665502660
1607609 300 0.8338841088674276 12658940970
1607909 300 0.8384828797190518 12652379280
1608209 300 0.6226725197541703 7544104500
1608509 32 0.5995364354697102 7543284300
1608541 268 0.8343107989464442 12650738880
1608809 300 0.8281949078138717 12650738880
1609109 300 0.8610026338893767 12651559080
1609409 300 0.8816259877085163 13492275480
1609709 300 0.8682563652326603 13459467030
1610009 300 0.8396681299385426 13020654090
1610309 300 0.8315610184372256 12960778680
1610609 300 0.8224582967515365 12921408540
1610909 300 0.8430816505706761 12868915020
1611209 300 0.857636523266023 12822983190
1611509 300 0.8417541703248463 12829544880
1611809 300 0.8906338893766461 13466028720
1612109 300 0.881910447761194 13531645590
1612409 300 0.8519947322212469 13000969020
1612709 300 0.844503950834065 12889420290
1613009 300 0.825350307287094 13892538480
1613309 300 0.8345478489903424 12980463720
1613609 133 0.3183476733977173 2480121120
1613742 57 0.5144828797190518 7613822460
1613799 110 0.8208463564530291 12941913810
1613909 300 0.8200403863037752 12935352120
1614209 300 0.8118384547848989 12836926800
1614509 300 0.8474907813871818 13578397620
1614809 300 0.8334100087796312 13073147580
1615109 300 0.8185706760316066 13052642310
1615409 300 0.8091834942932398 13053462510
1615709 300 0.7900772607550482 12915667050
1616009 300 0.8117910447761194 12718816380
1616309 300 0.5993467954345917 7570351260
1616609 44 0.6020491659350307 7570351260
1616653 256 0.7960983318700614 12712254690
1616909 300 0.7972361720807726 12731119560
1617209 300 0.8773116769095699 14044277550
1617509 300 0.8701053555750659 15074462700
1617809 300 0.8400000000000001 14464225620
1618109 300 0.8329359086918349 13394670330
1618409 300 0.8135452151009659 13315930080
1618709 300 0.8061492537313433 13315109880
1619009 300 0.8025460930640914 13320851340
1619309 300 0.7775610184372256 13314289650
1619609 300 0.7920210711150132 13223246220
1619909 300 0.8401896400351185 12927970230
1620209 300 0.8673081650570675 13625149650
1620509 300 0.8190921861281826 14017210590
1620809 300 0.8013608428446005 13486533990
1621109 300 0.7935381913959613 13486533990
1621409 300 0.8158208955223881 13361861910
1621709 300 0.795244951712028 13224886650
1622009 300 0.7892238805970149 12856611870
1622309 300 0.7876593503072871 12830365110
1622609 300 0.8189025460930641 12830365110
1622909 300 0.8445513608428447 13126461300
1623209 300 0.8619508340649694 13525083900
1623509 300 0.8252080772607551 13185516510
1623809 300 0.8415171202809482 12863173530
1624109 300 0.86830377524144 14943228930
1624409 300 0.828574187884109 12876296910
1624709 300 0.833172958735733 12882858600
1625009 300 0.8189025460930641 12876296910
1625309 300 0.8243072870939421 12863993760
1625609 300 0.8476804214223004 13361861910
1625909 300 0.8707690956979808 14136961410
1626209 300 0.8874574187884108 12883678830
1626509 300 0.8585373134328359 12877117140
1626809 300 0.8202774363476734 12877117140
1627109 300 0.8472063213345041 12877117140
1627409 300 0.8235961369622475 12871375650
1627709 300 0.8327462686567165 12863173530
1628009 300 0.8323669885864795 12863173530
1628309 300 0.822505706760316 12863993760
1628609 300 0.8666918349429323 13447163850
1628909 300 0.8605285338015803 13519342440
1629209 300 0.8660280948200176 12915667050
1629509 148 0.84772783143108 12903363900
1629657 152 0.833315188762072 12903363900
1629809 300 0.81686391571554 12882858600
1630109 300 0.8373924495171203 12882858600
1630409 300 0.8331255487269535 12882858600
1630709 300 0.8279104477611939 12877117140
1631009 300 0.83871992976295 12850050180
1631309 204 0.879208077260755 13860550260
1631513 96 0.8503827919227394 13578397620
1631609 284 0.8286215978928885 13841685390
1631893 16 0.8354486391571555 13743260070
1631909 53 0.8467322212467078 13506219060
1631962 247 0.8380087796312556 13506219060
1632209 300 0.8216997366110624 13506219060
1632509 300 0.8466848112379279 13500477570
1632809 300 0.8281949078138717 13369243800
1633109 300 0.8370605794556629 13198639890
1633409 300 0.8561194029850746 13165831440
1633709 300 0.8490079016681299 13172393130
1634009 300 0.869963125548727 13552971090
1634309 300 0.8462107111501316 13080529500
1634609 300 0.8386725197541703 12962419080
1634909 300 0.8054855136084286 12962419080
1635209 300 0.8131185250219491 12976362690
1635509 300 0.8197559262510975 12976362690
1635809 300 0.8286690079016681 12976362690
1636109 300 0.8314661984196663 12977182890
1636409 300 0.8675452151009657 13541488140
1636709 300 0.8618560140474101 13154348490
1637009 300 0.7972361720807726 12988665840
1637309 300 0.8026409130816508 12969801000
1637609 300 0.7907884108867428 12839387430
1637909 300 0.7905513608428446 12826264050
1638209 300 0.79244776119403 12826264050
1638509 300 0.8106057945566287 12825443820
1638809 300 0.817385425812116 12840207630
1639109 300 0.8520895522388059 14723412330
1639409 300 0.8443617208077261 14775905850
1639709 300 0.8507146619841967 14022131850
1640009 300 0.8245917471466198 12893521350
1640309 300 0.8495768217734856 12893521350
1640609 300 0.8214626865671643 12886139460
1640909 300 0.8028305531167691 12886139460
1641209 300 0.7964776119402985 12878757570
1641509 300 0.8105109745390695 12873016080
1641809 300 0.8129288849868305 12872195880
1642109 300 0.8552186128182617 13154348490
1642409 300 0.8584899034240563 13534926450
1642709 300 0.8015504828797192 13088731590
1643009 300 0.7850992098331872 12859072500
1643309 300 0.7907884108867428 12853331010
1643609 300 0.8073819139596137 12846769320
1643909 300 0.8001281826163301 12840207630
1644209 300 0.7913573309920985 12833645940
1644509 300 0.8205618964003512 12846769320
1644809 300 0.8462581211589114 13640733690
1645109 300 0.8423705004389815 13214223900
1645409 300 0.7863318700614575 12859892700
1645709 300 0.7861896400351185 12859892700
1646009 300 0.7865689201053557 12859072500
1646309 300 0.7851466198419667 12859892700
1646609 300 0.7988955223880597 12859892700
1646909 300 0.7904565408252853 12853331010
1647209 300 0.8436979806848113 13411074570
1647509 300 0.8314187884108868 13397951190
1647809 300 0.816721685689201 12827084250
1648109 300 0.8112221246707638 12827084250
1648409 300 0.8030676031606673 12813960870
1648709 300 0.7986584723441615 12807399180
1649009 300 0.815963125548727 12807399180
1649309 300 0.8281000877963126 12807399180
1649609 300 0.7962405618964004 12802477920
1649909 300 0.831276558384548 12795096030
1650209 300 0.8057699736611063 12787714110
1650509 300 0.8080930640913082 12781972650
1650809 300 0.7951027216856892 12781972650
1651109 300 0.8151097453906936 12775410960
1651409 300 0.8111747146619842 12775410960
1651709 300 0.8090412642669009 12775410960
1652009 300 0.805153643546971 12775410960
1652309 300 0.8103687445127306 12775410960
1652609 300 0.8155838454784899 12775410960
1652909 300 0.7878489903424056 12787714110
1653209 300 0.8248287971905179 12776231160
1653509 300 0.8181439859525901 12775410960
1653809 300 0.8029253731343284 12774590730
1654109 300 0.8055329236172081 12774590730
1654409 300 0.7960509218612819 12775410960
1654709 300 0.7783195785776997 12775410960
1655009 300 0.8065285338015803 12775410960
1655309 300 0.7976628621597893 12775410960
1655609 300 0.7741474978050921 12775410960
1655909 300 0.7997963125548728 12774590730
1656209 300 0.7833924495171204 12774590730
1656509 300 0.8032572431957858 12774590730
1656809 300 0.7850992098331872 12768849270
1657109 300 0.788323090430202 12769669470
1657409 300 0.8130711150131696 13817899290
1657709 300 0.8030676031606673 14395327890
1658009 300 0.8229323968393328 12853331010
1658309 300 0.8151097453906936 12853331010
1658609 300 0.830755048287972 12853331010
1658909 300 0.8769323968393329 13988503200
1659209 300 0.9005899912203688 14073805140
1659509 300 0.9113994732221246 12945194670
1659809 300 0.8616189640035119 12932071290
1660109 300 0.8382458296751538 12932891490
1660409 300 0.8729499561018437 12933711690
1660709 300 0.8395258999122037 12919768110
1661009 300 0.8466374012291484 12926329800
1661309 300 0.8476804214223004 12920588310
1661609 300 0.9083652326602284 13215044100
1661909 300 0.9186532045654083 13595622060
1662209 300 0.8579209833187007 13129742160
1662509 300 0.8794925373134328 12900083040
1662809 300 0.876505706760316 12893521350
1663109 300 0.8685882352941178 12893521350
1663409 300 0.8913450395083407 12900083040
1663709 300 0.897982440737489 12900083040
1664009 300 0.9298419666374012 13044440190
1664309 300 0.9655417032484637 13333154520
1664609 300 0.9143863037752415 12939453180
1664909 300 0.8949482001755926 12965699940
1665209 300 0.9179894644424934 12958318020
1665509 300 0.9242949956101845 12951756330
1665809 300 0.91713608428446 12958318020
1666109 300 0.9177050043898157 12959138250
1666409 300 0.9144811237928008 12978003090
1666709 300 0.9805706760316067 13791652530
1667009 300 0.9441123792800703 13233908970
1667309 300 0.8901123792800703 12932891490
1667609 300 0.9214029850746269 12932891490
1667909 300 0.9549218612818262 12932891490
1668209 300 0.9191747146619843 12932891490
1668509 300 0.937854258121159 12939453180
1668809 300 0.9564863915715541 12939453180
1669109 300 0.9411729587357331 12932891490
1669409 300 1.054482879719052 14633189130
1669709 300 1.037130816505707 14902218360
1670009 300 1.0019525899912205 13924526730
1670309 300 0.9598999122036875 12965699940
1670609 300 0.9567234416154523 12959138250
1670909 300 0.9602791922739247 12959138250
1671209 300 0.9690974539069359 12953396760
1671509 300 0.9578612818261634 12952576560
1671809 300 0.9341088674275679 12952576560
1672109 300 0.9451553994732222 12959138250
1672409 300 0.982846356453029 13765405770
1672709 300 0.9903845478489904 13240470660
1673009 300 0.9913801580333627 12958318020
1673309 300 0.9990131694468832 12958318020
1673609 300 0.9866391571553994 12952576560
1673909 300 1.0139947322212466 12953396760
1674209 300 1.0154644424934154 12959138250
1674509 300 1.0143266022827042 13083810330
1674809 300 1.0619736611062336 13372524630
1675109 300 1.0085425812115894 12965699940
1675409 300 1.0207743634767341 12965699940
1675709 300 1.0532502194907813 13562813610
1676009 300 1.0416821773485516 12972261630
1676309 300 1.0266057945566287 12978823320
1676609 300 1.014990342405619 12972261630
1676909 300 1.048414398595259 12978823320
1677209 300 1.064628621597893 13516881810
1677509 300 1.0644389815627744 12972261630
1677809 300 1.0183564530289728 12972261630
1678109 300 1.0385531167690956 12972261630
1678409 300 1.0158437225636523 13622689020
1678709 300 1.045996488147498 12979643520
1679009 300 1.0178823529411765 12986205210
1679309 300 1.0082581211589114 12978823320
1679609 300 1.0438156277436348 12978823320
1679909 300 1.0779034240561898 13543128540
1680209 300 1.0425355575065849 12985385010
1680509 300 1.0450008779631257 12991946700
1680809 300 0.9952203687445127 15176989080
1681109 300 1.0426303775241441 13005070080
1681409 300 1.0294503950834066 13005070080
1681709 300 1.0682791922739243 13005070080
1682009 300 1.0819332748024584 13059204000
1682309 300 1.09587181738367 14574954120
1682609 300 1.1140772607550482 13005890280
1682909 300 1.06244776119403 12992766900
1683209 300 1.0334328358208955 12999328590
1683509 300 1.0889499561018439 13005070080
1683809 300 1.0554310798946447 12992766900
1684109 300 1.070412642669008 13005890280
1684409 300 1.0560474100087798 12992766900
1684709 300 1.0869113257243197 12999328590
1685009 300 1.1180122914837576 13595622060
1685309 300 1.0911782265144865 13490635050
1685609 300 1.0604565408252855 13000148790
1685909 300 1.0523020193151886 12986205210
1686209 300 1.0818858647936787 12986205210
1686509 300 1.0593661106233538 12979643520
1686809 300 1.0965829675153644 12985385010
1687109 300 1.0659561018437225 12985385010
1687409 300 1.093785776997366 13024755120
1687709 300 1.1233222124670765 13733417520
1688009 300 1.099332748024583 13510320120
1688309 300 1.110426690079017 13012451970
1688609 300 1.097009657594381 13005890280
1688909 300 1.0782827041264267 12993587100
1689209 300 1.0226233538191396 13006710480
1689509 300 1.039027216856892 13000148790
1689809 300 1.0531079894644426 13006710480
1690109 300 1.0526338893766463 13039518930
1690409 300 1.0988586479367866 13787551470
1690709 300 1.0825970149253732 13275739740
1691009 300 1.0661931518876206 13000148790
1691309 300 1.1012765583845479 13288042890
1691609 300 1.03803160667252 12986205210
1691909 300 1.059603160667252 12986205210
1692209 300 1.0258946444249342 12987025410
1692509 300 1.0719771729587357 13118259210
1692809 300 1.1057805092186128 13130562360
1693109 300 1.0996646180860403 12992766900
1693409 300 1.06244776119403 12986205210
1693709 300 1.0784249341527656 12987025410
1694009 300 1.076196663740123 12987845640
1694309 300 1.078235294117647 12987025410
1694609 300 1.0659561018437225 12986205210
1694909 300 1.0839719051799825 12992766900
1695209 300 1.14854433713784 14869409910
1695509 300 1.110237050043898 15026890440
1695809 300 1.1004231782265146 13904841660
1696109 300 1.0429148375768218 13073147580
1696409 300 1.0491255487269533 13078889070
1696709 300 1.0680421422300261 13072327380
1697009 300 1.072451273046532 13065765690
1697309 300 1.0355662862159791 13051822110
1697609 300 1.015369622475856 13052642310
1697909 300 1.0670939420544339 13058383800
1698209 300 1.1174433713784022 13807236540
1698509 300 1.093785776997366 13393850130
1698809 300 1.0388375768217735 13025575350
1699109 300 1.0247568042142232 13024755120
1699409 300 1.0366093064091308 13024755120
1699709 300 1.0441000877963125 12998508390
1700009 300 1.0254679543459178 12992766900
1700309 300 1.0203002633889378 12992766900
1700609 300 1.0588920105355575 13019833860
1700909 300 1.0733046532045654 13812978000
1701209 300 1.069511852502195 13313469450
1701509 300 1.061404741000878 13031316810
1701809 300 1.0132361720807728 13425018150
1702109 300 1.021675153643547 13024755120
1702409 300 1.0695592625109747 13025575350
1702709 300 1.0479877085162423 13025575350
1703009 300 1.0785197541703249 13137124050
1703309 300 1.0822177348551363 13248672780
1703609 300 1.1559402985074625 13016553030
1703909 300 1.0890921861281826 13022294490
1704209 300 1.095350307287094 13889257650
1704509 300 1.0304460052677786 13061664630
1704809 300 1.043673397717296 13055102940
1705109 300 1.0355188762071994 13054282740
1705409 300 1.0600772607550484 13054282740
1705709 300 1.0782827041264267 13388928870
1706009 300 1.0834503950834065 13278200370
1706309 300 1.121473222124671 13073967810
1706609 300 1.0541035996488148 13067406120
1706909 300 1.0673784021071115 13808876940
1707209 300 0.9823722563652326 13074788010
1707509 300 1.0430570676031607 13068226320
1707809 300 1.0030904302019314 13060844430
1708109 300 1.0671413520632134 13073967810
1708409 300 1.0117190517998247 13676822970
1708709 300 1.076196663740123 13060024200
1709009 300 1.0392168568920108 13060024200
1709309 300 1.0789464442493415 13053462510
1709609 300 1.0561422300263388 13054282740
1709909 300 1.058702370500439 13054282740
1710209 300 1.1475013169446882 14655334830
1710509 300 1.1373081650570676 15100709460
1710809 300 1.0716927129060578 14248510110
1711109 300 1.063206321334504 13094473080
1711409 300 1.0679947322212469 13087911390
1711709 300 1.071313432835821 13087911390
1712009 300 1.046375768217735 13081349700
1712309 300 1.056379280070237 13087091190
1712609 300 0.9998191395961369 13087911390
1712909 300 1.0357559262510976 13106776230
1713209 300 1.0669991220368744 13867932150
1713509 300 1.00844776119403 13303626900
1713809 300 1.0098226514486393 13041979560
1714109 300 1.0030904302019314 13048541250
1714409 300 1.0038489903424057 13041979560
1714709 300 1.014990342405619 13048541250
1715009 300 1.0033748902546094 13068226320
1715309 300 1.0325794556628622 13140404910
1715609 300 1.0307304653204565 13901560800
1715909 300 1.024472344161545 13370064000
1716209 300 0.9979701492537315 13094473080
1716509 300 1.0389323968393327 13094473080
1716809 300 1.0354714661984197 13087091190
1717109 300 1.0043230904302018 13094473080
1717409 300 1.0225285338015804 13087091190
1717709 300 1.0539613696224759 13243751490
1718009 300 1.1186760316066726 13508679690
1718309 300 1.066714661984197 13088731590
1718609 300 1.0673784021071115 13068226320
1718909 300 1.0742054433713786 13055102940
1719209 300 1.0375100965759438 13055102940
1719509 300 1.0485092186128182 13055102940
1719809 300 1.0607884108867427 13055102940
1720109 300 1.0578964003511855 13055102940
1720409 300 1.0970570676031608 13461927660
1720709 300 1.0687058823529414 13172393130
1721009 300 1.041966637401229 13047721050
1721309 300 1.0523020193151886 13047721050
1721609 300 1.0357085162423179 13034597670
1721909 300 1.0143740122914837 13036238100
1722209 300 1.0392168568920108 13035417870
1722509 300 1.0619736611062336 13075608210
1722809 300 1.1124179104477614 13862190690
1723109 300 1.0953977172958735 13363502310
1723409 300 1.0671413520632134 13074788010
1723709 300 1.0378419666374012 13357760850
1724009 238 0.7822071992976295 7845942180
1724247 6 0.7822071992976295 7846762410
1724253 7 0.7822071992976295 7846762410
1724260 1 0.7822071992976295 7846762410
1724261 48 0.7984214223002634 8211756330
1724309 300 0.7525759438103601 8219958450
1724609 300 0.75001580333626 8219958450
1724909 300 0.7741474978050921 8338068870
1725209 300 0.8239280070237051 8227340370
1725509 300 0.7573643546971028 8221598880
1725809 300 0.7544723441615452 8228160570
1726109 300 0.7647129060579457 8227340370
1726409 300 0.7496365232660228 8227340370
1726709 300 0.7791729587357332 8227340370
1727009 300 0.7886075504828797 8227340370
1727309 300 0.7806426690079018 8233081830
1727609 300 0.8244021071115014 10182723630
1727909 300 0.7894135206321335 9547880250
1728209 300 0.7953871817383671 8248665840
1728509 300 0.8053906935908692 8248665840
1728809 300 0.7901246707638281 8249486070
1729109 300 0.7711606672519754 8242104150
1729409 300 0.8106532045654083 8228160570
1729709 300 0.7785092186128183 8228160570
1730009 300 0.8213678665496049 8221598880
1730309 300 0.8126444249341528 8221598880
1730609 300 0.8006971027216856 8221598880
1730909 300 0.7762335381913961 8221598880
1731209 300 0.809799824407375 8274092400
1731509 300 0.8684460052677787 9022945140
1731809 300 0.8176224758560142 8224059510
1732109 300 0.7850043898156278 8223239310
1732409 300 0.8180965759438104 8222419080
1732709 300 0.7998437225636524 8223239310
1733009 300 0.7752853380158035 8216677620
1733309 300 0.7957190517998244 8215857390
1733609 300 0.7926374012291484 8215857390
1733909 300 0.8228849868305532 9043450410
1734209 300 0.7943915715539949 8235542460
1734509 300 0.7857629499561019 8222419080
1734809 300 0.785241439859526 8215857390
1735109 300 0.7683634767339771 8196172320
1735409 300 0.8199455662862162 8189610630
1735709 300 0.8215100965759438 8188790430
1736009 300 0.8153467954345918 8189610630
1736309 300 0.8610500438981562 8320024200
1736609 300 0.8299490781387182 8445516510
1736909 300 0.8063863037752415 8215857390
1737209 300 0.8186654960491659 8215857390
1737509 300 0.8084723441615452 8208475500
1737809 300 0.7807374890254609 8208475500
1738109 300 0.776470588235294 8208475500
1738409 300 0.767604916593503 8209295700
1738709 300 0.7813064091308166 8217497820
1739009 300 0.8514258121158912 10049029230
1739309 300 0.8417541703248463 9944042220
1739609 300 0.8268674275680422 8224059510
1739909 300 0.8096101843722563 8217497820
1740209 300 0.8049640035118524 8217497820
1740509 300 0.7877067603160668 8217497820
1740809 300 0.787943810359965 8210936130
1741109 300 0.8112695346795435 8204374440
1741409 300 0.806718173836699 8237182890
1741709 300 0.8573994732221248 9050832300
1742009 300 0.8108428446005267 8237182890
1742309 300 0.8196136962247587 8205194670
1742609 300 0.8077611940298507 8205194670
1742909 300 0.7971413520632135 8205194670
1743209 300 0.803494293239684 8205194670
1743509 300 0.7888920105355577 8205194670
1743809 300 0.8134029850746268 8342990130
1744109 300 0.8173380158033363 8487347280
1744409 300 0.7973784021071115 8219138250
1744709 300 0.7711606672519754 8225699940
1745009 300 0.8057699736611063 8225699940
1745309 300 0.7811167690956979 8219138250
1745609 300 0.7926848112379281 8219138250
1745909 300 0.795529411764706 8225699940
1746209 300 0.82971202809482 8251946700
1746509 300 0.8673555750658474 8994237750
1746809 300 0.8430342405618965 8351192220
1747109 300 0.825492537313433 8219138250
1747409 300 0.8422282704126427 9013102590
1747709 300 0.8097050043898156 8218318020
1748009 300 0.8260140474100088 8212576560
1748309 300 0.8271518876207199 8212576560
1748609 300 0.8623301141352064 8251946700
1748909 300 0.8786865671641791 8441415450
1749209 300 0.8615241439859526 8218318020
1749509 300 0.8147304653204566 8219138250
1749809 300 0.822505706760316 8901553890
1750109 300 0.8336470588235294 8225699940
1750409 300 0.8346426690079016 8225699940
1750709 300 0.8430816505706761 8218318020
1751009 300 0.8672133450395083 8211756330
1751309 300 0.8518525021949077 8533279110
1751609 300 0.8728551360842844 8211756330
1751909 300 0.8586795434591747 8206014870
1752209 300 0.7993696224758561 8198632980
1752509 300 0.8296172080772607 8200273380
1752809 300 0.8464951712028096 8199453180
1753109 300 0.8622827041264266 8200273380
1753409 300 0.876126426690079 8200273380
1753709 300 0.8648902546093065 8226520140
1754009 300 0.9222563652326603 10017861210
1754309 300 0.886035118525022 9132033210
1754609 300 0.8866514486391572 8246205210
1754909 300 0.847348551360843 8233902030
1755209 300 0.8510465320456542 8883509250
1755509 300 0.8646057945566286 8233081830
1755809 300 0.8694416154521509 8232261630
1756109 300 0.8588217734855136 8233081830
1756409 300 0.8895434591747146 8239643520
1756709 300 0.9146233538191397 8528357820
1757009 300 0.923441615452151 8239643520
1757309 300 0.8878841088674276 8240463720
1757609 300 0.8952326602282705 8232261630
1757909 300 0.8548393327480247 8233081830
1758209 300 0.8868884986830554 8239643520
1758509 300 0.8681141352063214 8239643520
1758809 300 0.9196488147497806 8292137040
1759109 300 0.9545899912203687 8994237750
1759409 300 0.9179420544337139 8219958450
1759709 300 0.9058525021949078 8219138250
1760009 300 0.9260491659350308 8219138250
1760309 300 0.9312168568920106 8219958450
1760609 300 0.9408884986830555 8213396760
1760909 300 0.9294626865671644 8213396760
1761209 300 0.9902897278314311 8370877290
1761509 300 1.0320105355575067 8489807910
1761809 300 0.9859280070237051 8225699940
1762109 300 0.9663476733977173 8239643520
1762409 300 0.9538788410886743 8239643520
1762709 300 0.94415978928885 8239643520
1763009 300 1.025515364354697 8239643520
1763309 300 1.1046426690079019 8278193430
1763609 300 1.1611553994732222 8973732450
1763909 300 1.1923511852502195 8251946700
1764209 300 0.991474978050922 8251946700
1764509 300 1.0505478489903424 8251946700
1764809 300 1.097294117647059 8251126470
1765109 300 1.1959069359086918 8251946700
1765409 300 1.1102844600526778 8251946700
1765709 300 1.2847058823529411 8311001880
1766009 300 1.52142405618964 8954867610
1766309 300 1.3815645302897277 8265070080
1766609 300 1.3173239683933275 8265070080
1766909 300 1.4863880597014925 8271631770
1767209 300 1.3960245829675153 8297878500
1767509 300 1.661330992098332 8297878500
1767809 300 1.5977541703248463 8298698730
1768109 300 1.8538156277436348 8456179260
1768409 300 2.0959385425812114 10076916420
1768709 300 1.989929762949956 9145976790
1769009 300 1.923508340649693 8430752700
1769309 300 1.9934381035996487 8443876080
1769609 300 2.0246812993854255 8450437770
1769909 300 2.04596839332748 8449617570
1770209 300 2.0830904302019313 8449617570
1770509 300 2.0963178226514487 8443055880
1770809 300 2.0927620719929765 8449617570
1771109 300 2.1985812115891132 9204211800
1771409 300 2.169945566286216 8836757220
1771709 300 1.8558542581211588 8469302640
1772009 300 1.9190517998244072 8475864330
1772309 300 2.1541580333625987 8469302640
1772609 300 2.168855136084284 8482426020
1772909 300 2.1988182616330114 8475044100
1773209 300 2.2387374890254614 8468482410
1773509 300 2.2222388059701492 8567727960
1773809 300 2.1967322212467075 9145156590
1774109 300 2.2238981562774365 8495549400
1774409 300 2.206071992976295 8502111090
1774709 300 2.214321334503951 8502111090
1775009 300 2.1774363476733978 8515234440
1775309 300 2.233190517998244 8534919510
1775609 300 2.234043898156277 8541481200
1775909 300 2.2121878841088676 8548042890
1776209 300 2.2036066725197543 8935182540
1776509 300 2.218446005267779 8534099310
1776809 300 2.2327164179104475 8534099310
1777109 300 2.2270746268656714 8540661000
1777409 300 2.1864442493415277 8534099310
1777709 300 2.219251975417033 8541481200
1778009 300 2.2173555750658474 8553784380
1778309 300 2.239638279192274 8567727960
1778609 300 2.202231782265145 9361692330
1778909 300 2.205882352941176 8580851340
1779209 300 2.2209587357330993 8574289650
1779509 300 2.206166812993854 8575109880
1779809 300 2.2272642669007903 8575109880
1780109 300 2.229113257243196 8574289650
1780409 300 2.178953467954346 8573469450
1780709 300 2.2473187006145743 8573469450
1781009 300 2.19644776119403 8573469450
1781309 300 2.204934152765584 10371372180
1781609 300 2.2177348551360843 9893189130
1781909 300 2.2139894644424936 8600536410
1782209 300 2.179285338015803 8600536410
1782509 300 2.2125197541703248 8600536410
1782809 300 2.2092010535557502 8600536410
1783109 300 2.170087796312555 8601356610
1783409 300 2.229113257243196 8601356610
1783709 300 2.2457067603160668 8607098100
1784009 300 2.23622475856014 8666153310
1784309 300 2.193129060579456 9611036490
1784609 300 2.2028007023705003 9078719490
1784909 300 2.2166918349429325 9072157800
1785209 300 2.2247515364354697 9072978000
1785509 300 2.2318630377524147 9079539690
1785809 300 2.2266005267778755 9079539690
1786109 300 2.2296821773485513 9079539690
1786409 300 2.239069359086918 9072978000
1786709 300 2.2352765583845478 9093483300
1787009 300 2.1853538191395963 9853818990
1787309 300 2.2224758560140474 9113168340
1787609 300 2.218446005267779 9113168340
1787909 300 2.2091062335381917 9113168340
1788209 300 2.208537313432836 9113168340
1788509 300 2.2230921861281825 9112348140
1788809 300 2.1995768217734852 9112348140
1789109 300 2.256089552238806 9113168340
1789409 300 2.2574170324846357 9171403350
1789709 300 2.1966848112379282 9420747510
1790009 300 2.2174503950834064 9106606650
1790309 300 2.1998138718173834 9100044990
1790609 300 2.2386900790166813 9100044990
1790909 300 2.2286391571553996 9100044990
1791209 300 2.191991220368745 9100044990
1791509 300 2.2096751536435466 9100044990
1791809 300 2.2590289727831427 9158279970
1792109 300 2.234612818261633 9939120930
1792409 300 2.222807726075505 9125471520
1792709 300 2.2284969271290604 9125471520
1793009 300 2.225604916593503 9125471520
1793309 300 2.185401229148376 9125471520
1793609 300 2.218967515364355 9125471520
1793909 300 2.2138946444249337 9126291720
1794209 300 2.2263634767339773 9126291720
1794509 300 2.220484635645303 9164841660
1794809 300 2.2250834064969274 9807887160
1795109 300 2.2011887620719928 9112348140
1795409 300 2.2592186128182616 9112348140
1795709 300 2.195926251097454 9118909830
1796009 300 2.241202809482002 9105786450
1796309 300 2.2465601404741 9099224760
1796609 300 2.208774363476734 9106606650
1796909 300 2.2305829675153643 9107426880
1797209 300 2.2319578577699737 9107426880
1797509 300 2.1942669007901667 10268025600
1797809 300 2.2144635645302895 10504246380
1798109 300 2.2038437225636525 9145976790
1798409 300 2.2543353819139593 9152538480
1798709 300 2.2269323968393326 9139415100
1799009 300 2.259692712906058 9145156590
1799309 300 2.230345917471466 9059854620
