1579205 300 1.0437208077260756 12494898750
1579505 300 0.9755452151009658 12134005860
1579805 300 0.9748340649692713 12126623970
1580105 300 0.9691448639157156 12126623970
1580405 300 0.9437805092186128 12126623970
1580705 300 0.953025460930641 12125803770
1581005 300 0.9304582967515366 12126623970
1581305 300 1.0065513608428447 13950773490
1581605 300 0.9855013169446883 14232926100
1581905 300 0.9340140474100089 12723737670
1582205 300 0.9247216856892011 12724557870
1582505 300 0.9531202809482001 12717996180
1582805 300 0.960990342405619 12665502660
1583105 300 0.9461510096575945 12567077340
1583405 300 0.9599947322212466 12455528610
1583705 300 0.9752133450395083 12526887000
1584005 300 1.0132361720807728 13235549400
1584305 300 0.9961685689201054 12920588310
1584605 300 0.965873573309921 12617930430
1584905 300 0.9484266900790167 12532628460
1585205 300 0.9413625987708516 12474393480
1585505 300 0.9246268656716418 12395653200
1585805 300 0.912537313432836 12245554590
1586105 300 0.9061843722563653 12120062280
1586405 300 0.9768252853380157 12402214890
1586705 300 0.974739244951712 12362844780
1587005 300 0.9714679543459176 12139747350
1587305 300 0.9656365232660228 12133185660
1587605 300 0.9422159789288849 12133185660
1587905 300 0.937190517998244 12126623970
1588205 300 0.93899209833187 12133185660
1588505 300 0.9261913959613697 12159432420
1588805 300 0.999961369622476 12895161780
1589105 300 0.9940825285338016 12704872800
1589405 300 0.9244372256365232 12153690930
1589705 300 0.9554433713784021 12153690930
1590005 300 0.9296523266022827 12153690930
1590305 300 0.91713608428446 12147129240
1590605 300 0.8929095697980686 12147129240
1590905 300 0.9363371378402109 12298048080
1591205 300 0.9993924495171203 12856611870
1591505 300 0.9379016681299385 12337418220
1591805 300 0.9083178226514486 12232431210
1592105 300 0.9195065847234416 12219307830
1592405 300 0.8929569798068481 12211925910
1592705 300 0.9625548726953468 12219307830
1593005 300 0.947857769973661 12219307830
1593305 300 0.9361000877963127 12350541600
1593605 300 0.9763037752414399 12934531920
1593905 300 0.9102616330114135 12717996180
1594205 300 0.9096927129060579 12718816380
1594505 300 0.9124899034240561 12717996180
1594805 300 0.9240105355575066 12723737670
1595105 300 0.9376646180860403 12717996180
1595405 300 0.9040509218612818 12789354540
1595705 300 0.9771571553994732 14501955330
1596005 300 0.9419315188762072 14332171650
1596305 300 0.9251957857769975 12843488490
1596605 300 0.9146233538191397 12841848060
1596905 300 0.9121580333625989 12828724680
1597205 300 0.910972783143108 12843488490
1597505 300 0.9049991220368744 12836926800
1597805 300 0.8928147497805092 12836926800
1598105 300 0.9148604038630379 12889420290
1598405 300 0.9452502194907814 13310188590
1598705 300 0.915618964003512 12831185310
1599005 300 0.9059473222124671 12495718980
1599305 300 0.9066584723441616 12796736430
1599605 300 0.884897278314311 12501460440
1599905 300 0.8851817383669887 12502280670
1600205 300 0.8800614574187884 12508842360
1600505 300 0.9173257243195785 12653199510
1600805 300 0.9123476733977173 12895161780
1601105 300 0.8812941176470588 12803298120
1601405 300 0.8596277436347675 12770489700
1601705 300 0.8737559262510975 12534268890
1602005 300 0.8789710272168569 12562156080
1602305 300 0.8830482879719053 12535909320
1602605 300 0.9049043020193153 12529347630
1602905 300 0.9870658472344163 13244571720
1603205 300 0.9182739244951711 13073967810
1603505 300 0.9051887620719931 12658940970
1603805 300 0.9267129060579455 12654019710
1604105 300 0.8766005267778754 12553953960
1604405 300 0.9002107111501316 12384170250
1604705 300 0.8940000000000001 12370226670
1605005 300 0.9236786654960492 12507201930
1605305 300 0.9594732221246708 12756546090
1605605 300 0.9040983318700615 12415338270
1605905 300 0.9099771729587358 12415338270
1606205 300 0.8940948200175594 12415338270
1606505 300 0.8675926251097456 12415338270
1606805 300 0.8798244073748902 12402214890
1607105 300 0.8965601404741003 12546572070
1607405 300 0.937854258121159 12738501450
1607705 300 0.8873625987708518 12503100870
1608005 300 0.8962756804214225 12377608560
1608305 300 0.903766461808604 12377608560
1608605 300 0.9033397717295875 12377608560
1608905 300 0.9342036874451273 12377608560
1609205 300 0.903387181738367 12371867100
1609505 300 0.89528007023705 12371867100
1609805 300 1.0334328358208955 13315109880
1610105 300 0.9675329236172082 13269178050
1610405 300 0.8908235294117648 12817241730
1610705 300 0.9114942932396839 12818061930
1611005 300 0.8880737489025461 12785253480
1611305 300 0.899025460930641 12626132520
1611605 300 0.8923406496927129 12540830580
1611905 300 0.8985513608428447 12540010380
1612205 300 0.9168990342405618 12789354540
1612505 300 0.9358630377524145 14625807210
1612805 300 0.9444442493415278 14324789730
1613105 300 0.9069903424056189 13596442290
1613405 300 0.8787813871817385 12874656510
1613705 300 0.8796347673397718 12874656510
1614005 300 0.8994047410008781 12802477920
1614305 300 0.8884056189640035 12586762410
1614605 300 0.9137225636523265 12540010380
1614905 300 0.9169464442493417 12572818800
1615205 300 0.9278981562774364 13118259210
1615505 300 0.8939525899912204 12797556660
1615805 300 0.8857506584723442 12803298120
1616105 300 0.8638472344161545 12750804630
1616405 300 0.8732344161545216 12638435700
1616705 300 0.8884056189640035 12559695420
1617005 300 0.9188902546093065 12644997390
1617305 300 0.9454872695346795 13327413030
1617605 300 0.9348674275680422 13111697520
1617905 300 0.8987884108867429 12830365110
1618205 300 0.8663125548726953 12706513230
1618505 300 0.8639420544337139 12516224250
1618805 300 0.8796821773485514 12424360590
1619105 300 0.8748937664618086 12338238420
1619405 300 0.9031975417032486 12252116280
1619705 300 0.9016330114135207 13281481200
1620005 300 0.9136277436347675 13052642310
1620305 300 0.9023441615452152 12795916230
1620605 300 0.883190517998244 13078068870
1620905 300 0.8729499561018437 12738501450
1621205 300 0.8900175592625109 12607267680
1621505 300 0.8626619841966638 12502280670
1621805 300 0.9187480245829674 12521965710
1622105 300 0.9678173836698859 12771309900
1622405 300 0.9551589113257244 12528527400
1622705 300 0.9312168568920106 12527707200
1623005 300 0.9568656716417911 12474393480
1623305 300 0.9276611062335383 12290666190
1623605 300 0.9438279192273924 12258677970
1623905 300 0.9210711150131694 12258677970
1624205 300 0.9595680421422301 12270981120
1624505 300 0.9664424934152767 13990143600
1624805 300 0.9737436347673397 13997525520
1625105 300 0.9367164179104477 12948475500
1625405 300 0.928988586479368 12345620340
1625705 300 0.6573292361720808 7336591080
1626005 205 0.6431062335381914 7335770880
1626210 95 0.9516505706760315 12343979910
1626305 300 0.9223511852502196 12339058650
1626605 300 0.9088393327480248 12331676760
1626905 300 0.9405092186128183 12357923490
1627205 300 1.0023792800702371 13139584680
1627505 300 0.9526461808604038 12640896330
1627805 300 0.9596154521510096 12358743720
1628105 300 0.9610377524143987 12339058650
1628405 300 0.9690026338893767 12339058650
1628705 300 0.9502756804214223 12338238420
1629005 300 0.9548270412642669 12332496960
1629305 300 0.9653520632133451 12430102080
1629605 300 1.0035171202809483 12679446270
1629905 300 0.9660632133450396 12318553380
1630205 300 0.9429745390693592 12311991690
1630505 300 0.9813766461808604 12311991690
1630805 300 0.9457243195785777 12305430000
1631105 300 0.9658261633011415 12306250200
1631405 300 1.0233345039508341 12306250200
1631705 300 0.9855961369622477 12306250200
1632005 300 1.005081650570676 13178954820
1632305 300 0.9819929762949957 13461107430
1632605 300 0.9544003511852504 12896802210
1632905 300 0.9455346795434592 12877937340
1633205 300 0.9623652326602283 12871375650
1633505 300 0.9709464442493416 12831185310
1633805 300 0.9537840210711152 12752445030
1634105 300 0.9491378402107112 12745883370
1634405 300 1.0312993854258121 13547229600
1634705 300 0.9872080772607551 13087091190
1635005 300 0.9777260755048289 12640896330
1635305 300 0.9657787532923618 12627772950
1635605 300 0.9700930640913081 12490797690
1635905 300 0.9591413520632135 12398113860
1636205 300 0.9554907813871818 12425180820
1636505 300 0.9567234416154523 12418619130
1636805 300 0.9929920983318701 12832005510
1637105 300 1.0020948200175592 12699951540
1637405 300 0.9560597014925373 12391552170
1637705 300 0.9669640035118525 12391552170
1638005 300 0.9986812993854259 12398113860
1638305 300 1.0032800702370501 12384990480
1638605 300 0.9837471466198421 12378428790
1638905 300 0.9681018437225637 12450607350
1639205 300 1.0422036874451273 13402872450
1639505 300 1.0020948200175592 13206021780
1639805 300 0.9843634767339773 12792635400
1640105 300 0.9583353819139597 12785253480
1640405 300 0.9776786654960491 12772950330
1640705 300 0.9653520632133451 12648278220
1641005 300 0.994177348551361 12497359380
1641305 300 0.9989657594381037 12392372370
1641605 300 0.9692396839332749 12412057440
1641905 300 1.0253731343283583 13901560800
1642205 300 1.032721685689201 14505236190
1642505 300 0.9946514486391573 13631711340
1642805 300 0.9730324846356452 12805758780
1643105 300 0.9780105355575066 12740141880
1643405 300 0.97886391571554 12745883370
1643705 300 0.9467673397717298 12667143090
1644005 300 0.9534047410008781 12483415800
1644305 300 0.9503705004389816 12444045660
1644605 300 0.9433538191395963 12444045660
1644905 300 1.01873573309921 13100214540
1645205 300 1.0255627743634768 13265076990
1645505 300 1.01740825285338 12759826950
1645805 300 0.9955522388059702 12746703570
1646105 300 0.9790535557506586 12740141880
1646405 300 1.0027585601404743 12739321680
1646705 300 0.9833204565408252 12733580190
1647005 300 0.9653520632133451 12641716530
1647305 300 0.9762089552238806 12713074920
1647605 300 1.027222124670764 13093652880
1647905 300 0.9794802458296752 12909925590
1648205 300 0.9772045654082528 12713895120
1648505 300 1.0101545215100967 12694210050
1648805 300 0.9708516242317824 12700771740
1649105 300 0.9936084284460053 12608087880
1649405 300 0.9275662862159789 12522785940
1649705 300 0.9959315188762072 12595784730
1650005 300 1.0303511852502194 13291323750
1650305 300 1.0270798946444248 12759826950
1650605 300 0.974739244951712 12438304200
1650905 300 0.968955223880597 12430922280
1651205 300 0.9659683933274803 12431742510
1651505 300 0.9594732221246708 12438304200
1651805 300 0.9502282704126428 12438304200
1652105 300 0.9758770851624232 12477674310
1652405 300 1.029924495171203 13468489350
1652705 300 1.0034697102721686 13166651640
1653005 300 0.9520772607550484 12891060720
1653305 300 0.9597576821773485 12884499030
1653605 300 0.9616066725197541 12884499030
1653905 300 0.9434486391571555 12799197090
1654205 300 0.9188428446005268 12576099660
1654505 300 0.9404143985952591 12517864680
1654805 300 1.0411606672519755 13999986150
1655105 300 1.0239508340649692 14006547840
1655405 300 0.9975908691834943 12543291210
1655705 300 0.9315487269534679 12543291210
1656005 300 0.9349622475856014 12562976280
1656305 300 0.8982669007901669 12549852900
1656605 300 0.8737559262510975 12418619130
1656905 300 0.8658858647936787 12372687300
1657205 300 0.8701527655838454 12359563920
1657505 300 0.9522194907813872 12635154870
1657805 300 0.9673906935908694 13246212120
1658105 300 0.9002581211589114 13167471870
1658405 300 0.8802036874451273 12872195880
1658705 300 0.9044776119402985 12885319230
1659005 300 0.8869359086918349 12799197090
1659305 300 0.8701527655838454 12727838700
1659605 300 0.8555978928884987 12675345210
1659905 300 0.8441246707638279 12628593180
1660205 300 0.9123950834064971 13185516510
1660505 300 0.8856084284460053 13447984080
1660805 300 0.9011589113257243 12956677620
1661105 300 0.8727129060579455 12956677620
1661405 300 0.8620456540825285 12898442610
1661705 300 0.8425127304653206 12695030280
1662005 300 0.8406637401229148 12668783520
1662305 300 0.8465899912203687 12595784730
1662605 300 0.8584424934152766 12491617920
1662905 300 0.8696786654960491 12380069190
1663205 300 0.8854661984196663 13036238100
1663505 300 0.8630412642669008 13002609420
1663805 300 0.8693942054433713 12392372370
1664105 300 0.8490079016681299 12385810680
1664405 300 0.8599122036874451 12372687300
1664705 300 0.8531799824407374 12366125610
1665005 300 0.8506198419666373 12353002230
1665305 300 0.8492449517120281 12353002230
1665605 300 0.8434609306409131 12353002230
1665905 300 0.8449780509218612 12366945810
1666205 300 0.9147181738366987 13022294490
1666505 300 0.8601492537313433 13120719840
1666805 300 0.8388147497805092 13002609420
1667105 300 0.8559771729587358 12943554240
1667405 300 0.8671185250219492 12766388640
1667705 300 0.8618560140474101 12713895120
1668005 300 0.8775961369622476 12667963290
1668305 300 0.8655065847234418 12668783520
1668605 300 0.8287164179104478 12655660140
1668905 300 0.8873151887620719 13941751140
1669205 300 0.9072748024582968 14322329100
1669505 300 0.8877892888498683 14880072660
1669805 300 0.8500035118525021 13042799790
1670105 300 0.8858454784899035 13028856180
1670405 300 0.8708639157155399 13015732800
1670705 300 0.8656488147497806 12871375650
1671005 300 0.8633257243195787 12845128890
1671305 300 0.8523740122914838 12694210050
1671605 300 0.852611062335382 12570358170
1671905 300 0.8892115891132574 13390569300
1672205 300 0.862899034240562 13646475150
1672505 300 0.8233116769095699 12917307480
1672805 300 0.8222686567164178 12891880920
1673105 300 0.808899034240562 12858252270
1673405 300 0.8100368744512731 12687648360
1673705 300 0.8045847234416155 12615469800
1674005 300 0.8155838454784899 12589223040
1674305 300 0.8337892888498682 12582661350
1674605 300 0.7895557506584724 13461927660
1674905 300 0.7849569798068481 12838567200
1675205 300 0.7804530289727832 12812320470
1675505 300 0.7863318700614575 12805758780
1675805 300 0.7973784021071115 12891880920
1676105 300 0.8390043898156279 13449624480
1676405 300 0.8150623353819141 12753265260
1676705 300 0.7826812993854259 12760647150
1677005 300 0.7942019315188763 12753265260
1677305 300 0.8076663740122916 12608908110
1677605 300 0.8098946444249342 12622851690
1677905 300 0.7940122914837576 12478494540
1678205 300 0.7977102721685689 12445686090
1678505 300 0.7868533801580334 12464550960
1678805 300 0.7956716417910449 12451427580
1679105 300 0.7956716417910449 12457989270
1679405 300 0.7741474978050921 12471932850
1679705 300 0.7848147497805091 12452247780
1680005 300 0.7722985074626867 12452247780
1680305 300 0.794865671641791 12452247780
1680605 300 0.801313432835821 12438304200
1680905 300 0.8166268656716418 12432562710
1681205 300 0.7785092186128183 12451427580
1681505 300 0.784577699736611 12452247780
1681805 300 0.7964302019315189 12444865890
1682105 300 0.7782247585601406 12451427580
1682405 300 0.8324618086040385 13953234120
1682705 300 0.8254451273046531 14697165570
1683005 300 0.8215575065847234 14499494700
1683305 300 0.8152045654082529 13042799790
1683605 300 0.7943915715539949 13042799790
1683905 300 0.7879912203687445 13626790080
1684205 300 0.7688375768217734 12851690580
1684505 300 0.7923055311676909 12845949120
1684805 300 0.7976628621597893 12793455600
1685105 300 0.7999385425812116 12609728310
1685405 300 0.8411852502194908 13232268540
1685705 300 0.8460210711150132 12695030280
1686005 300 0.7916417910447762 12681086670
1686305 300 0.7809271290605796 12570358170
1686605 300 0.7820175592625112 12465371160
1686905 300 0.7563213345039508 12380069190
1687205 300 0.7536663740122916 12380889420
1687505 300 0.7515803336259876 12400574490
1687805 300 0.7995118525021949 13391389500
1688105 300 0.7981369622475857 13305267330
1688405 300 0.7375469710272169 13036238100
1688705 300 0.7579332748024583 13036238100
1689005 300 0.7741949078138719 12958318020
1689305 300 0.7402019315188763 12905004300
1689605 300 0.7444214223002634 12827084250
1689905 300 0.7609201053555752 12669603720
1690205 300 0.7433309920983319 12689288790
1690505 300 0.7728674275680422 13161730380
1690805 300 0.7539982440737488 13050181680
1691105 300 0.7330904302019315 12938632980
1691405 300 0.7294872695346796 12932071290
1691705 300 0.7443740122914838 12925509600
1692005 300 0.7617260755048287 12735220620
1692305 300 0.746033362598771 12472753050
1692605 300 0.7361246707638279 12387451110
1692905 300 0.8098472344161545 12833645940
1693205 300 0.8208937664618086 13206842010
1693505 300 0.7851466198419667 13029676410
1693805 300 0.776470588235294 13029676410
1694105 300 0.7787462686567165 13023114720
1694405 300 0.8189973661106235 12800017290
1694705 300 0.7651395961369623 12635975070
1695005 300 0.8033046532045655 12727838700
1695305 300 0.822647936786655 13029676410
1695605 300 0.791025460930641 12792635400
1695905 300 0.7798841088674275 12576099660
1696205 300 0.7648077260755048 15019508550
1696505 300 0.740628621597893 12853331010
1696805 300 0.7343705004389816 12853331010
1697105 300 0.7601141352063213 12845949120
1697405 300 0.7531448639157157 12859072500
1697705 300 0.7965250219490783 14584796670
1698005 300 0.7960035118525022 13922066100
1698305 300 0.8129288849868305 13009991340
1698605 300 0.7896505706760317 13004249850
1698905 300 0.7893187006145742 12983744580
1699205 300 0.7783669885864795 12761467380
1699505 300 0.7588340649692714 12695850480
1699805 300 0.7571273046532047 12590863470
1700105 300 0.7617734855136085 12608908110
1700405 300 0.7450851624231782 12576919860
1700705 300 0.7578858647936787 12562976280
1701005 300 0.7678419666374012 12576919860
1701305 300 0.80401580333626 13180595250
1701605 300 0.7882282704126427 13174853760
1701905 300 0.7640491659350307 12518684880
1702205 300 0.739585601404741 12518684880
1702505 300 0.7601141352063213 12512123190
1702805 300 0.7746690079016683 12505561500
1703105 300 0.7510588235294118 12479314740
1703405 300 0.7412449517120281 12478494540
1703705 300 0.7415768217734856 12544931640
1704005 300 0.8047269534679544 13476691440
1704305 300 0.7755223880597015 13601363550
1704605 300 0.7427146619841967 13134663420
1704905 300 0.7394907813871817 13128101730
1705205 300 0.7521018437225637 13049361480
1705505 300 0.7403441615452152 12996867960
1705805 300 0.7395381913959613 12996047730
1706105 300 0.7329956101843723 12872195880
1706405 300 0.7755697980684811 13443883020
1706705 300 0.7608252853380159 13437321330
1707005 300 0.7485460930640913 12761467380
1707305 300 0.7322370500438983 12781972650
1707605 300 0.7580280948200175 12773770530
1707905 300 0.7272115891132573 12748344000
1708205 300 0.770686567164179 12755725890
1708505 300 0.7719192273924494 12736040820
1708805 300 0.7980421422300263 12893521350
1709105 300 0.8064811237928008 13404512880
1709405 300 0.7838191395961369 13089551820
1709705 300 0.7457014925373134 13082990130
1710005 300 0.7799789288849869 13076428440
1710305 300 0.7299139596136962 12938632980
1710605 223 0.7653766461808604 12780332220
1710828 77 0.5557769973661106 12780332220
1710905 107 0.5472906057945566 12562976280
1711012 2 0.5288007023705005 8342990130
1711014 1 0.5288007023705005 8009164200
1711015 14 0.5288007023705005 8009164200
1711029 2 0.5288007023705005 8009164200
1711031 1 0.5288007023705005 8009164200
1711032 173 0.5892010535557507 9611856720
1711205 300 0.683025460930641 12281643870
1711505 300 0.8061018437225638 13319210910
1711805 300 0.7906935908691834 13456186170
1712105 300 0.7859525899912203 12852510810
1712405 300 0.811459174714662 12786893910
1712705 186 0.8296646180860405 12800017290
1712891 114 0.6122423178226515 12786893910
1713005 71 0.6308744512730466 12576919860
1713076 4 0.6187374890254609 7904997390
1713080 9 0.6087813871817385 7904997390
1713089 216 0.6591308165057068 9883346580
1713305 300 0.7854310798946444 12261958800
1713605 44 0.794865671641791 12302149140
1713649 184 0.5944161545215101 12229970580
1713833 2 0.5775381913959614 7578553380
1713835 1 0.5775381913959614 7512936480
1713836 8 0.5775381913959614 7512116280
1713844 61 0.6241422300263388 8370057090
1713905 211 0.6940245829675153 12558055020
1714116 89 0.48864442493415283 12551493330
1714205 95 0.6163195785776998 13404512880
1714300 5 0.6011483757682178 8789184960
1714305 1 0.5956014047410009 8739152100
1714306 8 0.5956014047410009 8739152100
1714314 1 0.5956014047410009 8739152100
1714315 190 0.6523037752414399 10556739900
1714505 300 0.7250307287093942 11672227020
1714805 300 0.8010289727831432 11705855670
1715105 300 0.8182862159789289 11700114180
1715405 300 0.7768024582967515 11718979050
1715705 300 0.7871378402107111 11712417360
1716005 300 0.8348323090430203 11731282200
1716305 300 0.829332748024583 11875639380
1716605 300 0.8276733977172959 12099557010
1716905 300 0.7806426690079018 11975705130
1717205 300 0.7505847234416154 11771472570
1717505 300 0.7472186128182617 11757528960
1717805 300 0.7510588235294118 11758349190
1718105 300 0.7830605794556629 11777214030
1718405 300 0.7531922739244953 11763270450
1718705 300 0.798231782265145 11848572390
1719005 300 0.8198981562774363 12617110200
1719305 300 0.7958138718173837 12361204350
1719605 300 0.7629587357330991 11810022480
1719905 300 0.7876593503072871 11790337410
1720205 300 0.7703546971027218 11791157610
1720505 300 0.7711606672519754 11797719300
1720805 300 0.7612045654082529 11869897890
1721105 300 0.761441615452151 11823966060
1721405 300 0.769169446883231 11837089440
1721705 300 0.8284319578577699 12795096030
1722005 300 0.8068129938542581 13162550610
1722305 300 0.8234064969271292 12447326520
1722605 300 0.7791729587357332 12060186870
1722905 300 0.8226953467954347 11876459580
1723205 300 0.827009657594381 11876459580
1723505 300 0.8512835820895523 11909268030
1723805 300 0.8888323090430201 11896144650
1724105 300 0.9284670763827918 11895324450
1724405 300 0.9901000877963126 12715535550
1724705 300 0.9519350307287093 12971441400
1725005 300 0.929367866549605 12971441400
1725305 300 0.8862247585601404 12650738880
1725605 300 0.8783546971027216 12565436910
1725905 300 0.8875048287971906 12126623970
1726205 300 0.8869833187006146 11949458370
1726505 300 0.8873625987708518 11942896680
1726805 300 0.8957541703248464 11962581750
1727105 300 0.9406040386303776 13589060370
1727405 300 0.9324021071115014 14002446780
1727705 300 0.9319754170324847 13583318910
1728005 300 0.9315013169446883 12749984400
1728305 300 0.9217348551360844 12742602510
1728605 300 0.9153819139596138 12663862230
1728905 300 0.9333028972783144 12250475850
1729205 300 0.8920087796312555 12001131660
1729505 300 0.890776119402985 11988008280
1729805 300 0.9296523266022827 12815601300
1730105 300 0.9306005267778754 13223246220
1730405 300 0.8984091308165059 12809859810
1730705 300 0.8932414398595259 12802477920
1731005 300 0.8936681299385426 13445523420
1731305 300 0.9012063213345038 12257857740
1731605 300 0.8971290605794556 12054445380
1731905 300 0.9328762071992978 12028198650
1732205 300 0.9063740122914838 12041322000
1732505 300 0.9473836698858649 12946835070
1732805 300 0.931169446883231 12435023340
1733105 300 0.938233538191396 12428461650
1733405 300 0.9029130816505708 12427641450
1733705 300 0.8852765583845479 12421899960
1734005 300 0.8767427568042142 12218487600
1734305 300 0.8867462686567165 12041322000
1734605 300 0.8813889376646181 12041322000
1734905 300 0.9012537313432837 12047883690
1735205 300 0.91457594381036 12047883690
1735505 300 0.8806303775241441 12047883690
1735805 300 0.8648428446005267 12041322000
1736105 300 0.8760790166812995 12041322000
1736405 300 0.8802036874451273 12047883690
1736705 300 0.9049517120280949 12113500590
1737005 300 0.9335399473222126 13091192220
1737305 300 0.861334503950834 13255234440
1737605 300 0.8733292361720808 12854971440
1737905 300 0.8682089552238805 12743422710
1738205 300 0.8469218612818261 12533448690
1738505 300 0.8665496049165935 12350541600
1738805 300 0.8816259877085163 12074130450
1739105 300 0.8624723441615453 12218487600
1739405 300 0.8963230904302021 12887779890
1739705 300 0.8775487269534681 12447326520
1740005 300 0.8339315188762073 12125803770
1740305 300 0.8840913081650571 12112680390
1740605 300 0.9004951712028095 12100377210
1740905 300 0.9095504828797192 12093815520
1741205 300 0.9077489025460932 12100377210
1741505 300 0.9274714661984196 12106118700
1741805 300 0.9824670763827918 13733417520
1742105 300 0.9755926251097453 13680924030
1742405 300 0.962791922739245 12552313530
1742705 300 0.9356259877085163 12192240870
1743005 300 0.9300790166812993 12165994110
1743305 300 0.9095978928884988 12165994110
1743605 300 0.898361720807726 12165994110
1743905 300 0.8975557506584725 12165173880
1744205 300 0.8798718173836699 12165994110
1744505 300 0.8964179104477611 12165994110
1744805 300 0.9368586479367867 12999328590
1745105 300 0.9258121158911327 13360221480
1745405 300 0.882953467954346 12914026620
1745705 300 0.8666444249341528 12874656510
1746005 300 0.9083178226514486 12717175980
1746305 300 0.9269499561018437 12717175980
1746605 300 1.3797155399473222 12606447480
1746905 300 1.1795030728709395 12565436910
1747205 300 0.9410307287093943 12329216100
1747505 300 0.9277085162423178 13064125260
1747805 300 0.9291308165057068 12631053810
1748105 300 0.8686356453028973 12257857740
1748405 300 0.9004003511852503 12257037540
1748705 300 0.9178472344161546 13110877290
1749005 300 0.903766461808604 12599065560
1749305 300 0.901443371378402 12599065560
1749605 300 0.8962756804214225 12440764830
1749905 300 0.8598647936786656 12329216100
1750205 300 0.9041931518876208 12925509600
1750505 300 0.8851817383669887 12617930430
1750805 300 0.8735662862159789 12617930430
1751105 300 0.8842335381913959 12512943390
1751405 300 0.8948533801580335 12243914160
1751705 300 0.8563564530289728 12250475850
1752005 300 0.8602440737489027 12270981120
1752305 300 0.8502405618964003 12243914160
1752605 300 0.8427023705004391 12251296050
1752905 300 0.8882159789288852 13117438980
1753205 300 0.8782598770851626 13300346070
1753505 300 0.8490079016681299 12972261630
1753805 300 0.9843634767339773 12959138250
1754105 300 0.8553134328358211 12624492120
1754405 300 0.8391940298507462 12480134970
1754705 300 0.866359964881475 12441585030
1755005 300 0.8112695346795435 12296407680
1755305 300 0.8096575943810361 12316912950
1755605 300 0.8263933274802459 12316912950
1755905 300 0.7972361720807726 14907959850
1756205 300 0.772251097453907 12743422710
1756505 300 1.3259051799824408 14803793040
1756805 300 0.8085197541703247 17231617920
1757105 300 0.817385425812116 14212420830
1757405 300 0.7988007023705004 13628430510
1757705 300 0.7961457418788411 13254414240
1758005 300 0.7790781387181738 13261796130
1758305 300 0.8201352063213345 13260975930
1758605 300 0.7822071992976295 13241290860
1758905 300 0.8171483757682179 14744737830
1759205 300 0.8241650570676032 15446838540
1759505 300 0.8181439859525901 14725052760
1759805 300 0.7946760316066727 13694867610
1760105 300 1.115641791044776 13707990990
1760405 300 0.8293801580333625 14324789730
1760705 300 0.8010289727831432 13662059160
1761005 300 0.8003178226514488 13648935780
1761305 300 0.7862370500438982 13616127330
1761605 300 0.8027831431079896 13478331870
1761905 300 0.827009657594381 13845786450
1762205 300 0.8310395083406498 13477511670
1762505 300 0.7971413520632135 13471770180
1762805 300 0.7888920105355577 13452085110
1763105 300 0.7919262510974538 13314289650
1763405 300 0.7926374012291484 13320851340
1763705 300 0.8186180860403864 13320851340
1764005 300 0.8038261633011413 13242111090
1764305 300 0.8068604038630378 13176494190
1764605 300 0.8451202809482004 14054940300
1764905 300 0.8242598770851626 14173050690
1765205 300 0.801692712906058 13753922820
1765505 300 0.7992748024582967 13740799440
1765805 300 0.8049165935030729 13621868820
1766105 300 0.7956716417910449 13563633840
1766405 300 0.8035417032484636 13360221480
1766705 300 0.7923055311676909 13143685740
1767005 300 0.8246391571553996 13150247430
1767305 300 0.8520895522388059 14036075430
1767605 300 0.8297594381035998 14324789730
1767905 300 0.8053906935908692 13780169550
1768205 300 0.8747989464442493 13793292930
1768505 300 0.901585601404741 13780169550
1768805 300 0.8835697980684812 13550510460
1769105 300 0.9054732221246707 13458646800
1769405 300 0.8732344161545216 13386468240
1769705 300 0.9214978050921863 14770984590
1770005 300 0.9404618086040386 14915341740
1770305 300 0.9077963125548727 14383844940
1770605 300 0.8997840210711151 13196179260
1770905 300 0.8960860403863039 13189617570
1771205 300 0.8747515364354698 13183055880
1771505 300 0.9011115013169448 13202740950
1771805 300 0.8813889376646181 13215044100
1772105 300 0.9045724319578579 13221605790
1772405 300 0.8862721685689202 14009828670
1772705 300 0.9042405618964003 13609565640
1773005 300 0.8539385425812116 13235549400
1773305 300 0.830091308165057 13215864330
1773605 300 0.8554082528533801 13202740950
1773905 300 0.8063388937664617 13189617570
1774205 300 0.7990377524143986 13209302640
1774505 300 0.808235294117647 13235549400
1774805 300 0.8318454784899034 13300346070
1775105 300 0.8475381913959613 14082007260
1775405 300 0.8401422300263389 13524263700
1775705 300 0.8110798946444249 13242111090
1776005 300 0.8033046532045655 13222426020
1776305 300 0.8088516242317823 13209302640
1776605 300 0.8050114135206322 13209302640
1776905 300 0.7960983318700614 13202740950
1777205 300 0.7724881474978051 13215864330
1777505 300 0.7743371378402107 13288042890
1777805 300 0.8217945566286216 13642374090
1778105 300 0.7947708516242317 13202740950
1778405 300 0.7655662862159789 13196179260
1778705 300 0.790646180860404 13189617570
1779005 300 0.7878015803336261 13169112300
1779305 300 0.7811641791044777 13162550610
1779605 300 0.8047269534679544 13155988920
1779905 300 0.810937664618086 13313469450
1780205 300 0.8271992976294995 13844966250
1780505 300 0.7701176470588236 13767046200
1780805 300 0.7823968393327481 13734237750
1781105 300 0.7796470588235296 13727676060
1781405 300 0.7612519754170326 13668620850
1781705 300 0.7748586479367866 13543948770
1782005 300 0.7802633889376646 13419276690
1782305 300 0.7817330992098331 13347098100
1782605 300 0.8052958735733099 13917965040
1782905 300 0.8088042142230027 13550510460
1783205 300 0.7743371378402107 13123180470
1783505 300 0.7829657594381036 13123180470
1783805 300 0.7580755048287974 13124820900
1784105 300 0.7532870939420544 13124820900
1784405 300 0.7612519754170326 13144505940
1784705 300 0.7652818261633011 13282301430
1785005 300 0.8244969271290608 14752119720
1785305 300 0.8345478489903424 14889915210
1785605 300 0.800033362598771 13242931290
1785905 300 0.8095153643546973 13228987710
1786205 300 0.7850517998244073 13222426020
1786505 300 0.7677945566286217 13215864330
1786805 300 0.7475030728709395 13209302640
1787105 300 0.7528604038630378 13196179260
1787405 300 0.7884653204565408 13321671540
1787705 300 0.8328410886742756 13551330660
1788005 300 0.7896979806848112 13328233230
1788305 300 0.753476733977173 13977020220
1788605 300 0.7333748902546093 13202740950
1788905 300 0.7500632133450394 13215864330
1789205 300 0.7414820017559263 13196179260
1789505 300 0.7566057945566287 13202740950
1789805 300 0.8031624231782266 13866291720
1790105 300 0.7788410886742758 13222426020
1790405 300 0.7380684811237928 13215864330
1790705 300 0.7679367866549606 13215864330
1791005 300 0.7251729587357332 13215044100
1791305 300 0.7292502194907814 13202740950
1791605 300 0.7323318700614574 13175673990
1791905 300 0.7589288849868305 13313469450
1792205 300 0.8017875329236173 13628430510
1792505 300 0.76030377524144 13254414240
1792805 300 0.7260737489025461 13254414240
1793105 300 0.7548516242317822 13904021430
1793405 300 0.8243546971027216 13280661000
1793705 300 0.8055803336259877 13260975930
1794005 300 0.8104635645302898 13235549400
1794305 300 0.8243546971027216 13340536410
1794605 300 0.8610500438981562 13668620850
1794905 300 0.8816259877085163 13248672780
1795205 300 0.8091360842844602 13255234440
1795505 300 0.803636523266023 13235549400
1795805 300 0.788702370500439 13235549400
1796105 300 0.7885601404741002 13242111090
1796405 300 0.8053906935908692 13235549400
1796705 300 0.8402844600526778 13221605790
1797005 300 0.893620719929763 13963896840
1797305 300 0.8472063213345041 13772787660
1797605 300 0.8234539069359087 13196179260
1797905 300 0.8182862159789289 13189617570
1798205 300 0.8195662862159789 13183055880
1798505 300 0.8063388937664617 13196179260
1798805 300 0.7967146619841967 13209302640
1799105 300 0.7868533801580334 13196179260
1799405 300 0.7448481123792801 13183876080
1799705 300 0.8315610184372256 14665997550
1800005 300 0.8585373134328359 15066260580
1800305 300 0.8256347673397718 15492770370
1800605 300 0.8189973661106235 13379906550
1800905 300 0.8015504828797192 13327413030
1801205 300 0.8028779631255487 13320851340
1801505 300 0.7889394205443372 13307727960
1801805 300 0.8100368744512731 13314289650
1802105 300 0.819044776119403 13301166270
1802405 300 0.8507620719929765 13438961730
1802705 300 0.8445513608428447 13702249500
1803005 300 0.8338366988586479 13282301430
1803305 300 0.8235013169446883 13274099310
1803605 300 0.8451202809482004 13280661000
1803905 300 0.8515206321334505 13267537620
1804205 300 0.8263459174714664 13260975930
1804505 300 0.8139719051799825 13255234440
1804805 300 0.8137822651448641 13288042890
1805105 300 0.8473959613696225 14286239820
1805405 300 0.8386251097453907 14208319770
1805705 300 0.8157260755048288 13873673640
1806005 300 0.8318454784899034 13873673640
1806305 300 0.8221738366988588 13873673640
1806605 300 0.8207989464442493 13794113160
1806905 300 0.8326988586479367 13590700800
1807205 300 0.8130711150131696 13577577420
1807505 300 0.8171483757682179 13563633840
1807805 300 0.8621878841088676 14278857930
1808105 300 0.8381035996488146 13734237750
1808405 300 0.8181439859525901 13419276690
1808705 300 0.8076189640035119 13753922820
1809005 300 0.7989903424056191 13419276690
1809305 300 0.8008393327480247 13419276690
1809605 300 0.7959561018437226 13432400040
1809905 300 0.8246865671641791 13517702010
1810205 300 0.8382458296751538 13629250710
1810505 300 0.8368709394205445 13438961730
1810805 300 0.8226953467954347 13425838380
1811105 300 0.8131185250219491 13425838380
1811405 300 0.8207041264266902 13438961730
1811705 300 0.8044424934152765 13432400040
1812005 300 1.1872783143107992 14213241030
1812305 300 0.8328884986830554 14751299520
1812605 300 0.8880737489025461 15013767060
1812905 300 0.8324618086040385 14568392430
1813205 300 0.8287638279192275 13694867610
1813505 300 0.8265355575065847 13688305920
1813805 300 0.8181439859525901 13681744230
1814105 300 0.8500035118525021 13675182540
1814405 300 0.865838454784899 13676002740
1814705 300 0.8390992098331871 13662879390
1815005 300 0.8655065847234418 13669441050
1815305 300 0.8875996488147497 15277054830
1815605 300 0.8944741000877963 15762619830
1815905 300 0.8920087796312555 14909600250
1816205 300 0.8107480245829677 13662879390
1816505 300 0.7662774363476733 13655497470
1816805 300 0.7662774363476733 13655497470
1817105 300 0.8088516242317823 13649756010
1817405 300 0.8087093942054434 13645654950
1817705 300 0.7965250219490783 13639093260
1818005 300 0.8046795434591747 13683384660
1818305 300 0.8430816505706761 14510157450
1818605 300 0.8099420544337138 13953234120
1818905 300 0.807097453906936 13631711340
1819205 300 0.7803582089552239 13625149650
1819505 300 0.7976154521510097 13618587990
1819805 300 0.8015504828797192 13618587990
1820105 300 0.7936804214223004 13619408190
1820405 300 0.800033362598771 13619408190
1820705 300 0.7950079016681298 13619408190
1821005 300 0.7922107111501319 13612846500
1821305 300 0.8073819139596137 13606284810
1821605 300 0.7814486391571555 13605464610
1821905 300 0.788702370500439 13598902920
1822205 300 0.8195662862159789 13566094470
1822505 300 0.8527058823529412 14346935430
1822805 300 0.8524214223002634 13907302290
1823105 300 0.831655838454785 13585779540
1823405 300 0.8390043898156279 13579217850
1823705 300 0.8003178226514488 13578397620
1824005 300 0.8024038630377526 13577577420
1824305 300 0.8185232660228271 13577577420
1824605 300 0.8175750658472344 13584139110
1824905 300 0.8586321334503952 13997525520
1825205 300 0.845025460930641 13714552680
1825505 300 0.8335522388059701 13576757220
1825805 300 0.8546022827041265 16641065910
1826105 300 0.7898402107111502 13616127330
1826405 300 0.7881334503950833 13623509250
1826705 300 0.8075715539947321 13616947560
1827005 300 0.8034468832309043 13611206070
1827305 300 0.8281474978050921 15166326330
1827605 300 0.8237857769973662 14411732130
1827905 300 0.8414223002633889 13644014520
1828205 300 0.8174802458296753 13644014520
1828505 300 0.8220790166812995 13636632630
1828805 300 0.8077611940298507 14476528800
1829105 300 0.8255399473222125 13872853410
1829405 300 0.842180860403863 13904841660
1829705 300 0.8107954345917472 13906482090
1830005 300 0.792163301141352 13900740600
1830305 300 0.863420544337138 14674199670
1830605 300 0.8631360842844602 14163208140
1830905 300 0.9168042142230026 14162387940
1831205 300 1.0607410008779632 14150084760
1831505 300 1.2769780509218611 14169769830
1831805 300 0.8368709394205445 14136141180
1832105 300 0.8588691834942932 14129579490
1832405 300 0.8698208955223882 14128759290
1832705 300 0.8955171202809482 14128759290
1833005 300 0.9501334503950835 14738996340
1833305 300 0.9348674275680422 14745558030
1833605 300 0.8792554872695348 14029513740
1833905 300 0.8423705004389815 13990143600
1834205 300 0.8377717295873575 13846606650
1834505 300 0.8253977172958736 13735878150
1834805 300 0.8410904302019316 13743260070
1835105 300 0.8261088674275682 13735878150
1835405 300 0.8256821773485513 13755563220
1835705 300 0.8308972783143109 13767866400
1836005 300 0.8275311676909571 13754743020
1836305 300 0.8610500438981562 14443720350
1836605 300 0.8413748902546093 14509337250
1836905 300 0.8016453028972782 13767866400
1837205 300 0.7932537313432836 13762124910
1837505 300 0.8143037752414399 13755563220
1837805 300 0.8154416154521511 13722754800
1838105 300 0.8151097453906936 13709631420
1838405 300 0.7975206321334505 13709631420
1838705 300 0.812881474978051 13703069730
1839005 300 0.8465425812115891 14595459420
1839305 300 0.8356856892010537 14490472380
1839605 300 0.8055803336259877 14221443150
1839905 300 0.7986584723441615 14194376160
1840205 300 0.8226005267778753 14030333940
1840505 300 0.8193292361720808 13945032000
1840805 300 0.804395083406497 13814618430
1841105 300 0.8218419666374013 13821180120
1841405 300 0.807476733977173 13841685390
1841705 300 0.8279578577699738 15554286180
1842005 300 0.8751308165057068 15626464770
1842305 300 0.8642739244951714 14668458210
1842605 300 0.8170061457418789 14320688700
1842905 300 0.8209885864793679 14327250360
1843205 300 0.8054381035996487 14319868470
1843505 300 0.8140667251975419 14313306780
1843805 300 1.002521510096576 14136141180
1844105 300 1.0238086040386305 13939290510
1844405 300 0.7841035996488148 13860550260
1844705 300 0.8440298507462688 14583156240
1845005 300 0.8383880597014925 14825938740
1845305 300 0.8002230026338895 14314127010
1845605 300 0.8148252853380159 14320688700
1845905 300 0.8162949956101845 14314127010
1846205 300 0.8263459174714664 14084467890
1846505 300 0.853511852502195 13835123700
1846805 300 0.8301861281826164 13756383450
1847105 300 0.8229798068481123 13762945140
1847405 300 0.8318928884986831 13769506830
1847705 300 0.8475381913959613 13756383450
1848005 300 0.8257295873573312 13769506830
1848305 300 0.7768972783143109 13776068520
1848605 300 0.7956716417910449 13762945140
1848905 300 0.8092783143107991 13749821760
1849205 300 0.7953397717295874 13782630210
1849505 300 0.8366812993854259 14602841310
1849805 300 0.852611062335382 14071344510
1850105 300 0.8251606672519755 13781809980
1850405 300 0.7996066725197543 13776068520
1850705 300 0.8120280948200176 13769506830
1851005 300 0.8093731343283583 13776068520
1851305 300 0.8233590869183494 13762945140
1851605 300 0.8071448639157155 13749821760
1851905 300 0.838198419666374 14353497120
1852205 300 0.8177647058823531 14353497120
1852505 300 0.8400000000000001 13736698380
1852805 300 0.8091360842844602 13742439840
1853105 300 0.811601404741001 13728496260
1853405 300 0.8408059701492538 13729316490
1853705 300 0.8189499561018436 13742439840
1854005 300 0.7882756804214224 13741619640
1854305 300 0.7899824407374891 13741619640
1854605 300 0.8039683933274802 13762124910
1854905 300 0.8324618086040385 14476528800
1855205 300 0.7983740122914839 14424855510
1855505 300 0.7751431079894646 13755563220
1855805 300 0.7942019315188763 13749821760
1856105 300 0.7864741000877964 13755563220
1856405 300 0.8022616330114136 13755563220
1856705 300 0.8188551360842846 13755563220
1857005 300 0.8056751536435469 13755563220
1857305 300 0.8138770851624232 13762945140
1857605 300 0.8240228270412644 15166326330
1857905 300 0.8214152765583846 15659273220
1858205 300 0.7969517120280948 14694704940
1858505 300 0.7961457418788411 13743260070
1858805 300 0.8056751536435469 13749821760
1859105 300 0.8082827041264267 13749821760
1859405 300 0.8123125548726953 13749001530
1859705 300 0.8270570676031608 13749821760
1860005 300 0.8257295873573312 13743260070
1860305 300 0.7941545215100967 13730136690
1860605 300 0.8293801580333625 14031974370
1860905 300 0.8379139596136963 14602841310
1861205 300 0.7785092186128183 14536404210
1861505 300 0.7728200175592627 14234566530
1861805 300 0.7957664618086042 14117276340
1862105 300 0.7960509218612819 14117276340
1862405 300 0.7677471466198419 14109894420
1862705 300 0.7769920983318701 14083647660
1863005 300 0.7910728709394206 13985222340
1863305 300 0.8195662862159789 14412552330
1863605 75 0.8187603160667253 14123838030
1863680 5 0.6109622475856015 13931088420
1863685 7 0.6068849868305531 13676002740
1863692 1 0.5996786654960493 13653857040
1863693 11 0.5996786654960493 13653857040
1863704 160 0.6075961369622476 14038536060
1863864 4 0.668091308165057 8995878150
1863868 1 0.5883476733977173 8861363550
1863869 8 0.5883476733977173 8861363550
1863877 28 0.6330553116769095 9337086000
1863905 300 0.6099666374012291 11864156400
1864205 300 0.7826812993854259 13308548190
1864505 300 0.786379280070237 13164191010
1864805 300 0.7539508340649693 13151887860
1865105 300 0.7689323968393328 13170752700
1865405 296 0.8082827041264267 13329053460
1865701 4 0.721332748024583 13245391920
1865705 2 0.7364091308165057 13633351770
1865707 3 0.7294398595259 13566914670
1865710 9 0.7132256365232661 13566914670
1865719 165 0.7195785776997367 13964717070
1865884 3 0.7418612818261634 8780982840
1865887 1 0.6487480245829675 8780982840
1865888 9 0.6487480245829675 8780982840
1865897 108 0.7139841966637401 10003097400
1866005 300 0.6602212467076383 12709794060
1866305 207 0.7827287093942055 13307727960
1866512 5 0.5739350307287094 13097753910
1866517 4 0.5769218612818262 12876296910
1866521 8 0.5646900790166813 12876296910
1866529 1 0.5646900790166813 12876296910
1866530 1 0.5655434591747148 12876296910
1866531 74 0.5765425812115891 13252773810
1866605 92 0.5810939420544338 13087911390
1866697 4 0.5585267778753292 8085443820
1866701 9 0.5585267778753292 7891053810
1866710 1 0.5585267778753292 7891053810
1866711 194 0.6108674275680421 9744730920
1866905 70 0.5409850746268656 7426814310
1866975 5 0.32123968393327484 7254569970
1866980 4 0.324179104477612 6960934410
1866984 9 0.3107620719929763 6960934410
1866993 3 0.31114135206321336 6960934410
1866996 162 0.3179683933274803 7365298470
1867158 2 0.4716242317822652 2782779000
1867160 1 0.30000000000000004 2391538320
1867161 8 0.30000000000000004 2391538320
1867169 1 0.32195083406496927 2704038750
1867170 35 0.37666198419666375 3254400390
1867205 140 0.32218788410886745 6153026460
1867345 160 0.3839157155399473 7619563920
1867505 300 0.6772414398595259 11553296400
1867805 300 0.7796470588235296 12014255040
1868105 300 0.7869956101843723 12028198650
1868405 300 0.7659929762949956 12038041170
1868705 300 0.7570798946444248 12038861370
1869005 300 0.7593555750658473 12065108130
1869305 300 0.7458437225636524 12065108130
1869605 300 0.7658033362598771 12083973000
1869905 300 0.814920105355575 13113337920
1870205 300 0.804774363476734 13179775020
1870505 300 0.7898402107111502 12459629670
1870805 300 0.7926848112379281 12212746140
1871105 300 0.7809745390693591 12173376000
1871405 300 0.7629113257243196 12205364220
1871705 300 0.7721088674275681 12244734360
1872005 300 0.7381633011413522 12218487600
1872305 300 0.8010763827919228 14095130640
1872605 300 0.8079982440737489 14613504060
1872905 300 0.8071448639157155 13767046200
1873205 300 0.7995592625109746 12913206420
1873505 300 0.7772291483757683 12893521350
1873805 300 0.8104161545215102 12737681250
1874105 300 0.7836294995610185 12692569620
1874405 300 0.7838665496049166 12366125610
1874705 300 0.8015504828797192 12320193780
1875005 300 0.7909306409130816 12345620340
1875305 300 0.8403792800702371 13441422390
1875605 300 0.8199455662862162 13342997040
1875905 300 0.7694539069359086 13060844430
1876205 300 0.7724881474978051 13119899610
1876505 300 0.7983740122914839 12556414590
1876805 300 0.7829657594381036 12366945810
1877105 300 0.7869956101843723 12360384120
1877405 300 0.8103687445127306 12504741300
1877705 300 0.8193766461808605 12859892700
1878005 300 0.7904565408252853 12775410960
1878305 300 0.7687427568042142 12754085460
1878605 300 0.7892238805970149 12477674310
1878905 300 0.7923055311676909 12386630880
1879205 300 0.769548726953468 12380069190
1879505 300 0.7178718173836699 12380069190
1879805 300 0.7584547848990342 12426001020
1880105 300 0.8004126426690078 13502118000
1880405 300 0.7630535557506585 13448804280
1880705 300 0.7381633011413522 13213403700
1881005 300 0.7555627743634767 13607105010
1881305 300 0.7768498683055312 13063305060
1881605 300 0.7693116769095698 12520325310
1881905 300 0.7540456540825287 12415338270
1882205 300 0.776375768217735 12604807050
1882505 300 0.8261562774363477 13056743370
1882805 300 0.8091834942932398 12918947910
1883105 300 0.7709236172080772 12663042030
1883405 300 0.7604934152765583 12466191360
1883705 300 0.7397752414398595 12439944600
1884005 300 0.7746690079016683 12439944600
1884305 300 0.7904091308165058 12445686090
1884605 300 0.811316944688323 12460449900
1884905 300 0.843982440737489 14305104660
1885205 300 0.8589640035118524 14836601460
1885505 300 0.8147304653204566 15204056040
1885805 300 0.7912151009657595 13944211800
1886105 300 0.7543301141352063 13294604580
1886405 300 0.7920684811237928 13288042890
1886705 300 0.7605882352941177 13286402490
1887005 300 0.7625320456540826 13115798580
1887305 300 0.7649973661106234 13076428440
1887605 300 0.7882756804214224 12801657720
1887905 300 0.8309446883230904 13490635050
1888205 300 0.822126426690079 13445523420
1888505 300 0.7655188762071993 13320851340
1888805 300 0.7580280948200175 13064945490
1889105 300 0.7749534679543459 12900903270
1889405 300 0.7674152765583847 12487516860
1889705 300 0.7713977172958736 12480955170
1890005 300 0.7777032484635644 12474393480
1890305 300 0.7795996488147499 12487516860
1890605 300 0.849908691834943 13504578630
1890905 300 0.8025935030728709 13484073360
1891205 300 0.7795522388059701 13222426020
1891505 300 0.7963353819139596 13366783170
1891805 300 0.7944389815627745 12986205210
1892105 300 0.7792203687445128 12737681250
1892405 300 0.782918349429324 12621211260
1892705 300 0.8015978928884987 12614649570
1893005 300 0.8417067603160668 12987845640
1893305 300 0.8131185250219491 12889420290
1893605 300 0.7847199297629499 12881218200
1893905 300 0.7809271290605796 12822162990
1894205 300 0.7888920105355577 12683547300
1894505 300 0.807476733977173 12533448690
1894805 300 0.7969991220368746 12512943390
1895105 300 0.8178121158911326 12526887000
1895405 300 0.860433713784021 13438961730
1895705 300 0.8146830553116768 13616947560
1896005 300 0.8070026338893767 13265076990
1896305 300 0.7932063213345041 13212583470
1896605 300 0.7840561896400351 12929610630
1896905 300 0.7807374890254609 12830365110
1897205 300 0.8181439859525901 12712254690
1897505 300 0.8260614574187883 12620391060
1897805 300 0.8373450395083406 12581020920
1898105 300 0.8676874451273047 13630891140
1898405 300 0.8576839332748025 13525904130
1898705 300 0.8434135206321336 13283941830
1899005 300 0.8501931518876208 13270818480
1899305 300 0.8391466198419667 13146146370
1899605 300 0.798326602282704 12932071290
1899905 300 0.8231220368744514 12683547300
1900205 300 0.8155364354697103 12590863470
1900505 300 0.8365864793678666 12610548510
1900805 300 0.8566883230904303 12990306270
1901105 300 0.866359964881475 14250150540
1901405 300 0.8768375768217735 13961436210
1901705 300 0.8444565408252853 12608908110
1902005 300 0.8193766461808605 12608087880
1902305 300 0.8297594381035998 12601526190
1902605 300 0.8303757682177348 12589223040
1902905 300 0.8325566286215978 12590043240
1903205 300 0.8615241439859526 12591683670
1903505 300 0.8669288849868305 12604807050
1903805 300 0.8756523266022829 13666980420
1904105 300 0.8779280070237051 13548870030
1904405 300 0.8581106233538192 13318390710
1904705 300 0.8645583845478491 13239650430
1905005 300 0.8657910447761195 12832005510
1905305 300 0.8786391571553995 12641716530
1905605 300 0.8869359086918349 12641716530
1905905 300 0.9239157155399472 12694210050
1906205 300 0.9547322212467075 13101034770
1906505 300 0.9392291483757682 12970621200
1906805 300 0.8973661106233538 12703232370
1907105 300 0.9108305531167692 12702412170
1907405 300 0.8864143985952591 12702412170
1907705 300 0.8867936786654961 12682727100
1908005 300 0.8843283582089553 12675345210
1908305 300 0.8673081650570675 12675345210
1908605 300 0.9094556628621597 13205201580
1908905 300 0.9176575943810361 13211763270
1909205 300 0.8884056189640035 12654019710
1909505 300 0.8629938542581211 12654839910
1909805 300 0.8735662862159789 12641716530
1910105 300 0.8763160667251975 12655660140
1910405 300 0.8426075504828797 12637615500
1910705 300 0.8733292361720808 12631053810
1911005 300 0.8780228270412644 12636795270
1911305 300 0.9479051799824408 13325772600
1911605 300 0.9341088674275679 13102675200
1911905 300 0.8843283582089553 12682727100
1912205 300 0.851188762071993 12676165410
1912505 300 0.8592484635645303 12668783520
1912805 300 0.8187129060579454 12695030280
1913105 300 0.8472537313432836 12688468590
1913405 300 0.8671659350307287 12688468590
1913705 300 0.8448358208955223 12690108990
1914005 300 0.8834275680421422 13242931290
1914305 300 0.9151448639157156 14377283250
1914605 300 0.8982194907813872 14306745090
1914905 300 0.8775487269534681 12817241730
1915205 300 0.8485338015803335 12803298120
1915505 300 0.9148604038630379 12804118350
1915805 300 0.8711009657594381 12804118350
1916105 300 0.9524091308165057 12797556660
1916405 300 0.9146233538191397 12816421500
1916705 300 0.8564038630377523 12816421500
1917005 300 0.8877418788410888 13085450760
1917305 300 0.8754626865671643 13656317700
1917605 300 0.8386725197541703 12849229950
1917905 300 0.8349271290605795 12836106570
1918205 300 0.8345952589991221 13637452830
1918505 300 0.8470166812993855 13164191010
1918805 300 0.8568305531167691 13157629320
1919105 300 0.8470640913081651 13151067630
1919405 300 0.8805355575065847 13203561150
1919705 300 0.934772607550483 13636632630
1920005 300 0.8925302897278315 13143685740
1920305 300 0.8564038630377523 12882038400
1920605 300 0.8541755926251097 13275739740
1920905 300 0.8257769973661107 12783613080
1921205 300 0.8195188762071993 12803298120
1921505 300 0.830755048287972 12803298120
1921805 300 0.8179543459174714 12790994970
1922105 300 0.8796347673397718 13060024200
1922405 300 0.8594855136084285 12797556660
1922705 300 0.8412800702370502 12810680040
1923005 300 0.8818630377524145 13452905340
1923305 300 0.8558823529411764 12823803420
1923605 300 0.8650798946444249 12817241730
1923905 300 0.8682089552238805 12796736430
1924205 300 0.8426549604916593 12795916230
1924505 300 0.8677348551360844 12856611870
1924805 300 0.8823371378402108 13322491770
1925105 300 0.9088393327480248 12804118350
1925405 300 0.8564512730465321 12804118350
1925705 300 0.8849446883230905 12790994970
1926005 300 0.8408533801580335 12790994970
1926305 300 0.8059596136962249 12790994970
1926605 300 0.8198981562774363 12797556660
1926905 300 0.8234064969271292 12817241730
1927205 300 0.8823845478489903 13834303500
1927505 300 0.8657910447761195 13794933360
1927805 300 0.8431290605794556 13499657370
1928105 300 0.84388762071993 15323806860
1928405 300 0.8412800702370502 13474230810
1928705 300 0.8239754170324847 13283941830
1929005 300 0.8444565408252853 13054282740
1929305 300 0.857352063213345 13021474290
1929605 300 0.8767427568042142 14517539340
1929905 300 0.8756049165935031 13139584680
1930205 300 0.8912976294995612 13152708060
1930505 300 0.8796821773485514 13152708060
1930805 300 0.8612870939420544 13146146370
1931105 300 0.9031501316944688 13146146370
1931405 300 0.8718595258999122 13047721050
1931705 300 0.848865671641791 12883678830
1932005 300 0.8189973661106235 12837747000
1932305 300 0.9057576821773485 13572656160
1932605 300 0.9173731343283582 13375805490
1932905 300 0.9080333625987709 12818061930
1933205 300 0.8728077260755048 12824623620
1933505 300 0.8621404741000878 12804938550
1933805 300 0.909834942932397 12791815170
1934105 300 0.8926251097453908 12772130100
1934405 300 0.8902071992976296 12752445030
1934705 300 0.975782265144864 13303626900
1935005 300 0.9424056189640035 13356120420
1935305 300 0.8851817383669887 12811500240
1935605 300 0.9119209833187008 12811500240
1935905 300 0.9000210711150133 12798376860
1936205 300 0.9012063213345038 12798376860
1936505 300 0.8945689201053555 12798376860
1936805 300 0.8685408252853382 12772130100
1937105 300 0.8898753292361721 12772130100
1937405 300 0.8903968393327482 13382367180
1937705 300 0.8355434591747146 13913863980
1938005 300 0.8381035996488146 13487354190
1938305 300 0.8052484635645304 13486533990
1938605 300 0.8390992098331871 13322491770
1938905 300 0.8299490781387182 13138764480
1939205 300 0.8154416154521511 13014092400
1939505 300 0.7923055311676909 12941913810
1939805 300 0.7842932396839333 12876296910
1940105 300 0.8477752414398595 13500477570
1940405 300 0.8102265144863916 13625149650
1940705 300 0.7914995610184373 13500477570
1941005 300 0.8600070237050045 13256874870
1941305 300 0.835116769095698 12994407330
1941605 300 0.8033520632133451 12869735220
1941905 300 0.80785601404741 12810680040
1942205 300 0.8435083406496928 12804118350
1942505 300 0.8807251975417032 13394670330
1942805 300 0.8283845478489903 13407793710
1943105 300 0.8343107989464442 12869735220
1943405 300 0.8107954345917472 12843488490
1943705 300 0.841659350307287 12850050180
1944005 300 0.8417067603160668 12844308690
1944305 300 0.8228375768217735 12836926800
1944605 300 0.7936804214223004 12830365110
1944905 300 0.8060070237050044 12823803420
1945205 300 0.8230272168568922 12823803420
1945505 300 0.8464951712028096 12831185310
1945805 300 0.8596277436347675 14189454900
1946105 300 0.8670237050043899 15134338110
1946405 300 0.8037787532923618 15265571880
1946705 300 0.7973784021071115 14268195180
1947005 300 0.8404266900790166 13533286020
1947305 300 0.857873573309921 13454545740
1947605 300 0.8075715539947321 13257695100
1947905 300 0.8242124670763828 13034597670
1948205 300 0.8364916593503072 12903363900
1948505 300 0.8543178226514487 12883678830
1948805 300 0.8715750658472344 13467669120
1949105 300 0.8890693590869183 13487354190
1949405 300 0.9069429323968393 13238010030
1949705 300 0.894900790166813 12818882130
1950005 300 0.889116769095698 12839387430
1950305 300 0.822790166812994 12826264050
1950605 300 0.8117910447761194 12826264050
1950905 300 0.8545548726953469 12957497820
1951205 300 0.8853239683933275 13174033560
1951505 300 0.8573994732221248 13016553030
1951805 300 0.8207515364354697 12838567200
1952105 300 0.8373450395083406 12832005510
1952405 300 0.8049640035118524 12818061930
1952705 300 0.811601404741001 12798376860
1953005 300 0.8207515364354697 12804938550
1953305 300 0.8077137840210712 12804938550
1953605 300 0.8563090430201933 13114978350
1953905 300 0.8525636523266023 13159269750
1954205 300 0.8187603160667253 12798376860
1954505 300 0.8092309043020193 13119899610
1954805 300 0.8341685689201055 12818061930
1955105 300 0.8325566286215978 12826264050
1955405 300 0.8000807726075506 12827084250
1955705 300 0.8018823529411764 12950936130
1956005 300 0.8598173836698858 12970621200
1956305 300 0.8672133450395083 12819702360
1956605 300 0.8307076382791923 12825443820
1956905 300 0.851188762071993 12826264050
1957205 300 0.8363494293239684 12827904480
1957505 300 0.8053906935908692 12819702360
1957805 300 0.8018823529411764 12833645940
1958105 300 0.8106057945566287 12853331010
1958405 300 0.8557875329236173 14533123350
1958705 300 0.8471115013169448 14762782470
1959005 300 0.8451676909569799 13411074570
1959305 300 0.8168165057067603 12865634190
1959605 300 0.8061018437225638 12859072500
1959905 300 0.8271992976294995 12852510810
1960205 300 0.8287638279192275 12840207630
1960505 300 0.619638279192274 7557227880
1960805 131 0.6556698858647938 7563789570
1960936 6 0.6557172958735733 7564609770
1960942 13 0.6556698858647938 7564609770
1960955 1 0.6556698858647938 7564609770
1960956 149 0.6630184372256366 7935345210
1961105 21 0.5923301141352064 8022287580
1961126 279 0.665910447761194 10679771580
1961405 300 0.8900175592625109 12937812750
1961705 300 0.8393836698858649 12635975070
1962005 300 0.8427023705004391 12533448690
1962305 300 0.8125496049165934 12545751840
1962605 300 0.8026409130816508 12539190150
1962905 300 0.8376294995610185 12546572070
1963205 300 0.8346426690079016 12547392270
1963505 300 0.8707690956979808 13151067630
1963805 300 0.8512361720807726 13196999460
1964105 300 0.8119332748024582 12573639030
1964405 300 0.8445513608428447 12567077340
1964705 300 0.8147304653204566 12560515650
1965005 300 0.8400000000000001 12593324100
1965305 300 0.822647936786655 12626132520
1965605 300 0.8425601404741002 12606447480
1965905 300 0.8485338015803335 12613009170
1966205 300 0.8236909569798069 12580200720
1966505 300 0.8131659350307286 12571998600
1966805 300 0.8252554872695348 12585121980
1967105 300 0.7842932396839333 12585121980
1967405 300 0.8001281826163301 12571998600
1967705 300 0.8353538191395962 12565436910
1968005 300 0.8374398595258999 12559695420
1968305 300 0.833315188762072 12559695420
1968605 300 0.8060070237050044 12579380490
1968905 300 0.8153467954345918 12579380490
1969205 300 0.8098472344161545 12571178400
1969505 300 0.8446935908691835 13352019360
1969805 300 0.825350307287094 13720294140
1970105 300 0.7890342405618965 13228167480
1970405 300 0.7862370500438982 13201100520
1970705 300 0.7637172958735734 12958318020
1971005 300 0.7795048287971905 12761467380
1971305 300 0.7915469710272168 12603986820
1971605 300 0.8037313432835822 12578560290
1971905 300 0.804395083406497 14213241030
1972205 300 0.8225531167690958 14227184610
1972505 300 0.7708287971905179 12690108990
1972805 300 0.7386374012291484 12670423920
1973105 300 0.7510114135206322 12657300570
1973405 300 0.7506321334503951 12637615500
1973705 300 0.7592133450395084 12644177190
1974005 300 0.7607778753292362 12636795270
1974305 300 0.7647129060579457 12637615500
1974605 300 0.8291905179982442 13228167480
1974905 300 0.8070500438981563 13228167480
1975205 300 0.7987058823529412 12637615500
1975505 300 0.742809482001756 12644177190
1975805 300 0.7343705004389816 12631053810
1976105 300 0.7351290605794557 12604807050
1976405 300 0.7513432835820897 12598245360
1976705 300 0.7537611940298506 12597425160
1977005 300 0.7686005267778753 12617110200
1977305 300 0.7991799824407374 13425018150
1977605 300 0.8396207199297631 12978823320
1977905 300 0.6986233538191396 12715535550
1978205 300 0.7621053555750659 13359401280
1978505 300 0.7772765583845479 12735220620
1978805 300 0.7549464442493415 12736861020
1979105 300 0.7708762071992977 12730299330
1979405 300 0.770449517120281 12730299330
1979705 300 0.7975206321334505 13005890280
1980005 300 0.8070026338893767 12992766900
1980305 300 0.8022142230026339 12756546090
1980605 300 0.7642388059701494 12776231160
1980905 300 0.7785566286215979 12769669470
1981205 300 0.7617734855136085 12769669470
1981505 300 0.7802633889376646 12769669470
1981805 300 0.7785566286215979 12770489700
1982105 300 0.789745390693591 12874656510
1982405 300 0.8335996488147499 13419276690
1982705 300 0.8087568042142229 13406973510
1983005 300 0.7821123792800702 13210122840
1983305 300 0.8116488147497806 13072327380
1983605 300 0.7934433713784023 12822162990
1983905 300 0.7987532923617209 12723737670
1984205 300 0.8134503950834064 12677805840
1984505 300 0.8372976294995611 12690929220
1984805 300 0.8615715539947322 13471770180
1985105 300 0.8482967515364355 13064945490
1985405 300 0.8463055311676909 12665502660
1985705 300 0.8111747146619842 12685187730
1986005 300 0.8299964881474979 15400906710
1986305 300 0.8261562774363477 13000148790
1986605 266 0.6002949956101844 7622024550
1986871 4 0.6002949956101844 7622024550
1986875 11 0.6002949956101844 7623664980
1986886 1 0.6002949956101844 7623664980
1986887 18 0.6436277436347674 7920581400
1986905 154 0.6097769973661107 7991939760
1987059 146 0.6806075504828797 9456836820
1987205 300 0.7521018437225637 12152870730
1987505 300 0.8416119402985075 15204876270
1987805 300 0.809420544337138 12763928010
1988105 300 0.8317980684811238 12711434490
1988405 300 0.8296172080772607 12619570860
1988705 300 0.8850395083406498 12613009170
1989005 300 0.871906935908692 12613009170
1989305 300 0.8732818261633012 12626132520
1989605 300 0.9029130816505708 14156646450
1989905 300 0.8953748902546094 14734075080
1990205 300 0.8833327480245831 13979480850
1990505 300 0.9053309920983319 12923869170
1990805 300 0.8967971905179983 12916487280
1991105 300 0.9013485513608428 12923048970
1991405 300 0.9127269534679543 12903363900
1991705 300 0.935531167690957 12699951540
1992005 300 0.8955171202809482 12581841120
1992305 300 0.9298893766461809 12581841120
1992605 300 0.9681018437225637 13206021780
1992905 300 0.9585250219490781 13192898400
1993205 300 0.9344407374890255 12576099660
1993505 300 0.8863195785776997 12569537970
1993805 300 0.8888323090430201 12589223040
1994105 300 0.8969394205443371 12603986820
1994405 300 0.8879315188762071 12576099660
1994705 300 0.8992151009657594 12576099660
1995005 300 0.9300790166812993 12582661350
1995305 300 0.9743599648814749 13402872450
1995605 300 0.9245794556628623 13730956890
1995905 300 0.9293204565408253 13324132200
1996205 300 0.9239631255487271 13180595250
1996505 300 0.9250061457418788 13128101730
1996805 300 0.9368586479367867 13135483620
1997105 300 0.9410781387181738 12996867960
1997405 300 0.9176575943810361 12944374440
1997705 300 0.9442546093064091 12958318020
1998005 300 0.9711834942932398 13771147230
1998305 300 0.9399402985074627 13252773810
1998605 300 0.9280877963125549 12937812750
1998905 300 0.9106883230904301 12938632980
1999205 300 0.8884056189640035 12931251060
1999505 300 0.862899034240562 12904184100
1999805 300 0.9327813871817385 12747523770
2000105 300 0.9227304653204567 12733580190
2000405 300 0.8980772607550483 12735220620
2000705 300 0.9278033362598771 12991126470
2001005 300 0.9155241439859526 13260155730
2001305 300 0.8694890254609307 12814781100
2001605 300 0.8785443371378403 12808219410
2001905 300 0.8588691834942932 12808219410
2002205 300 0.8599596136962246 12808219410
2002505 300 0.8459262510974539 12808219410
2002805 300 0.8364916593503072 12781152420
2003105 300 0.8727129060579455 13542308340
2003405 300 0.8905864793678666 13740799440
2003705 300 0.8564512730465321 13516881810
2004005 300 0.850050921861282 13320851340
2004305 300 0.8465425812115891 13149427230
2004605 300 0.863420544337138 12978823320
2004905 300 0.8583950834064971 12828724680
2005205 300 0.857352063213345 12802477920
2005505 300 0.8659332748024583 12809859810
2005805 300 0.8909657594381036 13643194320
2006105 300 0.870342405618964 13899100170
2006405 300 0.8524214223002634 13399591620
2006705 300 0.8537963125548726 13215864330
2007005 300 0.836254609306409 13188797340
2007305 300 0.8281949078138717 12925509600
2007605 300 0.8388147497805092 12715535550
2007905 300 0.8446935908691835 12663042030
2008205 300 0.8397155399473222 12663862230
2008505 300 0.8929569798068481 13128921930
2008805 300 0.8902071992976296 13227347280
2009105 300 0.8852291483757682 12958318020
2009405 300 0.8828586479367867 12905824530
2009705 300 0.8698208955223882 12886959660
2010005 300 0.8804407374890254 12827904480
2010305 300 0.874324846356453 12683547300
2010605 300 0.8795399473222125 12631053810
2010905 300 0.8827638279192274 12637615500
2011205 300 0.9124899034240561 13340536410
2011505 300 0.8548867427568042 13228987710
2011805 300 0.8564038630377523 12663862230
2012105 300 0.8494820017559263 12665502660
2012405 300 0.8338841088674276 12658940970
2012705 300 0.8384828797190518 12652379280
2013005 300 0.6226725197541703 7544104500
2013305 32 0.5995364354697102 7543284300
2013337 268 0.8343107989464442 12650738880
2013605 300 0.8281949078138717 12650738880
2013905 300 0.8610026338893767 12651559080
2014205 300 0.8816259877085163 13492275480
2014505 300 0.8682563652326603 13459467030
2014805 300 0.8396681299385426 13020654090
2015105 300 0.8315610184372256 12960778680
2015405 300 0.8224582967515365 12921408540
2015705 300 0.8430816505706761 12868915020
2016005 300 0.857636523266023 12822983190
2016305 300 0.8417541703248463 12829544880
2016605 300 0.8906338893766461 13466028720
2016905 300 0.881910447761194 13531645590
2017205 300 0.8519947322212469 13000969020
2017505 300 0.844503950834065 12889420290
2017805 300 0.825350307287094 13892538480
2018105 300 0.8345478489903424 12980463720
2018405 133 0.3183476733977173 2480121120
2018538 57 0.5144828797190518 7613822460
2018595 110 0.8208463564530291 12941913810
2018705 300 0.8200403863037752 12935352120
2019005 300 0.8118384547848989 12836926800
2019305 300 0.8474907813871818 13578397620
2019605 300 0.8334100087796312 13073147580
2019905 300 0.8185706760316066 13052642310
2020205 300 0.8091834942932398 13053462510
2020505 300 0.7900772607550482 12915667050
2020805 300 0.8117910447761194 12718816380
2021105 300 0.5993467954345917 7570351260
2021405 44 0.6020491659350307 7570351260
2021449 256 0.7960983318700614 12712254690
2021705 300 0.7972361720807726 12731119560
2022005 300 0.8773116769095699 14044277550
2022305 300 0.8701053555750659 15074462700
2022605 300 0.8400000000000001 14464225620
2022905 300 0.8329359086918349 13394670330
2023205 300 0.8135452151009659 13315930080
2023505 300 0.8061492537313433 13315109880
2023805 300 0.8025460930640914 13320851340
2024105 300 0.7775610184372256 13314289650
2024405 300 0.7920210711150132 13223246220
2024705 300 0.8401896400351185 12927970230
2025005 300 0.8673081650570675 13625149650
2025305 300 0.8190921861281826 14017210590
2025605 300 0.8013608428446005 13486533990
2025905 300 0.7935381913959613 13486533990
2026205 300 0.8158208955223881 13361861910
2026505 300 0.795244951712028 13224886650
2026805 300 0.7892238805970149 12856611870
2027105 300 0.7876593503072871 12830365110
2027405 300 0.8189025460930641 12830365110
2027705 300 0.8445513608428447 13126461300
2028005 300 0.8619508340649694 13525083900
2028305 300 0.8252080772607551 13185516510
2028605 300 0.8415171202809482 12863173530
2028905 300 0.86830377524144 14943228930
2029205 300 0.828574187884109 12876296910
2029505 300 0.833172958735733 12882858600
2029805 300 0.8189025460930641 12876296910
2030105 300 0.8243072870939421 12863993760
2030405 300 0.8476804214223004 13361861910
2030705 300 0.8707690956979808 14136961410
2031005 300 0.8874574187884108 12883678830
2031305 300 0.8585373134328359 12877117140
2031605 300 0.8202774363476734 12877117140
2031905 300 0.8472063213345041 12877117140
2032205 300 0.8235961369622475 12871375650
2032505 300 0.8327462686567165 12863173530
2032805 300 0.8323669885864795 12863173530
2033105 300 0.822505706760316 12863993760
2033405 300 0.8666918349429323 13447163850
2033705 300 0.8605285338015803 13519342440
2034005 300 0.8660280948200176 12915667050
2034305 148 0.84772783143108 12903363900
2034453 152 0.833315188762072 12903363900
2034605 300 0.81686391571554 12882858600
2034905 300 0.8373924495171203 12882858600
2035205 300 0.8331255487269535 12882858600
2035505 300 0.8279104477611939 12877117140
2035805 300 0.83871992976295 12850050180
2036105 204 0.879208077260755 13860550260
2036309 96 0.8503827919227394 13578397620
2036405 284 0.8286215978928885 13841685390
2036689 16 0.8354486391571555 13743260070
2036705 53 0.8467322212467078 13506219060
2036758 247 0.8380087796312556 13506219060
2037005 300 0.8216997366110624 13506219060
2037305 300 0.8466848112379279 13500477570
2037605 300 0.8281949078138717 13369243800
2037905 300 0.8370605794556629 13198639890
2038205 300 0.8561194029850746 13165831440
2038505 300 0.8490079016681299 13172393130
2038805 300 0.869963125548727 13552971090
2039105 300 0.8462107111501316 13080529500
2039405 300 0.8386725197541703 12962419080
2039705 300 0.8054855136084286 12962419080
2040005 300 0.8131185250219491 12976362690
2040305 300 0.8197559262510975 12976362690
2040605 300 0.8286690079016681 12976362690
2040905 300 0.8314661984196663 12977182890
2041205 300 0.8675452151009657 13541488140
2041505 300 0.8618560140474101 13154348490
2041805 300 0.7972361720807726 12988665840
2042105 300 0.8026409130816508 12969801000
2042405 300 0.7907884108867428 12839387430
2042705 300 0.7905513608428446 12826264050
2043005 300 0.79244776119403 12826264050
2043305 300 0.8106057945566287 12825443820
2043605 300 0.817385425812116 12840207630
2043905 300 0.8520895522388059 14723412330
2044205 300 0.8443617208077261 14775905850
2044505 300 0.8507146619841967 14022131850
2044805 300 0.8245917471466198 12893521350
2045105 300 0.8495768217734856 12893521350
2045405 300 0.8214626865671643 12886139460
2045705 300 0.8028305531167691 12886139460
2046005 300 0.7964776119402985 12878757570
2046305 300 0.8105109745390695 12873016080
2046605 300 0.8129288849868305 12872195880
2046905 300 0.8552186128182617 13154348490
2047205 300 0.8584899034240563 13534926450
2047505 300 0.8015504828797192 13088731590
2047805 300 0.7850992098331872 12859072500
2048105 300 0.7907884108867428 12853331010
2048405 300 0.8073819139596137 12846769320
2048705 300 0.8001281826163301 12840207630
2049005 300 0.7913573309920985 12833645940
2049305 300 0.8205618964003512 12846769320
2049605 300 0.8462581211589114 13640733690
2049905 300 0.8423705004389815 13214223900
2050205 300 0.7863318700614575 12859892700
2050505 300 0.7861896400351185 12859892700
2050805 300 0.7865689201053557 12859072500
2051105 300 0.7851466198419667 12859892700
2051405 300 0.7988955223880597 12859892700
2051705 300 0.7904565408252853 12853331010
2052005 300 0.8436979806848113 13411074570
2052305 300 0.8314187884108868 13397951190
2052605 300 0.816721685689201 12827084250
2052905 300 0.8112221246707638 12827084250
2053205 300 0.8030676031606673 12813960870
2053505 300 0.7986584723441615 12807399180
2053805 300 0.815963125548727 12807399180
2054105 300 0.8281000877963126 12807399180
2054405 300 0.7962405618964004 12802477920
2054705 300 0.831276558384548 12795096030
2055005 300 0.8057699736611063 12787714110
2055305 300 0.8080930640913082 12781972650
2055605 300 0.7951027216856892 12781972650
2055905 300 0.8151097453906936 12775410960
2056205 300 0.8111747146619842 12775410960
2056505 300 0.8090412642669009 12775410960
2056805 300 0.805153643546971 12775410960
2057105 300 0.8103687445127306 12775410960
2057405 300 0.8155838454784899 12775410960
2057705 300 0.7878489903424056 12787714110
2058005 300 0.8248287971905179 12776231160
2058305 300 0.8181439859525901 12775410960
2058605 300 0.8029253731343284 12774590730
2058905 300 0.8055329236172081 12774590730
2059205 300 0.7960509218612819 12775410960
2059505 300 0.7783195785776997 12775410960
2059805 300 0.8065285338015803 12775410960
2060105 300 0.7976628621597893 12775410960
2060405 300 0.7741474978050921 12775410960
2060705 300 0.7997963125548728 12774590730
2061005 300 0.7833924495171204 12774590730
2061305 300 0.8032572431957858 12774590730
2061605 300 0.7850992098331872 12768849270
2061905 300 0.788323090430202 12769669470
2062205 300 0.8130711150131696 13817899290
2062505 300 0.8030676031606673 14395327890
2062805 300 0.8229323968393328 12853331010
2063105 300 0.8151097453906936 12853331010
2063405 300 0.830755048287972 12853331010
2063705 300 0.8769323968393329 13988503200
2064005 300 0.9005899912203688 14073805140
2064305 300 0.9113994732221246 12945194670
2064605 300 0.8616189640035119 12932071290
2064905 300 0.8382458296751538 12932891490
2065205 300 0.8729499561018437 12933711690
2065505 300 0.8395258999122037 12919768110
2065805 300 0.8466374012291484 12926329800
2066105 300 0.8476804214223004 12920588310
2066405 300 0.9083652326602284 13215044100
2066705 300 0.9186532045654083 13595622060
2067005 300 0.8579209833187007 13129742160
2067305 300 0.8794925373134328 12900083040
2067605 300 0.876505706760316 12893521350
2067905 300 0.8685882352941178 12893521350
2068205 300 0.8913450395083407 12900083040
2068505 300 0.897982440737489 12900083040
2068805 300 0.9298419666374012 13044440190
2069105 300 0.9655417032484637 13333154520
2069405 300 0.9143863037752415 12939453180
2069705 300 0.8949482001755926 12965699940
2070005 300 0.9179894644424934 12958318020
2070305 300 0.9242949956101845 12951756330
2070605 300 0.91713608428446 12958318020
2070905 300 0.9177050043898157 12959138250
2071205 300 0.9144811237928008 12978003090
2071505 300 0.9805706760316067 13791652530
2071805 300 0.9441123792800703 13233908970
2072105 300 0.8901123792800703 12932891490
2072405 300 0.9214029850746269 12932891490
2072705 300 0.9549218612818262 12932891490
2073005 300 0.9191747146619843 12932891490
2073305 300 0.937854258121159 12939453180
2073605 300 0.9564863915715541 12939453180
2073905 300 0.9411729587357331 12932891490
2074205 300 1.054482879719052 14633189130
2074505 300 1.037130816505707 14902218360
2074805 300 1.0019525899912205 13924526730
2075105 300 0.9598999122036875 12965699940
2075405 300 0.9567234416154523 12959138250
2075705 300 0.9602791922739247 12959138250
2076005 300 0.9690974539069359 12953396760
2076305 300 0.9578612818261634 12952576560
2076605 300 0.9341088674275679 12952576560
2076905 300 0.9451553994732222 12959138250
2077205 300 0.982846356453029 13765405770
2077505 300 0.9903845478489904 13240470660
2077805 300 0.9913801580333627 12958318020
2078105 300 0.9990131694468832 12958318020
2078405 300 0.9866391571553994 12952576560
2078705 300 1.0139947322212466 12953396760
2079005 300 1.0154644424934154 12959138250
2079305 300 1.0143266022827042 13083810330
2079605 300 1.0619736611062336 13372524630
2079905 300 1.0085425812115894 12965699940
2080205 300 1.0207743634767341 12965699940
2080505 300 1.0532502194907813 13562813610
2080805 300 1.0416821773485516 12972261630
2081105 300 1.0266057945566287 12978823320
2081405 300 1.014990342405619 12972261630
2081705 300 1.048414398595259 12978823320
2082005 300 1.064628621597893 13516881810
2082305 300 1.0644389815627744 12972261630
2082605 300 1.0183564530289728 12972261630
2082905 300 1.0385531167690956 12972261630
2083205 300 1.0158437225636523 13622689020
2083505 300 1.045996488147498 12979643520
2083805 300 1.0178823529411765 12986205210
2084105 300 1.0082581211589114 12978823320
2084405 300 1.0438156277436348 12978823320
2084705 300 1.0779034240561898 13543128540
2085005 300 1.0425355575065849 12985385010
2085305 300 1.0450008779631257 12991946700
2085605 300 0.9952203687445127 15176989080
2085905 300 1.0426303775241441 13005070080
2086205 300 1.0294503950834066 13005070080
2086505 300 1.0682791922739243 13005070080
2086805 300 1.0819332748024584 13059204000
2087105 300 1.09587181738367 14574954120
2087405 300 1.1140772607550482 13005890280
2087705 300 1.06244776119403 12992766900
2088005 300 1.0334328358208955 12999328590
2088305 300 1.0889499561018439 13005070080
2088605 300 1.0554310798946447 12992766900
2088905 300 1.070412642669008 13005890280
2089205 300 1.0560474100087798 12992766900
2089505 300 1.0869113257243197 12999328590
2089805 300 1.1180122914837576 13595622060
2090105 300 1.0911782265144865 13490635050
2090405 300 1.0604565408252855 13000148790
2090705 300 1.0523020193151886 12986205210
2091005 300 1.0818858647936787 12986205210
2091305 300 1.0593661106233538 12979643520
2091605 300 1.0965829675153644 12985385010
2091905 300 1.0659561018437225 12985385010
2092205 300 1.093785776997366 13024755120
2092505 300 1.1233222124670765 13733417520
2092805 300 1.099332748024583 13510320120
2093105 300 1.110426690079017 13012451970
2093405 300 1.097009657594381 13005890280
2093705 300 1.0782827041264267 12993587100
2094005 300 1.0226233538191396 13006710480
2094305 300 1.039027216856892 13000148790
2094605 300 1.0531079894644426 13006710480
2094905 300 1.0526338893766463 13039518930
2095205 300 1.0988586479367866 13787551470
2095505 300 1.0825970149253732 13275739740
2095805 300 1.0661931518876206 13000148790
2096105 300 1.1012765583845479 13288042890
2096405 300 1.03803160667252 12986205210
2096705 300 1.059603160667252 12986205210
2097005 300 1.0258946444249342 12987025410
2097305 300 1.0719771729587357 13118259210
2097605 300 1.1057805092186128 13130562360
