952224 300 1.18969622475856 12083152770
952524 300 1.1391097453906935 11866617060
952824 300 1.1616294995610186 11702574810
953124 300 1.1612028094820017 11702574810
953424 300 1.0929323968393327 11702574810
953724 300 1.1450834064969273 11708316300
954024 300 1.081980684811238 11715698190
954324 300 1.0933116769095697 11714877990
954624 300 1.126830553116769 12403855320
954924 300 1.0977682177348553 12069209190
955224 300 1.0525390693590868 11708316300
955524 300 1.0915575065847234 11709136500
955824 300 1.0868165057067602 11709136500
956124 300 1.070033362598771 11715698190
956424 300 1.1019402985074627 11715698190
956724 300 1.1080561896400352 11860055370
957024 300 1.183201053555751 13172393130
957324 300 1.1164003511852503 12883678830
957624 300 1.1073450395083408 11781315090
957924 300 1.091225636523266 11781315090
958224 300 1.0771448639157157 11782135290
958524 300 1.073446883230904 11782135290
958824 300 1.0718823529411767 11782135290
959124 300 1.1294855136084285 11761630020
959424 300 1.1364547848990343 11604149490
959724 300 1.219706760316067 12299688510
960024 300 1.175710272168569 12227509920
960324 300 1.1350324846356452 11551655970
960624 300 1.1150728709394206 11551655970
960924 300 1.1012765583845479 11558217660
961224 300 1.1012291483757684 11545094280
961524 300 1.078851624231782 11545094280
961824 300 1.0751062335381913 11551655970
962124 300 1.1151676909569797 12142207980
962424 300 1.1135083406496928 12115961220
962724 300 1.0987638279192276 11590205910
963024 300 1.0350921861281828 11571341040
963324 300 1.0646760316066726 11564779350
963624 300 1.067330992098332 11584464420
963924 300 1.0697963125548728 11577902730
964224 300 1.021011413520632 11577902730
964524 300 1.0709815627743633 11899425480
964824 300 1.0441000877963125 11886302100
965124 300 1.0215329236172082 11577082530
965424 300 1.0383160667251974 12469472220
965724 300 1.0222914837576824 11992109340
966024 300 1.0460913081650571 11938795620
966324 300 1.0321527655838456 11774753400
966624 300 1.0649130816505707 11794438470
966924 300 1.038268656716418 12627772950
967224 300 1.121473222124671 12181578120
967524 300 1.0749640035118526 12182398320
967824 300 1.0728779631255487 12175016430
968124 300 1.0767181738366989 12169274940
968424 300 1.056 12110219760
968724 300 1.0626374012291482 11972424270
969024 300 1.08297629499561 12017535900
969324 300 1.122468832309043 12758186520
969624 300 1.0478928884986831 12273441750
969924 300 1.0663353819139596 12014255040
970224 300 1.0656716417910448 11995390200
970524 300 1.0614521510096577 11975705130
970824 300 1.0408762071992976 11968323210
971124 300 1.045854258121159 11961761550
971424 300 1.0456172080772608 11968323210
971724 300 1.1060649692712907 12965699940
972024 300 1.1060649692712907 13457826600
972324 300 1.0949236172080772 12571998600
972624 300 1.0318683055311677 12040501800
972924 300 1.0719771729587357 12033940110
973224 300 1.0595557506584723 12029018850
973524 300 1.0431992976294997 12042142230
973824 300 1.0243301141352064 12029839050
974124 300 1.0807954345917472 12048703920
974424 300 1.1667497805092184 12855791640
974724 300 1.1391097453906935 13086270960
975024 300 1.1019877085162424 12613009170
975324 300 1.0918419666374013 12448146720
975624 300 1.0743476733977175 12416158500
975924 300 1.0564741000877964 12278363010
976224 300 1.1085302897278315 12036400740
976524 300 1.089187006145742 12016715670
976824 300 1.1502036874451274 12554774160
977124 300 1.1049271290605795 12443225460
977424 300 1.100707638279192 11885481900
977724 300 1.0959192273924496 11872358520
978024 300 1.0716927129060578 11878920210
978324 300 1.1029833187006146 11852673450
978624 300 1.0760070237050043 11852673450
978924 300 1.105638279192274 11852673450
979224 300 1.1364073748902546 12726198300
979524 300 1.1417172958735735 13073967810
979824 300 1.1182019315188763 12594964500
980124 300 1.1285373134328358 12903363900
980424 300 1.1009920983318702 12410417010
980724 300 1.0951606672519754 12260318370
981024 300 1.1078665496049167 12239813100
981324 300 1.1702107111501319 12364485180
981624 300 1.1606338893766464 12377608560
981924 300 1.1842440737489026 12062647500
982224 300 1.1185812115891132 12056085810
982524 300 1.137497805092186 12049524120
982824 300 1.1449411764705884 12003592290
983124 300 1.1276365232660228 11807561850
983424 300 1.1426654960491658 11819865000
983724 300 1.1262142230026337 11819865000
984024 300 1.1533801580333625 12416978700
984324 300 1.1317137840210711 12384170250
984624 300 1.129675153643547 11846111760
984924 300 1.104595258999122 11826426690
985224 300 1.1465531167690957 11826426690
985524 300 1.1335153643546971 11819865000
985824 300 1.1139824407374892 11819865000
986124 300 1.1364547848990343 11833808610
986424 300 1.1366444249341527 11840370300
986724 300 1.1855715539947322 13073967810
987024 300 1.1872309043020195 13873673640
987324 300 1.2052941176470586 13696508040
987624 300 1.1917822651448637 12259498170
987924 300 1.1746198419666376 12280003440
988224 300 1.1778437225636524 12306250200
988524 300 1.1731501316944688 12286565130
988824 300 1.1447041264266902 12299688510
989124 300 1.1599701492537313 12285744930
989424 300 1.1496821773485513 12377608560
989724 300 1.2155346795434592 13053462510
990024 300 1.1900280948200175 13073967810
990324 300 1.1941527655838455 12889420290
990624 300 1.1845759438103602 12548212470
990924 300 1.1795978928884987 12371046870
991224 300 1.1857611940298507 12253756680
991524 300 1.1892695346795437 12253756680
991824 300 1.6862212467076385 12312811890
992124 300 1.4962019315188764 13114158150
992424 300 1.2177629499561018 12739321680
992724 300 1.2412309043020193 12311991690
993024 300 2.8977840210711148 12318553380
993324 300 2.9826479367866545 12364485180
993624 300 2.9127181738366987 12397293630
993924 300 2.095369622475856 12398113860
994224 300 2.949460930640913 12398113860
994524 300 2.9024776119402986 12982104150
994824 300 2.7646093064091306 12969801000
995124 300 2.5751589113257243 12424360590
995424 300 2.5688059701492536 12399754260
995724 300 2.6143195785776996 12399754260
996024 300 2.061187006145742 12398934060
996324 300 2.35584021071115 12405495750
996624 300 2.4938507462686568 12411237210
996924 300 2.555246707638279 12648278220
997224 300 2.368783143107989 12772950330
997524 300 1.5053046532045653 12458809470
997824 300 1.0976733977172959 12451427580
998124 300 1.0989060579455665 12436663770
998424 300 2.019655838454785 12443225460
998724 300 1.927348551360843 12451427580
999024 300 2.1128165057067605 12457989270
999324 300 2.266330114135206 14439619290
999624 300 1.5262598770851625 14380564110
999924 300 1.017550482879719 13238830230
1000224 300 1.559589113257243 12753265260
1000524 300 2.1745917471466196 12759006720
1000824 300 2.1117260755048286 12745883370
1001124 300 2.2584600526777874 12740141880
1001424 300 2.190900790166813 12786073710
1001724 300 2.204317822651449 12805758780
1002024 300 2.2583652326602284 13212583470
1002324 300 2.3083353819139596 14031974370
1002624 300 2.2874749780509216 13421737320
1002924 300 2.3002282704126427 13166651640
1003224 300 1.4854872695346797 13028856180
1003524 300 1.258630377524144 13022294490
1003824 300 2.0239701492537314 13014912600
1004124 300 2.1137647058823528 12870555450
1004424 300 2.0508990342405617 12851690580
1004724 300 2.000597014925373 13133843220
1005024 300 1.4759104477611942 13592341230
1005324 300 1.9712502194907813 12903363900
1005624 300 2.0799613696224757 12850870380
1005924 300 2.103476733977173 12843488490
1006224 300 2.1308797190518 12844308690
1006524 300 2.033641791044776 12844308690
1006824 300 1.2650307287093943 12844308690
1007124 300 1.0641545215100967 12832005510
1007424 300 1.483258999122037 13290503520
1007724 300 2.0465373134328355 13028856180
1008024 300 2.105325724319578 12877937340
1008324 300 2.114333625987708 12871375650
1008624 300 1.2727111501316943 12864813960
1008924 300 1.1366444249341527 12857432070
1009224 300 2.045826163301141 12883678830
1009524 300 2.1242423178226515 12891060720
1009824 300 2.083754170324846 12877937340
1010124 300 2.1284143985952593 13724395200
1010424 300 2.110683055311677 14052479640
1010724 300 2.1301685689201055 13619408190
1011024 300 2.0366760316066723 13606284810
1011324 300 1.9767497805092185 13429119210
1011624 300 2.066828797190518 13257695100
1011924 300 2.02928007023705 13245391920
1012224 300 2.054359964881475 13244571720
1012524 300 2.0911027216856892 13133022990
1012824 300 2.1187901668129943 13238010030
1013124 300 2.117462686567164 13618587990
1013424 300 2.0512783143107987 13428299010
1013724 300 2.1180790166812997 13429119210
1014024 300 2.0787287093942055 13402052250
1014324 300 1.9885548726953468 13251953610
1014624 300 2.0829007901668133 13218324960
1014924 300 2.1422581211589113 13101034770
1015224 300 2.177246707638279 13080529500
1015524 300 2.012022827041264 13113337920
1015824 300 1.376396839332748 14950610820
1016124 300 1.3829868305531168 15317245170
1016424 300 2.0458735733099207 15192573090
1016724 300 2.019608428446005 13625149650
1017024 223 2.100632133450395 13606284810
1017247 77 1.627906935908692 13580038050
1017324 109 1.4559034240561899 13383187380
1017433 4 1.451209833187006 8658771390
1017437 1 1.4400210711150134 8658771390
1017438 8 1.4400210711150134 8658771390
1017446 1 1.4400210711150134 8658771390
1017447 177 1.507912203687445 10163038560
1017624 300 1.069417032484636 12858252270
1017924 300 1.080036874451273 13370064000
1018224 300 1.0513064091308166 13376625690
1018524 300 1.044811237928007 13278200370
1018824 300 1.0371782265144864 13219145160
1019124 184 1.0687532923617207 13212583470
1019308 116 0.8119332748024582 13199460090
1019424 67 0.7628165057067603 13127281530
1019491 3 0.7406760316066725 8251946700
1019494 1 0.7406760316066725 8251946700
1019495 7 0.7406760316066725 8251946700
1019502 222 0.8054381035996487 10348406280
1019724 300 0.9614644424934152 12976362690
1020024 76 1.10615978928885 12988665840
1020100 185 0.7781773485513608 12929610630
1020285 5 0.7771343283582091 8015725890
1020290 11 0.750774363476734 7995220620
1020301 23 0.8116488147497806 8320024200
1020324 247 0.8477752414398595 11198145000
1020571 53 0.5737453906935909 11185021620
1020624 131 0.7918788410886743 13389749070
1020755 3 0.784198419666374 8593154520
1020758 10 0.7779402985074626 8593154520
1020768 156 0.8396681299385426 10187644920
1020924 300 0.9351992976294995 12864813960
1021224 300 0.9822774363476735 12687648360
1021524 300 0.9777260755048289 12662221830
1021824 300 0.9697611940298508 13560352980
1022124 300 1.0286918349429324 13087091190
1022424 300 1.0214855136084284 13087091190
1022724 300 0.9517453906935909 13061664630
1023024 300 0.9103090430201933 12930430860
1023324 300 0.9031501316944688 12825443820
1023624 300 0.9776786654960491 13139584680
1023924 300 1.0047971905179982 13303626900
1024224 300 0.9493274802458296 12950115930
1024524 300 0.940556628621598 12923048970
1024824 300 0.951982440737489 12798376860
1025124 300 0.9233467954345919 12792635400
1025424 300 0.9565338015803336 12779512020
1025724 300 0.9000684811237928 12786073710
1026024 300 0.9170412642669007 12779512020
1026324 300 0.9646409130816506 13245391920
1026624 300 0.9306005267778754 13488174420
1026924 300 0.8859877085162424 12811500240
1027224 300 0.8823845478489903 12785253480
1027524 300 0.8958489903424057 12805758780
1027824 300 0.8679244951712027 12812320470
1028124 300 0.8790658472344162 12793455600
1028424 300 0.8704372256365234 12825443820
1028724 300 0.8808674275680423 12832005510
1029024 300 0.9372853380158035 14354317350
1029324 300 0.9451079894644425 15227021970
1029624 300 0.9515083406496927 14452742670
1029924 300 0.8832853380158034 13704710130
1030224 300 0.9231097453906937 13304447130
1030524 300 0.920502194907814 13114158150
1030824 300 0.89528007023705 13114978350
1031124 300 0.8839964881474978 13108416660
1031424 300 0.8832379280070237 13108416660
1031724 300 0.8610500438981562 13108416660
1032024 300 0.8962756804214225 13908942720
1032324 300 0.9072748024582968 14334632280
1032624 300 0.81942405618964 13935189450
1032924 300 0.8012186128182617 13835943930
1033224 300 0.8233590869183494 13397130990
1033524 300 0.8042054433713783 13351199160
1033824 300 0.8122651448639158 13363502310
1034124 300 0.8044899034240562 13337255580
1034424 300 0.7885127304653206 13206842010
1034724 300 0.8400948200175594 13497196740
1035024 300 0.8514258121158912 14238667560
1035324 300 0.8092783143107991 14121377400
1035624 300 0.8134029850746268 13956514950
1035924 300 0.8264407374890255 14219802720
1036224 300 0.8176698858647937 13307727960
1036524 300 0.8267726075504829 13201920720
