1255705 300 0.8276259877085163 8365135830
1256005 300 0.8265829675153645 8358574140
1256305 300 0.834737489025461 8155981980
1256605 300 0.8345478489903424 7985378070
1256905 300 0.8666444249341528 7932884580
1257205 300 0.8787813871817385 8555424810
1257505 300 0.8348323090430203 8502931290
1257805 300 0.8412800702370502 8286395550
1258105 300 0.8536066725197543 8286395550
1258405 300 0.8364442493415277 8168285160
1258705 300 0.8300438981562775 8057556660
1259005 300 0.8488182616330113 8037871590
1259305 300 0.8606233538191397 8031309900
1259605 300 0.875747146619842 8056736430
1259905 300 0.9172309043020194 9081180120
1260205 300 0.879729587357331 9218975580
1260505 300 0.879729587357331 8425011240
1260805 300 0.8748937664618086 8424191010
1261105 300 0.836254609306409 8423370810
1261405 300 0.8579209833187007 9027046200
1261705 300 0.8672133450395083 8069859810
1262005 300 0.8630886742756805 8018186520
1262305 300 0.8640842844600527 8024748210
1262605 300 0.8494820017559263 7972254690
1262905 300 0.8955171202809482 8621861910
1263205 300 0.8830482879719053 8182228740
1263505 300 0.8803933274802459 8182228740
1263805 300 0.834073748902546 8182228740
1264105 300 0.8427497805092186 8057556660
1264405 300 0.8382458296751538 7918940970
1264705 300 0.8323669885864795 7918940970
1265005 300 0.8539859525899913 7926322890
1265305 300 0.8637524143985952 7932884580
1265605 300 0.8711009657594381 8241283950
1265905 300 0.8509517120280948 8804768970
1266205 300 0.8278156277436349 8627603370
1266505 300 0.8371079894644424 8397944280
1266805 300 0.8381035996488146 8391382590
1267105 300 0.8315136084284461 8365956030
1267405 300 0.8167690956979807 8228160570
1267705 300 0.8299016681299387 8030489700
1268005 300 0.8185706760316066 7918940970
1268305 300 0.8230272168568922 7820515650
1268605 300 0.8629938542581211 8568548190
1268905 300 0.8463055311676909 8305260420
1269205 300 0.8317032484635645 7833639030
1269505 300 0.8489604916593504 7834459230
1269805 300 0.8396207199297631 7834459230
1270105 300 0.8325566286215978 7827077340
1270405 300 0.8333625987708517 7820515650
1270705 300 0.8420386303775242 7834459230
1271005 300 0.8818630377524145 7821335850
1271305 300 0.9098823529411765 8346270960
1271605 300 0.8821000877963127 8050994970
1271905 300 0.8412800702370502 7899255900
1272205 300 0.8830008779631255 7900076130
1272505 300 0.8401896400351185 7886952750
1272805 300 0.8106057945566287 7873829370
1273105 300 0.8052010535557506 7880391060
1273405 300 0.8239754170324847 7893514440
1273705 300 0.853891132572432 8956508040
1274005 300 0.87342405618964 9179605440
1274305 300 0.9024863915715541 8411887860
1274605 300 0.8789236172080773 8365956030
1274905 300 0.8674503950834065 8274092400
1275205 300 0.8705320456540826 8995878150
1275505 300 0.8631360842844602 8136296910
1275805 300 0.8389095697980685 7991939760
1276105 300 0.8674978050921862 7932884580
1276405 300 0.8673081650570675 7926322890
1276705 300 0.8985513608428447 8556245010
1277005 300 0.8899701492537314 8050994970
1277305 300 0.8785443371378403 8057556660
1277605 300 0.8755100965759438 8050994970
1277905 300 0.8947111501316944 8044433280
1278205 300 0.8941896400351185 7998501450
1278505 300 0.8667392449517122 7808212470
1278805 300 0.9094556628621597 7768842360
1279105 300 0.8884056189640035 7814774160
1279405 300 0.9428797190517999 8772780750
1279705 300 0.9195065847234416 8785904130
1280005 300 0.8994047410008781 8379079410
1280305 300 0.8932888498683056 8372517720
1280605 300 0.9135803336259877 8241283950
1280905 300 0.9007322212467077 8110050180
1281205 300 0.909834942932397 8044433280
1281505 300 0.9417892888498683 8103488490
1281805 300 0.9461984196663741 8300339130
1282105 300 0.9401299385425812 8201913810
1282405 300 0.9542107111501317 7978816380
1282705 300 0.9427374890254611 8589873660
1283005 300 0.9685285338015804 7860705990
1283305 300 0.9361949078138718 7841020920
1283605 300 0.9383283582089553 7834459230
1283905 300 0.9563441615452151 7821335850
1284205 300 1.0157963125548728 8182228740
1284505 300 1.0096330114135208 8162543670
1284805 300 0.991095697980685 7821335850
1285105 300 0.9818981562774365 7808212470
1285405 300 0.984647936786655 8654670330
1285705 300 0.9708990342405619 8077241730
1286005 300 0.9607058823529412 8070680040
1286305 300 0.9998191395961369 8057556660
1286605 300 1.0002458296751535 8057556660
1286905 300 1.0450482879719052 8602997040
1287205 300 1.0154644424934154 8340529500
1287505 300 1.024472344161545 8241283950
1287805 300 0.9989657594381037 8234722260
1288105 300 1.018593503072871 8235542460
1288405 300 0.9915223880597015 8209295700
1288705 300 0.9814714661984196 8084623620
1289005 300 1.0007199297629499 7979636610
1289305 300 1.0032800702370501 8011624830
1289605 300 1.067425812115891 8772780750
1289905 300 1.0166496927129063 8904014520
1290205 300 1.009064091308165 8359394340
1290505 300 0.9963107989464443 8359394340
1290805 300 1.016033362598771 8339709270
1291105 300 1.0219596136962248 8169105360
1291405 300 0.9924705882352942 7939446270
1291705 300 1.0070728709394206 7932884580
1292005 300 1.0489833187006146 8910576210
1292305 300 1.0471343283582089 8766219060
1292605 300 0.998017559262511 8359394340
1292905 300 0.9952677787532924 8995878150
1293205 300 1.0102019315188762 8260969020
1293505 300 1.001857769973661 8254407330
1293805 300 0.9933713784021071 8267530710
1294105 300 1.0429148375768218 8203554240
1294405 300 1.0443845478489904 8767859490
1294705 300 1.0073099209833187 8262609420
1295005 300 1.0096804214223003 8256047730
1295305 300 1.0244249341527656 8242924380
1295605 300 1.0135206321334502 8059197090
1295905 300 1.0373204565408254 7809852900
1296205 300 1.0446215978928886 7790167830
1296505 300 1.0387901668129937 7809852900
1296805 300 1.1140772607550482 8065758780
1297105 300 1.1206198419666376 8643187380
1297405 300 1.0360403863037755 8380719840
1297705 300 1.0384582967515363 8381540040
1298005 300 1.0603617208077263 8381540040
1298305 300 1.2431747146619843 8356113510
1298605 300 1.903880597014925 8230621200
1298905 300 1.4162212467076385 8079702360
1299205 300 1.083118525021949 8014085460
1299505 300 1.1019402985074627 8525076990
1299805 300 1.0890447761194033 9063955680
1300105 300 1.0753432835820895 8406966600
1300405 300 1.0441474978050924 8400404910
1300705 300 1.0637278314310799 8250306270
1301005 300 1.0594135206321336 8124813960
1301305 300 1.0482247585601405 8071500240
1301605 300 1.0764337137840212 7953389850
1301905 300 1.128774363476734 7979636610
1302205 300 1.1577418788410887 8538200370
1302505 300 1.188036874451273 9173863980
1302805 300 1.1358858647936787 9173863980
1303105 300 1.087006145741879 8485706850
1303405 300 1.0640597014925373 8361034770
1303705 300 1.0898507462686569 8360214540
1304005 300 1.0716453028972786 8360214540
1304305 300 1.0723090430201931 8288035980
1304605 300 1.0726883230904303 8261789220
1304905 300 1.102698858647937 8196172320
1305205 300 1.1121808604038632 8425831440
1305505 300 1.1045478489903426 8963889930
1305805 300 1.1102844600526778 8648928870
1306105 300 1.0816962247585602 8280654090
1306405 300 1.075058823529412 8976193110
1306705 300 1.085062335381914 8326585890
1307005 300 1.122468832309043 8221598880
1307305 300 1.104595258999122 8024748210
1307605 300 1.0603617208077263 7867267680
1307905 300 1.1476435469710273 8169925590
1308205 300 1.1132712906057947 8201913810
1308505 300 1.0936909569798068 7894334640
1308805 300 1.1180122914837576 7894334640
1309105 300 1.0851571553994734 7894334640
1309405 300 1.0458068481123792 7900896330
1309705 300 0.9976856892010535 7887772950
1310005 300 1.0124776119402985 7894334640
1310305 300 1.080036874451273 7894334640
1310605 300 1.0664776119402988 7887772950
1310905 300 1.1133661106233537 8366776230
1311205 300 1.0567111501316946 8675175630
1311505 300 1.0490307287093943 8438134620
1311805 300 1.0519227392449517 8431572930
1312105 300 1.0289288849868305 8360214540
1312405 300 1.0275065847234415 8301159360
1312705 300 1.0125724319578577 8150240520
1313005 300 1.0393116769095698 8032130100
1313305 300 1.0661457418788411 8137117140
1313605 300 1.0913204565408252 8438954820
1313905 300 1.083260755048288 8005883370
1314205 300 1.0256101843722565 8005063140
1314505 300 1.0104389815627743 7998501450
1314805 300 1.0076892010535559 7985378070
1315105 300 1.0208691834942933 7985378070
1315405 300 0.9809025460930643 7991119560
1315705 300 0.997638279192274 7998501450
1316005 300 1.0349025460930639 8005063140
1316305 300 1.0450956979806847 8767039260
1316605 300 1.010770851624232 8983575000
1316905 300 1.0873380158033363 8479145160
1317205 300 1.0073573309920985 8465201580
1317505 300 0.9961211589113257 8471763270
1317805 300 0.974881474978051 8465201580
1318105 300 1.0391220368744514 8465201580
1318405 300 0.9906690079016681 8458639890
1318705 300 1.0093011413520632 8458639890
1319005 300 1.0278858647936786 8844959310
1319305 300 1.0614521510096577 9246862770
1319605 300 0.9798595258999122 8748174420
1319905 300 0.998396839332748 8400404910
1320205 300 1.0011940298507462 8951586750
1320505 300 1.0083055311676912 8223239310
1320805 300 1.0164600526777874 8117432070
1321105 300 0.987729587357331 8097747000
1321405 300 0.9856435469710272 8091185310
1321705 300 1.007262510974539 8091185310
1322005 300 1.029260755048288 8740792500
1322305 300 1.0482247585601405 8229801000
1322605 300 1.0035171202809483 8223239310
1322905 300 0.9726057945566287 8104308690
1323205 300 0.9599473222124671 8092005510
1323505 300 0.9795750658472345 8111690580
1323805 300 0.9497067603160667 8099387430
