1204382 300 0.8418489903424057 8436494190
1204682 300 0.8397629499561019 8238823320
1204982 300 0.8563090430201933 8087904480
1205282 300 0.845784021071115 8035410960
1205582 300 0.9248639157155399 8999979210
1205882 300 0.8729499561018437 8868745440
1206182 300 0.8497190517998244 8566907760
1206482 300 0.8759841966637402 8468482410
1206782 300 0.8283845478489903 8461920720
1207082 300 0.8567357330992098 8343810330
1207382 300 0.8461158911325726 8042792850
1207682 300 0.8940948200175594 8174026620
1207982 300 0.934630377524144 8777702010
1208282 300 0.899025460930641 8580851340
1208582 300 0.9032449517120281 8587413030
1208882 300 0.9155241439859526 8338068870
1209182 300 0.8920087796312555 8238823320
1209482 300 0.8806777875329236 8160083040
1209782 300 0.8806777875329236 7969794060
1210082 300 0.8882633889376647 8022287580
1210382 300 1.0004354697102724 8954867610
1210682 300 0.955585601404741 8849880600
1210982 300 0.9510342405618966 8587413030
1211282 300 0.9649253731343284 8587413030
1211582 300 0.9435434591747146 8580851340
1211882 300 0.9007796312554873 8494729170
1212182 300 0.9319754170324847 8441415450
1212482 300 0.9370008779631256 8303619990
1212782 300 0.9525513608428448 8657951190
1213082 300 0.9251957857769975 8501290860
1213382 300 0.9257172958735733 8003422710
1213682 300 0.9626971027216856 7997681250
1213982 300 0.9772045654082528 7991939760
1214282 300 0.9711834942932398 7986198300
1214582 300 0.9315961369622476 7984557870
1214882 300 0.9550166812993854 8220778680
1215182 300 1.03803160667252 9086921610
1215482 300 0.9789587357330993 8568548190
1215782 300 0.9399402985074627 8568548190
1216082 300 0.9563915715539948 8561986500
1216382 300 0.941694468832309 8489807910
1216682 300 0.952266900790167 8378259210
1216982 300 0.9434012291483758 8379079410
1217282 300 0.9773467954345919 8372517720
1217582 300 1.0045601404741 9146797020
1217882 300 0.9908586479367868 8982754800
1218182 300 0.9572449517120282 8530818480
1218482 300 0.9479525899912203 8419269750
1218782 300 0.973079894644425 9042630210
1219082 300 0.9382809482001757 8406146370
1219382 300 0.9372853380158035 8261789220
1219682 300 0.9402247585601404 8234722260
1219982 300 0.9511290605794557 8241283950
1220282 300 0.9508920105355575 8772780750
1220582 300 0.9471940298507463 8247845640
1220882 300 0.9404143985952591 8241283950
1221182 300 0.9246742756804214 8242104150
1221482 300 0.9124899034240561 8242104150
1221782 300 0.9187954345917473 8242104150
1222082 300 0.9184635645302898 8235542460
1222382 300 0.9494697102721685 8334788010
1222682 300 0.9956470588235296 9022945140
1222982 300 0.9595206321334503 8720287230
1223282 300 0.9739806848112379 8476684530
1223582 300 0.9758296751536435 8344630530
1223882 300 0.9599947322212466 8300339130
1224182 300 0.9182739244951711 8044433280
1224482 300 0.9275188762071994 7900076130
1224782 300 0.9537366110623353 7939446270
1225082 300 1.0599824407374892 8615300220
1225382 300 0.9863546971027217 8667793710
1225682 300 0.9688129938542581 8529998250
1225982 300 0.9674381035996489 9547060020
1226282 300 0.9456769095697982 8516874870
1226582 300 0.9667269534679543 8306900820
1226882 300 0.9515083406496927 8090365110
1227182 300 0.9464354697102723 8090365110
1227482 300 0.9951255487269535 9048371670
1227782 300 1.0179771729587357 8438134620
1228082 300 0.975782265144864 8438134620
1228382 300 0.9643090430201933 8379079410
1228682 300 1.0043705004389816 8280654090
1228982 300 0.9649727831431081 8267530710
1229282 300 0.9518876207199297 8267530710
1229582 300 0.9476681299385427 8260969020
1229882 300 0.9916172080772608 8274092400
1230182 300 1.040307287093942 8746533990
1230482 300 1.0044179104477613 8247845640
1230782 300 0.9939402985074628 7965693000
1231082 300 0.9980649692712906 7985378070
1231382 300 0.9749288849868306 7959131310
1231682 300 0.986307287093942 7965693000
1231982 300 0.97502370500439 7972254690
1232282 300 0.9881562774363477 8110870380
1232582 300 0.9955522388059702 8767039260
1232882 300 1.4917928007023704 8596435350
1233182 300 2.807278314310799 8608738530
1233482 300 2.9900438981562774 8589053460
1233782 300 2.9684723441615453 8569368390
1234082 300 2.984212467076383 8562806700
1234382 300 2.944056189640035 8556245010
1234682 300 2.786086040386304 8575930080
1234982 300 2.7584934152765586 9376456110
1235282 300 2.7964214223002637 8825274240
1235582 300 2.7542739244951715 8564447130
1235882 300 2.8047181738366986 9378096540
1236182 300 2.7187638279192274 8557885440
1236482 300 2.752519754170325 8557885440
1236782 300 2.73635294117647 8557885440
1237082 300 2.7730956979806844 8656310760
1237382 300 2.735262510974539 8918778330
1237682 300 2.7340298507462686 8563626900
1237982 300 2.7169148375768217 8562806700
1238282 300 2.653575065847235 8563626900
1238582 300 2.664147497805092 8557065210
1238882 300 2.7560280948200173 8557885440
1239182 300 2.691597892888499 8557885440
1239482 300 2.7226988586479366 8696501100
1239782 300 2.763187006145742 9063955680
1240082 300 2.7373959613696224 8708804280
1240382 300 2.737585601404741 8629243800
1240682 300 2.7151606672519755 8558705640
1240982 300 2.6618244073748905 8557885440
1241282 300 2.6413432835820894 8557065210
1241582 300 2.6918823529411764 8597255580
1241882 300 2.7549850746268656 9606115230
1242182 300 2.733081650570676 9501128220
1242482 300 2.73128007023705 8524256790
1242782 300 2.7079543459174715 8531638680
1243082 300 2.683585601404741 9352670010
1243382 300 2.665901668129939 8662872450
1243682 300 2.701601404741001 8650569300
1243982 300 2.656324846356453 8571829020
1244282 300 2.634611062335382 8550503520
1244582 300 2.6798402107111503 8931081480
1244882 300 2.824914837576822 8492268540
1245182 300 2.7764618086040387 8491448340
1245482 300 2.7884091308165058 8386461300
1245782 300 2.7025970149253733 8333147580
1246082 300 2.761148375768218 8210936130
1246382 300 2.6604021071115014 8183869170
1246682 300 2.7204231782265147 8296238100
1246982 300 2.7492484635645305 8590693890
1247282 300 2.7236470588235293 8183869170
1247582 300 2.6619192273924495 8191251060
1247882 300 2.680219490781387 8176487280
1248182 300 2.702359964881475 8169925590
1248482 300 2.68505531167691 8176487280
1248782 300 2.694774363476734 8169925590
1249082 300 2.7651308165057067 8051815170
1249382 300 2.796089552238806 9042630210
1249682 300 2.696812993854258 8840038050
1249982 300 2.7919174714661983 8616940620
1250282 300 2.7764618086040387 8603817240
1250582 300 2.7174837576821775 8597255580
1250882 300 2.705441615452151 8597255580
1251182 300 2.7174837576821775 8465201580
1251482 300 2.7031659350307287 8301159360
1251782 300 2.76859174714662 9278850990
1252082 300 2.7025970149253733 8937643170
1252382 300 2.697097453906936 8596435350
1252682 300 2.728862159789289 8484886650
1252982 300 2.7169148375768217 8445516510
1253282 300 2.6502563652326607 8294597670
