1078204 300 2.715350307287094 8069859810
1078504 300 2.6888481123792802 8075601300
1078804 300 2.72739244951712 8685838380
1079104 300 2.5789517120280947 8076421500
1079404 300 2.6120913081650574 8075601300
1079704 300 2.5946918349429327 8096106570
1080004 300 2.595640035118525 8115791640
1080304 300 2.6620614574187886 8752275480
1080604 300 2.573784021071115 8121533130
1080904 300 2.4520825285338015 8135476710
1081204 300 2.487213345039508 8133836280
1081504 300 2.46644776119403 8133836280
1081804 300 2.5043757682177348 8803948770
1082104 300 2.447815627743635 8154341580
1082404 300 2.461043020193152 8146959660
1082704 300 2.4353942054433713 8153521350
1083004 300 2.419748902546093 8219138250
1083304 300 2.431601404741001 8790005190
1083604 300 2.37641615452151 8279013660
1083904 300 2.3816312554872696 8286395550
1084204 300 2.2826391571553994 8285575350
1084504 300 2.3041633011413523 8298698730
1084804 300 2.2560421422300267 8351192220
1085104 300 2.2844407374890254 8350372020
1085404 300 2.252628621597893 8343810330
1085704 300 2.239970149253731 8352832650
1086004 300 2.303784021071115 8904014520
1086304 300 2.2732519754170326 8917137900
1086604 300 2.2533397717295873 8359394340
1086904 300 2.1942669007901667 8365956030
1087204 300 2.1278928884986827 8418449550
1087504 300 2.1316382791922734 8418449550
1087804 300 2.0727550482879717 8418449550
1088104 300 2.004579455662862 8431572930
1088404 300 2.0107427568042144 8425011240
1088704 300 1.992632133450395 8425011240
1089004 300 2.152024582967515 8719467030
1089304 300 2.0235434591747143 9232919190
1089604 300 1.9702071992976296 8930261280
1089904 300 2.001450395083406 8464381380
1090204 300 1.9417611940298507 8463561150
1090504 300 1.9167761194029849 8438134620
1090804 300 1.8672326602282703 8392202790
1091104 300 2.0027304653204565 8392202790
1091404 300 1.9342230026338894 8582491770
1091704 300 1.926827041264267 9028686600
1092004 300 1.85955223880597 8398764480
1092304 300 1.9673625987708516 8176487280
1092604 300 1.9530921861281825 8865464610
1092904 300 1.9437998244073746 8183048970
1093204 300 1.977982440737489 8176487280
1093504 300 1.853246707638279 8189610630
1093804 300 1.8682756804214224 8254407330
1094104 300 1.891316944688323 8713725540
1094404 300 1.905445127304653 8195352120
1094704 300 1.8380280948200176 8195352120
1095004 300 1.8565654082528533 8195352120
1095304 300 1.8249429323968391 8195352120
1095604 300 1.8135645302897279 8175667050
1095904 300 1.8309640035118524 8123173530
1096204 300 1.8427690956979808 8129735220
1096504 300 1.871025460930641 8129735220
1096804 300 1.8400667251975418 8136296910
1097104 300 1.9174398595259 8779342440
1097404 300 1.9098542581211588 8706343650
1097704 300 1.826270412642669 8136296910
1098004 300 1.8124741000877962 8129735220
1098304 300 1.8223353819139594 8128915020
1098604 300 1.7953590869183496 8129735220
1098904 300 1.8182107111501318 8142858600
1099204 300 1.8229043020193152 8142858600
1099504 300 1.832955223880597 8142858600
1099804 300 1.9307146619841966 8963069730
1100104 300 1.907388937664618 8445516510
1100404 300 1.8419631255487268 8169925590
1100704 300 1.8657155399473222 8228160570
1101004 300 1.8291150131694467 8208475500
1101304 300 1.846419666374012 8215037190
1101604 300 1.3983476733977174 4181238960
1101904 101 1.3722721685689199 4128745440
1102005 1 1.3726040386303775 4128745440
1102006 3 1.3726040386303775 4129565640
1102009 11 1.3722721685689199 4129565640
1102020 1 1.3722721685689199 4129565640
1102021 173 1.3830342405618965 4484717070
1102194 1 1.3830342405618965 4484717070
1102195 9 1.5245057067603163 4604467890
1102204 300 1.4982405618964005 6828060210
1102504 300 1.8184003511852502 8347911390
1102804 300 1.7285583845478487 8119072500
1103104 300 1.7214468832309044 7979636610
1103404 300 1.751078138718174 7973074920
1103704 300 1.7115381913959613 7980456810
1104004 300 1.737945566286216 7981277010
1104304 300 1.7619350307287096 7987838700
1104604 300 1.6876909569798069 7981277010
1104904 300 1.7840280948200173 8940103800
1105204 300 1.7238647936786653 8959788870
1105504 300 1.685367866549605 8101027830
1105804 300 1.7036207199297633 8134656510
1106104 300 1.7076979806848114 8141218200
1106404 300 1.7350061457418788 8140397970
1106704 300 1.718270412642669 8141218200
1107004 300 1.7008709394205443 8128094820
1107304 300 1.7117752414398595 8095286370
1107604 300 1.7294591747146622 8429932500
1107904 300 1.7071764705882355 8961429300
1108204 300 1.6740842844600528 8133836280
1108504 300 1.6572063213345039 8101027830
1108804 300 1.6387164179104479 9242761710
1109104 300 1.6303248463564528 8522616360
1109404 300 1.6087058823529414 8430752700
1109704 300 1.5986075504828796 8338889070
1110004 300 1.624446005267779 8377438980
1110304 300 1.5950517998244074 9224717070
1110604 300 1.5914486391571554 8325765690
1110904 300 1.6229288849868304 8299518930
1111204 300 1.5794064969271293 8299518930
1111504 300 1.5782212467076384 8325765690
1111804 300 1.6171448639157155 8365135830
1112104 300 1.629945566286216 9192728820
1112404 300 1.7094995610184371 9316580700
1112704 300 1.6600983318700615 8805589200
1113004 300 1.6307041264266902 8523436560
1113304 300 1.6454012291483757 8536559940
1113604 300 1.6454012291483757 8411887860
1113904 300 1.67318349429324 8320024200
1114204 300 1.662089552238806 8333967810
1114504 300 1.6561158911325726 8360214540
1114804 300 1.7725548726953468 9186987360
1115104 300 1.7336786654960492 9193549050
1115404 300 1.7038103599648815 8825274240
1115704 300 1.6618999122036877 8799027510
1116004 300 1.685083406496927 8621861910
1116304 300 1.7085513608428449 8294597670
1116604 300 1.7144302019315192 8104308690
1116904 300 1.657443371378402 8123993760
1117204 300 1.708741000877963 8143678830
1117504 300 1.767908691834943 8583311970
1117804 300 1.70528007023705 8320024200
1118104 300 1.641513608428446 8136296910
1118404 300 1.671761194029851 8136296910
1118704 300 1.6292344161545214 8136296910
1119004 300 1.5946251097453905 8136296910
1119304 300 1.633548726953468 8116611870
1119604 300 1.6679209833187008 8116611870
1119904 300 1.7560561896400348 9095123700
1120204 300 1.7620298507462686 9475701660
1120504 300 1.6937120280948201 8977013310
1120804 300 1.6576330114135207 8688299010
1121104 300 1.7543020193151886 8642367180
1121404 300 1.7012976294995608 8498010030
1121704 300 1.662374012291484 8498010030
1122004 300 1.645922739244952 8498010030
1122304 300 1.6739420544337138 8385641100
1122604 300 1.7637840210711149 9048371670
1122904 300 1.741453906935909 8949946350
1123204 300 1.641513608428446 8169105360
1123504 300 1.6958454784899035 7953389850
1123804 297 1.226486391571554 4017196740
1124101 1 1.226486391571554 4018016940
1124102 2 1.226486391571554 4018016940
1124104 7 1.3286075504828798 4024578630
1124111 4 1.3286075504828798 4023758430
1124115 1 1.3286075504828798 4023758430
1124116 176 1.3399859525899913 4376449200
1124292 1 1.3399859525899913 4376449200
1124293 111 1.413566286215979 5094954120
1124404 300 1.474251097453907 7581014010
1124704 300 1.6002669007901669 7808212470
1125004 300 1.5685496049165935 7814774160
1125304 300 1.5433748902546092 7815594390
1125604 300 1.5430904302019317 7835279460
1125904 300 1.4762423178226514 7882031490
1126204 300 1.5072958735733097 7868908110
1126504 300 1.5222774363476737 7862346420
1126804 300 1.475673397717296 7895154870
1127104 300 1.5346514486391571 8269171110
1127404 300 1.5620070237050045 9010641960
1127704 300 1.5033608428446006 8821993410
1128004 300 1.4878103599648815 8467662210
1128304 300 1.471453906935909 8454538830
1128604 300 1.4892800702370503 8468482410
1128904 300 1.488616330114135 8468482410
1129204 300 1.522893766461809 8343810330
1129504 300 1.4977190517998245 8265070080
1129804 300 1.5265443371378402 8625962940
1130104 300 1.441964881474978 8816251920
1130404 300 0.9553959613696226 8468482410
1130704 300 0.7768498683055312 8297878500
1131004 300 0.7789833187006147 9026225970
1131304 300 0.7711132572431959 8456179260
1131604 300 0.7813538191395961 8423370810
1131904 300 0.8060070237050044 8108409750
1132204 300 0.7997489025460931 8055916230
1132504 300 0.8258244073748902 8712085110
1132804 300 0.8230746268656717 8226520140
1133104 300 0.8113643546971028 8227340370
1133404 300 0.8081878841088675 8089544880
1133704 300 0.7949604916593503 8031309900
1134004 300 0.7661826163301143 8029669470
1134304 300 0.7813538191395961 8030489700
1134604 300 0.7599244951712028 8029669470
1134904 300 0.7718244073748904 8156802210
1135204 300 0.8260140474100088 9192728820
1135504 300 0.7814486391571555 8937643170
1135804 300 0.7652818261633011 8694040470
1136104 300 0.7777032484635644 8648108640
1136404 300 0.7924003511852502 9145976790
1136704 300 0.7730570676031608 8516054670
1137004 300 0.7823494293239683 8516054670
1137304 300 0.7716821773485514 8516054670
1137604 300 0.7782721685689201 8516054670
1137904 300 0.8433187006145743 9375635910
1138204 300 0.8346426690079016 8488987710
1138504 300 0.7984214223002634 8496369600
1138804 300 0.7700702370500438 8430752700
1139104 300 0.7970465320456541 8338889070
1139404 300 0.772251097453907 8358574140
1139704 300 0.7723459174714663 8338889070
1140004 300 0.7727251975417033 8325765690
1140304 300 0.8019771729587357 8253587100
1140604 300 0.8323669885864795 8929441050
1140904 300 0.8154890254609306 8280654090
1141204 300 0.794486391571554 7964872800
1141504 300 0.7387322212467077 7951749420
1141804 300 0.7384003511852504 7958311110
1142104 300 0.7540930640913082 7953389850
1142404 300 0.762342405618964 7952569620
1142704 300 0.7524337137840212 7959131310
1143004 300 0.7508217734855136 7959131310
1143304 300 0.7768972783143109 8260969020
1143604 300 0.8081404741000879 8936822970
1143904 300 0.7708287971905179 8891711340
1144204 300 0.7334697102721687 8648108640
1144504 300 0.7153116769095699 8627603370
1144804 300 0.7653292361720807 9271469100
1145104 300 0.7692168568920106 8347091190
1145404 300 0.7672730465320455 8333147580
1145704 300 0.748214223002634 8327406120
1146004 300 0.7558946444249343 8320024200
1146304 300 0.7796944688323092 8648108640
1146604 300 0.7983740122914839 8812971090
1146904 300 0.7722985074626867 8510313180
1147204 300 0.7222809482001756 8352012450
1147504 300 0.7197208077260755 8300339130
1147804 300 0.7354609306409131 8299518930
1148104 300 0.7516751536435471 8306080620
1148404 300 0.7678419666374012 8247025410
1148704 300 0.7758068481123793 8109229950
1149004 300 0.7607778753292362 8017366320
1149304 300 0.8088516242317823 8970451620
1149604 300 0.8092783143107991 9002439840
1149904 300 0.7834398595258999 8680917090
1150204 300 0.7835346795434592 9336265770
1150504 300 0.7557998244073749 8385641100
1150804 300 0.7680316066725199 8188790430
1151104 300 0.7685057067603163 8194531920
1151404 300 0.7747638279192275 8214216990
1151704 300 0.7913573309920985 8733410610
1152004 300 0.8214152765583846 8005063140
1152304 300 0.7756646180860405 8005063140
1152604 300 0.7522440737489026 7998501450
1152904 300 0.7915943810359964 8005063140
1153204 300 0.775332748024583 8011624830
1153504 300 0.771208077260755 8005063140
1153804 300 0.7820175592625112 7998501450
1154104 300 0.7599719051799825 7991939760
1154404 300 0.8383880597014925 8575930080
1154704 300 0.808899034240562 8576750280
1155004 300 0.7809271290605796 7972254690
1155304 300 0.7704969271290607 7972254690
1155604 300 0.7796944688323092 7965693000
1155904 300 0.7778454784899034 7959131310
1156204 300 0.778414398595259 7959131310
1156504 300 0.8100368744512731 7959131310
1156804 300 0.794486391571554 8083803420
1157104 300 0.8424179104477612 8379899610
1157404 300 0.791025460930641 7965693000
1157704 300 0.7884179104477613 7939446270
1158004 300 0.794865671641791 7940266470
1158304 300 0.7783195785776997 7946828160
1158604 300 0.77571202809482 7946828160
1158904 300 0.7553731343283583 7946828160
1159204 300 0.7881334503950833 7972254690
1159504 300 0.8242124670763828 9062315250
1159804 300 0.8018823529411764 8923699590
1160104 300 0.7584547848990342 8630064000
1160404 300 0.7675575065847235 8596435350
1160704 300 0.7863318700614575 8466021780
1161004 300 0.7724881474978051 8367596460
1161304 300 0.7601615452151009 8308541250
1161604 300 0.7586444249341527 8301979560
1161904 300 0.779315188762072 8361034770
1162204 300 0.8207041264266902 9298536060
1162504 300 0.8039209833187007 9272289300
1162804 300 0.7952923617208079 8406146370
1163104 300 0.7876593503072871 8393843220
1163404 300 0.8082827041264267 8380719840
1163704 300 0.7852888498683055 8379899610
1164004 300 0.7861422300263389 8215857390
1164304 300 0.790503950834065 8210936130
1164604 300 0.8052010535557506 8269171110
1164904 300 0.8463055311676909 9240301080
1165204 300 0.8154416154521511 8945025090
1165504 300 0.8139719051799825 8557885440
1165804 300 0.8283371378402108 8511953610
1166104 300 0.8134029850746268 8347911390
1166404 300 0.8153467954345918 8321664630
1166704 300 1.2137330992098332 8328226320
1167004 300 2.206972783143108 8347911390
1167304 300 2.3433239683933276 8374978350
1167604 300 2.434114135206321 8919598530
1167904 300 2.518883230904302 9109887510
1168204 300 2.521395961369622 8827734900
1168504 300 2.5429201053555746 8840858250
1168804 300 2.4819982440737487 9556082340
1169104 300 2.468486391571554 8827734900
1169404 300 2.5080263388937665 8834296590
1169704 300 2.518172080772608 8827734900
1170004 300 2.485269534679544 8840858250
1170304 300 2.511345039508341 8834296590
1170604 300 2.565345039508341 9069697170
1170904 300 2.657510096575944 9116449200
1171204 300 2.5866795434591747 8696501100
1171504 300 2.5526391571553995 8676816030
1171804 300 2.677185250219491 8709624480
1172104 300 2.5983424056189643 8616940620
1172404 300 2.6194872695346794 8590693890
1172704 300 2.6690781387181737 8591514090
1173004 300 2.6205776997366113 8590693890
1173304 300 2.6550921861281824 8584952400
1173604 300 2.684486391571554 8780982840
1173904 300 2.7624284460052673 9339546630
1174204 300 2.6227585601404746 9162381030
1174504 300 2.631434591747147 8920418730
1174804 300 2.6025618964003514 8853981630
1175104 300 2.210149253731343 8736691440
1175404 300 1.3929429323968394 8716186170
1175704 300 2.13851273046532 8591514090
1176004 300 1.3879174714661984 8559525840
1176304 300 1.7109218612818262 8507852550
1176604 300 1.944653204565408 9360051900
1176904 300 1.1424284460052676 8539840800
1177204 300 0.974739244951712 8060837490
1177504 300 1.1897910447761193 8060017290
1177804 300 0.9361000877963127 8060017290
1178104 300 0.9229675153643546 8066578980
1178404 300 0.9523143107989466 8067399180
1178704 300 0.9325443371378404 8067399180
1179004 300 0.935531167690957 8080522560
1179304 300 0.9320228270412642 8073960870
1179604 300 0.9326865671641792 8886790080
1179904 300 0.9401773485513609 8342990130
1180204 300 0.9494697102721685 8336428440
1180504 300 0.9472888498683056 8329866750
1180804 300 1.0226233538191396 8277373230
1181104 300 1.0333854258121158 8953227180
1181404 300 1.0061246707638278 8388921930
1181704 300 0.9458665496049166 8342990130
1182004 300 0.9490430201931519 8336428440
1182304 300 0.9700930640913081 8310181680
1182604 300 0.942453028972783 8048534340
1182904 300 0.9325917471466199 8021467380
1183204 300 0.959046532045654 8021467380
1183504 300 0.9320228270412642 8014905690
1183804 300 0.999961369622476 8821993410
1184104 300 0.9488533801580334 9117269400
1184404 300 0.9500386303775241 8652209700
1184704 300 0.9241053555750659 8631704430
1185004 300 0.957766461808604 8638266120
1185304 300 0.9447287093942055 8638266120
1185604 300 0.9158560140474101 8632524630
1185904 300 0.919980684811238 8566087530
1186204 300 0.9473362598770851 8315923170
1186504 300 0.998776119402985 9005720700
1186804 300 0.9747866549604918 9104146020
1187104 300 0.9659683933274803 8382360240
1187404 300 0.9455346795434592 8348731590
1187704 300 0.9502756804214223 8343810330
1188004 300 0.9483792800702371 8212576560
1188304 300 0.9581931518876209 8199453180
1188604 300 0.9446338893766462 8186329800
1188904 300 0.9421685689201054 8063298120
1189204 300 0.9847427568042143 8974552680
1189504 300 0.9776786654960491 9249323400
1189804 300 0.9410307287093943 8665333080
1190104 300 0.9334925373134328 8658771390
1190404 300 0.9232045654082528 8652209700
1190704 300 0.9467673397717298 8653029930
1191004 300 0.9258595258999122 8527537620
1191304 300 0.9379490781387181 8330686950
1191604 300 0.9607532923617208 8317563570
1191904 300 1.0755803336259877 8318383800
1192204 300 2.6347058823529412 8540661000
1192504 300 1.2390500438981562 9145156590
1192804 300 2.743132572431958 8659591620
1193104 300 2.531589113257243 8613659790
1193404 300 2.752424934152766 8620221480
1193704 300 2.764561896400351 8527537620
1194004 300 2.7837155399473223 8507852550
1194304 300 2.70425636523266 8515234440
1194604 300 2.7702985074626865 8514414240
1194904 300 2.062372256365233 4380550260
1195204 41 1.9892186128182614 4997349000
1195245 8 1.9894556628621596 4997349000
1195253 9 1.9892186128182614 4998169230
1195262 173 1.995618964003512 5377926960
1195435 1 1.995618964003512 5377926960
1195436 1 1.995618964003512 5377926960
1195437 67 2.073845478489903 5971759800
1195504 300 2.1804231782265147 7908278220
1195804 300 1.6123090430201934 8217497820
1196104 300 2.756075504828797 8224059510
1196404 300 2.7319912203687444 8224059510
1196704 300 2.7193327480245832 8237182890
1197004 300 2.702454784899034 8238003090
1197304 300 2.6967655838454787 8231441400
1197604 300 2.7394345917471465 8231441400
1197904 300 2.8046233538191396 8913857040
1198204 300 2.437906935908692 8743253130
1198504 300 1.4825478489903425 8100207630
1198804 300 0.9341562774363478 8069039610
1199104 300 0.9415996488147498 9009821760
1199404 300 1.1890324846356455 8327406120
1199704 300 1.2862230026338892 8274912600
1200004 300 1.218900790166813 8162543670
1200304 300 1.4194925373134328 8260969020
1200604 300 0.9659209833187006 8844139110
1200904 300 0.9017752414398595 8364315600
1201204 300 0.888358208955224 8305260420
1201504 300 0.8713854258121161 8292957240
1201804 300 0.8643687445127304 8285575350
1202104 300 0.8809148375768218 8232261630
1202404 300 0.9061843722563653 8130555450
1202704 300 0.92870412642669 8249486070
1203004 300 0.8844231782265146 8498010030
1203304 300 0.8816733977172958 8150240520
1203604 300 0.8782124670763828 8155981980
1203904 300 0.8706268656716417 8155981980
1204204 300 0.9003529411764706 8142038400
1204504 300 0.8813889376646181 8142858600
1204804 300 0.8892589991220369 8135476710
1205104 300 0.920739244951712 8202734010
1205404 300 0.9214978050921863 9487184610
1205704 300 0.9246268656716418 9015563220
1206004 300 0.8600070237050045 8529998250
1206304 300 0.8646532045654083 8503751490
1206604 300 0.8790184372256367 8444696310
1206904 300 0.874324846356453 8359394340
1207204 300 0.8650798946444249 8366776230
1207504 300 0.8650798946444249 8361034770
1207804 300 0.8606233538191397 8366776230
1208104 300 0.9373801580333626 9133673640
1208404 300 0.8846602282704128 8634985290
1208704 300 0.8456417910447762 8379899610
1209004 300 1.272237050043898 8385641100
1209304 300 1.7274205443371378 8386461300
1209604 300 1.0724986830553118 8282294490
1209904 300 0.9270921861281827 8177307480
1210204 300 1.2562124670763828 8177307480
1210504 300 2.405525899912204 8191251060
1210804 300 2.6541913959613694 8578390710
1211104 300 2.7200438981562773 9200930940
1211404 300 2.645610184372256 8670254340
1211704 300 2.6215733099209837 8656310760
1212004 300 2.6483125548726956 8668613940
1212304 300 2.667418788410887 8676816030
1212604 300 2.737538191395961 8656310760
1212904 300 2.695675153643547 8650569300
1213204 300 2.7238841088674275 8526717420
1213504 300 2.741805092186128 8650569300
1213804 300 2.7843318700614574 9031147230
1214104 300 2.718100087796312 8598075780
1214404 300 2.811734855136084 8335608210
1214704 300 2.7595364354697107 8302799790
1215004 300 2.567051799824408 8289676410
1215304 300 1.3051395961369625 8224879710
1215604 300 2.3915399473222125 8146139460
1215904 300 0.9623178226514486 8119892700
1216204 300 1.8588884986830552 8402045310
1216504 300 0.8773590869183494 8310181680
1216804 300 0.8442194907813871 7989479130
1217104 300 0.8211308165057067 7969794060
1217404 300 0.8623301141352064 7969794060
1217704 300 0.8802985074626866 7956670680
1218004 300 0.8299490781387182 7950108990
1218304 300 0.8636101843722563 7956670680
1218604 300 0.8819578577699736 7969794060
1218904 300 0.89528007023705 8954047410
1219204 300 0.8597699736611063 8750635050
1219504 300 0.8055329236172081 8540661000
1219804 300 0.7795048287971905 8539840800
1220104 300 0.8162475856014049 8501290860
1220404 300 0.8046321334503952 8363495400
1220704 300 0.8302809482001757 8192891490
1221004 300 0.8370605794556629 8048534340
1221304 300 0.8525162423178227 8041972650
1221604 300 0.8935258999122038 8645648010
1221904 300 0.8893064091308165 9052472730
1222204 300 0.8754626865671643 8580031140
1222504 300 0.856972783143108 8448797340
1222804 300 0.8570201931518877 8396303850
1223104 300 0.8295223880597016 8278193430
1223404 300 0.8207989464442493 8271631770
1223704 300 0.8165794556628622 8330686950
1224004 300 0.9116839332748026 9288693540
1224304 300 0.8354486391571555 8849060370
1224604 300 0.8347848990342405 8461920720
1224904 300 0.8568779631255486 8442235680
1225204 300 0.8418489903424057 8436494190
1225504 300 0.8397629499561019 8238823320
1225804 300 0.8563090430201933 8087904480
1226104 300 0.845784021071115 8035410960
1226404 300 0.9248639157155399 8999979210
1226704 300 0.8729499561018437 8868745440
1227004 300 0.8497190517998244 8566907760
1227304 300 0.8759841966637402 8468482410
1227604 300 0.8283845478489903 8461920720
1227904 300 0.8567357330992098 8343810330
1228204 300 0.8461158911325726 8042792850
1228504 300 0.8940948200175594 8174026620
1228804 300 0.934630377524144 8777702010
1229104 300 0.899025460930641 8580851340
1229404 300 0.9032449517120281 8587413030
1229704 300 0.9155241439859526 8338068870
1230004 300 0.8920087796312555 8238823320
1230304 300 0.8806777875329236 8160083040
1230604 300 0.8806777875329236 7969794060
1230904 300 0.8882633889376647 8022287580
1231204 300 1.0004354697102724 8954867610
1231504 300 0.955585601404741 8849880600
1231804 300 0.9510342405618966 8587413030
1232104 300 0.9649253731343284 8587413030
1232404 300 0.9435434591747146 8580851340
1232704 300 0.9007796312554873 8494729170
1233004 300 0.9319754170324847 8441415450
1233304 300 0.9370008779631256 8303619990
1233604 300 0.9525513608428448 8657951190
1233904 300 0.9251957857769975 8501290860
1234204 300 0.9257172958735733 8003422710
1234504 300 0.9626971027216856 7997681250
1234804 300 0.9772045654082528 7991939760
1235104 300 0.9711834942932398 7986198300
1235404 300 0.9315961369622476 7984557870
1235704 300 0.9550166812993854 8220778680
1236004 300 1.03803160667252 9086921610
1236304 300 0.9789587357330993 8568548190
1236604 300 0.9399402985074627 8568548190
1236904 300 0.9563915715539948 8561986500
1237204 300 0.941694468832309 8489807910
1237504 300 0.952266900790167 8378259210
1237804 300 0.9434012291483758 8379079410
1238104 300 0.9773467954345919 8372517720
1238404 300 1.0045601404741 9146797020
1238704 300 0.9908586479367868 8982754800
1239004 300 0.9572449517120282 8530818480
1239304 300 0.9479525899912203 8419269750
1239604 300 0.973079894644425 9042630210
1239904 300 0.9382809482001757 8406146370
1240204 300 0.9372853380158035 8261789220
1240504 300 0.9402247585601404 8234722260
1240804 300 0.9511290605794557 8241283950
1241104 300 0.9508920105355575 8772780750
1241404 300 0.9471940298507463 8247845640
1241704 300 0.9404143985952591 8241283950
1242004 300 0.9246742756804214 8242104150
1242304 300 0.9124899034240561 8242104150
1242604 300 0.9187954345917473 8242104150
1242904 300 0.9184635645302898 8235542460
1243204 300 0.9494697102721685 8334788010
1243504 300 0.9956470588235296 9022945140
1243804 300 0.9595206321334503 8720287230
1244104 300 0.9739806848112379 8476684530
1244404 300 0.9758296751536435 8344630530
1244704 300 0.9599947322212466 8300339130
1245004 300 0.9182739244951711 8044433280
1245304 300 0.9275188762071994 7900076130
1245604 300 0.9537366110623353 7939446270
1245904 300 1.0599824407374892 8615300220
1246204 300 0.9863546971027217 8667793710
1246504 300 0.9688129938542581 8529998250
1246804 300 0.9674381035996489 9547060020
1247104 300 0.9456769095697982 8516874870
1247404 300 0.9667269534679543 8306900820
1247704 300 0.9515083406496927 8090365110
1248004 300 0.9464354697102723 8090365110
1248304 300 0.9951255487269535 9048371670
1248604 300 1.0179771729587357 8438134620
1248904 300 0.975782265144864 8438134620
1249204 300 0.9643090430201933 8379079410
1249504 300 1.0043705004389816 8280654090
1249804 300 0.9649727831431081 8267530710
1250104 300 0.9518876207199297 8267530710
1250404 300 0.9476681299385427 8260969020
1250704 300 0.9916172080772608 8274092400
1251004 300 1.040307287093942 8746533990
1251304 300 1.0044179104477613 8247845640
1251604 300 0.9939402985074628 7965693000
1251904 300 0.9980649692712906 7985378070
1252204 300 0.9749288849868306 7959131310
1252504 300 0.986307287093942 7965693000
1252804 300 0.97502370500439 7972254690
1253104 300 0.9881562774363477 8110870380
1253404 300 0.9955522388059702 8767039260
1253704 300 1.4917928007023704 8596435350
1254004 300 2.807278314310799 8608738530
1254304 300 2.9900438981562774 8589053460
1254604 300 2.9684723441615453 8569368390
1254904 300 2.984212467076383 8562806700
1255204 300 2.944056189640035 8556245010
1255504 300 2.786086040386304 8575930080
1255804 300 2.7584934152765586 9376456110
1256104 300 2.7964214223002637 8825274240
1256404 300 2.7542739244951715 8564447130
1256704 300 2.8047181738366986 9378096540
1257004 300 2.7187638279192274 8557885440
1257304 300 2.752519754170325 8557885440
1257604 300 2.73635294117647 8557885440
1257904 300 2.7730956979806844 8656310760
1258204 300 2.735262510974539 8918778330
1258504 300 2.7340298507462686 8563626900
1258804 300 2.7169148375768217 8562806700
1259104 300 2.653575065847235 8563626900
1259404 300 2.664147497805092 8557065210
1259704 300 2.7560280948200173 8557885440
1260004 300 2.691597892888499 8557885440
1260304 300 2.7226988586479366 8696501100
1260604 300 2.763187006145742 9063955680
1260904 300 2.7373959613696224 8708804280
1261204 300 2.737585601404741 8629243800
1261504 300 2.7151606672519755 8558705640
1261804 300 2.6618244073748905 8557885440
1262104 300 2.6413432835820894 8557065210
1262404 300 2.6918823529411764 8597255580
1262704 300 2.7549850746268656 9606115230
1263004 300 2.733081650570676 9501128220
1263304 300 2.73128007023705 8524256790
1263604 300 2.7079543459174715 8531638680
1263904 300 2.683585601404741 9352670010
1264204 300 2.665901668129939 8662872450
1264504 300 2.701601404741001 8650569300
1264804 300 2.656324846356453 8571829020
1265104 300 2.634611062335382 8550503520
1265404 300 2.6798402107111503 8931081480
1265704 300 2.824914837576822 8492268540
1266004 300 2.7764618086040387 8491448340
1266304 300 2.7884091308165058 8386461300
1266604 300 2.7025970149253733 8333147580
1266904 300 2.761148375768218 8210936130
1267204 300 2.6604021071115014 8183869170
1267504 300 2.7204231782265147 8296238100
1267804 300 2.7492484635645305 8590693890
1268104 300 2.7236470588235293 8183869170
1268404 300 2.6619192273924495 8191251060
1268704 300 2.680219490781387 8176487280
1269004 300 2.702359964881475 8169925590
1269304 300 2.68505531167691 8176487280
1269604 300 2.694774363476734 8169925590
1269904 300 2.7651308165057067 8051815170
1270204 300 2.796089552238806 9042630210
1270504 300 2.696812993854258 8840038050
1270804 300 2.7919174714661983 8616940620
1271104 300 2.7764618086040387 8603817240
1271404 300 2.7174837576821775 8597255580
1271704 300 2.705441615452151 8597255580
1272004 300 2.7174837576821775 8465201580
1272304 300 2.7031659350307287 8301159360
1272604 300 2.76859174714662 9278850990
1272904 300 2.7025970149253733 8937643170
1273204 300 2.697097453906936 8596435350
1273504 300 2.728862159789289 8484886650
1273804 300 2.7169148375768217 8445516510
1274104 300 2.6502563652326607 8294597670
1274404 300 2.654475856014048 8202734010
1274704 300 2.6028937664618086 8196992550
1275004 300 2.622237050043898 8196172320
1275304 300 2.6502089552238806 8550503520
1275604 300 2.6126602282704128 8307721050
1275904 300 2.5932221246707634 8189610630
1276204 300 2.5967304653204564 8183048970
1276504 300 2.5999069359086917 8183048970
1276804 300 2.5618841088674276 8176487280
1277104 300 2.5920842844600527 8123993760
1277404 300 2.5966356453028974 8032130100
1277704 300 2.55903950834065 8025568410
1278004 300 2.661113257243196 8026388640
1278304 300 2.6051220368744517 8021467380
1278604 300 2.6563722563652328 8021467380
1278904 300 2.617353819139596 8021467380
1279204 300 2.6448990342405616 8105128890
1279504 300 2.707385425812116 9213234120
1279804 300 2.654665496049166 8511133410
1280104 300 2.677991220368745 8097747000
1280404 300 2.629585601404741 8091185310
1280704 300 2.6148410886742757 8812971090
1281004 300 2.536093064091308 8078061930
1281304 300 2.599859525899912 8084623620
1281604 300 2.5654398595259 8078061930
1281904 300 2.5822230026338895 8072320470
1282204 300 2.6698841088674277 8644007610
1282504 300 2.6415803336259875 8092825740
1282804 300 2.580990342405619 8092005510
1283104 300 2.613798068481124 8945025090
1283404 300 2.6785601404741 8373337920
1283704 300 2.6511571553994733 8366776230
1284004 300 2.6030359964881478 8366776230
1284304 300 2.6983301141352065 8366776230
1284604 300 2.650777875329236 9114808770
1284904 300 2.67595258999122 8663692680
1285204 300 2.6609710272168567 8662872450
1285504 300 2.649497805092186 9254244660
1285804 300 2.5563371378402104 8663692680
1286104 300 2.6511571553994733 8650569300
1286404 300 2.5524969271290607 8656310760
1286704 300 2.5515961369622477 8760477570
1287004 300 2.6041264266900788 9003260070
1287304 300 2.6758103599648817 8655490560
1287604 300 2.5531132572431954 8655490560
1287904 300 2.628779631255487 8657951190
1288204 300 2.541497805092186 8657951190
1288504 300 2.5455276558384545 8651389500
1288804 300 2.6046479367866553 8656310760
1289104 300 2.669315188762072 8782623270
1289404 300 2.648454784899034 9063955680
1289704 300 2.595877085162423 8670254340
1290004 300 2.627262510974539 8670254340
1290304 300 2.658790166812994 8669434140
1290604 300 2.6007129060579457 8662052250
1290904 300 2.63356804214223 8655490560
1291204 300 2.6561826163301143 8655490560
1291504 300 2.589524143985953 8695680900
1291804 300 2.674340649692713 9587250360
1292104 300 2.6469850746268655 9240301080
1292404 300 2.6175434591747146 8610378930
1292704 300 2.6571782265144863 8611199160
1293004 300 2.656324846356453 8604637470
1293304 300 2.632525021949078 8545582260
1293604 300 2.6822581211589114 8446336710
1293904 300 2.647032484635645 8446336710
1294204 300 2.6046953467954346 8446336710
1294504 300 2.627878841088674 8767859490
1294804 300 2.6766637401229145 9477342090
1295104 300 2.5944547848990345 8611199160
1295404 300 2.54998419666374 8618581050
1295704 300 2.682210711150132 8618581050
1296004 300 2.5455750658472343 8617760850
1296304 300 2.606923617208077 8618581050
1296604 300 2.554061457418788 8612019360
1296904 300 2.659785776997366 8605457670
1297204 300 2.714733977172959 8919598530
1297504 300 2.6078718173836695 8932721910
1297804 300 2.5166549604916595 8644007610
1298104 300 2.6752414398595254 8525897190
1298404 300 2.705299385425812 8486527080
1298704 300 2.6224741000877962 8493908970
1299004 300 2.6145092186128185 8487347280
1299304 300 2.6797928007023706 8499650430
1299604 300 2.745028972783143 9339546630
1299904 300 2.721086918349429 9262446780
1300204 300 2.671970149253731 8540661000
1300504 300 2.6361281826163303 8474223900
1300804 300 2.565060579455663 8387281530
1301104 300 2.6163107989464445 8380719840
1301404 300 2.6094837576821774 8374158150
1301704 300 2.669172958735733 8511953610
1302004 300 2.716488147497805 9036888720
1302304 300 2.532774363476734 8657130990
1302604 300 2.511913959613696 8657130990
1302904 300 2.557285338015803 8624322540
1303204 300 1.5465987708516244 8520155730
1303504 300 1.330503950834065 8493908970
1303804 300 1.0531553994732221 8374978350
1304104 300 0.8738507462686567 9130392780
1304404 300 0.8062440737489026 9083640750
1304704 300 0.7758542581211589 8617760850
1305004 300 0.7913099209833186 8512773810
1305304 300 0.7832502194907816 8466842010
1305604 300 0.7588814749780509 8407786800
1305904 300 0.7692642669007903 8322484830
1306204 300 0.761062335381914 8388101730
1306504 300 0.8018823529411764 9470780400
1306804 300 0.8021194029850746 8788364760
1307104 300 0.7677471466198419 8402865540
1307404 300 0.7843880597014926 8396303850
1307704 300 0.7586918349429324 8396303850
1308004 300 0.7693590869183495 8395483620
1308304 300 0.7563687445127305 8395483620
1308604 300 0.7871378402107111 8415988920
1308904 300 0.791784021071115 8402865540
1309204 300 0.7776084284460054 8396303850
1309504 300 0.7541878841088675 8402865540
1309804 300 0.7494468832309044 8402045310
1310104 300 0.7803107989464442 8402865540
1310404 300 0.7927322212467077 8408607000
1310704 300 0.8397155399473222 9387118860
1311004 300 0.8361123792800702 9058214220
1311304 300 0.7669411764705883 8665333080
1311604 300 0.7682686567164181 8657951190
1311904 300 0.7631483757682178 8658771390
1312204 300 0.7439473222124671 8664512880
1312504 300 0.7411027216856892 8553784380
1312804 300 0.7745267778753293 8724388290
1313104 300 0.8539385425812116 9328063650
1313404 300 0.7501106233538193 8986855830
1313704 300 0.726595258999122 8704703220
1314004 300 0.748593503072871 8698141530
1314304 300 0.7359824407374891 8691579840
1314604 300 0.7492098331870062 8612839590
1314904 300 0.7582651448639157 8548042890
1315204 300 0.7597348551360843 8631704430
1315504 300 0.8015978928884987 9084460950
1315804 300 0.7733415276558385 8664512880
1316104 300 0.7530974539069359 8388101730
1316404 300 0.7596874451273046 8394663420
1316704 300 0.7330430201931519 8401225110
1317004 300 0.751153643546971 8393843220
1317304 300 0.754235294117647 8394663420
1317604 300 0.7836769095697981 8390562360
1317904 300 0.8737085162423177 8817072150
1318204 300 0.8483441615452152 9012282390
1318504 300 0.794486391571554 8685018150
1318804 300 0.8073819139596137 8657951190
1319104 300 0.7962405618964004 8507852550
1319404 300 0.7968568920105357 8389742160
1319704 300 0.7719666374012293 8383180470
1320004 300 0.7685531167690958 8383180470
1320304 300 0.8677348551360844 9433050690
1320604 300 0.8187129060579454 9786561660
1320904 300 0.7794100087796314 8645648010
1321204 300 0.7644758560140476 8632524630
1321504 300 0.7953397717295874 8488167480
1321804 300 0.7750956979806848 8468482410
1322104 300 0.7798841088674275 8343810330
1322404 300 0.7762335381913961 8324125260
1322704 300 0.7761861281826163 8304440190
1323004 300 0.8287164179104478 8652209700
1323304 300 0.8299964881474979 9177144810
1323604 300 0.800649692712906 8573469450
1323904 300 0.7780825285338016 8567727960
1324204 300 0.7736733977172958 8566907760
1324504 300 0.7840087796312556 8487347280
1324804 300 0.7737682177348553 8297878500
1325104 300 0.7848147497805091 8165824530
1325404 300 0.7840561896400351 8172386220
1325704 300 0.8290008779631255 8553784380
1326004 300 0.8237857769973662 8816251920
1326304 300 0.8028779631255487 8584952400
1326604 300 0.7769920983318701 8539020570
1326904 300 0.7756172080772608 8447156940
1327204 300 0.7561791044776119 8440595250
1327504 300 0.7815908691834943 8231441400
1327804 300 0.7727251975417033 8165004300
1328104 300 0.8137822651448641 8558705640
1328404 300 0.8204196663740124 9268188240
1328704 300 0.7831553994732222 8598895980
1329004 300 0.7642388059701494 8592334290
1329304 300 0.7870904302019316 8585772600
1329604 300 0.7978999122036875 8552143950
1329904 300 0.8146356453028972 8454538830
1330204 300 0.817385425812116 8407786800
1330504 300 0.8223160667251976 8309361480
1330804 300 0.8342633889376646 9241941510
1331104 300 0.800033362598771 8881048620
1331404 300 0.794486391571554 8612019360
1331704 300 0.8271992976294995 8612019360
1332004 300 0.8275785776997368 8441415450
1332304 300 0.8104161545215102 8316743370
1332604 300 0.8023090430201932 8231441400
1332904 300 0.8113643546971028 8185509600
1333204 300 0.8783072870939421 8730129780
1333504 300 0.8433187006145743 8690759640
1333804 300 0.8308024582967516 8585772600
1334104 300 0.8165794556628622 8565267330
1334404 300 0.804774363476734 8578390710
1334704 300 0.811601404741001 8571829020
1335004 300 0.8068604038630378 8480785590
1335304 300 0.8435557506584724 8335608210
1335604 300 0.9034345917471468 9419107110
1335904 300 0.8567831431079895 8973732450
1336204 300 0.8207989464442493 8422550610
1336504 300 0.8173380158033363 8428292070
1336804 300 1.0600772607550484 8415168690
1337104 300 2.5657717295873574 8389742160
1337404 300 2.7151606672519755 8369236890
1337704 300 2.724263388937665 8362675200
1338004 300 2.7660316066725197 8671074570
1338304 300 2.796990342405619 9269008470
1338604 300 2.805334503950834 9006540900
1338904 300 2.6965285338015805 8770320120
1339204 300 2.790874451273046 8776061580
1339504 300 2.7335557506584722 8677636260
1339804 300 2.7337928007023704 8612839590
1340104 300 2.659169446883231 8515234440
1340404 300 2.7196646180860404 8494729170
1340704 300 2.7789271290605795 9118089630
1341004 300 2.7373485513608427 9309198810
1341304 300 2.6350377524143984 8784263700
1341604 300 2.6835381913959613 8777702010
1341904 300 2.650635645302897 8784263700
1342204 300 2.65926426690079 8796566880
1342504 300 2.6866672519754173 8777702010
1342804 300 2.6880421422300262 8777702010
1343104 300 2.738344161545215 9059854620
1343404 300 2.660117647058824 8764578630
1343704 300 2.705726075504829 8666153310
1344004 300 2.6818788410886745 8653029930
1344304 300 2.644282704126427 8633344860
1344604 300 2.629964881474978 8580031140
1344904 300 2.703640035118525 8553784380
1345204 300 2.642338893766462 8560346070
1345504 300 2.814152765583845 9236200020
1345804 300 2.709661106233538 8935182540
1346104 300 2.6827322212467077 8567727960
1346404 300 2.6433345039508342 9414185820
1346704 300 2.6281158911325724 8797387080
1347004 300 2.6206725197541703 8796566880
1347304 300 2.594170324846356 8790005190
1347604 300 2.706579455662862 8790005190
1347904 300 2.785422300263389 9354310410
1348204 300 2.689511852502195 8658771390
1348504 300 2.6848656716417914 8645648010
1348804 300 2.6161685689201053 8554604580
1349104 300 2.647601404741001 8534919510
1349404 300 2.629870061457419 8534919510
1349704 300 2.6952958735733104 8528357820
1350004 300 2.6603546971027217 8515234440
1350304 300 2.7178156277436347 9046731240
1350604 300 2.629870061457419 9046731240
1350904 300 2.59113608428446 8488987710
1351204 300 2.63356804214223 8376618780
1351504 300 2.6271202809482004 8350372020
1351804 300 2.6513942054433715 8337248640
1352104 300 2.635985952589991 8330686950
1352404 300 2.7091395961369624 8330686950
1352704 300 2.693494293239684 8645648010
1353004 300 2.665617208077261 9400242240
1353304 300 2.598200175592625 8763758430
1353604 300 2.63617559262511 8751455250
1353904 300 2.6678928884986832 8653029930
1354204 300 2.668935908691835 8607098100
1354504 300 2.698804214223003 8620221480
1354804 300 2.6551870061457423 8619401280
1355104 300 2.6616821773485513 8619401280
1355404 300 2.7722423178226516 9387118860
1355704 300 2.6858138718173836 8816251920
1356004 300 2.6867620719929763 8514414240
1356304 300 2.679460930640913 8809690230
1356604 300 2.692877963125549 8475044100
1356904 300 2.646937664618086 8461920720
1357204 300 2.6592168568920105 8448797340
1357504 300 2.6754784899034236 8298698730
1357804 300 2.6485496049165937 8462740950
1358104 300 2.7323230904302016 8193711690
1358404 300 2.697713784021071 8186329800
1358704 300 2.7149236172080773 8186329800
1359004 300 2.6471747146619844 8186329800
1359304 300 2.634753292361721 8186329800
1359604 300 2.653669885864794 8186329800
1359904 300 2.6500667251975414 8206014870
1360204 300 2.680503950834065 8475044100
1360504 300 2.7225566286215983 9059034420
1360804 300 2.623659350307287 8239643520
1361104 300 2.7062949956101843 8233081830
1361404 300 2.5963511852502195 8226520140
1361704 300 2.6202932396839334 8226520140
1362004 300 2.6496400351185248 8225699940
1362304 300 2.6448516242317823 8225699940
1362604 300 2.5817963125548724 8225699940
1362904 300 2.6814521510096574 8500470660
1363204 300 2.7200438981562773 9151718280
1363504 300 2.667371378402107 8908935780
1363804 300 2.604173836698859 8764578630
1364104 300 2.5775294117647056 9342007260
1364404 300 2.5984846356453026 8783443500
1364704 300 2.632619841966638 8758016940
1365004 300 2.5055610184372257 8645648010
1365304 300 2.5921316944688324 8685838380
1365604 300 2.6630570676031606 8842498680
1365904 300 2.622331870061457 8528357820
1366204 300 2.6144618086040388 8442235680
1366504 300 2.5743529411764707 8415988920
1366804 300 2.5410711150131693 8415988920
1367104 300 2.568474100087797 8397944280
1367404 300 2.623801580333626 8396303850
1367704 300 2.6070184372256366 8443055880
1368004 300 2.63484811237928 9159100170
1368304 300 2.538036874451273 8718646800
1368604 300 2.6259350307287095 8443055880
1368904 300 2.583171202809482 8429932500
1369204 300 2.57572783143108 8429932500
1369504 300 2.5725513608428443 8357753910
1369804 300 2.5361878841088674 8304440190
1370104 300 2.599006145741879 8298698730
1370404 300 2.4544530289727833 8284755120
1370704 300 2.6181597892888497 8286395550
1371004 300 2.5710342405618967 8292137040
1371304 300 2.5682844600526775 8292137040
1371604 300 2.5809429323968396 8285575350
1371904 300 2.5532554872695346 8285575350
1372204 300 2.656988586479368 9250143600
1372504 300 2.5724091308165056 9099224760
1372804 300 2.6013766461808605 8810510460
1373104 300 2.5753011413520634 8803948770
1373404 300 2.5871062335381914 8811330660
1373704 300 2.5355241439859526 8823633840
1374004 300 2.5984846356453026 8810510460
1374304 300 2.6055961369622476 8863003950
1374604 300 2.6118542581211592 9565104660
1374904 300 2.5491782265144867 9118909830
1375204 300 2.572124670763828 8863003950
1375504 300 2.6353222124670763 8837577420
1375804 300 2.6491659350307284 8732590410
1376104 300 2.575443371378402 8739152100
1376404 300 2.476119402985075 8739152100
1376704 300 2.5022423178226516 8732590410
1377004 300 2.5555785776997366 8955687810
1377304 300 2.5862054433713784 9492926100
1377604 300 2.4990184372256365 8981114370
1377904 300 2.4818086040386302 8817072150
1378204 300 2.5307357330992097 8666153310
1378504 300 2.537657594381036 8495549400
1378804 300 2.5134310798946444 8417629320
1379104 300 2.4227831431079894 8410247430
1379404 300 2.560556628621598 8484066420
1379704 300 2.6448516242317823 9389579490
1380004 300 2.509733099209833 8955687810
1380304 300 2.5617892888498686 8745713790
1380604 300 2.5773871817383673 8765398830
1380904 300 2.576723441615452 8726028720
1381204 300 2.595640035118525 8640726750
1381504 300 2.576770851624232 8627603370
1381804 300 2.6421018437225636 8594794920
1382104 300 2.67595258999122 9172223550
1382404 300 2.693115013169447 8726028720
1382704 300 2.518172080772608 8358574140
1383004 300 2.514426690079017 8352012450
1383304 300 2.442790166812994 8338889070
1383604 300 2.459762949956102 8345450760
1383904 300 2.4859806848112385 8358574140
1384204 300 2.505229148375768 8502931290
1384504 300 2.5879596136962246 9257525520
1384804 300 2.550742756804214 8851521000
1385104 300 2.612802458296752 8661232020
1385404 300 2.5806584723441617 8909756010
1385704 300 2.5406918349429324 8482426020
1386004 300 2.5683318700614572 8476684530
1386304 300 2.5426356453028975 8443876080
1386604 300 2.553065847234416 8451258000
1386904 300 2.563258999122037 8436494190
1387204 300 2.5472818261633012 8306080620
1387504 300 2.547187006145742 8206835070
1387804 300 2.5574749780509216 8161723470
1388104 300 2.5365197541703246 8160903270
1388404 300 2.6056435469710273 8154341580
1388704 300 2.598247585601405 8147779890
1389004 300 2.610194907813872 8403685740
1389304 300 2.643144863915716 8449617570
1389604 300 2.609578577699737 8207655300
1389904 300 2.6344214223002633 8201093610
1390204 300 2.567857769973661 8207655300
1390504 300 2.5395539947322217 8201093610
1390804 300 2.485553994732221 8201093610
1391104 300 2.4547848990342405 8201093610
1391404 300 2.60275153643547 8581671540
1391704 300 2.5770553116769093 9264087210
1392004 300 1.191640035118525 8752275480
1392304 300 0.7576962247585601 8746533990
1392604 300 0.7435206321334504 8739972300
1392904 300 0.7341334503950835 8733410610
1393204 300 0.7397278314310799 8706343650
1393504 300 0.745891132572432 8621041680
1393804 300 0.7735311676909571 8804768970
1394104 300 0.8250184372256366 9441252810
1394404 300 0.7513432835820897 9047551470
1394704 300 0.7399648814749781 8844959310
1395004 300 0.7680316066725199 8831835930
1395304 300 0.7402967515364355 8753915880
1395604 300 0.744611062335382 8477504730
1395904 300 0.7323792800702371 8359394340
1396204 300 0.7231817383669886 8365135830
1396504 300 0.784577699736611 9139415100
1396804 300 0.7768498683055312 9100044990
1397104 300 0.7367410008779632 8758837140
1397404 300 0.741387181738367 9388759290
1397704 300 0.7210008779631256 8628423600
1398004 300 0.7241299385425812 8489807910
1398304 300 0.7076312554872695 8443876080
1398604 300 0.7185829675153643 8227340370
1398904 300 0.8174328358208955 8916317700
1399204 300 0.7881808604038631 8489807910
1399504 300 0.7308621597892888 8490628110
1399804 300 0.7195785776997367 8942564430
1400104 300 0.7371676909569799 8615300220
1400404 300 0.7341334503950835 8536559940
1400704 300 0.7118507462686567 8338889070
1401004 300 0.7228498683055311 8345450760
1401304 300 0.7557050043898156 8747354190
1401604 300 0.7603511852502195 8536559940
1401904 300 0.7040280948200176 8523436560
1402204 300 0.720811237928007 8516874870
1402504 300 0.7108551360842845 8456999460
1402804 300 0.7136523266022827 8293777470
1403104 300 0.7165917471466199 8274912600
1403404 300 0.7291079894644426 8299518930
1403704 300 0.7858103599648816 9015563220
1404004 300 0.744611062335382 8548863120
1404304 300 0.737025460930641 8292957240
1404604 300 0.7439947322212467 8299518930
1404904 300 0.7474556628621598 8292957240
1405204 300 0.7326637401229148 8301979560
1405504 300 0.7349868305531169 8315102940
1405804 300 0.745369622475856 8322484830
1406104 300 0.7741474978050921 8617760850
1406404 300 0.8084723441615452 9214874520
1406704 300 0.772772607550483 9011462190
1407004 300 0.7341334503950835 8716186170
1407304 300 0.7454170324846356 8492268540
1407604 300 0.7477401229148376 8493088740
1407904 300 0.7325689201053556 8479145160
1408204 300 0.7454170324846356 8492268540
1408504 300 0.7847199297629499 8723568090
1408804 300 0.832793678665496 9281311620
1409104 300 0.7728200175592627 8815431720
1409404 300 0.7351290605794557 8657951190
1409704 300 0.7534293239683935 8638266120
1410004 300 0.718630377524144 8605457670
1410304 300 0.7251729587357332 8452898400
1410604 300 0.7214275680421423 8395483620
1410904 300 0.7365513608428447 8435673990
1411204 300 0.8116488147497806 9353490210
1411504 300 0.740486391571554 8887610310
1411804 300 0.7218542581211589 8571829020
1412104 300 0.7393959613696226 8572649220
1412404 300 0.7322844600526779 8571829020
1412704 300 0.7556575943810361 8525897190
1413004 300 0.7558946444249343 8336428440
1413304 300 0.7690272168568921 8191251060
1413604 300 0.8015978928884987 9241121280
1413904 300 0.7652344161545216 9045911040
1414204 300 0.773009657594381 8757196740
1414504 300 0.7591185250219491 8743253130
1414804 300 0.7720140474100088 8723568090
1415104 300 0.7338964003511853 8579210910
1415404 300 0.7525285338015802 8428292070
1415704 300 0.7720140474100088 8369236890
1416004 300 0.787043020193152 8526717420
1416304 300 0.8166742756804215 8743253130
1416604 300 0.7778454784899034 8395483620
1416904 300 0.7606356453028972 8323305060
1417204 300 0.7684108867427569 8316743370
1417504 300 0.7656136962247586 8297058300
1417804 300 0.768790166812994 8283934920
1418104 300 0.7809271290605796 8290496610
1418404 300 0.7795048287971905 8297878500
1418704 300 0.8253028972783143 8625142740
1419004 300 0.8080456540825285 9406803930
1419304 300 0.7773239683933275 8790005190
1419604 300 0.7838665496049166 8692400040
1419904 300 0.8191870061457418 8605457670
1420204 300 0.7993696224758561 8579210910
1420504 300 0.787043020193152 8350372020
1420804 300 0.7531922739244953 8264249850
1421104 300 0.7859525899912203 8179768110
1421404 300 0.850050921861282 8311001880
1421704 300 0.8474907813871818 9525734550
1422004 300 0.8560719929762951 9447814500
1422304 300 2.2553784021071115 8857262490
1422604 300 2.594549604916594 8857262490
1422904 300 2.522581211589113 8856442290
1423204 300 2.559987708516242 8844139110
1423504 300 2.481571553994732 8843318910
1423804 300 2.5289815627743635 8843318910
1424104 300 2.4878296751536437 8837577420
1424404 300 2.516180860403863 9145976790
1424704 300 2.6094363476733977 9480622920
1425004 300 2.5919894644424932 9106606650
1425304 300 2.5095434591747146 8680917090
1425604 300 2.5260895522388056 8517695100
1425904 300 2.4977383669885866 8497189800
1426204 300 2.513573309920983 8497189800
1426504 300 2.4759771729587357 8464381380
1426804 300 2.4623230904302016 8365135830
1427104 300 2.437385425812116 8372517720
1427404 300 2.4816663740122915 8995878150
1427704 300 2.4239209833187005 9369894420
1428004 300 2.3853292361720806 8937643170
1428304 300 2.3725285338015802 8931081480
1428604 300 2.3543705004389817 8924519790
1428904 253 2.4111202809482 8911396410
1429157 47 1.7831273046532046 8904834720
1429204 137 1.7234381035996489 8826094470
1429341 3 1.71689552238806 5053123350
1429344 9 1.7076505706760314 5053123350
1429353 151 1.7636892010535559 5822481390
1429504 300 1.9081000877963126 8199453180
1429804 300 2.2132309043020193 8589873660
1430104 300 2.253102721685689 8550503520
1430404 300 2.2429569798068485 8969631420
1430704 300 2.095701492537313 8406146370
1431004 177 2.1714152765583847 8360214540
1431181 123 1.6871220368744513 8360214540
1431304 61 1.59988762071993 8282294490
1431365 4 1.6260105355575067 4799678130
1431369 1 1.585332748024583 4568378610
1431370 8 1.585332748024583 4568378610
1431378 1 1.585332748024583 4568378610
1431379 1 1.585332748024583 4568378610
1431380 224 1.7042370500438984 6248170950
1431604 300 2.062988586479368 8006703570
1431904 184 2.157334503950834 8020647150
1432088 116 1.486482879719052 8014085460
1432204 68 1.5026022827041263 7928783520
1432272 2 1.5715838454784898 4287046200
1432274 1 1.4814100087796316 4287046200
1432275 10 1.4814100087796316 4287046200
1432285 1 1.4814100087796316 4287866400
1432286 1 1.4814100087796316 4287866400
1432287 210 1.6046760316066728 5999646990
1432497 7 1.159401229148376 5999646990
1432504 179 1.5023652326602281 7672877640
1432683 4 1.4976242317822654 4096757220
1432687 2 1.4882370500438982 4096757220
1432689 10 1.4882370500438982 4096757220
1432699 105 1.567980684811238 4702893210
1432804 300 1.754776119402985 7958311110
1433104 300 2.0087989464442493 8381540040
1433404 300 1.896247585601405 7764741300
1433704 300 1.910707638279192 7673697870
1434004 300 1.8982388059701494 7685180820
1434304 300 1.8329078138718171 7692562710
1434604 300 1.8323863037752415 7684360590
1434904 300 1.8100087796312554 7690922280
1435204 300 1.8808393327480246 7993580190
1435504 300 1.86728007023705 8689119210
1435804 300 1.8041773485513608 8689119210
1436104 300 1.7504143985952592 8315102940
1436404 300 1.724860403863038 8092005510
1436704 300 1.6847989464442494 7888593180
1437004 300 1.7432080772607552 7750797690
1437304 300 1.7116330114135208 7783606140
1437604 300 1.7716066725197541 7777044450
1437904 300 1.759422300263389 8131375650
1438204 300 1.7386567164179105 8577570510
1438504 300 1.715710272168569 7829537970
1438804 300 1.7332519754170326 7829537970
1439104 300 1.7149043020193155 7837740090
1439404 300 1.7827480245829674 7830358170
1439704 300 1.6849411764705882 7830358170
1440004 300 1.677782265144864 7836919860
1440304 300 1.7101633011413522 7817234790
1440604 300 1.725998244073749 7823796480
1440904 300 1.7077928007023706 7817234790
1441204 300 1.6943757682177347 7810673100
1441504 300 1.7249078138718175 7830358170
1441804 300 1.7461474978050924 7830358170
1442104 300 1.9733836698858649 7817234790
1442404 300 1.7628358208955226 7810673100
1442704 300 2.070194907813872 8722747860
1443004 300 1.8266971027216856 9208312830
1443304 300 1.751978928884987 8669434140
1443604 300 1.637009657594381 8519335500
1443904 300 1.6725671641791047 8511953610
1444204 300 1.6324582967515364 8439775020
1444504 300 1.6231185250219493 8243744580
1444804 300 1.615580333625988 8119072500
1445104 300 1.6096540825285337 8124813960
1445404 300 1.6533187006145744 8977833510
1445704 300 1.6176663740122914 8859723120
1446004 300 1.5923494293239684 8485706850
1446304 300 1.6427462686567162 8479965390
1446604 300 1.6701966637401229 8708804280
1446904 300 1.6142054433713784 8282294490
1447204 300 1.621838454784899 7967333430
1447504 300 1.6500474100087796 7935345210
1447804 300 1.6788252853380161 7968153630
1448104 300 1.583768217734855 8460280320
1448404 300 1.6072835820895524 8348731590
1448704 300 1.5629552238805973 8191251060
1449004 300 1.1392519754170327 4202564430
1449304 69 1.1662282704126428 4202564430
1449373 231 1.4925987708516244 8157622410
1449604 107 1.0743002633889376 4091015730
1449711 193 1.5157348551360843 8157622410
1449904 300 1.543943810359965 7987018500
1450204 300 1.518626865671642 7966513230
1450504 300 1.6317945566286218 8669434140
1450804 300 1.5878928884986832 9593812050
1451104 300 1.5237471466198418 8834296590
1451404 300 1.5328972783143109 8767859490
1451704 300 1.5780316066725195 8670254340
1452004 300 1.5821562774363476 8578390710
1452304 300 1.6035856014047412 8506212120
1452604 300 1.6547884108867428 8250306270
1452904 300 1.6069517120280947 8185509600
1453204 300 1.6000772607550484 8205194670
1453504 300 1.608089552238806 9294435000
1453804 300 1.7799034240561897 8860543320
1454104 131 0.9537840210711152 4423201230
1454235 169 1.1810676031606673 8552964180
1454404 300 0.851188762071993 9037708920
1454704 300 0.7977576821773487 8722747860
1455004 300 0.7684108867427569 8571829020
1455304 300 0.7692168568920106 8289676410
1455604 300 0.7475978928884986 7987018500
1455904 300 0.7893661106233538 8177307480
1456204 282 0.5466742756804215 4446987360
1456486 18 0.8087093942054434 8446336710
1456504 300 0.7548990342405619 8315102940
1456804 300 0.7072519754170326 8321664630
1457104 300 0.7284916593503072 8112510810
1457404 300 0.7121826163301141 7987018500
1457704 300 0.709622475856014 7980456810
1458004 300 0.6977225636523267 7974715320
1458304 300 0.6693239683933274 7975535550
1458604 300 0.6965373134328359 7994400390
1458904 300 0.7088165057067604 8885969880
1459204 300 0.6920333625987709 8334788010
1459504 300 0.6831202809482002 8335608210
1459804 300 0.6780474100087797 8315923170
1460104 300 0.662971027216857 8087084250
1460404 300 0.7317155399473222 8349551820
1460704 300 0.7217594381035997 8631704430
1461004 300 0.6712677787532924 8361854970
1461304 300 0.6416365232660228 8250306270
1461604 300 0.6912273924495171 8210936130
1461904 300 0.658846356453029 8152701150
1462204 300 0.6486532045654083 8047714110
1462504 300 0.6587515364354697 8048534340
1462804 300 0.6518770851624232 8021467380
1463104 300 0.6793748902546093 8041972650
1463404 300 0.6844477611940298 8166644730
1463704 300 0.7410553116769096 8448797340
1464004 300 0.7132256365232661 8047714110
1464304 300 0.6959209833187007 8041152420
1464604 300 0.7004723441615452 8677636260
1464904 300 0.7148375768217735 8028029070
1465204 300 0.7025109745390694 8009164200
1465504 300 0.67671992976295 7996040820
1465804 300 0.6577559262510975 7981277010
1466104 300 0.6707462686567164 7974715320
1466404 300 0.6672379280070238 7973895120
1466704 300 0.7195785776997367 8519335500
1467004 300 0.7304828797190518 8046893910
1467304 300 0.6827884108867428 8006703570
1467604 300 0.6761510096575944 7987018500
1467904 300 0.7005197541703249 7973895120
1468204 300 0.6708410886742757 7967333430
1468504 300 0.6929815627743635 7973895120
1468804 300 0.6719789288849869 7974715320
1469104 300 0.6674275680421422 7967333430
1469404 300 0.6888568920105356 7987018500
1469704 300 0.6966321334503951 8014085460
1470004 300 0.7561791044776119 8788364760
1470304 300 0.7315258999122037 8257688160
1470604 300 0.690990342405619 8007523770
1470904 300 0.6898999122036875 7994400390
1471204 300 0.68828797190518 8007523770
1471504 300 0.6687550482879719 7993580190
1471804 300 0.6541527655838455 7987838700
1472104 300 0.673496049165935 7981277010
1472404 300 0.6535838454784899 7974715320
1472704 300 0.6676172080772608 7968153630
1473004 300 0.6960632133450395 8808049830
1473304 300 0.6488428446005268 8296238100
1473604 300 0.6378911325724319 7974715320
1473904 300 0.6394082528533802 7987838700
1474204 300 0.6181685689201054 7994400390
1474504 300 0.6119104477611941 7988658930
1474804 300 0.6086391571553995 7987018500
1475104 300 0.6090184372256366 7987018500
1475404 300 0.5849815627743635 7974715320
1475704 300 0.6161773485513609 8020647150
1476004 300 0.6412572431957858 8402865540
1476304 300 0.5755469710272169 8132195880
1476604 300 0.5699525899912204 7974715320
1476904 300 0.5776804214223002 7973895120
1477204 300 0.5706637401229149 7966513230
1477504 300 0.5764477611940299 7987018500
1477804 300 0.5821843722563652 7973074920
1478104 300 0.5667287093942055 7967333430
1478404 300 0.5662071992976294 7975535550
1478704 300 0.5535013169446883 7975535550
1479004 300 0.5625566286215979 7968973860
1479304 300 0.5956962247585602 8717006400
1479604 300 0.5721808604038632 8526717420
1479904 300 0.5516997366110623 7988658930
1480204 300 0.5593801580333626 7982097240
1480504 300 0.5498981562774364 7974715320
1480804 300 0.5540228270412644 7963232370
1481104 300 0.5523634767339772 7969794060
1481404 300 0.536196663740123 7963232370
1481704 300 0.5440193151887621 7963232370
1482004 300 0.551225636523266 8055916230
1482304 300 0.6039929762949956 9099224760
1482604 300 0.5566777875329236 8495549400
1482904 300 0.5363388937664619 8016546090
1483204 300 0.5542124670763828 8009164200
1483504 300 0.5353432835820896 8009164200
1483804 300 0.5376663740122914 8003422710
1484104 300 0.5400368744512731 7996861020
1484404 300 0.5257664618086041 7983737670
1484704 300 0.543260755048288 8002602510
1485004 300 0.5312660228270413 8014085460
1485304 300 0.5376189640035118 8001782310
1485604 300 0.5919034240561897 8666153310
1485904 300 0.5827058823529412 8771140320
1486204 300 0.5359596136962248 8009164200
1486504 300 0.5415065847234417 8016546090
1486804 300 0.550846356453029 8015725890
1487104 300 0.5201720807726076 7983737670
1487404 300 0.5179912203687446 7983737670
1487704 300 0.5480017559262511 7977175980
1488004 300 0.534395083406497 7969794060
1488304 300 0.5647848990342406 8186329800
1488604 300 0.6058419666374013 8493908970
1488904 300 0.5391834942932396 8041972650
1489204 300 0.5210254609306408 8041152420
1489504 300 0.5496611062335383 8015725890
1489804 300 0.666811237928007 8002602510
1490104 300 0.5084618086040387 8015725890
1490404 300 0.5644530289727832 8009164200
1490704 300 0.5714697102721686 8009984400
1491004 300 0.5550184372256366 8014905690
1491304 300 0.5804302019315188 8023107780
1491604 300 0.6039929762949956 8928620850
1491904 300 0.5958858647936787 9051652530
1492204 300 0.5668235294117647 8671074570
1492504 300 0.575404741000878 8666153310
1492804 300 0.5720860403863037 8324945490
1493104 300 0.5610869183494294 8095286370
1493404 300 0.5782967515364354 8009984400
1493704 300 0.5699051799824407 8029669470
1494004 300 0.5728920105355575 8029669470
1494304 300 0.5728920105355575 8029669470
1494604 300 0.552647936786655 8029669470
1494904 300 0.6205864793678666 8653029930
1495204 300 0.6076435469710273 9413365620
1495504 300 0.6038033362598771 9085281180
1495804 300 0.5868779631255487 8685018150
1496104 300 0.5933257243195786 8587413030
1496404 300 0.5807146619841967 8416809120
1496704 300 0.5882054433713785 8166644730
1497004 300 0.5695258999122037 8016546090
1497304 300 0.6104881474978052 8016546090
1497604 300 0.5836066725197542 8016546090
1497904 300 0.5957910447761194 8023107780
1498204 300 0.6286935908691835 8803128540
1498504 300 0.5941316944688323 8318383800
1498804 300 0.577064091308165 8035410960
1499104 300 0.5983511852502195 8048534340
1499404 300 0.598920105355575 8048534340
1499704 300 0.5824214223002634 8041972650
1500004 300 0.5844126426690079 8042792850
1500304 300 0.5952221246707639 8041972650
1500604 300 0.5854082528533802 8042792850
1500904 300 0.601622475856014 8134656510
1501204 300 0.6606005267778754 8731770180
1501504 300 0.59057594381036 8317563570
1501804 300 0.581330992098332 8061657720
1502104 300 0.5873046532045654 8049354540
1502404 300 0.5889165935030729 8048534340
1502704 300 0.5854556628621599 8068219410
1503004 300 0.5863090430201932 8055096030
1503304 300 0.5787708516242318 8055916230
1503604 300 0.6024284460052678 8068219410
1503904 300 0.5848867427568043 8049354540
1504204 300 0.6539157155399473 8876947560
1504504 300 0.600484635645303 8678456460
1504804 300 0.5781545215100966 8680096890
1505104 300 0.5877787532923617 8573469450
1505404 300 0.5748358208955224 8187150000
1505704 300 0.5901966637401229 8036231160
1506004 300 0.5985882352941176 8037051390
1506304 300 0.5917611940298508 8063298120
1506604 300 0.6009587357330992 8069859810
1506904 300 0.6036611062335382 8056736430
1507204 300 0.6917963125548727 8607918300
1507504 300 0.6265127304653205 8607918300
1507804 300 0.6347146619841966 8056736430
1508104 300 0.6413994732221248 8062477920
1508404 300 0.6276979806848113 8063298120
1508704 300 0.6248059701492538 8063298120
1509004 300 0.6164618086040387 8082983190
1509304 300 0.6114837576821774 8069859810
1509604 300 0.5921404741000879 8063298120
1509904 300 0.6095873573309921 8108409750
1510204 300 0.6699877085162423 8797387080
1510504 300 0.6046093064091309 8239643520
1510804 300 0.5879683933274803 8075601300
1511104 300 0.5848867427568043 8075601300
1511404 300 0.586071992976295 8075601300
1511704 300 0.6069323968393328 8095286370
1512004 300 0.6107251975417034 8096106570
1512304 300 0.5793397717295874 8089544880
1512604 300 0.5852186128182617 8096106570
1512904 300 0.5753573309920983 8096106570
1513204 300 0.6415891132572431 8804768970
1513504 300 0.6274609306409131 8365135830
1513804 300 0.5970711150131695 8115791640
1514104 300 0.6167462686567164 8109229950
1514404 300 0.6091132572431958 8122353330
1514704 300 0.6021439859525901 8123173530
1515004 300 0.5901966637401229 8122353330
1515304 300 0.599963125548727 8096106570
1515604 300 0.6047041264266901 8096106570
1515904 300 0.6240474100087796 8096106570
1516204 300 0.6946409130816505 8752275480
1516504 300 0.6508340649692713 8653850130
1516804 300 0.6181211589113258 8161723470
1517104 300 0.6450500438981563 8175667050
1517404 300 0.6559069359086919 8136296910
1517704 300 0.6508340649692713 8110050180
1518004 300 0.6416839332748026 8142858600
1518304 300 0.6499332748024583 8162543670
1518604 300 0.652398595258999 8142038400
1518904 300 0.6264179104477612 8123173530
1519204 300 0.6399297629499561 8255227530
1519504 300 0.6950676031606673 8794106220
1519804 300 0.6448604038630379 8294597670
1520104 300 0.6235258999122038 8156802210
1520404 300 0.6252800702370501 8149420290
1520704 300 0.6354258121158911 8149420290
1521004 300 0.6671431079894645 8155161780
1521304 300 0.663729587357331 8162543670
1521604 300 0.6224354697102722 8148600090
1521904 300 0.6253748902546092 8128915020
1522204 300 0.625801580333626 8109229950
1522504 300 0.7072993854258122 8988496260
1522804 300 0.6487954345917473 8975372880
1523104 300 0.6272712906057946 8168285160
1523404 300 0.6035188762071992 8155161780
1523704 300 0.597782265144864 8155161780
1524004 300 0.6148024582967515 8148600090
1524304 300 0.6251852502194908 8161723470
1524604 300 0.6128586479367867 8155161780
1524904 300 0.6058419666374013 8135476710
1525204 300 0.6385548726953468 8148600090
1525504 300 0.6444811237928008 8221598880
1525804 300 0.882574187884109 9113988570
1526104 300 0.8942844600526778 9041809980
1526404 300 0.7360772607550483 8793286020
1526704 300 0.6714574187884109 8785904130
1527004 300 1.11772783143108 8674355400
1527304 300 1.3735996488147497 8260969020
1527604 300 1.2774047410008782 8155981980
1527904 300 1.3497524143985953 8182228740
1528204 300 1.2962265144863916 8187970230
1528504 300 1.1899332748024583 8168285160
1528804 300 1.3688112379280073 8496369600
1529104 300 1.431582089552239 9323962620
1529404 300 1.3740263388937666 8975372880
1529704 300 1.3815171202809484 8877767760
1530004 300 0.9211659350307287 8871206070
1530304 300 0.8493871817383671 8647288440
1530604 300 0.9903371378402106 8463561150
1530904 300 1.1591641791044778 8241283950
1531204 300 1.285132572431958 8233902030
1531504 300 1.3409341527655838 8260969020
1531804 300 1.4129025460930644 8286395550
1532104 300 1.371418788410887 8273272170
1532404 300 1.3880597014925373 8535739740
1532704 300 1.3731729587357333 9245222340
1533004 300 1.3857840210711148 8779342440
1533304 300 1.280249341527656 8726848920
1533604 300 0.8294749780509219 8616120420
1533904 300 0.9685285338015804 8543121630
1534204 300 1.0212010535557507 8425831440
1534504 300 1.2528463564530292 8347091190
1534804 300 1.319362598770852 8228160570
1535104 300 1.314953467954346 8247845640
1535404 300 1.3113028972783143 8242104150
1535704 300 1.3904776119402986 9054933360
1536004 300 1.3844091308165056 9337906200
1536304 300 1.3049499561018436 8897452830
1536604 300 1.3531659350307288 8884329450
1536904 300 1.2940930640913084 8890891140
1537204 300 1.3003511852502196 8891711340
1537504 300 1.3195522388059702 8818712580
1537804 300 1.336430201931519 8497189800
1538104 300 1.3029587357330992 8439775020
1538404 300 1.34524846356453 8433213330
1538704 300 1.3924214223002633 8739972300
1539004 300 1.4143722563652326 9191908620
1539304 300 1.3770131694468832 8484066420
1539604 300 1.338326602282704 8483246220
1539904 300 1.302342405618964 8897452830
1540204 300 1.3121562774363478 8628423600
1540504 300 1.0245671641791043 8936822970
1540804 300 0.7134626865671643 8995878150
1541104 300 0.6935504828797191 8555424810
1541404 300 0.6707462686567164 8456999460
1541704 300 0.6582774363476733 8279833860
1542004 300 0.6496488147497805 8240463720
1542304 300 0.6332923617208077 8247025410
1542604 300 0.6576136962247585 8247025410
1542904 300 0.6706040386303775 8450437770
1543204 300 0.653963125548727 8622682110
1543504 300 0.6343353819139597 8530818480
1543804 300 0.6094925373134328 8517695100
1544104 300 0.6231940298507463 8420089980
1544404 300 0.5874468832309043 8228980770
1544704 300 0.6042774363476734 8215857390
1545004 300 0.6163669885864793 8222419080
1545304 300 0.5837963125548727 8222419080
1545604 300 0.592756804214223 8195352120
1545904 300 0.6295469710272168 8228980770
1546204 300 0.6408305531167691 9206672430
1546504 300 0.6300210711150132 9474881460
1546804 300 0.6045144863915715 8879408190
1547104 300 0.6190693590869184 8773600950
1547404 300 0.5892010535557507 8516874870
1547704 28 0.6198279192273926 8294597670
1547732 1 0.6243318700614574 8165004300
1547733 4 0.47252502194907814 8086264050
1547737 3 0.47911501316944693 7815594390
1547740 1 0.464180860403863 7815594390
1547741 8 0.464180860403863 7815594390
1547749 1 0.464180860403863 7815594390
1547750 168 0.4709604916593503 8198632980
1547918 5 0.4608147497805093 4563457320
1547923 8 0.45455662862159796 4563457320
1547931 73 0.5276628621597893 5213064540
1548004 300 0.4921527655838455 7160245710
1548304 300 0.6306848112379281 7983737670
1548604 300 0.6063634767339772 8017366320
1548904 300 0.6359473222124671 8187970230
1549204 300 0.6740649692712907 8705523420
1549504 300 0.6231466198419666 8437314390
1549804 9 0.6131431079894645 8425011240
1549813 6 0.4694907813871817 8224059510
1549819 3 0.4721457418788411 7953389850
1549822 2 0.4620474100087797 7953389850
1549824 10 0.4620474100087797 7953389850
1549834 165 0.4685425812115891 8340529500
1549999 6 0.4580649692712906 4659422040
1550005 9 0.454935908691835 4659422040
1550014 90 0.5357225636523266 5255715510
1550104 300 0.5269517120280949 8735871240
1550404 300 0.5790553116769097 7985378070
1550704 297 0.5822317822651448 7822156080
1551001 3 0.48347673397717295 7822156080
1551004 3 0.44900965759438105 7416151560
1551007 2 0.44735030728709396 7356276150
1551009 1 0.43663564530289734 7356276150
1551010 7 0.43663564530289734 7356276150
1551017 1 0.43663564530289734 7356276150
1551018 168 0.4430834064969271 7749157290
1551186 3 0.434359964881475 4323955680
1551189 1 0.4284337137840211 4323955680
1551190 8 0.4284337137840211 4323955680
1551198 1 0.4284337137840211 4324775910
1551199 105 0.4921527655838455 5059685040
1551304 300 0.5149095697980686 7567070400
1551604 300 0.5725601404741001 7821335850
1551904 300 0.599204565408253 7918940970
1552204 300 0.644955223880597 8818712580
1552504 300 0.6265127304653205 8057556660
1552804 300 0.6015750658472344 8052635400
1553104 300 0.5892010535557507 8013265260
1553404 253 0.5968814749780509 7882851690
1553657 5 0.4495785776997366 7736854110
1553662 4 0.4484407374890255 7470285510
1553666 9 0.44208779631255485 7470285510
1553675 29 0.46934855136084286 7793448690
1553704 139 0.4386742756804214 7727011590
1553843 4 0.4312309043020194 4341180120
1553847 14 0.4266795434591747 4341180120
1553861 143 0.5628410886742757 5041640400
1554004 300 0.5086040386303776 7583474640
1554304 300 0.586830553116769 7806572070
1554604 300 0.5908604038630378 7780325310
1554904 300 0.570379280070237 7800010380
1555204 300 0.5634574187884109 7793448690
1555504 300 0.5905285338015803 7794268890
1555804 254 0.6597471466198419 8647288440
1556058 6 0.49480772607550483 9127932150
1556064 3 0.5025355575065847 8890891140
1556067 12 0.4854679543459175 8890891140
1556079 25 0.5137243195785777 9214874520
1556104 137 0.4417559262510975 8440595250
1556241 1 0.8183336259877085 4628254020
1556242 4 0.42995083406496926 4628254020
1556246 3 0.42995083406496926 4628254020
1556249 155 0.49006672519754174 5874974880
1556404 22 0.5682932396839333 7686821220
1556426 6 0.4299034240561897 7431735570
1556432 4 0.42776997366110625 7211919000
1556436 1 0.419710272168569 7211919000
1556437 11 0.419710272168569 7211919000
1556448 164 0.4252572431957858 7587575700
1556612 8 0.411603160667252 3919591620
1556620 7 0.411603160667252 3919591620
1556627 1 0.411603160667252 3919591620
1556628 76 0.4916312554872696 4500301080
1556704 300 0.4875539947322213 6901059000
1557004 300 0.576684811237928 7372680390
1557304 300 0.5786760316066725 7375141020
1557604 300 0.5915241439859527 7407949470
1557904 300 0.5707585601404741 7421893050
1558204 300 0.5706637401229149 7429274940
1558504 300 0.564737489025461 7435836630
1558804 300 0.5986830553116769 7803291210
1559104 300 0.6255171202809483 8794106220
1559404 300 0.5742669007901668 8309361480
1559704 300 0.5650693590869185 8238003090
1560004 300 0.5672028094820019 7918120770
1560304 300 0.5782493415276558 7713888210
1560604 300 0.5680087796312555 7525239660
1560904 300 0.5463898156277437 7519498170
1561204 300 0.5750728709394206 7545744930
1561504 300 0.582611062335382 7532621550
1561804 300 0.598540825285338 7532621550
1562104 300 0.6197330992098332 7690102080
1562404 300 0.6322493415276558 8405326170
1562704 300 0.5876839332748025 8411067630
1563004 300 0.5838437225636524 8266710480
1563304 300 0.5915241439859527 7715528610
1563604 300 0.5755943810359965 7553126820
1563904 300 0.5864986830553117 7578553380
1564204 300 0.5460105355575066 7585935270
1564504 300 0.5654960491659351 7573632090
1564804 300 0.5551606672519753 7567890630
1565104 300 0.5908129938542581 7653192570
1565404 300 0.6292625109745391 8329046520
1565704 300 0.5983511852502195 8321664630
1566004 300 0.5633625987708517 7639248990
1566304 300 0.5832748024582968 7619563920
1566604 300 0.5555399473222125 7580193780
1566904 300 0.5888217734855137 7567890630
1567204 300 0.576827041264267 7568710830
1567504 300 0.576684811237928 7608901170
1567804 300 0.5760684811237928 7628586240
1568104 300 0.5784389815627744 7660574490
1568404 300 0.6264653204565409 8782623270
1568704 300 0.6278876207199298 8743253130
1569004 300 0.5753573309920983 8139577770
1569304 300 0.5907181738366989 7988658930
1569604 300 0.6011483757682178 7877110200
1569904 300 0.5973081650570676 7778684880
1570204 300 0.5848867427568043 7647451110
1570504 300 0.5782967515364354 7641709620
1570804 300 0.5727971905179983 7635968160
1571104 300 0.5897699736611062 7655653200
1571404 300 0.5794345917471466 7675338270
1571704 300 0.6343827919227393 8384820900
1572004 300 0.5982563652326602 8082983190
1572304 300 0.5693362598770852 7695023340
1572604 300 0.5783441615452152 7681079760
1572904 300 0.5807620719929764 7687641450
1573204 300 0.5643582089552239 7674518070
1573504 300 0.5488551360842846 7667956380
1573804 300 0.5929464442493415 7681079760
1574104 300 0.6595575065847235 7727831790
1574404 300 0.6118630377524144 7728651990
1574704 300 0.642395083406497 8358574140
1575004 300 0.5779174714661984 8123173530
1575304 300 0.572702370500439 8017366320
1575604 300 0.5844600526777877 8018186520
1575904 300 0.5726075504828797 7912379280
1576204 300 0.5805724319578578 7813953960
1576504 300 0.579529411764706 7748337060
1576804 300 0.5914767339771729 7714708410
1577104 300 0.6007690956979808 7714708410
1577404 300 0.5971659350307287 7708146720
1577704 300 0.6470886742756805 8109229950
1578004 300 0.6321545215100967 8397944280
1578304 300 0.6056049165935031 7761460440
1578604 300 0.599820895522388 7742595600
1578904 300 0.599062335381914 8693220270
1579204 300 0.5675820895522389 7735213680
1579504 300 0.5756417910447762 7722910530
1579804 300 0.56227216856892 7723730730
1580104 300 0.601764705882353 7729472220
1580404 300 0.5824214223002634 7734393480
1580704 300 0.5925671641791046 7721270100
1581004 300 0.6471834942932397 8358574140
1581304 300 0.6473731343283582 8004242940
1581604 300 0.6263705004389816 7768022130
1581904 300 0.5944161545215101 7775404020
1582204 300 0.5976400351185249 8347091190
1582504 300 0.5891062335381914 7736854110
1582804 300 0.5781545215100966 7736854110
1583104 300 0.5693362598770852 7736854110
1583404 300 0.5853134328358209 7729472220
1583704 300 0.5884424934152765 7723730730
1584004 300 0.5685776997366111 7716348840
1584304 300 0.6317752414398595 8220778680
1584604 300 0.6233362598770852 7722090300
1584904 300 0.5734609306409131 7715528610
1585204 300 0.5700474100087797 7702405260
1585504 300 0.5754995610184372 7715528610
1585804 300 0.5851237928007024 7722090300
1586104 300 0.5652115891132572 7709787150
1586404 300 0.576684811237928 7710607350
1586704 300 0.5989675153643548 7704045660
1587004 300 0.5986830553116769 7697483970
1587304 300 0.6660052677787534 8321664630
1587604 300 0.627081650570676 8163363900
1587904 300 0.5858823529411765 7736854110
1588204 300 0.5918086040386303 7736854110
1588504 300 0.5787708516242318 7736854110
1588804 300 0.5858349429323968 7731932850
1589104 300 0.5852660228270413 7745056230
1589404 300 0.5846022827041264 7745056230
1589704 300 0.5805724319578578 7737674310
1590004 300 0.5913819139596137 7763100870
1590304 300 0.6307322212467077 8773600950
1590604 300 0.600721685689201 8767039260
1590904 300 0.5686725197541703 8525076990
1591204 300 0.5846022827041264 8492268540
1591504 300 0.6068849868305531 8169925590
1591804 300 0.586972783143108 7973895120
1592104 300 0.5835592625109746 7822976280
1592404 300 0.6126215978928885 7725371160
1592704 300 0.5971659350307287 7738494540
1593004 300 0.5988726953467954 7737674310
1593304 300 0.594700614574188 7738494540
1593604 300 0.6399297629499561 8165824530
1593904 300 0.6407831431079895 9005720700
1594204 300 0.6251378402107111 8520155730
1594504 300 0.6059841966637401 8380719840
1594804 300 0.6117208077260756 8046893910
1595104 300 0.5935627743634768 7927963290
1595404 300 0.603945566286216 7816414590
1595704 300 0.5899122036874451 7758179610
1596004 300 0.5987304653204566 7758999810
1596304 300 0.6068849868305531 7752438120
1596604 300 0.5938472344161545 7752438120
1596904 300 0.6591308165057068 8736691440
1597204 300 0.6575188762071993 8946665490
1597504 300 0.619638279192274 8224879710
1597804 300 0.6148024582967515 8218318020
1598104 300 0.634050921861282 8171565990
1598404 300 0.6127164179104478 8086264050
1598704 300 0.6081650570676032 8027208840
1599004 300 0.6026180860403864 8040332220
1599304 300 0.5820421422300264 8032950330
1599604 300 0.6002475856014048 7955030280
1599904 300 0.6279350307287095 7902536760
1600204 300 0.7022739244951712 8184689370
1600504 300 0.6294995610184372 7942727100
1600804 300 0.6052730465320457 7850863470
1601104 300 0.6208235294117648 7857425160
1601404 300 0.6105829675153643 7850043240
1601704 300 0.6197805092186128 7856604930
1602004 300 0.6385548726953468 7842661350
1602304 300 0.6159402985074627 7836099660
1602604 300 0.6202546093064092 7862346420
1602904 300 0.6245689201053556 7863166620
1603204 300 0.6745864793678666 8270811540
1603504 300 0.7010412642669008 8828555100
1603804 300 0.6393608428446005 8277373230
1604104 300 0.6410201931518876 8218318020
1604404 300 0.6318700614574189 8159262840
1604704 300 0.6415891132572431 7923042030
1605004 300 0.6365636523266023 7857425160
1605304 300 0.6228147497805092 7863986820
1605604 300 0.6505021949078139 7863166620
