1562456 300 1.0175030728709396 9999816570
1562756 300 1.1096681299385427 11444208330
1563056 300 1.0439104477611942 11437646640
1563356 300 1.080179104477612 10040006910
1563656 300 1.0316786654960493 10040006910
1563956 300 1.0590342405618964 10040006910
1564256 300 1.0263687445127305 10040006910
1564556 300 1.0205847234416154 10007198460
1564856 300 1.01356804214223 9974390010
1565156 300 1.0238086040386305 10020321840
1565456 300 1.0850149253731345 10662547140
1565756 300 1.0490307287093943 10190105550
1566056 300 1.0346180860403864 9935019870
1566356 300 1.0568533801580333 10236857580
1566656 300 1.0050342405618964 9941581560
1566956 300 1.053582089552239 9942401790
1567256 300 1.0661457418788411 9941581560
1567556 300 1.0668568920105357 9941581560
1567856 300 1.0431992976294997 10243419270
1568156 300 1.0561422300263388 9941581560
1568456 300 1.0632537313432835 9928458210
1568756 300 1.0563318700614575 9927637980
1569056 300 1.0505478489903424 9927637980
1569356 300 1.0464231782265143 9974390010
1569656 300 1.1145987708516243 10702737480
1569956 300 1.0907989464442496 10236857580
1570256 300 1.0461861281826161 9967828320
1570556 300 1.0648182616330115 10368911550
1570856 300 1.0676154521510097 9962086860
1571156 300 1.077618964003512 9955525170
1571456 300 1.0120983318700616 9955525170
1571756 300 1.0510219490781387 10113005700
1572056 300 1.0880491659350306 10158937530
1572356 300 1.071550482879719 9968648550
1572656 300 1.0552888498683055 9962086860
1572956 300 1.0506426690079018 9962086860
1573256 300 1.0654820017559261 9962086860
1573556 300 1.0558103599648816 9948963480
1573856 300 1.0312519754170326 10094140830
1574156 300 1.1201931518876207 10646142930
1574456 300 1.0830237050043898 10272946860
1574756 300 1.1028884986830554 9976030440
1575056 300 1.1337050043898156 9969468750
1575356 300 1.0834503950834065 9962907060
1575656 300 1.0852045654082527 9962907060
1575956 300 1.0866742756804215 9962907060
1576256 300 1.1123705004389814 9989153820
1576556 300 1.1714907813871818 10782297960
1576856 300 1.106539069359087 10252441590
1577156 300 1.074252853380158 9969468750
1577456 300 1.0727831431079895 9976030440
1577756 300 1.0870535557506584 9969468750
1578056 300 1.091889376646181 9970288950
1578356 300 1.0707445127304656 9976850640
1578656 300 1.1012765583845479 9989974020
1578956 300 1.1489236172080772 11354805300
1579256 300 1.1118964003511853 11229313020
1579556 300 1.1139350307287095 10402540230
1579856 300 1.1058279192273925 10415663580
1580156 300 1.094212467076383 10422225270
1580456 300 1.1049271290605795 10423045500
1580756 300 1.1031255487269536 10416483810
1581056 300 1.1094310798946445 10417304010
1581356 300 1.1231799824407376 10417304010
1581656 300 1.1671290605794555 10942239120
1581956 300 1.168266900790167 11203886460
1582256 300 1.1255504828797191 10429607190
1582556 300 1.1083880597014926 10429607190
1582856 300 1.1043582089552237 10395978540
1583156 300 1.1005179982440738 10382855160
1583456 300 1.0861527655838454 10409101920
1583756 300 1.0730201931518877 10422225270
1584056 300 1.1237014925373137 10501785750
1584356 300 1.1482124670763827 11125146210
1584656 300 1.0916523266022828 10711759800
1584956 300 1.0794679543459174 10449292260
1585256 300 1.1368340649692714 11407298820
1585556 300 1.1481650570676032 10803623460
1585856 300 1.0955399473222123 10797061770
1586156 300 1.0955873573309922 10797061770
1586456 300 1.1264038630377526 10816746840
1586756 300 1.1563195785776998 11492600790
1587056 300 1.1398683055311676 10954542300
1587356 300 1.10871992976295 10961924190
1587656 300 1.0853942054433716 10955362500
1587956 300 1.0846356453028971 10962744390
1588256 300 1.1186760316066726 10956182730
1588556 300 1.1180122914837576 10956182730
1588856 300 1.125692712906058 10982429460
1589156 300 1.1474064969271291 11407298820
1589456 300 1.1248867427568041 11073472890
1589756 300 1.1236066725197542 10974227370
1590056 300 1.140200175592625 10967665680
1590356 300 1.1871834942932398 10969306080
1590656 300 1.1596382791922741 10975047570
1590956 300 1.1121808604038632 10969306080
1591256 300 1.1149780509218614 10969306080
1591556 300 1.1530008779631258 10976688000
1591856 300 1.19225636523266 11750967270
1592156 300 1.2501439859525902 12655660140
1592456 300 1.2642721685689202 12786893910
1592756 300 1.2818138718173837 11474556150
1593056 300 1.2528463564530292 11474556150
1593356 300 1.2512818261633012 11473735920
1593656 300 1.2298525021949076 11473735920
1593956 300 1.2673064091308168 11473735920
1594256 300 1.2442177348551362 11473735920
1594556 300 1.266121158911326 11473735920
1594856 300 1.2950886742756804 12234891840
1595156 300 1.2718103599648813 11755888560
1595456 300 1.2514240561896401 11461432770
1595756 300 1.2677330992098332 11461432770
1596056 300 1.264556628621598 11461432770
1596356 300 1.2431273046532048 11448309390
1596656 300 1.2386233538191398 11363007420
1596956 300 1.2530834064969274 11258020410
1597256 300 1.2462563652326604 11664845100
1597556 300 1.2422739244951715 11394995670
1597856 300 1.2246374012291485 11250638490
1598156 300 1.2216979806848114 11258020410
1598456 300 1.2390974539069362 11238335340
1598756 300 1.2095136084284461 11099719650
1599056 300 1.2566391571553996 11074293120
1599356 300 1.2774047410008782 11100539880
1599656 300 1.323582089552239 11769832140
1599956 300 1.3034328358208955 11342502150
1600256 300 1.3016312554872695 11073472890
1600556 300 1.2978384547848991 11093157960
1600856 300 1.3039069359086919 11098899450
1601156 300 1.347998244073749 11092337760
1601456 300 1.3363353819139596 11073472890
1601756 300 1.3328270412642669 11053787850
1602056 300 1.3760649692712905 11848572390
1602356 300 1.3588551360842844 11356445730
1602656 300 1.3513643546971026 11061169740
1602956 300 1.3783880597014924 11028361290
1603256 300 1.3447743634767337 11035743180
1603556 300 1.345011413520632 11034922980
1603856 300 1.3341545215100967 11029181490
1604156 300 1.3229183494293242 11087416500
1604456 300 1.4213889376646183 11493420990
1604756 300 1.3742633889376648 11271143790
1605056 300 1.3299350307287097 11020979400
1605356 300 1.328702370500439 11021799600
1605656 300 1.2859385425812115 11015237910
1605956 300 1.3229183494293242 11016058140
1606256 300 1.2963687445127303 11107921770
1606556 300 1.3701861281826164 12788534340
1606856 300 1.2789218612818263 12914846850
1607156 300 1.2876453028972783 11372849970
1607456 300 1.2498595258999121 11365468050
1607756 300 1.2769780509218611 11358086160
1608056 300 1.3141000877963127 11358086160
1608356 300 1.295942054433714 11358086160
1608656 300 1.259531167690957 11358086160
1608956 300 1.332684811237928 11385153120
1609256 300 1.3405074626865674 12134005860
1609556 300 1.3065144863915716 11601688860
1609856 300 1.2544582967515365 11326097940
1610156 300 1.297459174714662 11312974560
1610456 300 1.3187936786654961 11340041520
1610756 300 1.3126777875329236 11353164900
1611056 300 1.2964635645302898 11353164900
1611356 300 1.3251940298507463 11358906360
1611656 300 1.3584284460052678 12067568760
1611956 300 1.3209745390693592 11726360940
1612256 300 1.2943775241439859 11398276500
1612556 300 1.2309429323968393 11398276500
1612856 300 1.2160561896400353 11385973350
1613156 300 1.255406496927129 11378591430
1613456 300 1.293476733977173 11385973350
1613756 300 1.2451185250219492 11444208330
1614056 300 1.3135785776997368 11825606490
1614356 300 1.2838050921861281 11365468050
1614656 300 1.2610482879719054 11358906360
1614956 300 1.2773099209833187 12021636960
1615256 300 1.2835206321334502 11378591430
1615556 300 1.253747146619842 11378591430
1615856 300 1.3095013169446883 11372029740
1616156 300 1.2513292361720811 11365468050
1616456 300 1.290489903424056 11942896680
1616756 300 1.2732800702370501 11405658390
1617056 300 1.2552642669007903 11406478620
1617356 300 1.2891624231782268 11406478620
1617656 300 1.2661685689201057 11399096700
1617956 300 1.2401878841088676 11399096700
1618256 300 1.256449517120281 11405658390
1618556 300 1.2378173836698858 11399096700
1618856 300 1.2556435469710272 11438466840
1619156 300 1.2788744512730466 12120882480
1619456 300 1.2356839332748026 11609070750
1619756 300 1.2431273046532048 11372849970
1620056 300 1.2354468832309045 12829544880
1620356 300 1.2229780509218613 11425343460
1620656 300 1.2444547848990344 11418781770
1620956 300 1.255690956979807 11418781770
1621256 300 1.27844776119403 11419602000
1621556 300 1.3143845478489904 12830365110
1621856 300 1.311065847234416 11583644220
1622156 300 1.3080790166812997 11458972140
1622456 300 1.2699139596136964 11465533800
1622756 300 1.308505706760316 11464713600
1623056 300 1.2719525899912205 11463893400
1623356 300 1.2459244951712027 11464713600
1623656 300 1.2453081650570679 11464713600
1623956 300 1.279870061457419 11485218870
1624256 300 1.3072730465320457 12220128030
1624556 300 1.25659174714662 11714877990
1624856 300 1.2989288849868306 11426163690
1625156 300 1.2535575065847238 11432725380
1625456 300 1.3083160667251978 11426163690
1625756 300 1.3049973661106236 11426163690
1626056 300 1.2923388937664622 11426163690
1626356 300 1.255406496927129 11431905150
1626656 300 1.309928007023705 12218487600
1626956 300 1.2911536435469713 11686990800
1627256 300 1.2362054433713783 11465533800
1627556 300 1.277546971027217 11445848760
1627856 300 1.2533204565408256 11287548000
1628156 300 1.3003511852502196 11282626740
1628456 300 1.2616646180860407 11276065050
1628756 300 1.2699139596136964 11445028530
1629056 300 1.3427831431079893 11978165760
1629356 300 1.2297102721685689 12161072820
1629656 300 1.1588323090430204 12003592290
1629956 300 1.225348551360843 12002772090
1630256 300 1.1648533801580334 11997030600
1630556 300 1.1771799824407374 11983907250
1630856 300 1.2194697102721688 11957660490
1631156 300 1.2432221246707638 11800179960
1631456 300 1.2679701492537314 12410417010
1631756 300 1.1877524143985951 12437483970
1632056 300 1.1712537313432836 11827246920
1632356 300 1.1851448639157156 11826426690
1632656 300 1.1911185250219491 11819865000
1632956 300 1.1653748902546093 11826426690
1633256 300 1.1602071992976295 11846111760
1633556 300 1.1901703248463564 11885481900
1633856 300 1.2527515364354698 12515404020
1634156 300 1.233313432835821 12074950680
1634456 300 1.1406742756804213 11800179960
1634756 300 1.1364547848990343 11800179960
1635056 300 1.151436347673398 11800179960
1635356 300 1.1949113257243198 11801000160
1635656 300 1.1516259877085162 11801000160
1635956 300 1.1688358208955227 11899425480
1636256 300 1.219517120280948 13297065210
1636556 300 1.1786022827041265 13198639890
1636856 300 1.1895539947322211 11885481900
1637156 300 1.1846707638279192 11708316300
1637456 300 1.2076646180860404 11720619480
1637756 300 1.1680772607550483 11720619480
1638056 300 1.1755206321334506 11714877990
1638356 300 1.1887954345917473 11728001370
1638656 300 1.1445618964003512 11773933200
1638956 300 1.1713011413520635 12437483970
1639256 300 1.150014047410009 12371867100
1639556 300 1.1364073748902546 11701754610
1639856 300 1.1777014925373135 11701754610
1640156 300 1.1736242317822652 11696013150
1640456 300 1.1427603160667252 11696013150
1640756 300 1.1466005267778754 11675507850
1641056 300 1.197850746268657 11688631230
1641356 300 1.2631343283582088 12377608560
1641656 300 1.2091817383669885 12213566340
1641956 300 1.1999841966637401 11721439680
1642256 300 1.2059578577699739 11714877990
1642556 300 1.1468375768217736 11696013150
1642856 300 1.1525267778753294 11709136500
1643156 300 1.1387778753292364 11696013150
1643456 300 1.1484495171202809 11787876780
1643756 300 1.2260597014925376 12030659280
1644056 300 1.223926251097454 11839550070
1644356 300 1.1702107111501319 11675507850
1644656 300 1.1781281826163301 11675507850
1644956 300 1.1645215100965758 11675507850
1645256 300 1.1458419666374011 11675507850
1645556 300 1.1863301141352065 11663204700
1645856 300 1.18969622475856 12083152770
1646156 300 1.1391097453906935 11866617060
1646456 300 1.1616294995610186 11702574810
1646756 300 1.1612028094820017 11702574810
1647056 300 1.0929323968393327 11702574810
1647356 300 1.1450834064969273 11708316300
1647656 300 1.081980684811238 11715698190
1647956 300 1.0933116769095697 11714877990
1648256 300 1.126830553116769 12403855320
1648556 300 1.0977682177348553 12069209190
1648856 300 1.0525390693590868 11708316300
1649156 300 1.0915575065847234 11709136500
1649456 300 1.0868165057067602 11709136500
1649756 300 1.070033362598771 11715698190
1650056 300 1.1019402985074627 11715698190
1650356 300 1.1080561896400352 11860055370
1650656 300 1.183201053555751 13172393130
1650956 300 1.1164003511852503 12883678830
1651256 300 1.1073450395083408 11781315090
1651556 300 1.091225636523266 11781315090
1651856 300 1.0771448639157157 11782135290
1652156 300 1.073446883230904 11782135290
1652456 300 1.0718823529411767 11782135290
1652756 300 1.1294855136084285 11761630020
1653056 300 1.1364547848990343 11604149490
1653356 300 1.219706760316067 12299688510
1653656 300 1.175710272168569 12227509920
1653956 300 1.1350324846356452 11551655970
1654256 300 1.1150728709394206 11551655970
1654556 300 1.1012765583845479 11558217660
1654856 300 1.1012291483757684 11545094280
1655156 300 1.078851624231782 11545094280
1655456 300 1.0751062335381913 11551655970
1655756 300 1.1151676909569797 12142207980
1656056 300 1.1135083406496928 12115961220
1656356 300 1.0987638279192276 11590205910
1656656 300 1.0350921861281828 11571341040
1656956 300 1.0646760316066726 11564779350
1657256 300 1.067330992098332 11584464420
1657556 300 1.0697963125548728 11577902730
1657856 300 1.021011413520632 11577902730
1658156 300 1.0709815627743633 11899425480
1658456 300 1.0441000877963125 11886302100
1658756 300 1.0215329236172082 11577082530
1659056 300 1.0383160667251974 12469472220
1659356 300 1.0222914837576824 11992109340
1659656 300 1.0460913081650571 11938795620
1659956 300 1.0321527655838456 11774753400
1660256 300 1.0649130816505707 11794438470
1660556 300 1.038268656716418 12627772950
1660856 300 1.121473222124671 12181578120
1661156 300 1.0749640035118526 12182398320
1661456 300 1.0728779631255487 12175016430
1661756 300 1.0767181738366989 12169274940
1662056 300 1.056 12110219760
1662356 300 1.0626374012291482 11972424270
1662656 300 1.08297629499561 12017535900
1662956 300 1.122468832309043 12758186520
1663256 300 1.0478928884986831 12273441750
1663556 300 1.0663353819139596 12014255040
1663856 300 1.0656716417910448 11995390200
1664156 300 1.0614521510096577 11975705130
1664456 300 1.0408762071992976 11968323210
1664756 300 1.045854258121159 11961761550
1665056 300 1.0456172080772608 11968323210
1665356 300 1.1060649692712907 12965699940
1665656 300 1.1060649692712907 13457826600
1665956 300 1.0949236172080772 12571998600
1666256 300 1.0318683055311677 12040501800
1666556 300 1.0719771729587357 12033940110
1666856 300 1.0595557506584723 12029018850
1667156 300 1.0431992976294997 12042142230
1667456 300 1.0243301141352064 12029839050
1667756 300 1.0807954345917472 12048703920
1668056 300 1.1667497805092184 12855791640
1668356 300 1.1391097453906935 13086270960
1668656 300 1.1019877085162424 12613009170
1668956 300 1.0918419666374013 12448146720
1669256 300 1.0743476733977175 12416158500
1669556 300 1.0564741000877964 12278363010
1669856 300 1.1085302897278315 12036400740
1670156 300 1.089187006145742 12016715670
1670456 300 1.1502036874451274 12554774160
1670756 300 1.1049271290605795 12443225460
1671056 300 1.100707638279192 11885481900
1671356 300 1.0959192273924496 11872358520
1671656 300 1.0716927129060578 11878920210
1671956 300 1.1029833187006146 11852673450
1672256 300 1.0760070237050043 11852673450
1672556 300 1.105638279192274 11852673450
1672856 300 1.1364073748902546 12726198300
1673156 300 1.1417172958735735 13073967810
1673456 300 1.1182019315188763 12594964500
1673756 300 1.1285373134328358 12903363900
1674056 300 1.1009920983318702 12410417010
1674356 300 1.0951606672519754 12260318370
1674656 300 1.1078665496049167 12239813100
1674956 300 1.1702107111501319 12364485180
1675256 300 1.1606338893766464 12377608560
1675556 300 1.1842440737489026 12062647500
1675856 300 1.1185812115891132 12056085810
1676156 300 1.137497805092186 12049524120
1676456 300 1.1449411764705884 12003592290
1676756 300 1.1276365232660228 11807561850
1677056 300 1.1426654960491658 11819865000
1677356 300 1.1262142230026337 11819865000
1677656 300 1.1533801580333625 12416978700
1677956 300 1.1317137840210711 12384170250
1678256 300 1.129675153643547 11846111760
1678556 300 1.104595258999122 11826426690
1678856 300 1.1465531167690957 11826426690
1679156 300 1.1335153643546971 11819865000
1679456 300 1.1139824407374892 11819865000
1679756 300 1.1364547848990343 11833808610
1680056 300 1.1366444249341527 11840370300
1680356 300 1.1855715539947322 13073967810
1680656 300 1.1872309043020195 13873673640
1680956 300 1.2052941176470586 13696508040
1681256 300 1.1917822651448637 12259498170
1681556 300 1.1746198419666376 12280003440
1681856 300 1.1778437225636524 12306250200
1682156 300 1.1731501316944688 12286565130
1682456 300 1.1447041264266902 12299688510
1682756 300 1.1599701492537313 12285744930
1683056 300 1.1496821773485513 12377608560
1683356 300 1.2155346795434592 13053462510
1683656 300 1.1900280948200175 13073967810
1683956 300 1.1941527655838455 12889420290
1684256 300 1.1845759438103602 12548212470
1684556 300 1.1795978928884987 12371046870
1684856 300 1.1857611940298507 12253756680
1685156 300 1.1892695346795437 12253756680
1685456 300 1.6862212467076385 12312811890
1685756 300 1.4962019315188764 13114158150
1686056 300 1.2177629499561018 12739321680
1686356 300 1.2412309043020193 12311991690
1686656 300 2.8977840210711148 12318553380
1686956 300 2.9826479367866545 12364485180
1687256 300 2.9127181738366987 12397293630
1687556 300 2.095369622475856 12398113860
1687856 300 2.949460930640913 12398113860
1688156 300 2.9024776119402986 12982104150
1688456 300 2.7646093064091306 12969801000
1688756 300 2.5751589113257243 12424360590
1689056 300 2.5688059701492536 12399754260
1689356 300 2.6143195785776996 12399754260
1689656 300 2.061187006145742 12398934060
1689956 300 2.35584021071115 12405495750
1690256 300 2.4938507462686568 12411237210
1690556 300 2.555246707638279 12648278220
1690856 300 2.368783143107989 12772950330
1691156 300 1.5053046532045653 12458809470
1691456 300 1.0976733977172959 12451427580
1691756 300 1.0989060579455665 12436663770
1692056 300 2.019655838454785 12443225460
1692356 300 1.927348551360843 12451427580
1692656 300 2.1128165057067605 12457989270
1692956 300 2.266330114135206 14439619290
1693256 300 1.5262598770851625 14380564110
1693556 300 1.017550482879719 13238830230
1693856 300 1.559589113257243 12753265260
1694156 300 2.1745917471466196 12759006720
1694456 300 2.1117260755048286 12745883370
1694756 300 2.2584600526777874 12740141880
1695056 300 2.190900790166813 12786073710
1695356 300 2.204317822651449 12805758780
1695656 300 2.2583652326602284 13212583470
1695956 300 2.3083353819139596 14031974370
1696256 300 2.2874749780509216 13421737320
1696556 300 2.3002282704126427 13166651640
1696856 300 1.4854872695346797 13028856180
1697156 300 1.258630377524144 13022294490
1697456 300 2.0239701492537314 13014912600
1697756 300 2.1137647058823528 12870555450
1698056 300 2.0508990342405617 12851690580
1698356 300 2.000597014925373 13133843220
1698656 300 1.4759104477611942 13592341230
1698956 300 1.9712502194907813 12903363900
1699256 300 2.0799613696224757 12850870380
1699556 300 2.103476733977173 12843488490
1699856 300 2.1308797190518 12844308690
1700156 300 2.033641791044776 12844308690
1700456 300 1.2650307287093943 12844308690
1700756 300 1.0641545215100967 12832005510
1701056 300 1.483258999122037 13290503520
1701356 300 2.0465373134328355 13028856180
1701656 300 2.105325724319578 12877937340
1701956 300 2.114333625987708 12871375650
1702256 300 1.2727111501316943 12864813960
1702556 300 1.1366444249341527 12857432070
1702856 300 2.045826163301141 12883678830
1703156 300 2.1242423178226515 12891060720
1703456 300 2.083754170324846 12877937340
1703756 300 2.1284143985952593 13724395200
1704056 300 2.110683055311677 14052479640
1704356 300 2.1301685689201055 13619408190
1704656 300 2.0366760316066723 13606284810
1704956 300 1.9767497805092185 13429119210
1705256 300 2.066828797190518 13257695100
1705556 300 2.02928007023705 13245391920
1705856 300 2.054359964881475 13244571720
1706156 300 2.0911027216856892 13133022990
1706456 300 2.1187901668129943 13238010030
1706756 300 2.117462686567164 13618587990
1707056 300 2.0512783143107987 13428299010
1707356 300 2.1180790166812997 13429119210
1707656 300 2.0787287093942055 13402052250
1707956 300 1.9885548726953468 13251953610
1708256 300 2.0829007901668133 13218324960
1708556 300 2.1422581211589113 13101034770
1708856 300 2.177246707638279 13080529500
1709156 300 2.012022827041264 13113337920
1709456 300 1.376396839332748 14950610820
1709756 300 1.3829868305531168 15317245170
1710056 300 2.0458735733099207 15192573090
1710356 300 2.019608428446005 13625149650
1710656 223 2.100632133450395 13606284810
1710879 77 1.627906935908692 13580038050
1710956 109 1.4559034240561899 13383187380
1711065 4 1.451209833187006 8658771390
1711069 1 1.4400210711150134 8658771390
1711070 8 1.4400210711150134 8658771390
1711078 1 1.4400210711150134 8658771390
1711079 177 1.507912203687445 10163038560
1711256 300 1.069417032484636 12858252270
1711556 300 1.080036874451273 13370064000
1711856 300 1.0513064091308166 13376625690
1712156 300 1.044811237928007 13278200370
1712456 300 1.0371782265144864 13219145160
1712756 184 1.0687532923617207 13212583470
1712940 116 0.8119332748024582 13199460090
1713056 67 0.7628165057067603 13127281530
1713123 3 0.7406760316066725 8251946700
1713126 1 0.7406760316066725 8251946700
1713127 7 0.7406760316066725 8251946700
1713134 222 0.8054381035996487 10348406280
1713356 300 0.9614644424934152 12976362690
1713656 76 1.10615978928885 12988665840
1713732 185 0.7781773485513608 12929610630
1713917 5 0.7771343283582091 8015725890
1713922 11 0.750774363476734 7995220620
1713933 23 0.8116488147497806 8320024200
1713956 247 0.8477752414398595 11198145000
1714203 53 0.5737453906935909 11185021620
1714256 131 0.7918788410886743 13389749070
1714387 3 0.784198419666374 8593154520
1714390 10 0.7779402985074626 8593154520
1714400 156 0.8396681299385426 10187644920
1714556 300 0.9351992976294995 12864813960
1714856 300 0.9822774363476735 12687648360
1715156 300 0.9777260755048289 12662221830
1715456 300 0.9697611940298508 13560352980
1715756 300 1.0286918349429324 13087091190
1716056 300 1.0214855136084284 13087091190
1716356 300 0.9517453906935909 13061664630
1716656 300 0.9103090430201933 12930430860
1716956 300 0.9031501316944688 12825443820
1717256 300 0.9776786654960491 13139584680
1717556 300 1.0047971905179982 13303626900
1717856 300 0.9493274802458296 12950115930
1718156 300 0.940556628621598 12923048970
1718456 300 0.951982440737489 12798376860
1718756 300 0.9233467954345919 12792635400
1719056 300 0.9565338015803336 12779512020
1719356 300 0.9000684811237928 12786073710
1719656 300 0.9170412642669007 12779512020
1719956 300 0.9646409130816506 13245391920
1720256 300 0.9306005267778754 13488174420
1720556 300 0.8859877085162424 12811500240
1720856 300 0.8823845478489903 12785253480
1721156 300 0.8958489903424057 12805758780
1721456 300 0.8679244951712027 12812320470
1721756 300 0.8790658472344162 12793455600
1722056 300 0.8704372256365234 12825443820
1722356 300 0.8808674275680423 12832005510
1722656 300 0.9372853380158035 14354317350
1722956 300 0.9451079894644425 15227021970
1723256 300 0.9515083406496927 14452742670
1723556 300 0.8832853380158034 13704710130
1723856 300 0.9231097453906937 13304447130
1724156 300 0.920502194907814 13114158150
1724456 300 0.89528007023705 13114978350
1724756 300 0.8839964881474978 13108416660
1725056 300 0.8832379280070237 13108416660
1725356 300 0.8610500438981562 13108416660
1725656 300 0.8962756804214225 13908942720
1725956 300 0.9072748024582968 14334632280
1726256 300 0.81942405618964 13935189450
1726556 300 0.8012186128182617 13835943930
1726856 300 0.8233590869183494 13397130990
1727156 300 0.8042054433713783 13351199160
1727456 300 0.8122651448639158 13363502310
1727756 300 0.8044899034240562 13337255580
1728056 300 0.7885127304653206 13206842010
1728356 300 0.8400948200175594 13497196740
1728656 300 0.8514258121158912 14238667560
1728956 300 0.8092783143107991 14121377400
1729256 300 0.8134029850746268 13956514950
1729556 300 0.8264407374890255 14219802720
1729856 300 0.8176698858647937 13307727960
1730156 300 0.8267726075504829 13201920720
1730456 300 0.8351641791044777 13195359030
1730756 300 0.8650798946444249 13235549400
1731056 300 0.8773590869183494 13799854620
1731356 300 0.8494345917471467 13609565640
1731656 300 0.7968568920105357 13445523420
1731956 300 0.7958612818261632 13294604580
1732256 300 0.8113643546971028 13234729170
1732556 300 0.8073345039508342 13221605790
1732856 300 0.8038261633011413 13247852550
1733156 300 0.8303283582089552 13234729170
1733456 300 0.8686830553116769 13504578630
1733756 300 0.8700579455662864 13523443500
1734056 300 0.8250658472344161 13235549400
1734356 300 0.8198981562774363 13222426020
1734656 300 0.8389569798068481 13222426020
1734956 300 0.795529411764706 13215864330
1735256 300 0.8223160667251976 13210122840
1735556 300 0.8052958735733099 13222426020
1735856 300 0.9031027216856893 13944211800
1736156 300 0.8268200175592627 14593818990
1736456 300 0.8261088674275682 14016390360
1736756 300 0.8012660228270414 13977020220
1737056 300 0.8270570676031608 13642374090
1737356 300 0.8058647936786656 13268357820
1737656 300 0.8088042142230027 13242111090
1737956 300 0.8359227392449519 13248672780
1738256 300 0.8230272168568922 13307727960
1738556 300 0.8965601404741003 15131877480
1738856 300 0.8688726953467955 15624824340
1739156 300 0.8636101843722563 14693064540
1739456 300 0.8220316066725197 13695687810
1739756 300 0.8473959613696225 13675182540
1740056 300 0.8041106233538191 13689126120
1740356 300 0.8757945566286215 13689126120
1740656 300 0.8045373134328359 13676002740
1740956 300 0.8052484635645304 13681744230
1741256 300 0.8052010535557506 13675182540
1741556 300 0.873044776119403 14725052760
1741856 300 0.8244021071115014 14600380680
1742156 300 0.7795522388059701 14219802720
1742456 300 0.8045847234416155 14187814500
1742756 300 0.800791922739245 14168129430
1743056 300 0.7763283582089552 13715372880
1743356 300 0.7942019315188763 13643194320
1743656 300 0.7707339771729589 13649756010
1743956 300 0.8015030728709394 13800674850
1744256 300 0.8400000000000001 14437158660
1744556 300 0.8121703248463564 14443720350
1744856 300 0.7944389815627745 14384665140
1745156 300 0.822647936786655 14135320980
1745456 300 0.810937664618086 14030333940
1745756 300 0.7811167690956979 13872033210
1746056 300 0.7794100087796314 13840044990
1746356 300 0.7839139596136963 13728496260
1746656 300 0.8833801580333626 14574133920
1746956 300 0.8509043020193153 14766063330
1747256 300 0.8298542581211589 14391226830
1747556 300 0.8339789288849869 14352676920
1747856 300 0.8586321334503952 14746378260
1748156 300 0.8471589113257243 13794113160
1748456 300 0.8085671641791046 13669441050
1748756 300 0.8051062335381916 13669441050
1749056 300 0.8087093942054434 13682564430
1749356 300 0.8465899912203687 13997525520
1749656 300 0.869204565408253 13912223550
1749956 300 0.8100368744512731 13702249500
1750256 300 0.7791255487269535 13695687810
1750556 300 0.7910728709394206 13689126120
1750856 300 0.8099420544337138 13695687810
1751156 300 0.8151097453906936 13689946350
1751456 300 0.8150149253731345 13683384660
1751756 300 0.8220316066725197 13688305920
1752056 300 0.8205144863915715 13689946350
1752356 300 0.9168042142230026 15519837330
1752656 300 0.9123476733977173 16471282200
1752956 300 0.9029604916593504 15834798390
1753256 300 0.8617611940298507 14758681410
1753556 300 0.8305654082528534 14653694400
1753856 300 0.8170061457418789 14943228930
1754156 300 0.841043020193152 14568392430
1754456 300 0.8282423178226515 14437158660
1754756 300 0.8374398595258999 14431417200
1755056 300 0.901585601404741 14575774350
1755356 300 0.9000684811237928 14661076290
1755656 300 0.8604811237928008 14313306780
1755956 300 0.8725706760316067 14234566530
1756256 300 0.8670711150131694 14096771040
1756556 300 0.8443143107989465 14076265770
1756856 300 0.8164372256365233 14076265770
1757156 300 0.8079034240561898 14082827460
1757456 300 0.8097050043898156 14082827460
1757756 300 0.8606707638279192 14660256090
1758056 300 0.8366812993854259 14588077500
1758356 300 0.8357330992098332 14069704080
1758656 300 0.8069552238805972 14069704080
1758956 300 0.801171202809482 14069704080
1759256 300 0.808899034240562 14063142390
1759556 300 0.8232642669007904 14056580700
1759856 300 0.8174328358208955 14102512530
1760156 300 0.7969517120280948 14102512530
1760456 300 0.813260755048288 14089389150
1760756 300 0.8141615452151009 14430596970
1761056 300 0.7868059701492539 14102512530
1761356 300 0.8087093942054434 14089389150
1761656 300 0.784198419666374 14103332730
1761956 300 0.8133555750658473 14208319770
1762256 300 0.8489604916593504 14260813260
1762556 300 0.8001281826163301 14109074220
1762856 300 0.7946286215978928 14102512530
1763156 300 0.835116769095698 14102512530
1763456 300 0.8171483757682179 14082827460
1763756 300 0.8092309043020193 14082827460
1764056 300 0.7830605794556629 14076265770
1764356 300 0.8057225636523268 14082827460
1764656 300 0.8420860403863039 14811174930
1764956 300 0.8428446005267779 14536404210
1765256 300 0.8021194029850746 14104152960
1765556 300 0.8177647058823531 14096771040
1765856 300 0.8507620719929765 14103332730
1766156 300 0.8600070237050045 14109074220
1766456 300 0.834358208955224 14095950840
1766756 300 0.8762212467076383 14095950840
1767056 300 0.8746567164179104 14102512530
1767356 300 0.847348551360843 14102512530
1767656 300 0.8344530289727833 14103332730
1767956 300 0.8303283582089552 14095950840
1768256 300 0.8399051799824407 14338733340
1768556 300 0.874988586479368 16537719300
1768856 300 0.8517576821773487 16215376350
1769156 300 0.8376769095697981 14943228930
1769456 300 0.8250184372256366 14306745090
1769756 300 0.8287638279192275 14332991850
1770056 300 0.8453099209833187 14312486580
1770356 300 0.8214152765583846 14305924890
1770656 300 0.8329833187006147 14312486580
1770956 300 0.8359701492537314 14293621710
1771256 300 0.865838454784899 14627447640
1771556 300 0.8644635645302897 15540342600
1771856 300 0.8782124670763828 14969475660
1772156 300 0.8631360842844602 14936667240
1772456 300 0.8844705882352941 14793130290
1772756 300 0.8889745390693592 14792310060
1773056 300 0.879729587357331 14785748370
1773356 300 0.8339315188762073 14654514600
1773656 300 0.8226005267778753 14614324260
1773956 300 0.8574942932396838 14568392430
1774256 300 0.9192695346795436 15447658740
1774556 300 0.8573046532045655 15244246380
1774856 300 0.8181439859525901 15015407490
1775156 300 0.8257295873573312 15264751680
1775456 300 0.8484389815627745 14792310060
1775756 300 0.8534644424934152 14760321840
1776056 300 0.8867936786654961 14635649760
1776356 300 0.8737085162423177 14590538130
1776656 300 0.8975557506584725 14806253670
1776956 300 0.894142230026339 14811174930
1777256 300 0.8817682177348551 14805433440
1777556 300 0.8745144863915716 14798871750
1777856 300 0.8740403863037752 14654514600
1778156 300 0.868825285338016 14555269050
1778456 300 0.8840913081650571 14445360780
1778756 300 0.8854661984196663 14478169230
1779056 300 0.9123950834064971 14741456970
1779356 300 0.9254802458296751 15207336900
1779656 300 0.871906935908692 14840702520
1779956 300 0.8572572431957859 14538864840
1780256 300 0.8806777875329236 14538044640
1780556 300 0.8587743634767341 14533123350
1780856 300 0.9011589113257243 14519179770
1781156 300 1.1611079894644427 14532303150
1781456 300 0.9141966637401229 14558549910
1781756 300 0.9401773485513609 14971936320
1782056 300 1.0280280948200176 17013441750
1782356 300 1.0477032484635644 17315279460
1782656 300 0.9524091308165057 15609240330
1782956 300 0.9268551360842845 15366457860
1783256 300 0.9428323090430202 15182730570
1783556 300 0.9732695346795434 15030991500
1783856 300 0.9495171202809483 15036732990
1784156 300 0.9401299385425812 15050676570
1784456 300 0.9481896400351185 14926824690
1784756 300 0.9495645302897278 14874331170
1785056 300 0.9462458296751536 15149922120
1785356 300 0.9843634767339773 15647790270
1785656 300 1.4101527655838455 15648610470
1785956 300 1.3589499561018439 15379581240
1786256 300 0.9766356453028974 15347592990
1786556 300 0.9461035996488147 15163045500
1786856 300 0.9606110623353818 14894016240
1787156 300 1.0217699736611063 14743097400
1787456 300 0.9613222124670764 14723412330
1787756 300 1.0029482001755925 14992441590
1788056 300 0.9626022827041265 15576431880
1788356 300 0.9301738366988588 15359896170
1788656 300 0.8956119402985075 15287717580
1788956 300 0.8864618086040386 15858584520
1789256 300 0.8718121158911326 15143360430
1789556 300 0.8711009657594381 14901398160
1789856 300 0.8673081650570675 14737355940
1790156 300 0.8601492537313433 14737355940
1790456 300 0.9007796312554873 15301661160
1790756 300 0.8537963125548726 15379581240
1791056 300 0.8778805970149255 15057238260
1791356 300 0.8541281826163302 14964554400
1791656 300 0.8403318700614576 14893196040
1791956 300 0.834358208955224 14907959850
1792256 300 0.8456892010535557 14900577930
1792556 300 0.9076540825285339 15108911550
1792856 300 0.9387550482879718 15778203840
1793156 300 0.90684811237928 15503433090
1793456 300 0.8617137840210712 15391884390
1793756 300 0.8741826163301141 15379581240
1794056 300 0.888358208955224 15202415640
1794356 300 0.8687304653204566 15097428600
1794656 300 0.846969271290606 15084305220
1794956 300 0.8742774363476734 14958812940
1795256 300 0.903908691834943 15273774000
1795556 300 0.861334503950834 15405007770
1795856 300 0.8215575065847234 15195853950
1796156 300 0.8135926251097455 15097428600
1796456 300 0.8270570676031608 15044935080
1796756 300 0.8423705004389815 14822657880
1797056 300 0.8345004389815628 14763602670
1797356 300 0.8079982440737489 14755400580
1797656 300 0.9178946444249343 15345952560
1797956 300 0.8898753292361721 15234403860
1798256 300 0.8399051799824407 14742277200
1798556 300 0.8573046532045655 14761142040
1798856 300 0.8370131694468834 14756220780
1799156 300 0.8279578577699738 14729974020
1799456 300 0.8155364354697103 14743097400
1799756 300 0.8191870061457418 14742277200
1800056 300 0.8522791922739246 15509994780
1800356 300 0.7916892010535557 15714227370
1800656 300 0.7863318700614575 15399266280
1800956 300 0.7960035118525022 15392704620
1801256 300 0.8207989464442493 15353334480
1801556 300 0.8418489903424057 15103990290
1801856 300 0.865838454784899 14972756520
1802156 300 0.8276733977172959 14867769510
1802456 300 0.8595803336259877 14808714300
1802756 300 0.826630377524144 14815275990
1803056 300 0.8696786654960491 15149922120
1803356 300 0.8229798068481123 15136798740
1803656 300 0.8290956979806848 14815275990
1803956 300 0.8296646180860405 14808714300
1804256 300 0.7896979806848112 14808714300
1804556 300 0.8201826163301142 14802152610
1804856 300 0.8251132572431958 14795590920
1805156 300 0.8220316066725197 14775085650
1805456 300 0.8496716417910449 14894016240
1805756 300 0.8145408252853381 15110551980
1806056 300 0.8586321334503952 14769344160
1806356 300 0.8555030728709394 14447821410
1806656 300 0.8232168568920105 11861695770
1806956 300 0.8335522388059701 11836269240
1807256 300 0.8304231782265146 11836269240
1807556 300 0.797188762071993 11836269240
1807856 300 0.8464477611940298 12243914160
1808156 300 0.8944741000877963 9901391220
1808456 300 0.8717172958735733 8916317700
1808756 300 0.8106532045654083 8765398830
1809056 300 0.8107006145741879 8621041680
1809356 300 0.8177647058823531 8508672780
1809656 300 0.790503950834065 8443055880
1809956 300 0.8246391571553996 8436494190
1810256 300 0.8162949956101845 8449617570
1810556 300 0.8671185250219492 9034428090
1810856 300 0.8710535557506586 9165661860
1811156 300 0.7956242317822653 8746533990
1811456 300 0.9614170324846357 8746533990
1811756 300 1.4271255487269539 9165661860
1812056 300 0.8828112379280072 8524256790
1812356 300 0.8339315188762073 8470122840
1812656 300 0.7977102721685689 8456179260
1812956 300 0.8189025460930641 8470122840
1813256 300 0.8768375768217735 8817072150
1813556 300 0.8878841088674276 8613659790
1813856 300 1.079657594381036 8534919510
1814156 300 1.3160438981562776 9008181330
1814456 300 1.608089552238806 8339709270
1814756 300 1.4896119402985075 8404505940
1815056 300 1.453058823529412 8378259210
1815356 300 1.02902370500439 8365135830
1815656 300 0.8251606672519755 8942564430
1815956 300 0.8329833187006147 8357753910
1816256 300 0.7951501316944689 8358574140
1816556 300 0.8099420544337138 8351192220
1816856 300 0.795529411764706 8332327380
1817156 300 0.7652344161545216 8318383800
1817456 300 0.781496049165935 8325765690
1817756 300 0.7740052677787532 8312642310
1818056 300 0.7815908691834943 8351192220
1818356 300 0.8309920983318702 8791645590
1818656 300 0.7694539069359086 8352832650
1818956 300 0.7539508340649693 8333147580
1819256 300 0.7659929762949956 8338068870
1819556 300 0.7430939420544338 8332327380
1819856 300 0.7578384547848992 8339709270
1820156 300 0.7478823529411766 8358574140
1820456 300 0.7508691834942933 8339709270
1820756 300 0.810937664618086 8871206070
1821056 300 0.7781773485513608 8818712580
1821356 300 0.7567006145741879 8333147580
1821656 300 0.7742423178226514 8325765690
1821956 300 0.7620105355575066 8326585890
1822256 300 0.7454644424934153 8333147580
1822556 300 0.7496365232660228 8327406120
1822856 300 0.7521492537313434 8327406120
1823156 300 0.7479771729587358 8372517720
1823456 300 0.8371553994732223 9574127010
1823756 300 0.8180017559262511 9659428950
1824056 300 0.7848147497805091 9343647660
1824356 300 0.8113643546971028 9344467890
1824656 300 0.7744793678665496 9337906200
1824956 300 0.7689798068481124 9074618430
1825256 300 0.7766602282704127 9022945140
1825556 300 0.7690272168568921 8845779540
1825856 300 0.8432238805970149 9442893210
1826156 300 0.7964302019315189 8990136690
1826456 300 0.8028779631255487 8752275480
1826756 300 0.8237857769973662 8732590410
1827056 300 0.7816856892010536 8746533990
1827356 300 0.8177172958735732 8766219060
1827656 300 0.7641913959613695 8752275480
1827956 300 0.7774661984196665 8772780750
1828256 300 0.8163898156277438 9487184610
1828556 300 0.7895557506584724 9028686600
1828856 300 0.7702598770851625 8760477570
1829156 300 0.7993222124670766 8773600950
1829456 300 0.7827287093942055 9068056740
1829756 300 0.7871378402107111 8771960520
1830056 300 0.7916417910447762 8745713790
1830356 300 0.7493046532045655 8746533990
1830656 300 0.7476453028972784 8746533990
1830956 300 0.8012660228270414 9014743020
1831256 300 0.7994170324846356 8765398830
1831556 300 0.7545671641791045 8766219060
1831856 300 0.7676997366110624 8753095680
1832156 300 0.7522440737489026 8733410610
1832456 300 0.7713977172958736 8739972300
1832756 300 0.7741949078138719 8759657370
1833056 300 0.8062914837576821 8778522210
1833356 300 0.8325092186128183 9500307990
1833656 300 0.791784021071115 9034428090
1833956 300 0.7841510096575944 8771960520
1834256 300 0.7799315188762074 9362512530
1834556 300 0.766846356453029 8785083900
1834856 300 0.7578858647936787 8758837140
1835156 300 0.7581703248463564 8752275480
1835456 300 0.7957190517998244 8752275480
1835756 300 0.8267251975417034 9297715860
1836056 300 0.8131185250219491 8785904130
1836356 300 0.7804530289727832 8791645590
1836656 300 0.7935381913959613 8791645590
1836956 300 0.8163898156277438 8791645590
1837256 300 0.82587181738367 8791645590
1837556 300 0.7957190517998244 8771960520
1837856 300 0.7795522388059701 8758837140
1838156 300 0.8166742756804215 8929441050
1838456 300 0.8866988586479367 9350209350
1838756 300 0.8406163301141353 8411887860
1839056 300 0.7922581211589114 8260969020
1839356 300 0.8141141352063214 8267530710
1839656 300 0.808235294117647 8249486070
1839956 300 0.7882756804214224 8242104150
1840256 300 0.7859525899912203 8240463720
1840556 300 0.8308024582967516 8241283950
1840856 300 0.8545548726953469 8844959310
1841156 300 0.8553134328358211 8667793710
1841456 300 0.7782721685689201 8215037190
1841756 300 0.8006022827041265 8831835930
1842056 300 0.7901246707638281 8241283950
1842356 300 0.794865671641791 8241283950
1842656 300 0.8429394205443372 8234722260
1842956 300 0.8620456540825285 8313462510
1843256 300 0.8699157155399473 8682557520
1843556 300 0.8457366110623354 8228980770
1843856 300 0.8347848990342405 8215857390
1844156 300 0.8454995610184373 8214216990
1844456 300 0.8360649692712907 8227340370
1844756 300 0.81942405618964 8233902030
1845056 300 0.863420544337138 8247845640
1845356 300 0.8408533801580335 8247025410
1845656 300 0.8267726075504829 8227340370
1845956 300 0.8606707638279192 8201093610
1846256 300 0.8623301141352064 8207655300
1846556 300 0.8466848112379279 8207655300
1846856 300 0.8347848990342405 8207655300
1847156 300 0.8221738366988588 8273272170
1847456 300 0.8999736611062334 9270648900
1847756 300 0.8246865671641791 9068056740
1848056 300 0.8131185250219491 8818712580
1848356 300 0.8292853380158034 9500307990
1848656 300 0.8132133450395083 8771960520
1848956 300 0.8597225636523267 8405326170
1849256 300 0.8377243195785777 8214216990
1849556 300 0.8651273046532046 8254407330
1849856 300 0.9061369622475857 8863824180
1850156 300 0.8760316066725197 8365956030
1850456 300 0.8353538191395962 8358574140
1850756 300 0.8444565408252853 8378259210
1851056 300 0.8607655838454785 8320024200
1851356 300 0.8514258121158912 8221598880
1851656 300 0.8492449517120281 8233902030
1851956 300 0.8624249341527657 8221598880
1852256 300 0.8564986830553116 8214216990
1852556 300 0.8548867427568042 8207655300
1852856 300 0.8741352063213346 8208475500
1853156 300 0.9026760316066726 8215037190
1853456 300 0.8785917471466198 8234722260
1853756 300 0.8766953467954347 8247845640
1854056 300 0.8594381035996488 8241283950
1854356 300 0.8290008779631255 8241283950
1854656 300 0.900305531167691 9395320980
1854956 300 0.8500983318700615 9488825040
1855256 300 0.8353538191395962 8589053460
1855556 300 0.8249236172080773 8562806700
1855856 300 0.8509043020193153 8556245010
1856156 300 0.8079982440737489 8529178050
1856456 300 0.8193292361720808 8535739740
1856756 300 0.8070500438981563 8529178050
1857056 300 0.8227427568042142 8516874870
1857356 300 0.872665496049166 8944204860
1857656 300 0.8513784021071116 9403523100
1857956 300 0.828052677787533 8799847710
1858256 300 0.8157260755048288 8786724330
1858556 300 0.8529429323968393 8794926450
1858856 300 0.8555030728709394 8793286020
1859156 300 0.825492537313433 8733410610
1859456 300 0.8319877085162424 8675175630
1859756 300 0.8813889376646181 8681737320
1860056 300 0.9623652326602283 9082000320
1860356 300 0.9061843722563653 8826094470
1860656 300 0.8655065847234418 8622682110
1860956 300 0.8718595258999122 9265727610
1861256 300 0.8675452151009657 8628423600
1861556 300 0.8528481123792802 8609558730
1861856 300 0.8654591747146619 8602997040
1862156 300 0.871764705882353 8602997040
1862456 300 0.9261913959613697 9206672430
1862756 300 0.9157137840210713 8609558730
1863056 300 0.8437928007023706 8608738530
1863356 300 0.8358279192273925 8595615150
1863656 300 0.8478226514486391 8588233230
1863956 300 0.8549815627743635 8589053460
1864256 300 0.8782124670763828 8589873660
1864556 300 0.9097875329236174 8595615150
1864856 300 0.8931940298507463 8589873660
1865156 300 0.9486163301141353 9331344510
1865456 300 0.9319280070237052 8957328240
1865756 300 0.8709113257243197 7737674310
1866056 300 0.5888691834942933 3730122840
1866356 5 0.5578156277436348 3742426020
1866361 295 0.8230746268656717 7717169040
1866656 300 0.8148252853380159 7723730730
1866956 300 0.8144934152765584 7684360590
1867256 300 0.8365864793678666 7644990480
1867556 300 0.8615715539947322 7651552170
1867856 300 0.8796347673397718 8399584680
1868156 300 0.8451676909569799 8202734010
1868456 300 0.7856681299385425 7592496960
1868756 300 0.7631483757682178 7599058650
1869056 300 0.784482879719052 7599058650
1869356 300 0.798326602282704 7571991690
1869656 300 0.7954345917471467 7578553380
1869956 300 0.7778928884986831 7571991690
1870256 300 0.8345952589991221 7749157290
1870556 300 0.874324846356453 8149420290
1870856 300 0.7970465320456541 7849223040
1871156 300 0.8623301141352064 7789347630
1871456 300 0.832793678665496 7749157290
1871756 300 0.8115539947322212 7637608560
1872056 300 0.7880860403863038 7567070400
1872356 300 0.7713028972783142 7572811890
1872656 300 0.8363968393327481 7573632090
1872956 300 0.9012537313432837 8401225110
1873256 300 0.8969394205443371 8406966600
1873556 300 0.870342405618964 7987838700
1873856 300 0.8649376646180861 7758179610
1874156 300 0.8528955223880598 7724550960
1874456 300 0.857352063213345 7678619130
1874756 300 0.869963125548727 7619563920
1875056 300 0.8583950834064971 7547385360
1875356 300 0.890681299385426 7777044450
1875656 300 0.8874100087796313 8105128890
1875956 300 0.860054433713784 7809852900
1876256 300 0.8318454784899034 7521138600
1876556 300 0.8207515364354697 7514576910
1876856 300 0.8304231782265146 7527700290
1877156 300 0.8751308165057068 7521138600
1877456 300 0.8495294117647058 7521138600
1877756 300 0.8387673397717297 7521958800
1878056 300 0.8751782265144865 7895154870
1878356 300 0.7997014925373134 8301979560
1878656 300 0.7722036874451272 8124813960
1878956 300 0.8263933274802459 8124813960
1879256 300 0.7991325724319579 8092005510
1879556 300 0.7907884108867428 7980456810
1879856 300 0.7884653204565408 7973895120
1880156 300 0.811601404741001 7993580190
1880456 300 0.8518050921861282 9352670010
1880756 300 0.8362071992976295 9910413540
1881056 300 0.8229323968393328 9279671220
1881356 300 0.7616786654960492 9267368040
1881656 300 0.7637172958735734 9725866050
1881956 300 0.7732467076382792 9162381030
1882256 300 0.8417541703248463 9109887510
1882556 300 0.8198507462686568 9076258860
1882856 300 0.7906935908691834 8958148440
1883156 300 1.0586549604916593 9397781610
1883456 300 1.069369622475856 9141875730
1883756 300 0.7747164179104478 9128752350
1884056 300 0.781780509218613 9115629000
1884356 300 0.7583125548726954 9077079060
1884656 300 0.7884653204565408 8925340020
1884956 300 0.7616312554872697 8820352980
1885256 300 0.8062440737489026 8846599740
1885556 300 0.8928147497805092 9601193970
1885856 300 0.8025460930640914 9385478430
1886156 300 0.7814012291483758 9378916740
1886456 300 0.7475030728709395 9857099820
1886756 300 0.7754749780509218 9123010890
1887056 300 0.7687427568042142 9037708920
1887356 300 0.784482879719052 8834296590
1887656 300 0.7904091308165058 8807229600
1887956 300 0.8693942054433713 9424028370
1888256 300 0.8393836698858649 8918778330
1888556 300 0.7822546093064091 8938463400
1888856 300 0.7696435469710273 8931901710
1889156 300 0.8286690079016681 8918778330
1889456 300 0.7811167690956979 8853161430
1889756 300 0.7881808604038631 8800667910
1890056 300 0.7884653204565408 8800667910
1890356 300 0.8387673397717297 8846599740
1890656 300 0.8322247585601406 9758674500
1890956 300 0.7868059701492539 9529015380
1891256 300 0.7521966637401231 9063135480
1891556 300 0.7646180860403864 9056573790
1891856 300 0.7910728709394206 9056573790
1892156 300 0.7754749780509218 9004900500
1892456 300 0.784198419666374 8905654950
1892756 300 0.7802159789288851 8846599740
1893056 300 0.759782265144864 8866284810
1893356 300 0.8215100965759438 9686495910
1893656 300 0.7674626865671642 9771797880
1893956 300 0.731099209833187 9431410260
1894256 300 0.7554205443371379 9405163500
1894556 300 0.7366935908691835 9221436210
1894856 300 0.6905162423178227 9011462190
1895156 300 0.7371202809482001 8958968670
1895456 300 0.7210008779631256 8846599740
1895756 300 0.8028779631255487 9909593340
1896056 300 0.7794100087796314 10257362850
1896356 300 0.7588340649692714 9463398510
1896656 300 0.7320474100087797 10099882320
1896956 300 0.7561791044776119 9286232910
1897256 300 0.7107603160667253 9082820550
1897556 300 0.7169710272168569 9057393990
1897856 300 0.6920807726075505 9037708920
1898156 300 0.7169710272168569 8912216640
1898456 300 0.7775136084284461 9561823830
1898756 300 0.7551834942932397 9187807560
1899056 300 0.7284916593503072 9195189450
1899356 300 0.7365039508340651 9195189450
1899656 300 0.7387322212467077 9089382240
1899956 300 0.7357928007023706 8951586750
1900256 300 0.7002827041264267 8931901710
1900556 300 0.7216646180860404 8931901710
1900856 300 0.7255048287971906 8977833510
1901156 300 0.7805004389815627 9870223200
1901456 300 0.7686005267778753 10126949280
1901756 300 0.7542827041264268 9556082340
1902056 300 0.7629587357330991 9562644030
1902356 300 0.7149798068481124 9346108320
1902656 300 0.7295820895522389 9095943930
1902956 300 0.7577436347673399 9103325820
1903256 300 0.7576962247585601 9162381030
1903556 300 0.7752853380158035 9496206930
1903856 300 0.7374995610184373 9259986150
1904156 300 0.7374521510096577 9115629000
1904456 300 0.7524337137840212 9069697170
1904756 300 0.7162124670763828 8952406980
1905056 300 0.6991448639157156 8925340020
1905356 300 0.6888094820017561 8926160220
1905656 300 0.6808446005267779 8919598530
1905956 300 0.7527655838454784 9253424460
1906256 300 0.6972484635645303 9240301080
1906556 300 0.6789482001755927 8931901710
1906856 300 0.6889517120280948 8938463400
1907156 300 0.6951150131694469 8931901710
1907456 300 0.6781422300263389 8945025090
1907756 300 0.6796119402985075 8938463400
1908056 300 0.687244951712028 9141875730
1908356 300 0.7420983318700615 10204869330
1908656 300 0.7027480245829675 9883346580
1908956 300 0.6816979806848114 9640564110
1909256 300 0.7017998244073749 9634002420
1909556 300 0.6921281826163301 9562644030
1909856 300 0.7273064091308165 9450275130
1910156 300 0.7256470588235294 9351849780
1910456 300 0.7713977172958736 9325603020
1910756 300 0.8009341527655838 10034265420
1911056 300 0.769928007023705 9561823830
1911356 300 0.7357453906935909 9240301080
1911656 300 0.6921281826163301 9233739390
1911956 300 0.7125144863915716 9214874520
1912256 300 0.7168287971905181 9148437420
1912556 300 0.7093380158033362 9056573790
1912856 300 0.7212853380158034 9069697170
1913156 300 0.7808323090430203 9523273920
1913456 300 0.7238454784899034 9141875730
1913756 300 0.7189622475856015 9063135480
1914056 300 0.712324846356453 9056573790
1914356 300 0.7056874451273046 9070517370
1914656 300 0.7178244073748903 9063955680
1914956 300 0.7245092186128184 9069697170
1915256 300 0.722612818261633 9063135480
1915556 300 0.7833924495171204 9824291370
1915856 300 0.7780825285338016 9384658230
1916156 300 0.7216646180860404 9076258860
1916456 300 0.7234661984196664 9069697170
1916756 300 0.7089113257243196 9063135480
1917056 300 0.7004249341527656 9050012100
1917356 300 0.7237506584723441 9050012100
1917656 300 0.7417190517998244 9174684180
1917956 300 0.7786040386303776 9450275130
1918256 300 0.7252203687445128 9069697170
1918556 300 0.6947357330992099 9069697170
1918856 300 0.703838454784899 9745551120
1919156 300 0.6827410008779631 9083640750
1919456 300 0.7019894644424934 9076258860
1919756 300 0.6969165935030729 9077079060
1920056 300 0.7234187884108868 9063135480
1920356 300 0.7606356453028972 9410904990
1920656 300 0.792542581211589 9312479640
1920956 300 0.7473608428446006 9076258860
1921256 300 0.7123722563652327 9076258860
1921556 300 0.7281123792800703 9070517370
1921856 300 0.7346075504828797 9057393990
1922156 300 0.7106180860403863 9063135480
1922456 300 0.6943090430201931 9069697170
1922756 300 0.6885250219490782 9070517370
1923056 300 0.7421931518876208 9360051900
1923356 300 0.7578858647936787 9923536920
1923656 300 0.714505706760316 9090202440
1923956 300 0.7222809482001756 9083640750
1924256 300 0.7622475856014048 10330361640
1924556 300 0.719531167690957 8695680900
1924856 300 0.7025109745390694 8689119210
1925156 300 0.7022739244951712 8689119210
1925456 300 0.6967269534679543 8715365970
1925756 300 0.717208077260755 8730129780
1926056 300 0.731620719929763 8801488140
1926356 300 0.7448481123792801 9385478430
1926656 300 0.7342756804214223 8329866750
1926956 300 0.708342405618964 8328226320
1927256 300 0.7131308165057069 8328226320
1927556 300 0.7198630377524144 8926160220
1927856 300 0.7255522388059702 8301979560
1928156 300 0.7310043898156278 8309361480
1928456 300 0.7376417910447761 8301979560
1928756 300 0.7458437225636524 8354473080
1929056 300 0.8131185250219491 8767859490
1929356 300 0.7533345039508341 8288856180
1929656 300 0.7393011413520632 8295417870
1929956 300 0.7409604916593503 8277373230
1930256 300 0.7394907813871817 8269991340
1930556 300 0.7527181738366989 8277373230
1930856 300 0.7398226514486392 8276553030
1931156 300 0.7530026338893766 8275732800
1931456 300 0.8225531167690958 8696501100
1931756 53 0.3512502194907814 300000000
1931809 237 0.544161545215101 4325596110
1932046 10 0.6880035118525022 8413528290
1932056 300 0.7090061457418788 8282294490
1932356 300 0.7384951712028095 8288856180
1932656 300 0.7266900790166813 8297058300
1932956 300 0.6968217734855136 8289676410
1933256 300 0.7031747146619842 8296238100
1933556 300 0.7058770851624232 8290496610
1933856 300 0.7407708516242318 8296238100
1934156 300 0.8181439859525901 8828555100
1934456 300 0.8082827041264267 9385478430
1934756 300 0.7588340649692714 8972912250
1935056 19 0.7779402985074626 8913036840
1935075 1 0.5834170324846356 8788364760
1935076 5 0.5979244951712028 8652209700
1935081 4 0.5888691834942933 8398764480
1935085 1 0.579766461808604 8381540040
1935086 8 0.579766461808604 8381540040
1935094 168 0.5863564530289728 8751455250
1935262 2 0.5886321334503951 5044101030
1935264 1 0.5726549604916594 5044101030
1935265 8 0.5726549604916594 5044101030
1935273 83 0.652398595258999 5672382750
1935356 300 0.6396453028972784 8024748210
1935656 300 0.7318577699736611 8487347280
1935956 300 0.7655188762071993 8514414240
1936256 300 0.7754275680421423 8507852550
1936556 244 0.536196663740123 4368247080
1936800 56 0.7558946444249343 8522616360
1936856 275 0.8505250219490783 9074618430
1937131 5 0.6052730465320457 8662052250
1937136 3 0.6075013169446883 8401225110
1937139 1 0.5993467954345917 8401225110
1937140 9 0.5993467954345917 8401225110
1937149 7 0.6578507462686567 8606277900
1937156 161 0.5766374012291484 8910576210
1937317 3 0.5638366988586481 5229468750
1937320 1 0.5638366988586481 5229468750
1937321 10 0.5638366988586481 5229468750
1937331 1 0.5638366988586481 5229468750
1937332 124 0.6306848112379281 6092330850
1937456 300 0.7066830553116769 8005883370
1937756 71 0.8565460930640915 8131375650
1937827 51 0.5814258121158911 7786887000
1937878 2 0.6010061457418788 7699124400
1937880 10 0.5781545215100966 7699124400
1937890 121 0.5858349429323968 8074781100
1938011 3 0.5835592625109746 4229631420
1938014 9 0.5696681299385425 4229631420
1938023 33 0.6227673397717297 4745544210
1938056 235 0.6540579455662863 6534424620
1938291 5 0.4441738366988586 6404831280
1938296 3 0.44512203687445134 6159588150
1938299 1 0.43663564530289734 6159588150
1938300 9 0.43663564530289734 6159588150
1938309 47 0.453513608428446 6487672590
1938356 119 0.5434503950834065 7709787150
1938475 3 0.5303652326602283 3976186170
1938478 10 0.5303652326602283 3976186170
1938488 168 0.5975926251097454 5045741460
1938656 300 0.7076312554872695 7396466490
1938956 300 0.7427620719929763 7529340690
1939256 300 0.7874223002633889 8703062790
1939556 300 0.7719192273924494 8626783170
1939856 300 0.7665618964003511 8108409750
1940156 300 0.7422405618964004 7957490910
1940456 300 0.7403441615452152 7851683670
1940756 300 0.7395381913959613 7735213680
1941056 300 0.7564161545215101 7722090300
1941356 300 0.7691220368744514 7749157290
1941656 300 0.8341211589113258 8471763270
1941956 300 0.7928744512730466 8329046520
1942256 300 0.7554679543459175 7758179610
1942556 300 0.767225636523266 7764741300
1942856 300 0.7672730465320455 7758179610
1943156 300 0.76030377524144 7743415800
1943456 300 0.7528604038630378 7736854110
1943756 300 0.7868059701492539 8667793710
1944056 300 0.7741474978050921 8156802210
1944356 300 0.7757594381035997 8151060720
1944656 300 0.7837717295873574 8124813960
1944956 300 0.7861422300263389 7822976280
1945256 300 0.7690746268656716 7836099660
1945556 300 0.7916417910447762 7804111410
1945856 300 0.8130711150131696 7786066770
1946156 300 0.8301387181738369 7818055020
1946456 300 0.8206567164179106 7811493330
1946756 300 0.8166268656716418 7800010380
1947056 300 0.7827287093942055 7805751840
1947356 300 0.8793977172958737 8533279110
1947656 300 0.8530377524143986 9025405770
1947956 300 0.8010763827919228 8601356610
1948256 300 0.8111747146619842 8515234440
1948556 300 0.8365864793678666 8241283950
1948856 300 0.8249236172080773 8019826950
1949156 300 0.8491027216856892 7935345210
1949456 300 0.8381035996488146 7823796480
1949756 300 0.8371079894644424 7843481550
1950056 300 0.845404741000878 7823796480
1950356 300 0.8441246707638279 7817234790
1950656 300 0.8675452151009657 8144499030
1950956 300 0.8893538191395962 8414348490
1951256 300 0.8403318700614576 8105949120
1951556 300 0.8597225636523267 7838560290
1951856 300 0.8459736611062336 7831178400
1952156 300 0.8616189640035119 8441415450
1952456 300 0.8357330992098332 7746696660
1952756 300 0.8275785776997368 8514414240
1953056 300 0.8294275680421423 7845942180
1953356 300 0.8203722563652327 7838560290
1953656 300 0.8286690079016681 7838560290
1953956 300 0.8287164179104478 7825436910
1954256 300 0.8009815627743635 7831998600
1954556 300 0.8185706760316066 7825436910
1954856 300 0.8995469710272169 7989479130
1955156 300 0.9143863037752415 8989316490
1955456 300 0.8771220368744512 8403685740
1955756 300 0.8514258121158912 7714708410
1956056 300 0.8459736611062336 7729472220
1956356 300 0.8292853380158034 7708966920
1956656 300 0.81686391571554 7709787150
1956956 300 0.8480597014925373 7716348840
1957256 300 0.8287164179104478 7703225460
1957556 300 0.8376769095697981 7703225460
1957856 300 0.8557401229148376 7768022130
1958156 300 0.8923880597014926 8404505940
1958456 300 0.8584899034240563 8332327380
1958756 300 0.8616189640035119 7723730730
1959056 300 0.8079508340649694 7722910530
1959356 300 0.8290482879719053 7722910530
1959656 300 0.8454521510096575 8117432070
1959956 300 0.8195188762071993 7736033910
1960256 300 0.8065759438103599 7730292420
1960556 300 0.7862370500438982 7717169040
1960856 300 0.8064337137840212 7703225460
1961156 300 0.8406163301141353 7867267680
1961456 300 0.8396681299385426 7866447480
1961756 300 0.7956716417910449 7729472220
1962056 300 0.8602440737489027 7742595600
1962356 300 0.9245320456540826 7808212470
1962656 300 0.8332677787532924 7775404020
1962956 300 0.8107954345917472 7768842360
1963256 300 0.826251097453907 7761460440
1963556 300 0.8011237928007023 7749977490
1963856 300 0.8018823529411764 7743415800
1964156 300 0.8230746268656717 8201913810
1964456 300 0.8341685689201055 8503751490
1964756 300 0.8023090430201932 7781145510
1965056 300 0.8138770851624232 7781145510
1965356 300 0.784482879719052 7761460440
1965656 300 0.7939648814749781 7761460440
1965956 300 0.7838191395961369 7762280670
1966256 300 0.8058647936786656 7762280670
1966556 300 0.7968094820017559 7763100870
1966856 300 0.8549815627743635 8340529500
1967156 300 0.8276259877085163 8990136690
1967456 300 0.8311817383669886 8046073710
1967756 300 0.8134978050921862 7907458020
1968056 300 0.8350219490781386 7900076130
1968356 300 0.8134503950834064 7906637820
1968656 300 0.8087093942054434 7926322890
1968956 300 0.8175276558384549 7913199510
1969256 300 0.8286690079016681 7906637820
1969556 300 0.9242949956101845 8583311970
1969856 300 0.8963230904302021 8366776230
1970156 300 0.8857980684811239 7887772950
1970456 300 0.8481545215100967 7887772950
1970756 300 0.8749411764705883 7882031490
1971056 300 0.848865671641791 7875469800
1971356 300 0.8437928007023706 7882031490
1971656 300 0.8252554872695348 7873829370
1971956 300 0.8433187006145743 7875469800
1972256 300 0.8885478489903423 8714545740
1972556 300 0.8621878841088676 8222419080
1972856 300 0.8407111501316944 7920581400
1973156 300 0.8430816505706761 7921401600
1973456 300 0.8433187006145743 7914839910
1973756 300 0.8581580333625989 7907458020
1974056 300 0.86958384547849 7907458020
1974356 300 0.8334574187884111 7908278220
1974656 300 0.8715750658472344 7902536760
1974956 300 0.9686707638279193 8322484830
1975256 300 0.8622827041264266 8171565990
1975556 300 0.8623301141352064 7908278220
1975856 300 0.9087919227392449 7942727100
1976156 300 0.8864143985952591 7909918650
1976456 300 0.8527058823529412 7915660140
1976756 300 0.8443617208077261 7935345210
1977056 300 0.8683985952589991 7894334640
1977356 300 0.8892115891132574 8183048970
1977656 300 0.9048568920105355 8760477570
1977956 300 0.8476804214223004 7941086670
1978256 300 0.8464951712028096 7922221830
1978556 300 0.8568305531167691 7949288790
1978856 300 0.8709113257243197 7942727100
1979156 300 0.8447410008779632 7923042030
1979456 300 0.8259666374012291 7935345210
1979756 300 0.8377717295873575 8020647150
1980056 300 0.8844231782265146 8695680900
1980356 300 0.8315610184372256 8229801000
1980656 300 0.7892238805970149 7914839910
1980956 300 0.8444091308165058 7921401600
1981256 300 0.8353064091308164 7908278220
1981556 300 0.8242124670763828 7909098450
1981856 300 0.853132572431958 7909918650
1982156 300 0.853511852502195 7909918650
1982456 300 0.915998244073749 8585772600
1982756 300 0.8886900790166814 8257688160
1983056 300 0.8474433713784022 7804931640
1983356 300 0.8606707638279192 7803291210
1983656 300 0.8861299385425814 7797549720
1983956 300 0.8518999122036875 7790167830
1984256 300 0.8572098331870062 7777044450
1984556 300 0.8262985074626865 7764741300
1984856 300 0.8220790166812995 7810673100
1985156 300 0.9118735733099209 8480785590
1985456 300 0.8779280070237051 8192891490
1985756 300 0.8270570676031608 7765561500
1986056 300 0.8287164179104478 7746696660
1986356 300 0.8473011413520631 7753258320
1986656 300 0.8208937664618086 7818055020
1986956 300 0.8175750658472344 7804931640
1987256 300 0.8424653204565409 7798369950
1987556 300 0.833315188762072 7804931640
1987856 300 0.8949956101843723 8054275800
1988156 300 0.8636101843722563 8133016080
1988456 300 0.8305179982440738 7818055020
1988756 300 0.8271044776119404 7804931640
1989056 300 0.8283845478489903 7799190150
1989356 300 1.115784021071115 7812313530
1989656 300 1.4779016681299386 7831998600
1989956 300 1.5347936786654959 7844301780
1990256 300 1.4933099209833185 7902536760
1990556 300 1.5465987708516244 8158442610
1990856 300 1.5252642669007903 8171565990
1991156 300 1.5115153643546972 7917300570
1991456 300 1.4829271290605797 7909918650
1991756 300 1.4858191395961369 7895975070
1992056 300 1.1303388937664618 7909098450
1992356 300 0.7907884108867428 7896795270
1992656 300 0.7728200175592627 7890233580
1992956 300 0.7669885864793679 7877930430
1993256 201 0.5917137840210711 3887603370
1993457 7 0.5919034240561897 3887603370
1993464 9 0.5917137840210711 3888423600
1993473 1 0.5917137840210711 3888423600
1993474 82 0.6056523266022827 4260799440
1993556 94 0.621961369622476 4669264560
1993650 1 0.621961369622476 4669264560
1993651 205 0.7099543459174715 6193216800
1993856 300 0.7878964003511851 7951749420
1994156 300 0.7848147497805091 7768842360
1994456 300 0.8019297629499562 7775404020
1994756 300 0.7842932396839333 7801650780
1995056 300 0.782539069359087 7774583820
1995356 300 0.7872800702370502 7763100870
1995656 300 0.7853836698858648 7770482760
1995956 300 0.8097524143985952 7914839910
1996256 300 0.8299016681299387 9089382240
1996556 300 0.8025935030728709 8597255580
1996856 300 0.800270412642669 8007523770
1997156 300 0.784862159789289 8008344000
1997456 300 0.8284793678665496 7995220620
1997756 300 0.795529411764706 7988658930
1998056 300 0.7966198419666375 7975535550
1998356 300 0.7902194907813871 7962412170
1998656 300 0.7966672519754171 7962412170
1998956 300 0.8463055311676909 8552964180
1999256 300 0.8176698858647937 8493908970
1999556 300 0.7943915715539949 7961591970
1999856 300 0.7741000877963126 7947648360
2000156 300 0.8007445127304653 8748994620
2000456 300 0.7774187884108867 7981277010
2000756 300 0.822505706760316 7975535550
2001056 300 0.7979947322212468 7962412170
2001356 300 0.8073345039508342 7961591970
2001656 300 0.8463529411764705 8552964180
2001956 300 0.8298068481123794 7988658930
2002256 300 0.787564530289728 7981277010
2002556 300 0.787943810359965 7982097240
2002856 300 0.7990851624231784 7988658930
2003156 300 0.7830131694468834 8001782310
2003456 300 0.7619157155399474 7995220620
2003756 300 0.7666567164179106 7995220620
2004056 300 0.7754275680421423 7982917440
2004356 300 0.8311343283582091 8593154520
2004656 300 0.8127392449517121 8645648010
2004956 300 0.7708762071992977 8034590730
2005256 300 0.7505373134328358 8035410960
2005556 300 0.7622001755926251 8022287580
2005856 300 0.7569850746268658 8009164200
2006156 300 0.7503002633889376 8009164200
2006456 300 0.7521966637401231 8015725890
2006756 300 0.7935381913959613 8015725890
2007056 300 0.8589165935030729 8376618780
2007356 300 0.8372502194907814 8304440190
2007656 300 0.785241439859526 8002602510
2007956 300 0.8152045654082529 8002602510
2008256 300 0.7968568920105357 8015725890
2008556 300 0.7873274802458298 8016546090
2008856 300 0.8052484635645304 8015725890
2009156 300 0.7960509218612819 8022287580
2009456 300 0.8311817383669886 8973732450
2009756 300 0.8262036874451273 8888430510
2010056 300 0.8113643546971028 7884492120
2010356 300 0.8085671641791046 7831998600
2010656 300 0.8093731343283583 7838560290
2010956 300 0.8154416154521511 7851683670
2011256 300 0.8199455662862162 7845121980
2011556 300 0.8338841088674276 7826257110
2011856 300 0.8041580333625988 7832818800
2012156 300 0.8019771729587357 7826257110
2012456 300 0.8839964881474978 8147779890
2012756 300 0.8564986830553116 8515234440
2013056 300 0.8376294995610185 8213396760
2013356 300 0.8346900790166815 7865627250
2013656 300 0.8518999122036875 8700602160
2013956 300 0.8499561018437226 7859885790
2014256 300 0.8175750658472344 7846762410
2014556 300 0.8077611940298507 7840200720
2014856 300 0.8482493415276559 7841020920
2015156 300 0.8778331870061458 8465201580
2015456 300 0.8793028972783143 7886952750
2015756 300 0.8337892888498682 7880391060
2016056 300 0.7985636523266022 7860705990
2016356 300 0.8398577699736612 7854144300
2016656 300 0.822126426690079 7854144300
2016956 300 0.8168165057067603 7848402810
2017256 300 0.8497190517998244 7841841120
2017556 300 0.8516154521510098 8000141880
2017856 300 0.8527532923617209 8236362690
2018156 300 0.8706742756804215 7895975070
2018456 300 0.8452151009657594 7841020920
2018756 300 0.839336259877085 7850863470
2019056 300 0.8121703248463564 7900076130
2019356 300 0.8349745390693591 7906637820
2019656 300 0.8400474100087796 7900896330
2019956 300 0.8383406496927128 7914839910
2020256 300 0.8550289727831433 8708804280
2020556 300 0.843745390693591 8241283950
2020856 300 0.8005074626865671 7938626040
2021156 300 0.8236909569798069 7918940970
2021456 300 0.8299490781387182 7899255900
2021756 300 0.8337892888498682 7892694210
2022056 300 0.8401422300263389 7860705990
2022356 300 0.8571624231782267 7860705990
2022656 300 0.8999736611062334 7905817590
2022956 300 0.9580509218612818 8463561150
2023256 300 0.8903968393327482 8457819690
2023556 300 0.8122651448639158 7886952750
2023856 300 0.8357805092186128 7878750630
2024156 300 0.8198981562774363 7878750630
2024456 300 0.8152993854258123 7872188940
2024756 300 1.0044179104477613 7873009170
2025056 300 2.874932396839333 7892694210
2025356 300 2.9789973661106233 7925502660
2025656 300 3.0 8751455250
2025956 300 2.8927111501316944 8745713790
2026256 300 2.715350307287094 8069859810
2026556 300 2.6888481123792802 8075601300
2026856 300 2.72739244951712 8685838380
2027156 300 2.5789517120280947 8076421500
2027456 300 2.6120913081650574 8075601300
2027756 300 2.5946918349429327 8096106570
2028056 300 2.595640035118525 8115791640
2028356 300 2.6620614574187886 8752275480
2028656 300 2.573784021071115 8121533130
2028956 300 2.4520825285338015 8135476710
2029256 300 2.487213345039508 8133836280
2029556 300 2.46644776119403 8133836280
2029856 300 2.5043757682177348 8803948770
2030156 300 2.447815627743635 8154341580
2030456 300 2.461043020193152 8146959660
2030756 300 2.4353942054433713 8153521350
2031056 300 2.419748902546093 8219138250
2031356 300 2.431601404741001 8790005190
2031656 300 2.37641615452151 8279013660
2031956 300 2.3816312554872696 8286395550
2032256 300 2.2826391571553994 8285575350
2032556 300 2.3041633011413523 8298698730
2032856 300 2.2560421422300267 8351192220
2033156 300 2.2844407374890254 8350372020
2033456 300 2.252628621597893 8343810330
2033756 300 2.239970149253731 8352832650
2034056 300 2.303784021071115 8904014520
2034356 300 2.2732519754170326 8917137900
2034656 300 2.2533397717295873 8359394340
2034956 300 2.1942669007901667 8365956030
2035256 300 2.1278928884986827 8418449550
2035556 300 2.1316382791922734 8418449550
2035856 300 2.0727550482879717 8418449550
2036156 300 2.004579455662862 8431572930
2036456 300 2.0107427568042144 8425011240
2036756 300 1.992632133450395 8425011240
2037056 300 2.152024582967515 8719467030
2037356 300 2.0235434591747143 9232919190
2037656 300 1.9702071992976296 8930261280
2037956 300 2.001450395083406 8464381380
2038256 300 1.9417611940298507 8463561150
2038556 300 1.9167761194029849 8438134620
2038856 300 1.8672326602282703 8392202790
2039156 300 2.0027304653204565 8392202790
2039456 300 1.9342230026338894 8582491770
2039756 300 1.926827041264267 9028686600
2040056 300 1.85955223880597 8398764480
2040356 300 1.9673625987708516 8176487280
2040656 300 1.9530921861281825 8865464610
2040956 300 1.9437998244073746 8183048970
2041256 300 1.977982440737489 8176487280
2041556 300 1.853246707638279 8189610630
2041856 300 1.8682756804214224 8254407330
2042156 300 1.891316944688323 8713725540
2042456 300 1.905445127304653 8195352120
2042756 300 1.8380280948200176 8195352120
2043056 300 1.8565654082528533 8195352120
2043356 300 1.8249429323968391 8195352120
2043656 300 1.8135645302897279 8175667050
2043956 300 1.8309640035118524 8123173530
2044256 300 1.8427690956979808 8129735220
2044556 300 1.871025460930641 8129735220
2044856 300 1.8400667251975418 8136296910
2045156 300 1.9174398595259 8779342440
2045456 300 1.9098542581211588 8706343650
2045756 300 1.826270412642669 8136296910
2046056 300 1.8124741000877962 8129735220
2046356 300 1.8223353819139594 8128915020
2046656 300 1.7953590869183496 8129735220
2046956 300 1.8182107111501318 8142858600
2047256 300 1.8229043020193152 8142858600
2047556 300 1.832955223880597 8142858600
2047856 300 1.9307146619841966 8963069730
2048156 300 1.907388937664618 8445516510
2048456 300 1.8419631255487268 8169925590
2048756 300 1.8657155399473222 8228160570
2049056 300 1.8291150131694467 8208475500
2049356 300 1.846419666374012 8215037190
2049656 300 1.3983476733977174 4181238960
2049956 101 1.3722721685689199 4128745440
2050057 1 1.3726040386303775 4128745440
2050058 3 1.3726040386303775 4129565640
2050061 11 1.3722721685689199 4129565640
2050072 1 1.3722721685689199 4129565640
2050073 173 1.3830342405618965 4484717070
2050246 1 1.3830342405618965 4484717070
2050247 9 1.5245057067603163 4604467890
2050256 300 1.4982405618964005 6828060210
2050556 300 1.8184003511852502 8347911390
2050856 300 1.7285583845478487 8119072500
2051156 300 1.7214468832309044 7979636610
2051456 300 1.751078138718174 7973074920
2051756 300 1.7115381913959613 7980456810
2052056 300 1.737945566286216 7981277010
2052356 300 1.7619350307287096 7987838700
2052656 300 1.6876909569798069 7981277010
2052956 300 1.7840280948200173 8940103800
2053256 300 1.7238647936786653 8959788870
2053556 300 1.685367866549605 8101027830
2053856 300 1.7036207199297633 8134656510
2054156 300 1.7076979806848114 8141218200
2054456 300 1.7350061457418788 8140397970
2054756 300 1.718270412642669 8141218200
2055056 300 1.7008709394205443 8128094820
2055356 300 1.7117752414398595 8095286370
2055656 300 1.7294591747146622 8429932500
2055956 300 1.7071764705882355 8961429300
2056256 300 1.6740842844600528 8133836280
2056556 300 1.6572063213345039 8101027830
2056856 300 1.6387164179104479 9242761710
2057156 300 1.6303248463564528 8522616360
2057456 300 1.6087058823529414 8430752700
2057756 300 1.5986075504828796 8338889070
2058056 300 1.624446005267779 8377438980
2058356 300 1.5950517998244074 9224717070
2058656 300 1.5914486391571554 8325765690
2058956 300 1.6229288849868304 8299518930
2059256 300 1.5794064969271293 8299518930
2059556 300 1.5782212467076384 8325765690
2059856 300 1.6171448639157155 8365135830
2060156 300 1.629945566286216 9192728820
2060456 300 1.7094995610184371 9316580700
2060756 300 1.6600983318700615 8805589200
2061056 300 1.6307041264266902 8523436560
2061356 300 1.6454012291483757 8536559940
2061656 300 1.6454012291483757 8411887860
2061956 300 1.67318349429324 8320024200
2062256 300 1.662089552238806 8333967810
2062556 300 1.6561158911325726 8360214540
2062856 300 1.7725548726953468 9186987360
2063156 300 1.7336786654960492 9193549050
2063456 300 1.7038103599648815 8825274240
2063756 300 1.6618999122036877 8799027510
2064056 300 1.685083406496927 8621861910
2064356 300 1.7085513608428449 8294597670
2064656 300 1.7144302019315192 8104308690
2064956 300 1.657443371378402 8123993760
2065256 300 1.708741000877963 8143678830
2065556 300 1.767908691834943 8583311970
2065856 300 1.70528007023705 8320024200
2066156 300 1.641513608428446 8136296910
2066456 300 1.671761194029851 8136296910
2066756 300 1.6292344161545214 8136296910
2067056 300 1.5946251097453905 8136296910
2067356 300 1.633548726953468 8116611870
2067656 300 1.6679209833187008 8116611870
2067956 300 1.7560561896400348 9095123700
2068256 300 1.7620298507462686 9475701660
2068556 300 1.6937120280948201 8977013310
2068856 300 1.6576330114135207 8688299010
2069156 300 1.7543020193151886 8642367180
2069456 300 1.7012976294995608 8498010030
2069756 300 1.662374012291484 8498010030
2070056 300 1.645922739244952 8498010030
2070356 300 1.6739420544337138 8385641100
2070656 300 1.7637840210711149 9048371670
2070956 300 1.741453906935909 8949946350
2071256 300 1.641513608428446 8169105360
2071556 300 1.6958454784899035 7953389850
2071856 297 1.226486391571554 4017196740
2072153 1 1.226486391571554 4018016940
2072154 2 1.226486391571554 4018016940
2072156 7 1.3286075504828798 4024578630
2072163 4 1.3286075504828798 4023758430
2072167 1 1.3286075504828798 4023758430
2072168 176 1.3399859525899913 4376449200
2072344 1 1.3399859525899913 4376449200
2072345 111 1.413566286215979 5094954120
2072456 300 1.474251097453907 7581014010
2072756 300 1.6002669007901669 7808212470
2073056 300 1.5685496049165935 7814774160
2073356 300 1.5433748902546092 7815594390
2073656 300 1.5430904302019317 7835279460
2073956 300 1.4762423178226514 7882031490
2074256 300 1.5072958735733097 7868908110
2074556 300 1.5222774363476737 7862346420
2074856 300 1.475673397717296 7895154870
2075156 300 1.5346514486391571 8269171110
2075456 300 1.5620070237050045 9010641960
2075756 300 1.5033608428446006 8821993410
2076056 300 1.4878103599648815 8467662210
2076356 300 1.471453906935909 8454538830
2076656 300 1.4892800702370503 8468482410
2076956 300 1.488616330114135 8468482410
2077256 300 1.522893766461809 8343810330
2077556 300 1.4977190517998245 8265070080
2077856 300 1.5265443371378402 8625962940
2078156 300 1.441964881474978 8816251920
2078456 300 0.9553959613696226 8468482410
2078756 300 0.7768498683055312 8297878500
2079056 300 0.7789833187006147 9026225970
2079356 300 0.7711132572431959 8456179260
2079656 300 0.7813538191395961 8423370810
2079956 300 0.8060070237050044 8108409750
2080256 300 0.7997489025460931 8055916230
2080556 300 0.8258244073748902 8712085110
2080856 300 0.8230746268656717 8226520140
2081156 300 0.8113643546971028 8227340370
2081456 300 0.8081878841088675 8089544880
2081756 300 0.7949604916593503 8031309900
2082056 300 0.7661826163301143 8029669470
2082356 300 0.7813538191395961 8030489700
2082656 300 0.7599244951712028 8029669470
2082956 300 0.7718244073748904 8156802210
2083256 300 0.8260140474100088 9192728820
2083556 300 0.7814486391571555 8937643170
2083856 300 0.7652818261633011 8694040470
2084156 300 0.7777032484635644 8648108640
2084456 300 0.7924003511852502 9145976790
2084756 300 0.7730570676031608 8516054670
2085056 300 0.7823494293239683 8516054670
2085356 300 0.7716821773485514 8516054670
2085656 300 0.7782721685689201 8516054670
2085956 300 0.8433187006145743 9375635910
2086256 300 0.8346426690079016 8488987710
2086556 300 0.7984214223002634 8496369600
2086856 300 0.7700702370500438 8430752700
2087156 300 0.7970465320456541 8338889070
2087456 300 0.772251097453907 8358574140
2087756 300 0.7723459174714663 8338889070
2088056 300 0.7727251975417033 8325765690
2088356 300 0.8019771729587357 8253587100
2088656 300 0.8323669885864795 8929441050
2088956 300 0.8154890254609306 8280654090
2089256 300 0.794486391571554 7964872800
2089556 300 0.7387322212467077 7951749420
2089856 300 0.7384003511852504 7958311110
2090156 300 0.7540930640913082 7953389850
2090456 300 0.762342405618964 7952569620
2090756 300 0.7524337137840212 7959131310
2091056 300 0.7508217734855136 7959131310
2091356 300 0.7768972783143109 8260969020
2091656 300 0.8081404741000879 8936822970
2091956 300 0.7708287971905179 8891711340
2092256 300 0.7334697102721687 8648108640
2092556 300 0.7153116769095699 8627603370
2092856 300 0.7653292361720807 9271469100
2093156 300 0.7692168568920106 8347091190
2093456 300 0.7672730465320455 8333147580
2093756 300 0.748214223002634 8327406120
2094056 300 0.7558946444249343 8320024200
2094356 300 0.7796944688323092 8648108640
2094656 300 0.7983740122914839 8812971090
2094956 300 0.7722985074626867 8510313180
2095256 300 0.7222809482001756 8352012450
2095556 300 0.7197208077260755 8300339130
2095856 300 0.7354609306409131 8299518930
2096156 300 0.7516751536435471 8306080620
2096456 300 0.7678419666374012 8247025410
2096756 300 0.7758068481123793 8109229950
2097056 300 0.7607778753292362 8017366320
2097356 300 0.8088516242317823 8970451620
2097656 300 0.8092783143107991 9002439840
2097956 300 0.7834398595258999 8680917090
2098256 300 0.7835346795434592 9336265770
2098556 300 0.7557998244073749 8385641100
2098856 300 0.7680316066725199 8188790430
2099156 300 0.7685057067603163 8194531920
2099456 300 0.7747638279192275 8214216990
2099756 300 0.7913573309920985 8733410610
2100056 300 0.8214152765583846 8005063140
2100356 300 0.7756646180860405 8005063140
2100656 300 0.7522440737489026 7998501450
2100956 300 0.7915943810359964 8005063140
2101256 300 0.775332748024583 8011624830
2101556 300 0.771208077260755 8005063140
2101856 300 0.7820175592625112 7998501450
2102156 300 0.7599719051799825 7991939760
2102456 300 0.8383880597014925 8575930080
2102756 300 0.808899034240562 8576750280
2103056 300 0.7809271290605796 7972254690
2103356 300 0.7704969271290607 7972254690
2103656 300 0.7796944688323092 7965693000
2103956 300 0.7778454784899034 7959131310
2104256 300 0.778414398595259 7959131310
2104556 300 0.8100368744512731 7959131310
2104856 300 0.794486391571554 8083803420
2105156 300 0.8424179104477612 8379899610
2105456 300 0.791025460930641 7965693000
2105756 300 0.7884179104477613 7939446270
2106056 300 0.794865671641791 7940266470
2106356 300 0.7783195785776997 7946828160
2106656 300 0.77571202809482 7946828160
2106956 300 0.7553731343283583 7946828160
2107256 300 0.7881334503950833 7972254690
2107556 300 0.8242124670763828 9062315250
2107856 300 0.8018823529411764 8923699590
2108156 300 0.7584547848990342 8630064000
2108456 300 0.7675575065847235 8596435350
2108756 300 0.7863318700614575 8466021780
2109056 300 0.7724881474978051 8367596460
2109356 300 0.7601615452151009 8308541250
2109656 300 0.7586444249341527 8301979560
2109956 300 0.779315188762072 8361034770
2110256 300 0.8207041264266902 9298536060
2110556 300 0.8039209833187007 9272289300
2110856 300 0.7952923617208079 8406146370
2111156 300 0.7876593503072871 8393843220
2111456 300 0.8082827041264267 8380719840
2111756 300 0.7852888498683055 8379899610
2112056 300 0.7861422300263389 8215857390
2112356 300 0.790503950834065 8210936130
2112656 300 0.8052010535557506 8269171110
2112956 300 0.8463055311676909 9240301080
2113256 300 0.8154416154521511 8945025090
2113556 300 0.8139719051799825 8557885440
2113856 300 0.8283371378402108 8511953610
2114156 300 0.8134029850746268 8347911390
2114456 300 0.8153467954345918 8321664630
2114756 300 1.2137330992098332 8328226320
2115056 300 2.206972783143108 8347911390
2115356 300 2.3433239683933276 8374978350
2115656 300 2.434114135206321 8919598530
2115956 300 2.518883230904302 9109887510
2116256 300 2.521395961369622 8827734900
2116556 300 2.5429201053555746 8840858250
2116856 300 2.4819982440737487 9556082340
2117156 300 2.468486391571554 8827734900
2117456 300 2.5080263388937665 8834296590
2117756 300 2.518172080772608 8827734900
2118056 300 2.485269534679544 8840858250
2118356 300 2.511345039508341 8834296590
2118656 300 2.565345039508341 9069697170
2118956 300 2.657510096575944 9116449200
2119256 300 2.5866795434591747 8696501100
2119556 300 2.5526391571553995 8676816030
2119856 300 2.677185250219491 8709624480
2120156 300 2.5983424056189643 8616940620
2120456 300 2.6194872695346794 8590693890
2120756 300 2.6690781387181737 8591514090
2121056 300 2.6205776997366113 8590693890
2121356 300 2.6550921861281824 8584952400
2121656 300 2.684486391571554 8780982840
2121956 300 2.7624284460052673 9339546630
2122256 300 2.6227585601404746 9162381030
2122556 300 2.631434591747147 8920418730
2122856 300 2.6025618964003514 8853981630
2123156 300 2.210149253731343 8736691440
2123456 300 1.3929429323968394 8716186170
2123756 300 2.13851273046532 8591514090
2124056 300 1.3879174714661984 8559525840
2124356 300 1.7109218612818262 8507852550
2124656 300 1.944653204565408 9360051900
2124956 300 1.1424284460052676 8539840800
2125256 300 0.974739244951712 8060837490
2125556 300 1.1897910447761193 8060017290
2125856 300 0.9361000877963127 8060017290
2126156 300 0.9229675153643546 8066578980
2126456 300 0.9523143107989466 8067399180
2126756 300 0.9325443371378404 8067399180
2127056 300 0.935531167690957 8080522560
2127356 300 0.9320228270412642 8073960870
2127656 300 0.9326865671641792 8886790080
2127956 300 0.9401773485513609 8342990130
2128256 300 0.9494697102721685 8336428440
2128556 300 0.9472888498683056 8329866750
2128856 300 1.0226233538191396 8277373230
2129156 300 1.0333854258121158 8953227180
2129456 300 1.0061246707638278 8388921930
2129756 300 0.9458665496049166 8342990130
2130056 300 0.9490430201931519 8336428440
2130356 300 0.9700930640913081 8310181680
2130656 300 0.942453028972783 8048534340
2130956 300 0.9325917471466199 8021467380
2131256 300 0.959046532045654 8021467380
2131556 300 0.9320228270412642 8014905690
2131856 300 0.999961369622476 8821993410
2132156 300 0.9488533801580334 9117269400
2132456 300 0.9500386303775241 8652209700
2132756 300 0.9241053555750659 8631704430
2133056 300 0.957766461808604 8638266120
2133356 300 0.9447287093942055 8638266120
2133656 300 0.9158560140474101 8632524630
2133956 300 0.919980684811238 8566087530
2134256 300 0.9473362598770851 8315923170
2134556 300 0.998776119402985 9005720700
2134856 300 0.9747866549604918 9104146020
2135156 300 0.9659683933274803 8382360240
2135456 300 0.9455346795434592 8348731590
2135756 300 0.9502756804214223 8343810330
2136056 300 0.9483792800702371 8212576560
2136356 300 0.9581931518876209 8199453180
2136656 300 0.9446338893766462 8186329800
2136956 300 0.9421685689201054 8063298120
2137256 300 0.9847427568042143 8974552680
2137556 300 0.9776786654960491 9249323400
2137856 300 0.9410307287093943 8665333080
2138156 300 0.9334925373134328 8658771390
2138456 300 0.9232045654082528 8652209700
2138756 300 0.9467673397717298 8653029930
2139056 300 0.9258595258999122 8527537620
2139356 300 0.9379490781387181 8330686950
2139656 300 0.9607532923617208 8317563570
2139956 300 1.0755803336259877 8318383800
2140256 300 2.6347058823529412 8540661000
2140556 300 1.2390500438981562 9145156590
2140856 300 2.743132572431958 8659591620
2141156 300 2.531589113257243 8613659790
2141456 300 2.752424934152766 8620221480
2141756 300 2.764561896400351 8527537620
2142056 300 2.7837155399473223 8507852550
2142356 300 2.70425636523266 8515234440
2142656 300 2.7702985074626865 8514414240
2142956 300 2.062372256365233 4380550260
2143256 41 1.9892186128182614 4997349000
2143297 8 1.9894556628621596 4997349000
2143305 9 1.9892186128182614 4998169230
2143314 173 1.995618964003512 5377926960
2143487 1 1.995618964003512 5377926960
2143488 1 1.995618964003512 5377926960
2143489 67 2.073845478489903 5971759800
2143556 300 2.1804231782265147 7908278220
2143856 300 1.6123090430201934 8217497820
2144156 300 2.756075504828797 8224059510
2144456 300 2.7319912203687444 8224059510
2144756 300 2.7193327480245832 8237182890
2145056 300 2.702454784899034 8238003090
2145356 300 2.6967655838454787 8231441400
2145656 300 2.7394345917471465 8231441400
2145956 300 2.8046233538191396 8913857040
2146256 300 2.437906935908692 8743253130
2146556 300 1.4825478489903425 8100207630
2146856 300 0.9341562774363478 8069039610
2147156 300 0.9415996488147498 9009821760
2147456 300 1.1890324846356455 8327406120
2147756 300 1.2862230026338892 8274912600
2148056 300 1.218900790166813 8162543670
2148356 300 1.4194925373134328 8260969020
2148656 300 0.9659209833187006 8844139110
2148956 300 0.9017752414398595 8364315600
2149256 300 0.888358208955224 8305260420
2149556 300 0.8713854258121161 8292957240
2149856 300 0.8643687445127304 8285575350
2150156 300 0.8809148375768218 8232261630
2150456 300 0.9061843722563653 8130555450
2150756 300 0.92870412642669 8249486070
2151056 300 0.8844231782265146 8498010030
2151356 300 0.8816733977172958 8150240520
2151656 300 0.8782124670763828 8155981980
2151956 300 0.8706268656716417 8155981980
2152256 300 0.9003529411764706 8142038400
2152556 300 0.8813889376646181 8142858600
2152856 300 0.8892589991220369 8135476710
2153156 300 0.920739244951712 8202734010
2153456 300 0.9214978050921863 9487184610
2153756 300 0.9246268656716418 9015563220
2154056 300 0.8600070237050045 8529998250
2154356 300 0.8646532045654083 8503751490
2154656 300 0.8790184372256367 8444696310
2154956 300 0.874324846356453 8359394340
2155256 300 0.8650798946444249 8366776230
2155556 300 0.8650798946444249 8361034770
2155856 300 0.8606233538191397 8366776230
2156156 300 0.9373801580333626 9133673640
2156456 300 0.8846602282704128 8634985290
2156756 300 0.8456417910447762 8379899610
2157056 300 1.272237050043898 8385641100
2157356 300 1.7274205443371378 8386461300
2157656 300 1.0724986830553118 8282294490
2157956 300 0.9270921861281827 8177307480
2158256 300 1.2562124670763828 8177307480
2158556 300 2.405525899912204 8191251060
2158856 300 2.6541913959613694 8578390710
2159156 300 2.7200438981562773 9200930940
2159456 300 2.645610184372256 8670254340
2159756 300 2.6215733099209837 8656310760
2160056 300 2.6483125548726956 8668613940
2160356 300 2.667418788410887 8676816030
2160656 300 2.737538191395961 8656310760
2160956 300 2.695675153643547 8650569300
2161256 300 2.7238841088674275 8526717420
2161556 300 2.741805092186128 8650569300
2161856 300 2.7843318700614574 9031147230
2162156 300 2.718100087796312 8598075780
2162456 300 2.811734855136084 8335608210
2162756 300 2.7595364354697107 8302799790
2163056 300 2.567051799824408 8289676410
2163356 300 1.3051395961369625 8224879710
2163656 300 2.3915399473222125 8146139460
2163956 300 0.9623178226514486 8119892700
2164256 300 1.8588884986830552 8402045310
2164556 300 0.8773590869183494 8310181680
2164856 300 0.8442194907813871 7989479130
2165156 300 0.8211308165057067 7969794060
2165456 300 0.8623301141352064 7969794060
2165756 300 0.8802985074626866 7956670680
2166056 300 0.8299490781387182 7950108990
2166356 300 0.8636101843722563 7956670680
2166656 300 0.8819578577699736 7969794060
2166956 300 0.89528007023705 8954047410
2167256 300 0.8597699736611063 8750635050
2167556 300 0.8055329236172081 8540661000
2167856 300 0.7795048287971905 8539840800
2168156 300 0.8162475856014049 8501290860
2168456 300 0.8046321334503952 8363495400
2168756 300 0.8302809482001757 8192891490
2169056 300 0.8370605794556629 8048534340
2169356 300 0.8525162423178227 8041972650
2169656 300 0.8935258999122038 8645648010
2169956 300 0.8893064091308165 9052472730
2170256 300 0.8754626865671643 8580031140
2170556 300 0.856972783143108 8448797340
2170856 300 0.8570201931518877 8396303850
2171156 300 0.8295223880597016 8278193430
2171456 300 0.8207989464442493 8271631770
2171756 300 0.8165794556628622 8330686950
2172056 300 0.9116839332748026 9288693540
2172356 300 0.8354486391571555 8849060370
2172656 300 0.8347848990342405 8461920720
2172956 300 0.8568779631255486 8442235680
2173256 300 0.8418489903424057 8436494190
2173556 300 0.8397629499561019 8238823320
2173856 300 0.8563090430201933 8087904480
2174156 300 0.845784021071115 8035410960
2174456 300 0.9248639157155399 8999979210
2174756 300 0.8729499561018437 8868745440
2175056 300 0.8497190517998244 8566907760
2175356 300 0.8759841966637402 8468482410
2175656 300 0.8283845478489903 8461920720
2175956 300 0.8567357330992098 8343810330
2176256 300 0.8461158911325726 8042792850
2176556 300 0.8940948200175594 8174026620
2176856 300 0.934630377524144 8777702010
2177156 300 0.899025460930641 8580851340
2177456 300 0.9032449517120281 8587413030
2177756 300 0.9155241439859526 8338068870
2178056 300 0.8920087796312555 8238823320
2178356 300 0.8806777875329236 8160083040
2178656 300 0.8806777875329236 7969794060
2178956 300 0.8882633889376647 8022287580
2179256 300 1.0004354697102724 8954867610
2179556 300 0.955585601404741 8849880600
2179856 300 0.9510342405618966 8587413030
2180156 300 0.9649253731343284 8587413030
2180456 300 0.9435434591747146 8580851340
2180756 300 0.9007796312554873 8494729170
2181056 300 0.9319754170324847 8441415450
2181356 300 0.9370008779631256 8303619990
2181656 300 0.9525513608428448 8657951190
2181956 300 0.9251957857769975 8501290860
2182256 300 0.9257172958735733 8003422710
2182556 300 0.9626971027216856 7997681250
2182856 300 0.9772045654082528 7991939760
2183156 300 0.9711834942932398 7986198300
2183456 300 0.9315961369622476 7984557870
2183756 300 0.9550166812993854 8220778680
2184056 300 1.03803160667252 9086921610
2184356 300 0.9789587357330993 8568548190
2184656 300 0.9399402985074627 8568548190
2184956 300 0.9563915715539948 8561986500
2185256 300 0.941694468832309 8489807910
2185556 300 0.952266900790167 8378259210
2185856 300 0.9434012291483758 8379079410
2186156 300 0.9773467954345919 8372517720
2186456 300 1.0045601404741 9146797020
2186756 300 0.9908586479367868 8982754800
2187056 300 0.9572449517120282 8530818480
2187356 300 0.9479525899912203 8419269750
2187656 300 0.973079894644425 9042630210
2187956 300 0.9382809482001757 8406146370
2188256 300 0.9372853380158035 8261789220
2188556 300 0.9402247585601404 8234722260
2188856 300 0.9511290605794557 8241283950
2189156 300 0.9508920105355575 8772780750
2189456 300 0.9471940298507463 8247845640
2189756 300 0.9404143985952591 8241283950
2190056 300 0.9246742756804214 8242104150
2190356 300 0.9124899034240561 8242104150
2190656 300 0.9187954345917473 8242104150
2190956 300 0.9184635645302898 8235542460
2191256 300 0.9494697102721685 8334788010
2191556 300 0.9956470588235296 9022945140
2191856 300 0.9595206321334503 8720287230
2192156 300 0.9739806848112379 8476684530
2192456 300 0.9758296751536435 8344630530
2192756 300 0.9599947322212466 8300339130
2193056 300 0.9182739244951711 8044433280
2193356 300 0.9275188762071994 7900076130
2193656 300 0.9537366110623353 7939446270
2193956 300 1.0599824407374892 8615300220
2194256 300 0.9863546971027217 8667793710
2194556 300 0.9688129938542581 8529998250
2194856 300 0.9674381035996489 9547060020
2195156 300 0.9456769095697982 8516874870
2195456 300 0.9667269534679543 8306900820
2195756 300 0.9515083406496927 8090365110
2196056 300 0.9464354697102723 8090365110
2196356 300 0.9951255487269535 9048371670
2196656 300 1.0179771729587357 8438134620
2196956 300 0.975782265144864 8438134620
2197256 300 0.9643090430201933 8379079410
2197556 300 1.0043705004389816 8280654090
2197856 300 0.9649727831431081 8267530710
2198156 300 0.9518876207199297 8267530710
2198456 300 0.9476681299385427 8260969020
2198756 300 0.9916172080772608 8274092400
2199056 300 1.040307287093942 8746533990
2199356 300 1.0044179104477613 8247845640
2199656 300 0.9939402985074628 7965693000
2199956 300 0.9980649692712906 7985378070
2200256 300 0.9749288849868306 7959131310
2200556 300 0.986307287093942 7965693000
2200856 300 0.97502370500439 7972254690
2201156 300 0.9881562774363477 8110870380
2201456 300 0.9955522388059702 8767039260
2201756 300 1.4917928007023704 8596435350
2202056 300 2.807278314310799 8608738530
2202356 300 2.9900438981562774 8589053460
2202656 300 2.9684723441615453 8569368390
2202956 300 2.984212467076383 8562806700
2203256 300 2.944056189640035 8556245010
2203556 300 2.786086040386304 8575930080
2203856 300 2.7584934152765586 9376456110
2204156 300 2.7964214223002637 8825274240
2204456 300 2.7542739244951715 8564447130
2204756 300 2.8047181738366986 9378096540
2205056 300 2.7187638279192274 8557885440
2205356 300 2.752519754170325 8557885440
2205656 300 2.73635294117647 8557885440
2205956 300 2.7730956979806844 8656310760
2206256 300 2.735262510974539 8918778330
2206556 300 2.7340298507462686 8563626900
2206856 300 2.7169148375768217 8562806700
2207156 300 2.653575065847235 8563626900
2207456 300 2.664147497805092 8557065210
2207756 300 2.7560280948200173 8557885440
2208056 300 2.691597892888499 8557885440
2208356 300 2.7226988586479366 8696501100
2208656 300 2.763187006145742 9063955680
2208956 300 2.7373959613696224 8708804280
2209256 300 2.737585601404741 8629243800
2209556 300 2.7151606672519755 8558705640
2209856 300 2.6618244073748905 8557885440
2210156 300 2.6413432835820894 8557065210
2210456 300 2.6918823529411764 8597255580
2210756 300 2.7549850746268656 9606115230
2211056 300 2.733081650570676 9501128220
2211356 300 2.73128007023705 8524256790
2211656 300 2.7079543459174715 8531638680
2211956 300 2.683585601404741 9352670010
2212256 300 2.665901668129939 8662872450
2212556 300 2.701601404741001 8650569300
2212856 300 2.656324846356453 8571829020
2213156 300 2.634611062335382 8550503520
2213456 300 2.6798402107111503 8931081480
