755569 300 0.7820175592625112 7998501450
755869 300 0.7599719051799825 7991939760
756169 300 0.8383880597014925 8575930080
756469 300 0.808899034240562 8576750280
756769 300 0.7809271290605796 7972254690
757069 300 0.7704969271290607 7972254690
757369 300 0.7796944688323092 7965693000
757669 300 0.7778454784899034 7959131310
757969 300 0.778414398595259 7959131310
758269 300 0.8100368744512731 7959131310
758569 300 0.794486391571554 8083803420
758869 300 0.8424179104477612 8379899610
759169 300 0.791025460930641 7965693000
759469 300 0.7884179104477613 7939446270
759769 300 0.794865671641791 7940266470
760069 300 0.7783195785776997 7946828160
760369 300 0.77571202809482 7946828160
760669 300 0.7553731343283583 7946828160
760969 300 0.7881334503950833 7972254690
761269 300 0.8242124670763828 9062315250
761569 300 0.8018823529411764 8923699590
761869 300 0.7584547848990342 8630064000
762169 300 0.7675575065847235 8596435350
762469 300 0.7863318700614575 8466021780
762769 300 0.7724881474978051 8367596460
763069 300 0.7601615452151009 8308541250
763369 300 0.7586444249341527 8301979560
763669 300 0.779315188762072 8361034770
763969 300 0.8207041264266902 9298536060
764269 300 0.8039209833187007 9272289300
764569 300 0.7952923617208079 8406146370
764869 300 0.7876593503072871 8393843220
765169 300 0.8082827041264267 8380719840
765469 300 0.7852888498683055 8379899610
765769 300 0.7861422300263389 8215857390
766069 300 0.790503950834065 8210936130
766369 300 0.8052010535557506 8269171110
766669 300 0.8463055311676909 9240301080
766969 300 0.8154416154521511 8945025090
767269 300 0.8139719051799825 8557885440
767569 300 0.8283371378402108 8511953610
767869 300 0.8134029850746268 8347911390
768169 300 0.8153467954345918 8321664630
768469 300 1.2137330992098332 8328226320
768769 300 2.206972783143108 8347911390
769069 300 2.3433239683933276 8374978350
769369 300 2.434114135206321 8919598530
769669 300 2.518883230904302 9109887510
769969 300 2.521395961369622 8827734900
770269 300 2.5429201053555746 8840858250
770569 300 2.4819982440737487 9556082340
770869 300 2.468486391571554 8827734900
771169 300 2.5080263388937665 8834296590
771469 300 2.518172080772608 8827734900
771769 300 2.485269534679544 8840858250
772069 300 2.511345039508341 8834296590
772369 300 2.565345039508341 9069697170
772669 300 2.657510096575944 9116449200
772969 300 2.5866795434591747 8696501100
773269 300 2.5526391571553995 8676816030
773569 300 2.677185250219491 8709624480
773869 300 2.5983424056189643 8616940620
774169 300 2.6194872695346794 8590693890
774469 300 2.6690781387181737 8591514090
774769 300 2.6205776997366113 8590693890
775069 300 2.6550921861281824 8584952400
775369 300 2.684486391571554 8780982840
775669 300 2.7624284460052673 9339546630
775969 300 2.6227585601404746 9162381030
776269 300 2.631434591747147 8920418730
776569 300 2.6025618964003514 8853981630
776869 300 2.210149253731343 8736691440
777169 300 1.3929429323968394 8716186170
777469 300 2.13851273046532 8591514090
777769 300 1.3879174714661984 8559525840
778069 300 1.7109218612818262 8507852550
778369 300 1.944653204565408 9360051900
778669 300 1.1424284460052676 8539840800
778969 300 0.974739244951712 8060837490
779269 300 1.1897910447761193 8060017290
779569 300 0.9361000877963127 8060017290
779869 300 0.9229675153643546 8066578980
780169 300 0.9523143107989466 8067399180
780469 300 0.9325443371378404 8067399180
780769 300 0.935531167690957 8080522560
781069 300 0.9320228270412642 8073960870
781369 300 0.9326865671641792 8886790080
781669 300 0.9401773485513609 8342990130
781969 300 0.9494697102721685 8336428440
782269 300 0.9472888498683056 8329866750
782569 300 1.0226233538191396 8277373230
782869 300 1.0333854258121158 8953227180
783169 300 1.0061246707638278 8388921930
783469 300 0.9458665496049166 8342990130
783769 300 0.9490430201931519 8336428440
784069 300 0.9700930640913081 8310181680
784369 300 0.942453028972783 8048534340
784669 300 0.9325917471466199 8021467380
784969 300 0.959046532045654 8021467380
785269 300 0.9320228270412642 8014905690
785569 300 0.999961369622476 8821993410
785869 300 0.9488533801580334 9117269400
786169 300 0.9500386303775241 8652209700
786469 300 0.9241053555750659 8631704430
786769 300 0.957766461808604 8638266120
787069 300 0.9447287093942055 8638266120
787369 300 0.9158560140474101 8632524630
787669 300 0.919980684811238 8566087530
787969 300 0.9473362598770851 8315923170
788269 300 0.998776119402985 9005720700
788569 300 0.9747866549604918 9104146020
788869 300 0.9659683933274803 8382360240
789169 300 0.9455346795434592 8348731590
789469 300 0.9502756804214223 8343810330
789769 300 0.9483792800702371 8212576560
790069 300 0.9581931518876209 8199453180
790369 300 0.9446338893766462 8186329800
790669 300 0.9421685689201054 8063298120
790969 300 0.9847427568042143 8974552680
791269 300 0.9776786654960491 9249323400
791569 300 0.9410307287093943 8665333080
791869 300 0.9334925373134328 8658771390
792169 300 0.9232045654082528 8652209700
792469 300 0.9467673397717298 8653029930
792769 300 0.9258595258999122 8527537620
793069 300 0.9379490781387181 8330686950
793369 300 0.9607532923617208 8317563570
793669 300 1.0755803336259877 8318383800
793969 300 2.6347058823529412 8540661000
794269 300 1.2390500438981562 9145156590
794569 300 2.743132572431958 8659591620
794869 300 2.531589113257243 8613659790
795169 300 2.752424934152766 8620221480
795469 300 2.764561896400351 8527537620
795769 300 2.7837155399473223 8507852550
796069 300 2.70425636523266 8515234440
796369 300 2.7702985074626865 8514414240
796669 300 2.062372256365233 4380550260
796969 41 1.9892186128182614 4997349000
797010 8 1.9894556628621596 4997349000
797018 9 1.9892186128182614 4998169230
797027 173 1.995618964003512 5377926960
797200 1 1.995618964003512 5377926960
797201 1 1.995618964003512 5377926960
797202 67 2.073845478489903 5971759800
797269 300 2.1804231782265147 7908278220
797569 300 1.6123090430201934 8217497820
797869 300 2.756075504828797 8224059510
798169 300 2.7319912203687444 8224059510
798469 300 2.7193327480245832 8237182890
798769 300 2.702454784899034 8238003090
799069 300 2.6967655838454787 8231441400
799369 300 2.7394345917471465 8231441400
799669 300 2.8046233538191396 8913857040
799969 300 2.437906935908692 8743253130
800269 300 1.4825478489903425 8100207630
800569 300 0.9341562774363478 8069039610
800869 300 0.9415996488147498 9009821760
801169 300 1.1890324846356455 8327406120
801469 300 1.2862230026338892 8274912600
801769 300 1.218900790166813 8162543670
802069 300 1.4194925373134328 8260969020
802369 300 0.9659209833187006 8844139110
802669 300 0.9017752414398595 8364315600
802969 300 0.888358208955224 8305260420
803269 300 0.8713854258121161 8292957240
803569 300 0.8643687445127304 8285575350
803869 300 0.8809148375768218 8232261630
804169 300 0.9061843722563653 8130555450
804469 300 0.92870412642669 8249486070
804769 300 0.8844231782265146 8498010030
805069 300 0.8816733977172958 8150240520
805369 300 0.8782124670763828 8155981980
805669 300 0.8706268656716417 8155981980
805969 300 0.9003529411764706 8142038400
806269 300 0.8813889376646181 8142858600
806569 300 0.8892589991220369 8135476710
806869 300 0.920739244951712 8202734010
807169 300 0.9214978050921863 9487184610
807469 300 0.9246268656716418 9015563220
807769 300 0.8600070237050045 8529998250
808069 300 0.8646532045654083 8503751490
808369 300 0.8790184372256367 8444696310
808669 300 0.874324846356453 8359394340
808969 300 0.8650798946444249 8366776230
809269 300 0.8650798946444249 8361034770
809569 300 0.8606233538191397 8366776230
809869 300 0.9373801580333626 9133673640
810169 300 0.8846602282704128 8634985290
810469 300 0.8456417910447762 8379899610
810769 300 1.272237050043898 8385641100
811069 300 1.7274205443371378 8386461300
811369 300 1.0724986830553118 8282294490
811669 300 0.9270921861281827 8177307480
811969 300 1.2562124670763828 8177307480
812269 300 2.405525899912204 8191251060
812569 300 2.6541913959613694 8578390710
812869 300 2.7200438981562773 9200930940
813169 300 2.645610184372256 8670254340
813469 300 2.6215733099209837 8656310760
813769 300 2.6483125548726956 8668613940
814069 300 2.667418788410887 8676816030
814369 300 2.737538191395961 8656310760
814669 300 2.695675153643547 8650569300
814969 300 2.7238841088674275 8526717420
815269 300 2.741805092186128 8650569300
815569 300 2.7843318700614574 9031147230
815869 300 2.718100087796312 8598075780
816169 300 2.811734855136084 8335608210
816469 300 2.7595364354697107 8302799790
816769 300 2.567051799824408 8289676410
817069 300 1.3051395961369625 8224879710
817369 300 2.3915399473222125 8146139460
817669 300 0.9623178226514486 8119892700
817969 300 1.8588884986830552 8402045310
818269 300 0.8773590869183494 8310181680
818569 300 0.8442194907813871 7989479130
818869 300 0.8211308165057067 7969794060
819169 300 0.8623301141352064 7969794060
819469 300 0.8802985074626866 7956670680
819769 300 0.8299490781387182 7950108990
820069 300 0.8636101843722563 7956670680
820369 300 0.8819578577699736 7969794060
820669 300 0.89528007023705 8954047410
820969 300 0.8597699736611063 8750635050
821269 300 0.8055329236172081 8540661000
821569 300 0.7795048287971905 8539840800
821869 300 0.8162475856014049 8501290860
822169 300 0.8046321334503952 8363495400
822469 300 0.8302809482001757 8192891490
822769 300 0.8370605794556629 8048534340
823069 300 0.8525162423178227 8041972650
823369 300 0.8935258999122038 8645648010
823669 300 0.8893064091308165 9052472730
823969 300 0.8754626865671643 8580031140
824269 300 0.856972783143108 8448797340
824569 300 0.8570201931518877 8396303850
824869 300 0.8295223880597016 8278193430
825169 300 0.8207989464442493 8271631770
825469 300 0.8165794556628622 8330686950
825769 300 0.9116839332748026 9288693540
826069 300 0.8354486391571555 8849060370
826369 300 0.8347848990342405 8461920720
826669 300 0.8568779631255486 8442235680
826969 300 0.8418489903424057 8436494190
827269 300 0.8397629499561019 8238823320
827569 300 0.8563090430201933 8087904480
827869 300 0.845784021071115 8035410960
828169 300 0.9248639157155399 8999979210
828469 300 0.8729499561018437 8868745440
828769 300 0.8497190517998244 8566907760
829069 300 0.8759841966637402 8468482410
829369 300 0.8283845478489903 8461920720
829669 300 0.8567357330992098 8343810330
829969 300 0.8461158911325726 8042792850
830269 300 0.8940948200175594 8174026620
830569 300 0.934630377524144 8777702010
830869 300 0.899025460930641 8580851340
831169 300 0.9032449517120281 8587413030
831469 300 0.9155241439859526 8338068870
831769 300 0.8920087796312555 8238823320
832069 300 0.8806777875329236 8160083040
832369 300 0.8806777875329236 7969794060
832669 300 0.8882633889376647 8022287580
832969 300 1.0004354697102724 8954867610
833269 300 0.955585601404741 8849880600
833569 300 0.9510342405618966 8587413030
833869 300 0.9649253731343284 8587413030
834169 300 0.9435434591747146 8580851340
834469 300 0.9007796312554873 8494729170
834769 300 0.9319754170324847 8441415450
835069 300 0.9370008779631256 8303619990
835369 300 0.9525513608428448 8657951190
835669 300 0.9251957857769975 8501290860
835969 300 0.9257172958735733 8003422710
836269 300 0.9626971027216856 7997681250
836569 300 0.9772045654082528 7991939760
836869 300 0.9711834942932398 7986198300
837169 300 0.9315961369622476 7984557870
837469 300 0.9550166812993854 8220778680
837769 300 1.03803160667252 9086921610
838069 300 0.9789587357330993 8568548190
838369 300 0.9399402985074627 8568548190
838669 300 0.9563915715539948 8561986500
838969 300 0.941694468832309 8489807910
839269 300 0.952266900790167 8378259210
839569 300 0.9434012291483758 8379079410
839869 300 0.9773467954345919 8372517720
840169 300 1.0045601404741 9146797020
840469 300 0.9908586479367868 8982754800
840769 300 0.9572449517120282 8530818480
841069 300 0.9479525899912203 8419269750
841369 300 0.973079894644425 9042630210
841669 300 0.9382809482001757 8406146370
841969 300 0.9372853380158035 8261789220
842269 300 0.9402247585601404 8234722260
842569 300 0.9511290605794557 8241283950
842869 300 0.9508920105355575 8772780750
843169 300 0.9471940298507463 8247845640
843469 300 0.9404143985952591 8241283950
843769 300 0.9246742756804214 8242104150
844069 300 0.9124899034240561 8242104150
844369 300 0.9187954345917473 8242104150
844669 300 0.9184635645302898 8235542460
844969 300 0.9494697102721685 8334788010
845269 300 0.9956470588235296 9022945140
845569 300 0.9595206321334503 8720287230
845869 300 0.9739806848112379 8476684530
846169 300 0.9758296751536435 8344630530
846469 300 0.9599947322212466 8300339130
846769 300 0.9182739244951711 8044433280
847069 300 0.9275188762071994 7900076130
847369 300 0.9537366110623353 7939446270
847669 300 1.0599824407374892 8615300220
847969 300 0.9863546971027217 8667793710
848269 300 0.9688129938542581 8529998250
848569 300 0.9674381035996489 9547060020
848869 300 0.9456769095697982 8516874870
849169 300 0.9667269534679543 8306900820
849469 300 0.9515083406496927 8090365110
849769 300 0.9464354697102723 8090365110
850069 300 0.9951255487269535 9048371670
850369 300 1.0179771729587357 8438134620
850669 300 0.975782265144864 8438134620
850969 300 0.9643090430201933 8379079410
851269 300 1.0043705004389816 8280654090
851569 300 0.9649727831431081 8267530710
851869 300 0.9518876207199297 8267530710
852169 300 0.9476681299385427 8260969020
852469 300 0.9916172080772608 8274092400
852769 300 1.040307287093942 8746533990
853069 300 1.0044179104477613 8247845640
853369 300 0.9939402985074628 7965693000
853669 300 0.9980649692712906 7985378070
853969 300 0.9749288849868306 7959131310
854269 300 0.986307287093942 7965693000
854569 300 0.97502370500439 7972254690
854869 300 0.9881562774363477 8110870380
855169 300 0.9955522388059702 8767039260
855469 300 1.4917928007023704 8596435350
855769 300 2.807278314310799 8608738530
856069 300 2.9900438981562774 8589053460
856369 300 2.9684723441615453 8569368390
856669 300 2.984212467076383 8562806700
856969 300 2.944056189640035 8556245010
857269 300 2.786086040386304 8575930080
857569 300 2.7584934152765586 9376456110
857869 300 2.7964214223002637 8825274240
858169 300 2.7542739244951715 8564447130
858469 300 2.8047181738366986 9378096540
858769 300 2.7187638279192274 8557885440
859069 300 2.752519754170325 8557885440
859369 300 2.73635294117647 8557885440
859669 300 2.7730956979806844 8656310760
859969 300 2.735262510974539 8918778330
860269 300 2.7340298507462686 8563626900
860569 300 2.7169148375768217 8562806700
860869 300 2.653575065847235 8563626900
861169 300 2.664147497805092 8557065210
861469 300 2.7560280948200173 8557885440
861769 300 2.691597892888499 8557885440
862069 300 2.7226988586479366 8696501100
862369 300 2.763187006145742 9063955680
862669 300 2.7373959613696224 8708804280
862969 300 2.737585601404741 8629243800
863269 300 2.7151606672519755 8558705640
863569 300 2.6618244073748905 8557885440
863869 300 2.6413432835820894 8557065210
864169 300 2.6918823529411764 8597255580
864469 300 2.7549850746268656 9606115230
864769 300 2.733081650570676 9501128220
865069 300 2.73128007023705 8524256790
865369 300 2.7079543459174715 8531638680
865669 300 2.683585601404741 9352670010
865969 300 2.665901668129939 8662872450
866269 300 2.701601404741001 8650569300
866569 300 2.656324846356453 8571829020
866869 300 2.634611062335382 8550503520
867169 300 2.6798402107111503 8931081480
867469 300 2.824914837576822 8492268540
867769 300 2.7764618086040387 8491448340
868069 300 2.7884091308165058 8386461300
868369 300 2.7025970149253733 8333147580
868669 300 2.761148375768218 8210936130
868969 300 2.6604021071115014 8183869170
869269 300 2.7204231782265147 8296238100
869569 300 2.7492484635645305 8590693890
869869 300 2.7236470588235293 8183869170
870169 300 2.6619192273924495 8191251060
870469 300 2.680219490781387 8176487280
870769 300 2.702359964881475 8169925590
871069 300 2.68505531167691 8176487280
871369 300 2.694774363476734 8169925590
871669 300 2.7651308165057067 8051815170
871969 300 2.796089552238806 9042630210
872269 300 2.696812993854258 8840038050
872569 300 2.7919174714661983 8616940620
872869 300 2.7764618086040387 8603817240
873169 300 2.7174837576821775 8597255580
873469 300 2.705441615452151 8597255580
873769 300 2.7174837576821775 8465201580
874069 300 2.7031659350307287 8301159360
874369 300 2.76859174714662 9278850990
874669 300 2.7025970149253733 8937643170
874969 300 2.697097453906936 8596435350
875269 300 2.728862159789289 8484886650
875569 300 2.7169148375768217 8445516510
875869 300 2.6502563652326607 8294597670
876169 300 2.654475856014048 8202734010
876469 300 2.6028937664618086 8196992550
876769 300 2.622237050043898 8196172320
877069 300 2.6502089552238806 8550503520
877369 300 2.6126602282704128 8307721050
877669 300 2.5932221246707634 8189610630
877969 300 2.5967304653204564 8183048970
878269 300 2.5999069359086917 8183048970
878569 300 2.5618841088674276 8176487280
878869 300 2.5920842844600527 8123993760
879169 300 2.5966356453028974 8032130100
879469 300 2.55903950834065 8025568410
879769 300 2.661113257243196 8026388640
880069 300 2.6051220368744517 8021467380
880369 300 2.6563722563652328 8021467380
880669 300 2.617353819139596 8021467380
880969 300 2.6448990342405616 8105128890
881269 300 2.707385425812116 9213234120
881569 300 2.654665496049166 8511133410
881869 300 2.677991220368745 8097747000
882169 300 2.629585601404741 8091185310
882469 300 2.6148410886742757 8812971090
882769 300 2.536093064091308 8078061930
883069 300 2.599859525899912 8084623620
883369 300 2.5654398595259 8078061930
883669 300 2.5822230026338895 8072320470
883969 300 2.6698841088674277 8644007610
884269 300 2.6415803336259875 8092825740
884569 300 2.580990342405619 8092005510
884869 300 2.613798068481124 8945025090
885169 300 2.6785601404741 8373337920
885469 300 2.6511571553994733 8366776230
885769 300 2.6030359964881478 8366776230
886069 300 2.6983301141352065 8366776230
886369 300 2.650777875329236 9114808770
886669 300 2.67595258999122 8663692680
886969 300 2.6609710272168567 8662872450
887269 300 2.649497805092186 9254244660
887569 300 2.5563371378402104 8663692680
887869 300 2.6511571553994733 8650569300
888169 300 2.5524969271290607 8656310760
888469 300 2.5515961369622477 8760477570
888769 300 2.6041264266900788 9003260070
889069 300 2.6758103599648817 8655490560
889369 300 2.5531132572431954 8655490560
889669 300 2.628779631255487 8657951190
889969 300 2.541497805092186 8657951190
890269 300 2.5455276558384545 8651389500
890569 300 2.6046479367866553 8656310760
890869 300 2.669315188762072 8782623270
891169 300 2.648454784899034 9063955680
891469 300 2.595877085162423 8670254340
891769 300 2.627262510974539 8670254340
892069 300 2.658790166812994 8669434140
892369 300 2.6007129060579457 8662052250
892669 300 2.63356804214223 8655490560
892969 300 2.6561826163301143 8655490560
893269 300 2.589524143985953 8695680900
893569 300 2.674340649692713 9587250360
893869 300 2.6469850746268655 9240301080
894169 300 2.6175434591747146 8610378930
894469 300 2.6571782265144863 8611199160
894769 300 2.656324846356453 8604637470
895069 300 2.632525021949078 8545582260
895369 300 2.6822581211589114 8446336710
895669 300 2.647032484635645 8446336710
895969 300 2.6046953467954346 8446336710
896269 300 2.627878841088674 8767859490
896569 300 2.6766637401229145 9477342090
896869 300 2.5944547848990345 8611199160
897169 300 2.54998419666374 8618581050
897469 300 2.682210711150132 8618581050
897769 300 2.5455750658472343 8617760850
898069 300 2.606923617208077 8618581050
898369 300 2.554061457418788 8612019360
898669 300 2.659785776997366 8605457670
898969 300 2.714733977172959 8919598530
899269 300 2.6078718173836695 8932721910
899569 300 2.5166549604916595 8644007610
899869 300 2.6752414398595254 8525897190
900169 300 2.705299385425812 8486527080
900469 300 2.6224741000877962 8493908970
900769 300 2.6145092186128185 8487347280
901069 300 2.6797928007023706 8499650430
901369 300 2.745028972783143 9339546630
901669 300 2.721086918349429 9262446780
901969 300 2.671970149253731 8540661000
902269 300 2.6361281826163303 8474223900
902569 300 2.565060579455663 8387281530
902869 300 2.6163107989464445 8380719840
903169 300 2.6094837576821774 8374158150
903469 300 2.669172958735733 8511953610
903769 300 2.716488147497805 9036888720
904069 300 2.532774363476734 8657130990
904369 300 2.511913959613696 8657130990
904669 300 2.557285338015803 8624322540
904969 300 1.5465987708516244 8520155730
905269 300 1.330503950834065 8493908970
905569 300 1.0531553994732221 8374978350
905869 300 0.8738507462686567 9130392780
906169 300 0.8062440737489026 9083640750
906469 300 0.7758542581211589 8617760850
906769 300 0.7913099209833186 8512773810
907069 300 0.7832502194907816 8466842010
907369 300 0.7588814749780509 8407786800
907669 300 0.7692642669007903 8322484830
907969 300 0.761062335381914 8388101730
908269 300 0.8018823529411764 9470780400
908569 300 0.8021194029850746 8788364760
908869 300 0.7677471466198419 8402865540
909169 300 0.7843880597014926 8396303850
909469 300 0.7586918349429324 8396303850
909769 300 0.7693590869183495 8395483620
910069 300 0.7563687445127305 8395483620
910369 300 0.7871378402107111 8415988920
910669 300 0.791784021071115 8402865540
910969 300 0.7776084284460054 8396303850
911269 300 0.7541878841088675 8402865540
911569 300 0.7494468832309044 8402045310
911869 300 0.7803107989464442 8402865540
912169 300 0.7927322212467077 8408607000
912469 300 0.8397155399473222 9387118860
912769 300 0.8361123792800702 9058214220
913069 300 0.7669411764705883 8665333080
913369 300 0.7682686567164181 8657951190
913669 300 0.7631483757682178 8658771390
913969 300 0.7439473222124671 8664512880
914269 300 0.7411027216856892 8553784380
914569 300 0.7745267778753293 8724388290
914869 300 0.8539385425812116 9328063650
915169 300 0.7501106233538193 8986855830
915469 300 0.726595258999122 8704703220
915769 300 0.748593503072871 8698141530
916069 300 0.7359824407374891 8691579840
916369 300 0.7492098331870062 8612839590
916669 300 0.7582651448639157 8548042890
916969 300 0.7597348551360843 8631704430
917269 300 0.8015978928884987 9084460950
917569 300 0.7733415276558385 8664512880
917869 300 0.7530974539069359 8388101730
918169 300 0.7596874451273046 8394663420
918469 300 0.7330430201931519 8401225110
918769 300 0.751153643546971 8393843220
919069 300 0.754235294117647 8394663420
919369 300 0.7836769095697981 8390562360
919669 300 0.8737085162423177 8817072150
919969 300 0.8483441615452152 9012282390
920269 300 0.794486391571554 8685018150
920569 300 0.8073819139596137 8657951190
920869 300 0.7962405618964004 8507852550
921169 300 0.7968568920105357 8389742160
921469 300 0.7719666374012293 8383180470
921769 300 0.7685531167690958 8383180470
922069 300 0.8677348551360844 9433050690
922369 300 0.8187129060579454 9786561660
922669 300 0.7794100087796314 8645648010
922969 300 0.7644758560140476 8632524630
923269 300 0.7953397717295874 8488167480
923569 300 0.7750956979806848 8468482410
923869 300 0.7798841088674275 8343810330
924169 300 0.7762335381913961 8324125260
924469 300 0.7761861281826163 8304440190
924769 300 0.8287164179104478 8652209700
925069 300 0.8299964881474979 9177144810
925369 300 0.800649692712906 8573469450
925669 300 0.7780825285338016 8567727960
925969 300 0.7736733977172958 8566907760
926269 300 0.7840087796312556 8487347280
926569 300 0.7737682177348553 8297878500
926869 300 0.7848147497805091 8165824530
927169 300 0.7840561896400351 8172386220
927469 300 0.8290008779631255 8553784380
927769 300 0.8237857769973662 8816251920
928069 300 0.8028779631255487 8584952400
928369 300 0.7769920983318701 8539020570
928669 300 0.7756172080772608 8447156940
928969 300 0.7561791044776119 8440595250
929269 300 0.7815908691834943 8231441400
929569 300 0.7727251975417033 8165004300
929869 300 0.8137822651448641 8558705640
930169 300 0.8204196663740124 9268188240
930469 300 0.7831553994732222 8598895980
930769 300 0.7642388059701494 8592334290
931069 300 0.7870904302019316 8585772600
931369 300 0.7978999122036875 8552143950
931669 300 0.8146356453028972 8454538830
931969 300 0.817385425812116 8407786800
932269 300 0.8223160667251976 8309361480
932569 300 0.8342633889376646 9241941510
932869 300 0.800033362598771 8881048620
933169 300 0.794486391571554 8612019360
933469 300 0.8271992976294995 8612019360
933769 300 0.8275785776997368 8441415450
934069 300 0.8104161545215102 8316743370
934369 300 0.8023090430201932 8231441400
934669 300 0.8113643546971028 8185509600
934969 300 0.8783072870939421 8730129780
935269 300 0.8433187006145743 8690759640
935569 300 0.8308024582967516 8585772600
935869 300 0.8165794556628622 8565267330
936169 300 0.804774363476734 8578390710
936469 300 0.811601404741001 8571829020
936769 300 0.8068604038630378 8480785590
937069 300 0.8435557506584724 8335608210
937369 300 0.9034345917471468 9419107110
937669 300 0.8567831431079895 8973732450
937969 300 0.8207989464442493 8422550610
938269 300 0.8173380158033363 8428292070
938569 300 1.0600772607550484 8415168690
938869 300 2.5657717295873574 8389742160
939169 300 2.7151606672519755 8369236890
939469 300 2.724263388937665 8362675200
939769 300 2.7660316066725197 8671074570
940069 300 2.796990342405619 9269008470
940369 300 2.805334503950834 9006540900
940669 300 2.6965285338015805 8770320120
940969 300 2.790874451273046 8776061580
941269 300 2.7335557506584722 8677636260
941569 300 2.7337928007023704 8612839590
941869 300 2.659169446883231 8515234440
942169 300 2.7196646180860404 8494729170
942469 300 2.7789271290605795 9118089630
942769 300 2.7373485513608427 9309198810
943069 300 2.6350377524143984 8784263700
943369 300 2.6835381913959613 8777702010
943669 300 2.650635645302897 8784263700
943969 300 2.65926426690079 8796566880
944269 300 2.6866672519754173 8777702010
944569 300 2.6880421422300262 8777702010
944869 300 2.738344161545215 9059854620
945169 300 2.660117647058824 8764578630
945469 300 2.705726075504829 8666153310
945769 300 2.6818788410886745 8653029930
946069 300 2.644282704126427 8633344860
946369 300 2.629964881474978 8580031140
946669 300 2.703640035118525 8553784380
946969 300 2.642338893766462 8560346070
947269 300 2.814152765583845 9236200020
947569 300 2.709661106233538 8935182540
947869 300 2.6827322212467077 8567727960
948169 300 2.6433345039508342 9414185820
948469 300 2.6281158911325724 8797387080
948769 300 2.6206725197541703 8796566880
949069 300 2.594170324846356 8790005190
949369 300 2.706579455662862 8790005190
949669 300 2.785422300263389 9354310410
949969 300 2.689511852502195 8658771390
950269 300 2.6848656716417914 8645648010
950569 300 2.6161685689201053 8554604580
950869 300 2.647601404741001 8534919510
951169 300 2.629870061457419 8534919510
951469 300 2.6952958735733104 8528357820
951769 300 2.6603546971027217 8515234440
952069 300 2.7178156277436347 9046731240
952369 300 2.629870061457419 9046731240
952669 300 2.59113608428446 8488987710
952969 300 2.63356804214223 8376618780
953269 300 2.6271202809482004 8350372020
953569 300 2.6513942054433715 8337248640
953869 300 2.635985952589991 8330686950
954169 300 2.7091395961369624 8330686950
954469 300 2.693494293239684 8645648010
954769 300 2.665617208077261 9400242240
955069 300 2.598200175592625 8763758430
955369 300 2.63617559262511 8751455250
955669 300 2.6678928884986832 8653029930
955969 300 2.668935908691835 8607098100
956269 300 2.698804214223003 8620221480
956569 300 2.6551870061457423 8619401280
956869 300 2.6616821773485513 8619401280
957169 300 2.7722423178226516 9387118860
957469 300 2.6858138718173836 8816251920
957769 300 2.6867620719929763 8514414240
958069 300 2.679460930640913 8809690230
958369 300 2.692877963125549 8475044100
958669 300 2.646937664618086 8461920720
958969 300 2.6592168568920105 8448797340
959269 300 2.6754784899034236 8298698730
959569 300 2.6485496049165937 8462740950
959869 300 2.7323230904302016 8193711690
960169 300 2.697713784021071 8186329800
960469 300 2.7149236172080773 8186329800
960769 300 2.6471747146619844 8186329800
961069 300 2.634753292361721 8186329800
961369 300 2.653669885864794 8186329800
961669 300 2.6500667251975414 8206014870
961969 300 2.680503950834065 8475044100
962269 300 2.7225566286215983 9059034420
962569 300 2.623659350307287 8239643520
962869 300 2.7062949956101843 8233081830
963169 300 2.5963511852502195 8226520140
963469 300 2.6202932396839334 8226520140
963769 300 2.6496400351185248 8225699940
964069 300 2.6448516242317823 8225699940
964369 300 2.5817963125548724 8225699940
964669 300 2.6814521510096574 8500470660
964969 300 2.7200438981562773 9151718280
965269 300 2.667371378402107 8908935780
965569 300 2.604173836698859 8764578630
965869 300 2.5775294117647056 9342007260
966169 300 2.5984846356453026 8783443500
966469 300 2.632619841966638 8758016940
966769 300 2.5055610184372257 8645648010
967069 300 2.5921316944688324 8685838380
967369 300 2.6630570676031606 8842498680
967669 300 2.622331870061457 8528357820
967969 300 2.6144618086040388 8442235680
968269 300 2.5743529411764707 8415988920
968569 300 2.5410711150131693 8415988920
968869 300 2.568474100087797 8397944280
969169 300 2.623801580333626 8396303850
969469 300 2.6070184372256366 8443055880
969769 300 2.63484811237928 9159100170
970069 300 2.538036874451273 8718646800
970369 300 2.6259350307287095 8443055880
970669 300 2.583171202809482 8429932500
970969 300 2.57572783143108 8429932500
971269 300 2.5725513608428443 8357753910
971569 300 2.5361878841088674 8304440190
971869 300 2.599006145741879 8298698730
972169 300 2.4544530289727833 8284755120
972469 300 2.6181597892888497 8286395550
972769 300 2.5710342405618967 8292137040
973069 300 2.5682844600526775 8292137040
973369 300 2.5809429323968396 8285575350
973669 300 2.5532554872695346 8285575350
973969 300 2.656988586479368 9250143600
974269 300 2.5724091308165056 9099224760
974569 300 2.6013766461808605 8810510460
974869 300 2.5753011413520634 8803948770
975169 300 2.5871062335381914 8811330660
975469 300 2.5355241439859526 8823633840
975769 300 2.5984846356453026 8810510460
976069 300 2.6055961369622476 8863003950
976369 300 2.6118542581211592 9565104660
976669 300 2.5491782265144867 9118909830
976969 300 2.572124670763828 8863003950
977269 300 2.6353222124670763 8837577420
977569 300 2.6491659350307284 8732590410
977869 300 2.575443371378402 8739152100
978169 300 2.476119402985075 8739152100
978469 300 2.5022423178226516 8732590410
978769 300 2.5555785776997366 8955687810
979069 300 2.5862054433713784 9492926100
979369 300 2.4990184372256365 8981114370
979669 300 2.4818086040386302 8817072150
979969 300 2.5307357330992097 8666153310
980269 300 2.537657594381036 8495549400
980569 300 2.5134310798946444 8417629320
980869 300 2.4227831431079894 8410247430
981169 300 2.560556628621598 8484066420
981469 300 2.6448516242317823 9389579490
981769 300 2.509733099209833 8955687810
982069 300 2.5617892888498686 8745713790
982369 300 2.5773871817383673 8765398830
982669 300 2.576723441615452 8726028720
982969 300 2.595640035118525 8640726750
983269 300 2.576770851624232 8627603370
983569 300 2.6421018437225636 8594794920
983869 300 2.67595258999122 9172223550
984169 300 2.693115013169447 8726028720
984469 300 2.518172080772608 8358574140
984769 300 2.514426690079017 8352012450
985069 300 2.442790166812994 8338889070
985369 300 2.459762949956102 8345450760
985669 300 2.4859806848112385 8358574140
985969 300 2.505229148375768 8502931290
986269 300 2.5879596136962246 9257525520
986569 300 2.550742756804214 8851521000
986869 300 2.612802458296752 8661232020
987169 300 2.5806584723441617 8909756010
987469 300 2.5406918349429324 8482426020
987769 300 2.5683318700614572 8476684530
988069 300 2.5426356453028975 8443876080
988369 300 2.553065847234416 8451258000
988669 300 2.563258999122037 8436494190
988969 300 2.5472818261633012 8306080620
989269 300 2.547187006145742 8206835070
989569 300 2.5574749780509216 8161723470
989869 300 2.5365197541703246 8160903270
990169 300 2.6056435469710273 8154341580
990469 300 2.598247585601405 8147779890
990769 300 2.610194907813872 8403685740
991069 300 2.643144863915716 8449617570
991369 300 2.609578577699737 8207655300
991669 300 2.6344214223002633 8201093610
991969 300 2.567857769973661 8207655300
992269 300 2.5395539947322217 8201093610
992569 300 2.485553994732221 8201093610
992869 300 2.4547848990342405 8201093610
993169 300 2.60275153643547 8581671540
993469 300 2.5770553116769093 9264087210
993769 300 1.191640035118525 8752275480
994069 300 0.7576962247585601 8746533990
994369 300 0.7435206321334504 8739972300
994669 300 0.7341334503950835 8733410610
994969 300 0.7397278314310799 8706343650
995269 300 0.745891132572432 8621041680
995569 300 0.7735311676909571 8804768970
995869 300 0.8250184372256366 9441252810
996169 300 0.7513432835820897 9047551470
996469 300 0.7399648814749781 8844959310
996769 300 0.7680316066725199 8831835930
997069 300 0.7402967515364355 8753915880
997369 300 0.744611062335382 8477504730
997669 300 0.7323792800702371 8359394340
997969 300 0.7231817383669886 8365135830
998269 300 0.784577699736611 9139415100
998569 300 0.7768498683055312 9100044990
998869 300 0.7367410008779632 8758837140
999169 300 0.741387181738367 9388759290
999469 300 0.7210008779631256 8628423600
999769 300 0.7241299385425812 8489807910
1000069 300 0.7076312554872695 8443876080
1000369 300 0.7185829675153643 8227340370
1000669 300 0.8174328358208955 8916317700
1000969 300 0.7881808604038631 8489807910
1001269 300 0.7308621597892888 8490628110
1001569 300 0.7195785776997367 8942564430
1001869 300 0.7371676909569799 8615300220
1002169 300 0.7341334503950835 8536559940
1002469 300 0.7118507462686567 8338889070
1002769 300 0.7228498683055311 8345450760
1003069 300 0.7557050043898156 8747354190
1003369 300 0.7603511852502195 8536559940
1003669 300 0.7040280948200176 8523436560
1003969 300 0.720811237928007 8516874870
1004269 300 0.7108551360842845 8456999460
1004569 300 0.7136523266022827 8293777470
1004869 300 0.7165917471466199 8274912600
1005169 300 0.7291079894644426 8299518930
1005469 300 0.7858103599648816 9015563220
1005769 300 0.744611062335382 8548863120
1006069 300 0.737025460930641 8292957240
1006369 300 0.7439947322212467 8299518930
1006669 300 0.7474556628621598 8292957240
1006969 300 0.7326637401229148 8301979560
1007269 300 0.7349868305531169 8315102940
1007569 300 0.745369622475856 8322484830
1007869 300 0.7741474978050921 8617760850
1008169 300 0.8084723441615452 9214874520
1008469 300 0.772772607550483 9011462190
1008769 300 0.7341334503950835 8716186170
1009069 300 0.7454170324846356 8492268540
1009369 300 0.7477401229148376 8493088740
1009669 300 0.7325689201053556 8479145160
1009969 300 0.7454170324846356 8492268540
1010269 300 0.7847199297629499 8723568090
1010569 300 0.832793678665496 9281311620
1010869 300 0.7728200175592627 8815431720
1011169 300 0.7351290605794557 8657951190
1011469 300 0.7534293239683935 8638266120
1011769 300 0.718630377524144 8605457670
1012069 300 0.7251729587357332 8452898400
1012369 300 0.7214275680421423 8395483620
1012669 300 0.7365513608428447 8435673990
1012969 300 0.8116488147497806 9353490210
1013269 300 0.740486391571554 8887610310
1013569 300 0.7218542581211589 8571829020
1013869 300 0.7393959613696226 8572649220
1014169 300 0.7322844600526779 8571829020
1014469 300 0.7556575943810361 8525897190
1014769 300 0.7558946444249343 8336428440
1015069 300 0.7690272168568921 8191251060
1015369 300 0.8015978928884987 9241121280
1015669 300 0.7652344161545216 9045911040
1015969 300 0.773009657594381 8757196740
1016269 300 0.7591185250219491 8743253130
1016569 300 0.7720140474100088 8723568090
1016869 300 0.7338964003511853 8579210910
1017169 300 0.7525285338015802 8428292070
1017469 300 0.7720140474100088 8369236890
1017769 300 0.787043020193152 8526717420
1018069 300 0.8166742756804215 8743253130
1018369 300 0.7778454784899034 8395483620
1018669 300 0.7606356453028972 8323305060
1018969 300 0.7684108867427569 8316743370
1019269 300 0.7656136962247586 8297058300
1019569 300 0.768790166812994 8283934920
1019869 300 0.7809271290605796 8290496610
1020169 300 0.7795048287971905 8297878500
1020469 300 0.8253028972783143 8625142740
1020769 300 0.8080456540825285 9406803930
1021069 300 0.7773239683933275 8790005190
1021369 300 0.7838665496049166 8692400040
1021669 300 0.8191870061457418 8605457670
1021969 300 0.7993696224758561 8579210910
1022269 300 0.787043020193152 8350372020
1022569 300 0.7531922739244953 8264249850
1022869 300 0.7859525899912203 8179768110
1023169 300 0.850050921861282 8311001880
1023469 300 0.8474907813871818 9525734550
1023769 300 0.8560719929762951 9447814500
1024069 300 2.2553784021071115 8857262490
1024369 300 2.594549604916594 8857262490
1024669 300 2.522581211589113 8856442290
1024969 300 2.559987708516242 8844139110
1025269 300 2.481571553994732 8843318910
1025569 300 2.5289815627743635 8843318910
1025869 300 2.4878296751536437 8837577420
1026169 300 2.516180860403863 9145976790
1026469 300 2.6094363476733977 9480622920
1026769 300 2.5919894644424932 9106606650
1027069 300 2.5095434591747146 8680917090
1027369 300 2.5260895522388056 8517695100
1027669 300 2.4977383669885866 8497189800
1027969 300 2.513573309920983 8497189800
1028269 300 2.4759771729587357 8464381380
1028569 300 2.4623230904302016 8365135830
1028869 300 2.437385425812116 8372517720
1029169 300 2.4816663740122915 8995878150
1029469 300 2.4239209833187005 9369894420
1029769 300 2.3853292361720806 8937643170
1030069 300 2.3725285338015802 8931081480
1030369 300 2.3543705004389817 8924519790
1030669 253 2.4111202809482 8911396410
1030922 47 1.7831273046532046 8904834720
1030969 137 1.7234381035996489 8826094470
1031106 3 1.71689552238806 5053123350
1031109 9 1.7076505706760314 5053123350
1031118 151 1.7636892010535559 5822481390
1031269 300 1.9081000877963126 8199453180
1031569 300 2.2132309043020193 8589873660
1031869 300 2.253102721685689 8550503520
1032169 300 2.2429569798068485 8969631420
1032469 300 2.095701492537313 8406146370
1032769 177 2.1714152765583847 8360214540
1032946 123 1.6871220368744513 8360214540
1033069 61 1.59988762071993 8282294490
1033130 4 1.6260105355575067 4799678130
1033134 1 1.585332748024583 4568378610
1033135 8 1.585332748024583 4568378610
1033143 1 1.585332748024583 4568378610
1033144 1 1.585332748024583 4568378610
1033145 224 1.7042370500438984 6248170950
1033369 300 2.062988586479368 8006703570
1033669 184 2.157334503950834 8020647150
1033853 116 1.486482879719052 8014085460
1033969 68 1.5026022827041263 7928783520
1034037 2 1.5715838454784898 4287046200
1034039 1 1.4814100087796316 4287046200
1034040 10 1.4814100087796316 4287046200
1034050 1 1.4814100087796316 4287866400
1034051 1 1.4814100087796316 4287866400
1034052 210 1.6046760316066728 5999646990
1034262 7 1.159401229148376 5999646990
1034269 179 1.5023652326602281 7672877640
1034448 4 1.4976242317822654 4096757220
1034452 2 1.4882370500438982 4096757220
1034454 10 1.4882370500438982 4096757220
1034464 105 1.567980684811238 4702893210
1034569 300 1.754776119402985 7958311110
1034869 300 2.0087989464442493 8381540040
1035169 300 1.896247585601405 7764741300
1035469 300 1.910707638279192 7673697870
1035769 300 1.8982388059701494 7685180820
1036069 300 1.8329078138718171 7692562710
1036369 300 1.8323863037752415 7684360590
1036669 300 1.8100087796312554 7690922280
1036969 300 1.8808393327480246 7993580190
1037269 300 1.86728007023705 8689119210
1037569 300 1.8041773485513608 8689119210
1037869 300 1.7504143985952592 8315102940
1038169 300 1.724860403863038 8092005510
1038469 300 1.6847989464442494 7888593180
1038769 300 1.7432080772607552 7750797690
1039069 300 1.7116330114135208 7783606140
1039369 300 1.7716066725197541 7777044450
1039669 300 1.759422300263389 8131375650
1039969 300 1.7386567164179105 8577570510
1040269 300 1.715710272168569 7829537970
1040569 300 1.7332519754170326 7829537970
1040869 300 1.7149043020193155 7837740090
1041169 300 1.7827480245829674 7830358170
1041469 300 1.6849411764705882 7830358170
1041769 300 1.677782265144864 7836919860
1042069 300 1.7101633011413522 7817234790
1042369 300 1.725998244073749 7823796480
1042669 300 1.7077928007023706 7817234790
1042969 300 1.6943757682177347 7810673100
1043269 300 1.7249078138718175 7830358170
1043569 300 1.7461474978050924 7830358170
1043869 300 1.9733836698858649 7817234790
1044169 300 1.7628358208955226 7810673100
1044469 300 2.070194907813872 8722747860
1044769 300 1.8266971027216856 9208312830
1045069 300 1.751978928884987 8669434140
1045369 300 1.637009657594381 8519335500
1045669 300 1.6725671641791047 8511953610
1045969 300 1.6324582967515364 8439775020
1046269 300 1.6231185250219493 8243744580
1046569 300 1.615580333625988 8119072500
1046869 300 1.6096540825285337 8124813960
1047169 300 1.6533187006145744 8977833510
1047469 300 1.6176663740122914 8859723120
1047769 300 1.5923494293239684 8485706850
1048069 300 1.6427462686567162 8479965390
1048369 300 1.6701966637401229 8708804280
1048669 300 1.6142054433713784 8282294490
1048969 300 1.621838454784899 7967333430
1049269 300 1.6500474100087796 7935345210
1049569 300 1.6788252853380161 7968153630
1049869 300 1.583768217734855 8460280320
1050169 300 1.6072835820895524 8348731590
1050469 300 1.5629552238805973 8191251060
1050769 300 1.1392519754170327 4202564430
1051069 69 1.1662282704126428 4202564430
1051138 231 1.4925987708516244 8157622410
1051369 107 1.0743002633889376 4091015730
1051476 193 1.5157348551360843 8157622410
1051669 300 1.543943810359965 7987018500
1051969 300 1.518626865671642 7966513230
1052269 300 1.6317945566286218 8669434140
1052569 300 1.5878928884986832 9593812050
1052869 300 1.5237471466198418 8834296590
1053169 300 1.5328972783143109 8767859490
1053469 300 1.5780316066725195 8670254340
1053769 300 1.5821562774363476 8578390710
1054069 300 1.6035856014047412 8506212120
1054369 300 1.6547884108867428 8250306270
1054669 300 1.6069517120280947 8185509600
1054969 300 1.6000772607550484 8205194670
1055269 300 1.608089552238806 9294435000
1055569 300 1.7799034240561897 8860543320
1055869 131 0.9537840210711152 4423201230
1056000 169 1.1810676031606673 8552964180
1056169 300 0.851188762071993 9037708920
1056469 300 0.7977576821773487 8722747860
1056769 300 0.7684108867427569 8571829020
1057069 300 0.7692168568920106 8289676410
1057369 300 0.7475978928884986 7987018500
1057669 300 0.7893661106233538 8177307480
1057969 282 0.5466742756804215 4446987360
1058251 18 0.8087093942054434 8446336710
1058269 300 0.7548990342405619 8315102940
1058569 300 0.7072519754170326 8321664630
1058869 300 0.7284916593503072 8112510810
1059169 300 0.7121826163301141 7987018500
1059469 300 0.709622475856014 7980456810
1059769 300 0.6977225636523267 7974715320
