413886 300 0.7904565408252853 12775410960
414186 300 0.7687427568042142 12754085460
414486 300 0.7892238805970149 12477674310
414786 300 0.7923055311676909 12386630880
415086 300 0.769548726953468 12380069190
415386 300 0.7178718173836699 12380069190
415686 300 0.7584547848990342 12426001020
415986 300 0.8004126426690078 13502118000
416286 300 0.7630535557506585 13448804280
416586 300 0.7381633011413522 13213403700
416886 300 0.7555627743634767 13607105010
417186 300 0.7768498683055312 13063305060
417486 300 0.7693116769095698 12520325310
417786 300 0.7540456540825287 12415338270
418086 300 0.776375768217735 12604807050
418386 300 0.8261562774363477 13056743370
418686 300 0.8091834942932398 12918947910
418986 300 0.7709236172080772 12663042030
419286 300 0.7604934152765583 12466191360
419586 300 0.7397752414398595 12439944600
419886 300 0.7746690079016683 12439944600
420186 300 0.7904091308165058 12445686090
420486 300 0.811316944688323 12460449900
420786 300 0.843982440737489 14305104660
421086 300 0.8589640035118524 14836601460
421386 300 0.8147304653204566 15204056040
421686 300 0.7912151009657595 13944211800
421986 300 0.7543301141352063 13294604580
422286 300 0.7920684811237928 13288042890
422586 300 0.7605882352941177 13286402490
422886 300 0.7625320456540826 13115798580
423186 300 0.7649973661106234 13076428440
423486 300 0.7882756804214224 12801657720
423786 300 0.8309446883230904 13490635050
424086 300 0.822126426690079 13445523420
424386 300 0.7655188762071993 13320851340
424686 300 0.7580280948200175 13064945490
424986 300 0.7749534679543459 12900903270
425286 300 0.7674152765583847 12487516860
425586 300 0.7713977172958736 12480955170
425886 300 0.7777032484635644 12474393480
426186 300 0.7795996488147499 12487516860
426486 300 0.849908691834943 13504578630
426786 300 0.8025935030728709 13484073360
427086 300 0.7795522388059701 13222426020
427386 300 0.7963353819139596 13366783170
427686 300 0.7944389815627745 12986205210
427986 300 0.7792203687445128 12737681250
428286 300 0.782918349429324 12621211260
428586 300 0.8015978928884987 12614649570
428886 300 0.8417067603160668 12987845640
429186 300 0.8131185250219491 12889420290
429486 300 0.7847199297629499 12881218200
429786 300 0.7809271290605796 12822162990
430086 300 0.7888920105355577 12683547300
430386 300 0.807476733977173 12533448690
430686 300 0.7969991220368746 12512943390
430986 300 0.8178121158911326 12526887000
431286 300 0.860433713784021 13438961730
431586 300 0.8146830553116768 13616947560
431886 300 0.8070026338893767 13265076990
432186 300 0.7932063213345041 13212583470
432486 300 0.7840561896400351 12929610630
432786 300 0.7807374890254609 12830365110
433086 300 0.8181439859525901 12712254690
433386 300 0.8260614574187883 12620391060
433686 300 0.8373450395083406 12581020920
433986 300 0.8676874451273047 13630891140
434286 300 0.8576839332748025 13525904130
434586 300 0.8434135206321336 13283941830
434886 300 0.8501931518876208 13270818480
435186 300 0.8391466198419667 13146146370
435486 300 0.798326602282704 12932071290
435786 300 0.8231220368744514 12683547300
436086 300 0.8155364354697103 12590863470
436386 300 0.8365864793678666 12610548510
436686 300 0.8566883230904303 12990306270
436986 300 0.866359964881475 14250150540
437286 300 0.8768375768217735 13961436210
437586 300 0.8444565408252853 12608908110
437886 300 0.8193766461808605 12608087880
438186 300 0.8297594381035998 12601526190
438486 300 0.8303757682177348 12589223040
438786 300 0.8325566286215978 12590043240
439086 300 0.8615241439859526 12591683670
439386 300 0.8669288849868305 12604807050
439686 300 0.8756523266022829 13666980420
439986 300 0.8779280070237051 13548870030
440286 300 0.8581106233538192 13318390710
440586 300 0.8645583845478491 13239650430
440886 300 0.8657910447761195 12832005510
441186 300 0.8786391571553995 12641716530
441486 300 0.8869359086918349 12641716530
441786 300 0.9239157155399472 12694210050
442086 300 0.9547322212467075 13101034770
442386 300 0.9392291483757682 12970621200
442686 300 0.8973661106233538 12703232370
442986 300 0.9108305531167692 12702412170
443286 300 0.8864143985952591 12702412170
443586 300 0.8867936786654961 12682727100
443886 300 0.8843283582089553 12675345210
444186 300 0.8673081650570675 12675345210
444486 300 0.9094556628621597 13205201580
444786 300 0.9176575943810361 13211763270
445086 300 0.8884056189640035 12654019710
445386 300 0.8629938542581211 12654839910
445686 300 0.8735662862159789 12641716530
445986 300 0.8763160667251975 12655660140
446286 300 0.8426075504828797 12637615500
446586 300 0.8733292361720808 12631053810
446886 300 0.8780228270412644 12636795270
447186 300 0.9479051799824408 13325772600
447486 300 0.9341088674275679 13102675200
447786 300 0.8843283582089553 12682727100
448086 300 0.851188762071993 12676165410
448386 300 0.8592484635645303 12668783520
448686 300 0.8187129060579454 12695030280
448986 300 0.8472537313432836 12688468590
449286 300 0.8671659350307287 12688468590
449586 300 0.8448358208955223 12690108990
449886 300 0.8834275680421422 13242931290
450186 300 0.9151448639157156 14377283250
450486 300 0.8982194907813872 14306745090
450786 300 0.8775487269534681 12817241730
451086 300 0.8485338015803335 12803298120
451386 300 0.9148604038630379 12804118350
451686 300 0.8711009657594381 12804118350
451986 300 0.9524091308165057 12797556660
452286 300 0.9146233538191397 12816421500
452586 300 0.8564038630377523 12816421500
452886 300 0.8877418788410888 13085450760
453186 300 0.8754626865671643 13656317700
453486 300 0.8386725197541703 12849229950
453786 300 0.8349271290605795 12836106570
454086 300 0.8345952589991221 13637452830
454386 300 0.8470166812993855 13164191010
454686 300 0.8568305531167691 13157629320
454986 300 0.8470640913081651 13151067630
455286 300 0.8805355575065847 13203561150
455586 300 0.934772607550483 13636632630
455886 300 0.8925302897278315 13143685740
456186 300 0.8564038630377523 12882038400
456486 300 0.8541755926251097 13275739740
456786 300 0.8257769973661107 12783613080
457086 300 0.8195188762071993 12803298120
457386 300 0.830755048287972 12803298120
457686 300 0.8179543459174714 12790994970
457986 300 0.8796347673397718 13060024200
458286 300 0.8594855136084285 12797556660
458586 300 0.8412800702370502 12810680040
458886 300 0.8818630377524145 13452905340
459186 300 0.8558823529411764 12823803420
459486 300 0.8650798946444249 12817241730
459786 300 0.8682089552238805 12796736430
460086 300 0.8426549604916593 12795916230
460386 300 0.8677348551360844 12856611870
460686 300 0.8823371378402108 13322491770
460986 300 0.9088393327480248 12804118350
461286 300 0.8564512730465321 12804118350
461586 300 0.8849446883230905 12790994970
461886 300 0.8408533801580335 12790994970
462186 300 0.8059596136962249 12790994970
462486 300 0.8198981562774363 12797556660
462786 300 0.8234064969271292 12817241730
463086 300 0.8823845478489903 13834303500
463386 300 0.8657910447761195 13794933360
463686 300 0.8431290605794556 13499657370
463986 300 0.84388762071993 15323806860
464286 300 0.8412800702370502 13474230810
464586 300 0.8239754170324847 13283941830
464886 300 0.8444565408252853 13054282740
465186 300 0.857352063213345 13021474290
465486 300 0.8767427568042142 14517539340
465786 300 0.8756049165935031 13139584680
466086 300 0.8912976294995612 13152708060
466386 300 0.8796821773485514 13152708060
466686 300 0.8612870939420544 13146146370
466986 300 0.9031501316944688 13146146370
467286 300 0.8718595258999122 13047721050
467586 300 0.848865671641791 12883678830
467886 300 0.8189973661106235 12837747000
468186 300 0.9057576821773485 13572656160
468486 300 0.9173731343283582 13375805490
468786 300 0.9080333625987709 12818061930
469086 300 0.8728077260755048 12824623620
469386 300 0.8621404741000878 12804938550
469686 300 0.909834942932397 12791815170
469986 300 0.8926251097453908 12772130100
470286 300 0.8902071992976296 12752445030
470586 300 0.975782265144864 13303626900
470886 300 0.9424056189640035 13356120420
471186 300 0.8851817383669887 12811500240
471486 300 0.9119209833187008 12811500240
471786 300 0.9000210711150133 12798376860
472086 300 0.9012063213345038 12798376860
472386 300 0.8945689201053555 12798376860
472686 300 0.8685408252853382 12772130100
472986 300 0.8898753292361721 12772130100
473286 300 0.8903968393327482 13382367180
473586 300 0.8355434591747146 13913863980
473886 300 0.8381035996488146 13487354190
474186 300 0.8052484635645304 13486533990
474486 300 0.8390992098331871 13322491770
474786 300 0.8299490781387182 13138764480
475086 300 0.8154416154521511 13014092400
475386 300 0.7923055311676909 12941913810
475686 300 0.7842932396839333 12876296910
475986 300 0.8477752414398595 13500477570
476286 300 0.8102265144863916 13625149650
476586 300 0.7914995610184373 13500477570
476886 300 0.8600070237050045 13256874870
477186 300 0.835116769095698 12994407330
477486 300 0.8033520632133451 12869735220
477786 300 0.80785601404741 12810680040
478086 300 0.8435083406496928 12804118350
478386 300 0.8807251975417032 13394670330
478686 300 0.8283845478489903 13407793710
478986 300 0.8343107989464442 12869735220
479286 300 0.8107954345917472 12843488490
479586 300 0.841659350307287 12850050180
479886 300 0.8417067603160668 12844308690
480186 300 0.8228375768217735 12836926800
480486 300 0.7936804214223004 12830365110
480786 300 0.8060070237050044 12823803420
481086 300 0.8230272168568922 12823803420
481386 300 0.8464951712028096 12831185310
481686 300 0.8596277436347675 14189454900
481986 300 0.8670237050043899 15134338110
482286 300 0.8037787532923618 15265571880
482586 300 0.7973784021071115 14268195180
482886 300 0.8404266900790166 13533286020
483186 300 0.857873573309921 13454545740
483486 300 0.8075715539947321 13257695100
483786 300 0.8242124670763828 13034597670
484086 300 0.8364916593503072 12903363900
484386 300 0.8543178226514487 12883678830
484686 300 0.8715750658472344 13467669120
484986 300 0.8890693590869183 13487354190
485286 300 0.9069429323968393 13238010030
485586 300 0.894900790166813 12818882130
485886 300 0.889116769095698 12839387430
486186 300 0.822790166812994 12826264050
486486 300 0.8117910447761194 12826264050
486786 300 0.8545548726953469 12957497820
487086 300 0.8853239683933275 13174033560
487386 300 0.8573994732221248 13016553030
487686 300 0.8207515364354697 12838567200
487986 300 0.8373450395083406 12832005510
488286 300 0.8049640035118524 12818061930
488586 300 0.811601404741001 12798376860
488886 300 0.8207515364354697 12804938550
489186 300 0.8077137840210712 12804938550
489486 300 0.8563090430201933 13114978350
489786 300 0.8525636523266023 13159269750
490086 300 0.8187603160667253 12798376860
490386 300 0.8092309043020193 13119899610
490686 300 0.8341685689201055 12818061930
490986 300 0.8325566286215978 12826264050
491286 300 0.8000807726075506 12827084250
491586 300 0.8018823529411764 12950936130
491886 300 0.8598173836698858 12970621200
492186 300 0.8672133450395083 12819702360
492486 300 0.8307076382791923 12825443820
492786 300 0.851188762071993 12826264050
493086 300 0.8363494293239684 12827904480
493386 300 0.8053906935908692 12819702360
493686 300 0.8018823529411764 12833645940
493986 300 0.8106057945566287 12853331010
494286 300 0.8557875329236173 14533123350
494586 300 0.8471115013169448 14762782470
494886 300 0.8451676909569799 13411074570
495186 300 0.8168165057067603 12865634190
495486 300 0.8061018437225638 12859072500
495786 300 0.8271992976294995 12852510810
496086 300 0.8287638279192275 12840207630
496386 300 0.619638279192274 7557227880
496686 131 0.6556698858647938 7563789570
496817 6 0.6557172958735733 7564609770
496823 13 0.6556698858647938 7564609770
496836 1 0.6556698858647938 7564609770
496837 149 0.6630184372256366 7935345210
496986 21 0.5923301141352064 8022287580
497007 279 0.665910447761194 10679771580
497286 300 0.8900175592625109 12937812750
497586 300 0.8393836698858649 12635975070
497886 300 0.8427023705004391 12533448690
498186 300 0.8125496049165934 12545751840
498486 300 0.8026409130816508 12539190150
498786 300 0.8376294995610185 12546572070
499086 300 0.8346426690079016 12547392270
499386 300 0.8707690956979808 13151067630
499686 300 0.8512361720807726 13196999460
499986 300 0.8119332748024582 12573639030
500286 300 0.8445513608428447 12567077340
500586 300 0.8147304653204566 12560515650
500886 300 0.8400000000000001 12593324100
501186 300 0.822647936786655 12626132520
501486 300 0.8425601404741002 12606447480
501786 300 0.8485338015803335 12613009170
502086 300 0.8236909569798069 12580200720
502386 300 0.8131659350307286 12571998600
502686 300 0.8252554872695348 12585121980
502986 300 0.7842932396839333 12585121980
503286 300 0.8001281826163301 12571998600
503586 300 0.8353538191395962 12565436910
503886 300 0.8374398595258999 12559695420
504186 300 0.833315188762072 12559695420
504486 300 0.8060070237050044 12579380490
504786 300 0.8153467954345918 12579380490
505086 300 0.8098472344161545 12571178400
505386 300 0.8446935908691835 13352019360
505686 300 0.825350307287094 13720294140
505986 300 0.7890342405618965 13228167480
506286 300 0.7862370500438982 13201100520
506586 300 0.7637172958735734 12958318020
506886 300 0.7795048287971905 12761467380
507186 300 0.7915469710272168 12603986820
507486 300 0.8037313432835822 12578560290
507786 300 0.804395083406497 14213241030
508086 300 0.8225531167690958 14227184610
508386 300 0.7708287971905179 12690108990
508686 300 0.7386374012291484 12670423920
508986 300 0.7510114135206322 12657300570
509286 300 0.7506321334503951 12637615500
509586 300 0.7592133450395084 12644177190
509886 300 0.7607778753292362 12636795270
510186 300 0.7647129060579457 12637615500
510486 300 0.8291905179982442 13228167480
510786 300 0.8070500438981563 13228167480
511086 300 0.7987058823529412 12637615500
511386 300 0.742809482001756 12644177190
511686 300 0.7343705004389816 12631053810
511986 300 0.7351290605794557 12604807050
512286 300 0.7513432835820897 12598245360
512586 300 0.7537611940298506 12597425160
512886 300 0.7686005267778753 12617110200
513186 300 0.7991799824407374 13425018150
513486 300 0.8396207199297631 12978823320
513786 300 0.6986233538191396 12715535550
514086 300 0.7621053555750659 13359401280
514386 300 0.7772765583845479 12735220620
514686 300 0.7549464442493415 12736861020
514986 300 0.7708762071992977 12730299330
515286 300 0.770449517120281 12730299330
515586 300 0.7975206321334505 13005890280
515886 300 0.8070026338893767 12992766900
516186 300 0.8022142230026339 12756546090
516486 300 0.7642388059701494 12776231160
516786 300 0.7785566286215979 12769669470
517086 300 0.7617734855136085 12769669470
517386 300 0.7802633889376646 12769669470
517686 300 0.7785566286215979 12770489700
517986 300 0.789745390693591 12874656510
518286 300 0.8335996488147499 13419276690
518586 300 0.8087568042142229 13406973510
518886 300 0.7821123792800702 13210122840
519186 300 0.8116488147497806 13072327380
519486 300 0.7934433713784023 12822162990
519786 300 0.7987532923617209 12723737670
520086 300 0.8134503950834064 12677805840
520386 300 0.8372976294995611 12690929220
520686 300 0.8615715539947322 13471770180
520986 300 0.8482967515364355 13064945490
521286 300 0.8463055311676909 12665502660
521586 300 0.8111747146619842 12685187730
521886 300 0.8299964881474979 15400906710
522186 300 0.8261562774363477 13000148790
522486 266 0.6002949956101844 7622024550
522752 4 0.6002949956101844 7622024550
522756 11 0.6002949956101844 7623664980
522767 1 0.6002949956101844 7623664980
522768 18 0.6436277436347674 7920581400
522786 154 0.6097769973661107 7991939760
522940 146 0.6806075504828797 9456836820
523086 300 0.7521018437225637 12152870730
523386 300 0.8416119402985075 15204876270
523686 300 0.809420544337138 12763928010
523986 300 0.8317980684811238 12711434490
524286 300 0.8296172080772607 12619570860
524586 300 0.8850395083406498 12613009170
524886 300 0.871906935908692 12613009170
525186 300 0.8732818261633012 12626132520
525486 300 0.9029130816505708 14156646450
525786 300 0.8953748902546094 14734075080
526086 300 0.8833327480245831 13979480850
526386 300 0.9053309920983319 12923869170
526686 300 0.8967971905179983 12916487280
526986 300 0.9013485513608428 12923048970
527286 300 0.9127269534679543 12903363900
527586 300 0.935531167690957 12699951540
527886 300 0.8955171202809482 12581841120
528186 300 0.9298893766461809 12581841120
528486 300 0.9681018437225637 13206021780
528786 300 0.9585250219490781 13192898400
529086 300 0.9344407374890255 12576099660
529386 300 0.8863195785776997 12569537970
529686 300 0.8888323090430201 12589223040
529986 300 0.8969394205443371 12603986820
530286 300 0.8879315188762071 12576099660
530586 300 0.8992151009657594 12576099660
530886 300 0.9300790166812993 12582661350
531186 300 0.9743599648814749 13402872450
531486 300 0.9245794556628623 13730956890
531786 300 0.9293204565408253 13324132200
532086 300 0.9239631255487271 13180595250
532386 300 0.9250061457418788 13128101730
532686 300 0.9368586479367867 13135483620
532986 300 0.9410781387181738 12996867960
533286 300 0.9176575943810361 12944374440
533586 300 0.9442546093064091 12958318020
533886 300 0.9711834942932398 13771147230
534186 300 0.9399402985074627 13252773810
534486 300 0.9280877963125549 12937812750
534786 300 0.9106883230904301 12938632980
535086 300 0.8884056189640035 12931251060
535386 300 0.862899034240562 12904184100
535686 300 0.9327813871817385 12747523770
535986 300 0.9227304653204567 12733580190
536286 300 0.8980772607550483 12735220620
536586 300 0.9278033362598771 12991126470
536886 300 0.9155241439859526 13260155730
537186 300 0.8694890254609307 12814781100
537486 300 0.8785443371378403 12808219410
537786 300 0.8588691834942932 12808219410
538086 300 0.8599596136962246 12808219410
538386 300 0.8459262510974539 12808219410
538686 300 0.8364916593503072 12781152420
538986 300 0.8727129060579455 13542308340
539286 300 0.8905864793678666 13740799440
539586 300 0.8564512730465321 13516881810
539886 300 0.850050921861282 13320851340
540186 300 0.8465425812115891 13149427230
540486 300 0.863420544337138 12978823320
540786 300 0.8583950834064971 12828724680
541086 300 0.857352063213345 12802477920
541386 300 0.8659332748024583 12809859810
541686 300 0.8909657594381036 13643194320
541986 300 0.870342405618964 13899100170
542286 300 0.8524214223002634 13399591620
542586 300 0.8537963125548726 13215864330
542886 300 0.836254609306409 13188797340
543186 300 0.8281949078138717 12925509600
543486 300 0.8388147497805092 12715535550
543786 300 0.8446935908691835 12663042030
544086 300 0.8397155399473222 12663862230
544386 300 0.8929569798068481 13128921930
544686 300 0.8902071992976296 13227347280
544986 300 0.8852291483757682 12958318020
545286 300 0.8828586479367867 12905824530
545586 300 0.8698208955223882 12886959660
545886 300 0.8804407374890254 12827904480
546186 300 0.874324846356453 12683547300
546486 300 0.8795399473222125 12631053810
546786 300 0.8827638279192274 12637615500
547086 300 0.9124899034240561 13340536410
547386 300 0.8548867427568042 13228987710
547686 300 0.8564038630377523 12663862230
547986 300 0.8494820017559263 12665502660
548286 300 0.8338841088674276 12658940970
548586 300 0.8384828797190518 12652379280
548886 300 0.6226725197541703 7544104500
549186 32 0.5995364354697102 7543284300
549218 268 0.8343107989464442 12650738880
549486 300 0.8281949078138717 12650738880
549786 300 0.8610026338893767 12651559080
550086 300 0.8816259877085163 13492275480
550386 300 0.8682563652326603 13459467030
550686 300 0.8396681299385426 13020654090
550986 300 0.8315610184372256 12960778680
551286 300 0.8224582967515365 12921408540
551586 300 0.8430816505706761 12868915020
551886 300 0.857636523266023 12822983190
552186 300 0.8417541703248463 12829544880
552486 300 0.8906338893766461 13466028720
552786 300 0.881910447761194 13531645590
553086 300 0.8519947322212469 13000969020
553386 300 0.844503950834065 12889420290
553686 300 0.825350307287094 13892538480
553986 300 0.8345478489903424 12980463720
554286 133 0.3183476733977173 2480121120
554419 57 0.5144828797190518 7613822460
554476 110 0.8208463564530291 12941913810
554586 300 0.8200403863037752 12935352120
554886 300 0.8118384547848989 12836926800
555186 300 0.8474907813871818 13578397620
555486 300 0.8334100087796312 13073147580
555786 300 0.8185706760316066 13052642310
556086 300 0.8091834942932398 13053462510
556386 300 0.7900772607550482 12915667050
556686 300 0.8117910447761194 12718816380
556986 300 0.5993467954345917 7570351260
557286 44 0.6020491659350307 7570351260
557330 256 0.7960983318700614 12712254690
557586 300 0.7972361720807726 12731119560
557886 300 0.8773116769095699 14044277550
558186 300 0.8701053555750659 15074462700
558486 300 0.8400000000000001 14464225620
558786 300 0.8329359086918349 13394670330
559086 300 0.8135452151009659 13315930080
559386 300 0.8061492537313433 13315109880
559686 300 0.8025460930640914 13320851340
559986 300 0.7775610184372256 13314289650
560286 300 0.7920210711150132 13223246220
560586 300 0.8401896400351185 12927970230
560886 300 0.8673081650570675 13625149650
561186 300 0.8190921861281826 14017210590
561486 300 0.8013608428446005 13486533990
561786 300 0.7935381913959613 13486533990
562086 300 0.8158208955223881 13361861910
562386 300 0.795244951712028 13224886650
562686 300 0.7892238805970149 12856611870
562986 300 0.7876593503072871 12830365110
563286 300 0.8189025460930641 12830365110
563586 300 0.8445513608428447 13126461300
563886 300 0.8619508340649694 13525083900
564186 300 0.8252080772607551 13185516510
564486 300 0.8415171202809482 12863173530
564786 300 0.86830377524144 14943228930
565086 300 0.828574187884109 12876296910
565386 300 0.833172958735733 12882858600
565686 300 0.8189025460930641 12876296910
565986 300 0.8243072870939421 12863993760
566286 300 0.8476804214223004 13361861910
566586 300 0.8707690956979808 14136961410
566886 300 0.8874574187884108 12883678830
567186 300 0.8585373134328359 12877117140
567486 300 0.8202774363476734 12877117140
567786 300 0.8472063213345041 12877117140
568086 300 0.8235961369622475 12871375650
568386 300 0.8327462686567165 12863173530
568686 300 0.8323669885864795 12863173530
568986 300 0.822505706760316 12863993760
569286 300 0.8666918349429323 13447163850
569586 300 0.8605285338015803 13519342440
569886 300 0.8660280948200176 12915667050
570186 148 0.84772783143108 12903363900
570334 152 0.833315188762072 12903363900
570486 300 0.81686391571554 12882858600
570786 300 0.8373924495171203 12882858600
571086 300 0.8331255487269535 12882858600
571386 300 0.8279104477611939 12877117140
571686 300 0.83871992976295 12850050180
571986 204 0.879208077260755 13860550260
572190 96 0.8503827919227394 13578397620
572286 284 0.8286215978928885 13841685390
572570 16 0.8354486391571555 13743260070
572586 53 0.8467322212467078 13506219060
572639 247 0.8380087796312556 13506219060
572886 300 0.8216997366110624 13506219060
573186 300 0.8466848112379279 13500477570
573486 300 0.8281949078138717 13369243800
573786 300 0.8370605794556629 13198639890
574086 300 0.8561194029850746 13165831440
574386 300 0.8490079016681299 13172393130
574686 300 0.869963125548727 13552971090
574986 300 0.8462107111501316 13080529500
575286 300 0.8386725197541703 12962419080
575586 300 0.8054855136084286 12962419080
575886 300 0.8131185250219491 12976362690
576186 300 0.8197559262510975 12976362690
576486 300 0.8286690079016681 12976362690
576786 300 0.8314661984196663 12977182890
577086 300 0.8675452151009657 13541488140
577386 300 0.8618560140474101 13154348490
577686 300 0.7972361720807726 12988665840
577986 300 0.8026409130816508 12969801000
578286 300 0.7907884108867428 12839387430
578586 300 0.7905513608428446 12826264050
578886 300 0.79244776119403 12826264050
579186 300 0.8106057945566287 12825443820
579486 300 0.817385425812116 12840207630
579786 300 0.8520895522388059 14723412330
580086 300 0.8443617208077261 14775905850
580386 300 0.8507146619841967 14022131850
580686 300 0.8245917471466198 12893521350
580986 300 0.8495768217734856 12893521350
581286 300 0.8214626865671643 12886139460
581586 300 0.8028305531167691 12886139460
581886 300 0.7964776119402985 12878757570
582186 300 0.8105109745390695 12873016080
582486 300 0.8129288849868305 12872195880
582786 300 0.8552186128182617 13154348490
583086 300 0.8584899034240563 13534926450
583386 300 0.8015504828797192 13088731590
583686 300 0.7850992098331872 12859072500
583986 300 0.7907884108867428 12853331010
584286 300 0.8073819139596137 12846769320
584586 300 0.8001281826163301 12840207630
584886 300 0.7913573309920985 12833645940
585186 300 0.8205618964003512 12846769320
585486 300 0.8462581211589114 13640733690
585786 300 0.8423705004389815 13214223900
586086 300 0.7863318700614575 12859892700
586386 300 0.7861896400351185 12859892700
586686 300 0.7865689201053557 12859072500
586986 300 0.7851466198419667 12859892700
587286 300 0.7988955223880597 12859892700
587586 300 0.7904565408252853 12853331010
587886 300 0.8436979806848113 13411074570
588186 300 0.8314187884108868 13397951190
588486 300 0.816721685689201 12827084250
588786 300 0.8112221246707638 12827084250
589086 300 0.8030676031606673 12813960870
589386 300 0.7986584723441615 12807399180
589686 300 0.815963125548727 12807399180
589986 300 0.8281000877963126 12807399180
590286 300 0.7962405618964004 12802477920
590586 300 0.831276558384548 12795096030
590886 300 0.8057699736611063 12787714110
591186 300 0.8080930640913082 12781972650
591486 300 0.7951027216856892 12781972650
591786 300 0.8151097453906936 12775410960
592086 300 0.8111747146619842 12775410960
592386 300 0.8090412642669009 12775410960
592686 300 0.805153643546971 12775410960
592986 300 0.8103687445127306 12775410960
593286 300 0.8155838454784899 12775410960
593586 300 0.7878489903424056 12787714110
593886 300 0.8248287971905179 12776231160
594186 300 0.8181439859525901 12775410960
594486 300 0.8029253731343284 12774590730
594786 300 0.8055329236172081 12774590730
595086 300 0.7960509218612819 12775410960
595386 300 0.7783195785776997 12775410960
595686 300 0.8065285338015803 12775410960
595986 300 0.7976628621597893 12775410960
596286 300 0.7741474978050921 12775410960
596586 300 0.7997963125548728 12774590730
596886 300 0.7833924495171204 12774590730
597186 300 0.8032572431957858 12774590730
597486 300 0.7850992098331872 12768849270
597786 300 0.788323090430202 12769669470
598086 300 0.8130711150131696 13817899290
598386 300 0.8030676031606673 14395327890
598686 300 0.8229323968393328 12853331010
598986 300 0.8151097453906936 12853331010
599286 300 0.830755048287972 12853331010
599586 300 0.8769323968393329 13988503200
599886 300 0.9005899912203688 14073805140
600186 300 0.9113994732221246 12945194670
600486 300 0.8616189640035119 12932071290
600786 300 0.8382458296751538 12932891490
601086 300 0.8729499561018437 12933711690
601386 300 0.8395258999122037 12919768110
601686 300 0.8466374012291484 12926329800
601986 300 0.8476804214223004 12920588310
602286 300 0.9083652326602284 13215044100
602586 300 0.9186532045654083 13595622060
602886 300 0.8579209833187007 13129742160
603186 300 0.8794925373134328 12900083040
603486 300 0.876505706760316 12893521350
603786 300 0.8685882352941178 12893521350
604086 300 0.8913450395083407 12900083040
604386 300 0.897982440737489 12900083040
604686 300 0.9298419666374012 13044440190
604986 300 0.9655417032484637 13333154520
605286 300 0.9143863037752415 12939453180
605586 300 0.8949482001755926 12965699940
605886 300 0.9179894644424934 12958318020
606186 300 0.9242949956101845 12951756330
606486 300 0.91713608428446 12958318020
606786 300 0.9177050043898157 12959138250
607086 300 0.9144811237928008 12978003090
607386 300 0.9805706760316067 13791652530
607686 300 0.9441123792800703 13233908970
607986 300 0.8901123792800703 12932891490
608286 300 0.9214029850746269 12932891490
608586 300 0.9549218612818262 12932891490
608886 300 0.9191747146619843 12932891490
609186 300 0.937854258121159 12939453180
609486 300 0.9564863915715541 12939453180
609786 300 0.9411729587357331 12932891490
610086 300 1.054482879719052 14633189130
610386 300 1.037130816505707 14902218360
610686 300 1.0019525899912205 13924526730
610986 300 0.9598999122036875 12965699940
611286 300 0.9567234416154523 12959138250
611586 300 0.9602791922739247 12959138250
611886 300 0.9690974539069359 12953396760
612186 300 0.9578612818261634 12952576560
612486 300 0.9341088674275679 12952576560
612786 300 0.9451553994732222 12959138250
613086 300 0.982846356453029 13765405770
613386 300 0.9903845478489904 13240470660
613686 300 0.9913801580333627 12958318020
613986 300 0.9990131694468832 12958318020
614286 300 0.9866391571553994 12952576560
614586 300 1.0139947322212466 12953396760
614886 300 1.0154644424934154 12959138250
615186 300 1.0143266022827042 13083810330
615486 300 1.0619736611062336 13372524630
615786 300 1.0085425812115894 12965699940
616086 300 1.0207743634767341 12965699940
616386 300 1.0532502194907813 13562813610
616686 300 1.0416821773485516 12972261630
616986 300 1.0266057945566287 12978823320
617286 300 1.014990342405619 12972261630
617586 300 1.048414398595259 12978823320
617886 300 1.064628621597893 13516881810
618186 300 1.0644389815627744 12972261630
618486 300 1.0183564530289728 12972261630
618786 300 1.0385531167690956 12972261630
619086 300 1.0158437225636523 13622689020
619386 300 1.045996488147498 12979643520
619686 300 1.0178823529411765 12986205210
619986 300 1.0082581211589114 12978823320
620286 300 1.0438156277436348 12978823320
620586 300 1.0779034240561898 13543128540
620886 300 1.0425355575065849 12985385010
621186 300 1.0450008779631257 12991946700
621486 300 0.9952203687445127 15176989080
621786 300 1.0426303775241441 13005070080
622086 300 1.0294503950834066 13005070080
622386 300 1.0682791922739243 13005070080
622686 300 1.0819332748024584 13059204000
622986 300 1.09587181738367 14574954120
623286 300 1.1140772607550482 13005890280
623586 300 1.06244776119403 12992766900
623886 300 1.0334328358208955 12999328590
624186 300 1.0889499561018439 13005070080
624486 300 1.0554310798946447 12992766900
624786 300 1.070412642669008 13005890280
625086 300 1.0560474100087798 12992766900
625386 300 1.0869113257243197 12999328590
625686 300 1.1180122914837576 13595622060
625986 300 1.0911782265144865 13490635050
626286 300 1.0604565408252855 13000148790
626586 300 1.0523020193151886 12986205210
626886 300 1.0818858647936787 12986205210
627186 300 1.0593661106233538 12979643520
627486 300 1.0965829675153644 12985385010
627786 300 1.0659561018437225 12985385010
628086 300 1.093785776997366 13024755120
628386 300 1.1233222124670765 13733417520
628686 300 1.099332748024583 13510320120
628986 300 1.110426690079017 13012451970
629286 300 1.097009657594381 13005890280
629586 300 1.0782827041264267 12993587100
629886 300 1.0226233538191396 13006710480
630186 300 1.039027216856892 13000148790
630486 300 1.0531079894644426 13006710480
630786 300 1.0526338893766463 13039518930
631086 300 1.0988586479367866 13787551470
631386 300 1.0825970149253732 13275739740
631686 300 1.0661931518876206 13000148790
631986 300 1.1012765583845479 13288042890
632286 300 1.03803160667252 12986205210
632586 300 1.059603160667252 12986205210
632886 300 1.0258946444249342 12987025410
633186 300 1.0719771729587357 13118259210
633486 300 1.1057805092186128 13130562360
633786 300 1.0996646180860403 12992766900
634086 300 1.06244776119403 12986205210
634386 300 1.0784249341527656 12987025410
634686 300 1.076196663740123 12987845640
634986 300 1.078235294117647 12987025410
635286 300 1.0659561018437225 12986205210
635586 300 1.0839719051799825 12992766900
635886 300 1.14854433713784 14869409910
636186 300 1.110237050043898 15026890440
636486 300 1.1004231782265146 13904841660
636786 300 1.0429148375768218 13073147580
637086 300 1.0491255487269533 13078889070
637386 300 1.0680421422300261 13072327380
637686 300 1.072451273046532 13065765690
637986 300 1.0355662862159791 13051822110
638286 300 1.015369622475856 13052642310
638586 300 1.0670939420544339 13058383800
638886 300 1.1174433713784022 13807236540
639186 300 1.093785776997366 13393850130
639486 300 1.0388375768217735 13025575350
639786 300 1.0247568042142232 13024755120
640086 300 1.0366093064091308 13024755120
640386 300 1.0441000877963125 12998508390
640686 300 1.0254679543459178 12992766900
640986 300 1.0203002633889378 12992766900
641286 300 1.0588920105355575 13019833860
641586 300 1.0733046532045654 13812978000
641886 300 1.069511852502195 13313469450
642186 300 1.061404741000878 13031316810
642486 300 1.0132361720807728 13425018150
642786 300 1.021675153643547 13024755120
643086 300 1.0695592625109747 13025575350
643386 300 1.0479877085162423 13025575350
643686 300 1.0785197541703249 13137124050
643986 300 1.0822177348551363 13248672780
644286 300 1.1559402985074625 13016553030
644586 300 1.0890921861281826 13022294490
644886 300 1.095350307287094 13889257650
645186 300 1.0304460052677786 13061664630
645486 300 1.043673397717296 13055102940
645786 300 1.0355188762071994 13054282740
646086 300 1.0600772607550484 13054282740
646386 300 1.0782827041264267 13388928870
646686 300 1.0834503950834065 13278200370
646986 300 1.121473222124671 13073967810
647286 300 1.0541035996488148 13067406120
647586 300 1.0673784021071115 13808876940
647886 300 0.9823722563652326 13074788010
648186 300 1.0430570676031607 13068226320
648486 300 1.0030904302019314 13060844430
648786 300 1.0671413520632134 13073967810
649086 300 1.0117190517998247 13676822970
649386 300 1.076196663740123 13060024200
649686 300 1.0392168568920108 13060024200
649986 300 1.0789464442493415 13053462510
650286 300 1.0561422300263388 13054282740
650586 300 1.058702370500439 13054282740
650886 300 1.1475013169446882 14655334830
651186 300 1.1373081650570676 15100709460
651486 300 1.0716927129060578 14248510110
651786 300 1.063206321334504 13094473080
652086 300 1.0679947322212469 13087911390
652386 300 1.071313432835821 13087911390
652686 300 1.046375768217735 13081349700
652986 300 1.056379280070237 13087091190
653286 300 0.9998191395961369 13087911390
653586 300 1.0357559262510976 13106776230
653886 300 1.0669991220368744 13867932150
654186 300 1.00844776119403 13303626900
654486 300 1.0098226514486393 13041979560
654786 300 1.0030904302019314 13048541250
655086 300 1.0038489903424057 13041979560
655386 300 1.014990342405619 13048541250
655686 300 1.0033748902546094 13068226320
655986 300 1.0325794556628622 13140404910
656286 300 1.0307304653204565 13901560800
656586 300 1.024472344161545 13370064000
656886 300 0.9979701492537315 13094473080
657186 300 1.0389323968393327 13094473080
657486 300 1.0354714661984197 13087091190
657786 300 1.0043230904302018 13094473080
658086 300 1.0225285338015804 13087091190
658386 300 1.0539613696224759 13243751490
658686 300 1.1186760316066726 13508679690
658986 300 1.066714661984197 13088731590
659286 300 1.0673784021071115 13068226320
659586 300 1.0742054433713786 13055102940
659886 300 1.0375100965759438 13055102940
660186 300 1.0485092186128182 13055102940
660486 300 1.0607884108867427 13055102940
660786 300 1.0578964003511855 13055102940
661086 300 1.0970570676031608 13461927660
661386 300 1.0687058823529414 13172393130
661686 300 1.041966637401229 13047721050
661986 300 1.0523020193151886 13047721050
662286 300 1.0357085162423179 13034597670
662586 300 1.0143740122914837 13036238100
662886 300 1.0392168568920108 13035417870
663186 300 1.0619736611062336 13075608210
663486 300 1.1124179104477614 13862190690
663786 300 1.0953977172958735 13363502310
664086 300 1.0671413520632134 13074788010
664386 300 1.0378419666374012 13357760850
664686 238 0.7822071992976295 7845942180
664924 6 0.7822071992976295 7846762410
664930 7 0.7822071992976295 7846762410
664937 1 0.7822071992976295 7846762410
664938 48 0.7984214223002634 8211756330
664986 300 0.7525759438103601 8219958450
665286 300 0.75001580333626 8219958450
665586 300 0.7741474978050921 8338068870
665886 300 0.8239280070237051 8227340370
666186 300 0.7573643546971028 8221598880
666486 300 0.7544723441615452 8228160570
666786 300 0.7647129060579457 8227340370
667086 300 0.7496365232660228 8227340370
667386 300 0.7791729587357332 8227340370
667686 300 0.7886075504828797 8227340370
667986 300 0.7806426690079018 8233081830
668286 300 0.8244021071115014 10182723630
668586 300 0.7894135206321335 9547880250
668886 300 0.7953871817383671 8248665840
669186 300 0.8053906935908692 8248665840
669486 300 0.7901246707638281 8249486070
669786 300 0.7711606672519754 8242104150
670086 300 0.8106532045654083 8228160570
670386 300 0.7785092186128183 8228160570
670686 300 0.8213678665496049 8221598880
670986 300 0.8126444249341528 8221598880
671286 300 0.8006971027216856 8221598880
671586 300 0.7762335381913961 8221598880
671886 300 0.809799824407375 8274092400
672186 300 0.8684460052677787 9022945140
672486 300 0.8176224758560142 8224059510
672786 300 0.7850043898156278 8223239310
673086 300 0.8180965759438104 8222419080
673386 300 0.7998437225636524 8223239310
673686 300 0.7752853380158035 8216677620
673986 300 0.7957190517998244 8215857390
674286 300 0.7926374012291484 8215857390
674586 300 0.8228849868305532 9043450410
674886 300 0.7943915715539949 8235542460
675186 300 0.7857629499561019 8222419080
675486 300 0.785241439859526 8215857390
675786 300 0.7683634767339771 8196172320
676086 300 0.8199455662862162 8189610630
676386 300 0.8215100965759438 8188790430
676686 300 0.8153467954345918 8189610630
676986 300 0.8610500438981562 8320024200
677286 300 0.8299490781387182 8445516510
677586 300 0.8063863037752415 8215857390
677886 300 0.8186654960491659 8215857390
678186 300 0.8084723441615452 8208475500
678486 300 0.7807374890254609 8208475500
678786 300 0.776470588235294 8208475500
679086 300 0.767604916593503 8209295700
679386 300 0.7813064091308166 8217497820
679686 300 0.8514258121158912 10049029230
679986 300 0.8417541703248463 9944042220
680286 300 0.8268674275680422 8224059510
680586 300 0.8096101843722563 8217497820
680886 300 0.8049640035118524 8217497820
681186 300 0.7877067603160668 8217497820
681486 300 0.787943810359965 8210936130
681786 300 0.8112695346795435 8204374440
682086 300 0.806718173836699 8237182890
682386 300 0.8573994732221248 9050832300
682686 300 0.8108428446005267 8237182890
682986 300 0.8196136962247587 8205194670
683286 300 0.8077611940298507 8205194670
683586 300 0.7971413520632135 8205194670
683886 300 0.803494293239684 8205194670
684186 300 0.7888920105355577 8205194670
684486 300 0.8134029850746268 8342990130
684786 300 0.8173380158033363 8487347280
685086 300 0.7973784021071115 8219138250
685386 300 0.7711606672519754 8225699940
685686 300 0.8057699736611063 8225699940
685986 300 0.7811167690956979 8219138250
686286 300 0.7926848112379281 8219138250
686586 300 0.795529411764706 8225699940
686886 300 0.82971202809482 8251946700
687186 300 0.8673555750658474 8994237750
687486 300 0.8430342405618965 8351192220
687786 300 0.825492537313433 8219138250
688086 300 0.8422282704126427 9013102590
688386 300 0.8097050043898156 8218318020
688686 300 0.8260140474100088 8212576560
688986 300 0.8271518876207199 8212576560
689286 300 0.8623301141352064 8251946700
689586 300 0.8786865671641791 8441415450
689886 300 0.8615241439859526 8218318020
690186 300 0.8147304653204566 8219138250
690486 300 0.822505706760316 8901553890
690786 300 0.8336470588235294 8225699940
691086 300 0.8346426690079016 8225699940
691386 300 0.8430816505706761 8218318020
691686 300 0.8672133450395083 8211756330
691986 300 0.8518525021949077 8533279110
692286 300 0.8728551360842844 8211756330
692586 300 0.8586795434591747 8206014870
692886 300 0.7993696224758561 8198632980
693186 300 0.8296172080772607 8200273380
693486 300 0.8464951712028096 8199453180
693786 300 0.8622827041264266 8200273380
694086 300 0.876126426690079 8200273380
694386 300 0.8648902546093065 8226520140
694686 300 0.9222563652326603 10017861210
694986 300 0.886035118525022 9132033210
695286 300 0.8866514486391572 8246205210
695586 300 0.847348551360843 8233902030
695886 300 0.8510465320456542 8883509250
696186 300 0.8646057945566286 8233081830
696486 300 0.8694416154521509 8232261630
696786 300 0.8588217734855136 8233081830
697086 300 0.8895434591747146 8239643520
697386 300 0.9146233538191397 8528357820
697686 300 0.923441615452151 8239643520
697986 300 0.8878841088674276 8240463720
698286 300 0.8952326602282705 8232261630
698586 300 0.8548393327480247 8233081830
698886 300 0.8868884986830554 8239643520
699186 300 0.8681141352063214 8239643520
699486 300 0.9196488147497806 8292137040
699786 300 0.9545899912203687 8994237750
700086 300 0.9179420544337139 8219958450
700386 300 0.9058525021949078 8219138250
700686 300 0.9260491659350308 8219138250
700986 300 0.9312168568920106 8219958450
701286 300 0.9408884986830555 8213396760
701586 300 0.9294626865671644 8213396760
701886 300 0.9902897278314311 8370877290
702186 300 1.0320105355575067 8489807910
702486 300 0.9859280070237051 8225699940
702786 300 0.9663476733977173 8239643520
703086 300 0.9538788410886743 8239643520
703386 300 0.94415978928885 8239643520
703686 300 1.025515364354697 8239643520
703986 300 1.1046426690079019 8278193430
704286 300 1.1611553994732222 8973732450
704586 300 1.1923511852502195 8251946700
704886 300 0.991474978050922 8251946700
705186 300 1.0505478489903424 8251946700
705486 300 1.097294117647059 8251126470
705786 300 1.1959069359086918 8251946700
706086 300 1.1102844600526778 8251946700
706386 300 1.2847058823529411 8311001880
706686 300 1.52142405618964 8954867610
706986 300 1.3815645302897277 8265070080
707286 300 1.3173239683933275 8265070080
707586 300 1.4863880597014925 8271631770
707886 300 1.3960245829675153 8297878500
708186 300 1.661330992098332 8297878500
708486 300 1.5977541703248463 8298698730
708786 300 1.8538156277436348 8456179260
709086 300 2.0959385425812114 10076916420
709386 300 1.989929762949956 9145976790
709686 300 1.923508340649693 8430752700
709986 300 1.9934381035996487 8443876080
710286 300 2.0246812993854255 8450437770
710586 300 2.04596839332748 8449617570
710886 300 2.0830904302019313 8449617570
711186 300 2.0963178226514487 8443055880
711486 300 2.0927620719929765 8449617570
711786 300 2.1985812115891132 9204211800
712086 300 2.169945566286216 8836757220
712386 300 1.8558542581211588 8469302640
712686 300 1.9190517998244072 8475864330
712986 300 2.1541580333625987 8469302640
713286 300 2.168855136084284 8482426020
713586 300 2.1988182616330114 8475044100
713886 300 2.2387374890254614 8468482410
714186 300 2.2222388059701492 8567727960
714486 300 2.1967322212467075 9145156590
714786 300 2.2238981562774365 8495549400
715086 300 2.206071992976295 8502111090
715386 300 2.214321334503951 8502111090
715686 300 2.1774363476733978 8515234440
715986 300 2.233190517998244 8534919510
716286 300 2.234043898156277 8541481200
716586 300 2.2121878841088676 8548042890
716886 300 2.2036066725197543 8935182540
717186 300 2.218446005267779 8534099310
717486 300 2.2327164179104475 8534099310
717786 300 2.2270746268656714 8540661000
718086 300 2.1864442493415277 8534099310
718386 300 2.219251975417033 8541481200
718686 300 2.2173555750658474 8553784380
718986 300 2.239638279192274 8567727960
719286 300 2.202231782265145 9361692330
719586 300 2.205882352941176 8580851340
719886 300 2.2209587357330993 8574289650
720186 300 2.206166812993854 8575109880
720486 300 2.2272642669007903 8575109880
720786 300 2.229113257243196 8574289650
721086 300 2.178953467954346 8573469450
721386 300 2.2473187006145743 8573469450
721686 300 2.19644776119403 8573469450
721986 300 2.204934152765584 10371372180
722286 300 2.2177348551360843 9893189130
722586 300 2.2139894644424936 8600536410
722886 300 2.179285338015803 8600536410
723186 300 2.2125197541703248 8600536410
723486 300 2.2092010535557502 8600536410
723786 300 2.170087796312555 8601356610
724086 300 2.229113257243196 8601356610
724386 300 2.2457067603160668 8607098100
724686 300 2.23622475856014 8666153310
724986 300 2.193129060579456 9611036490
725286 300 2.2028007023705003 9078719490
725586 300 2.2166918349429325 9072157800
725886 300 2.2247515364354697 9072978000
726186 300 2.2318630377524147 9079539690
726486 300 2.2266005267778755 9079539690
726786 300 2.2296821773485513 9079539690
727086 300 2.239069359086918 9072978000
727386 300 2.2352765583845478 9093483300
727686 300 2.1853538191395963 9853818990
727986 300 2.2224758560140474 9113168340
728286 300 2.218446005267779 9113168340
728586 300 2.2091062335381917 9113168340
728886 300 2.208537313432836 9113168340
729186 300 2.2230921861281825 9112348140
729486 300 2.1995768217734852 9112348140
729786 300 2.256089552238806 9113168340
730086 300 2.2574170324846357 9171403350
730386 300 2.1966848112379282 9420747510
730686 300 2.2174503950834064 9106606650
730986 300 2.1998138718173834 9100044990
731286 300 2.2386900790166813 9100044990
731586 300 2.2286391571553996 9100044990
731886 300 2.191991220368745 9100044990
732186 300 2.2096751536435466 9100044990
732486 300 2.2590289727831427 9158279970
732786 300 2.234612818261633 9939120930
733086 300 2.222807726075505 9125471520
733386 300 2.2284969271290604 9125471520
733686 300 2.225604916593503 9125471520
733986 300 2.185401229148376 9125471520
734286 300 2.218967515364355 9125471520
734586 300 2.2138946444249337 9126291720
734886 300 2.2263634767339773 9126291720
735186 300 2.220484635645303 9164841660
735486 300 2.2250834064969274 9807887160
735786 300 2.2011887620719928 9112348140
736086 300 2.2592186128182616 9112348140
736386 300 2.195926251097454 9118909830
736686 300 2.241202809482002 9105786450
736986 300 2.2465601404741 9099224760
737286 300 2.208774363476734 9106606650
737586 300 2.2305829675153643 9107426880
737886 300 2.2319578577699737 9107426880
738186 300 2.1942669007901667 10268025600
738486 300 2.2144635645302895 10504246380
738786 300 2.2038437225636525 9145976790
739086 300 2.2543353819139593 9152538480
739386 300 2.2269323968393326 9139415100
739686 300 2.259692712906058 9145156590
739986 300 2.230345917471466 9059854620
740286 300 2.215222124670764 8995057950
740586 300 2.250068481123793 8844139110
740886 300 2.2523915715539946 8825274240
741186 300 2.2181141352063216 9598733340
741486 300 2.2120456540825284 8785904130
741786 300 2.239116769095698 8798207280
742086 300 2.274010535557507 8805589200
742386 300 2.2530079016681297 8832656160
742686 300 2.3020772607550484 8838397620
742986 300 2.2544776119402985 8837577420
743286 300 2.272540825285338 8837577420
743586 300 2.287095697980685 8922879390
743886 300 2.2745794556628622 9224717070
744186 300 2.275148375768218 8942564430
744486 300 2.2862423178226514 8942564430
744786 300 2.2610676031606673 8936822970
745086 300 2.2774714661984197 8938463400
745386 300 2.26718349429324 8937643170
745686 300 2.2759543459174716 8938463400
745986 300 2.272683055311677 9004080270
746286 300 2.287854258121159 9337906200
746586 300 2.2596453028972783 8951586750
746886 300 2.2650500438981567 8950766550
747186 300 2.3051115013169445 8944204860
747486 300 2.272920105355575 8943384660
747786 300 2.2678946444249344 8944204860
748086 300 2.2633432835820897 8944204860
748386 300 2.284914837576822 8865464610
748686 300 2.2966725197541704 8859723120
748986 300 2.2888024582967517 9312479640
749286 300 2.2840614574187885 8951586750
749586 300 2.2737734855136087 8951586750
749886 300 2.2751957857769973 8951586750
750186 300 2.2934486391571554 8945025090
750486 300 2.261494293239684 8899093260
750786 300 2.2702177348551364 8879408190
751086 300 2.288849868305531 8879408190
751386 300 2.286574187884109 8881048620
751686 300 2.2779929762949958 8880228390
751986 300 2.2779929762949958 8880228390
752286 300 2.2653345039508337 8881048620
752586 300 2.2984741000877964 8853981630
752886 300 2.2755750658472342 8840858250
753186 300 2.270028094820018 8841678480
753486 300 2.2747690956979807 8841678480
753786 300 2.2784196663740124 8841678480
754086 300 2.2377892888498687 8846599740
754386 300 2.274247585601405 8846599740
754686 300 2.2643863037752414 8848240170
754986 300 2.266851624231782 8847419940
755286 300 2.267420544337138 8847419940
755586 300 2.280742756804214 8847419940
755886 300 2.2852467076382794 8847419940
756186 300 2.2726356453028975 8846599740
756486 300 2.267515364354697 8847419940
756786 300 2.2866215978928888 8847419940
757086 300 2.3388674275680423 10651884390
757386 300 2.235418788410887 11124325980
757686 300 2.2347550482879717 9470780400
757986 300 2.255330992098332 9397781610
758286 300 2.246702370500439 9398601810
758586 300 2.2820702370500436 9397781610
758886 300 2.27358384547849 9398601810
759186 300 2.2556628621597894 9405163500
759486 300 2.282354697102722 9399422040
759786 300 2.228686567164179 9398601810
760086 300 2.3007497805092187 9536397300
760386 300 2.2880438981562774 10158937530
760686 300 2.2920737489025464 9424848570
760986 300 2.2555680421422304 9385478430
761286 300 2.3135030728709394 9392040120
761586 300 2.30700790166813 9384658230
761886 300 2.2578437225636523 9384658230
762186 300 2.2327164179104475 9384658230
762486 300 2.295582089552239 9312479640
762786 300 2.2381211589113255 9234559590
763086 300 2.300038630377524 9497027160
763386 300 2.260309043020193 9372355050
763686 300 2.2917892888498685 9260806350
763986 300 2.2925952589991216 9273929730
764286 300 2.2439999999999998 9273929730
764586 300 2.295345039508341 9273929730
764886 300 2.285531167690957 9280491420
765186 300 2.2670412642669007 9273929730
765486 300 2.2691747146619843 9255064890
765786 300 2.3041158911325725 9969468750
766086 300 2.277945566286216 9542138760
766386 300 2.2946338893766463 9241121280
766686 300 2.280553116769096 9241941510
766986 300 2.283445127304653 9241941510
767286 267 2.2591237928007026 9248503200
767553 1 2.2591237928007026 9248503200
767554 32 2.3217998244073748 9793123350
767586 300 2.0789657594381037 12483415800
767886 300 1.0337172958735734 16755075270
768186 300 0.9744073748902546 14018850990
768486 300 0.9845057067603161 14018850990
768786 300 0.9890096575943812 14018850990
769086 300 0.991095697980685 14012289300
769386 300 0.9960263388937666 13894178910
769686 300 1.015274802458297 13835123700
769986 300 0.9926602282704126 13854808770
770286 300 1.027316944688323 15908617380
770586 300 0.9807603160667253 13913863980
770886 300 1.0230500438981562 13873673640
771186 300 1.0415399473222124 13880235330
771486 300 1.015274802458297 13847426880
771786 300 1.0306356453028973 13828562010
772086 300 1.0309675153643547 13822000320
772386 300 1.023998244073749 13815438630
772686 300 1.021390693590869 13815438630
772986 300 1.0330061457418789 13926987360
773286 300 1.0738735733099212 14503595760
773586 300 1.0415399473222124 14123838030
773886 300 1.053060579455663 13835123700
774186 300 1.0163178226514487 13822000320
774486 300 1.0306356453028973 13835123700
774786 300 0.9732221246707639 13881055530
775086 300 0.9299841966637402 13861370460
775386 300 0.9651150131694469 13854808770
775686 300 1.0006251097453907 13848247080
775986 300 1.01873573309921 14623346580
776286 300 1.0067410008779631 14110714650
776586 300 1.0055557506584725 13822000320
776886 300 0.9908586479367868 13822000320
777186 300 1.0074047410008777 13822000320
777486 300 0.9789113257243195 13822000320
777786 300 0.9883933274802459 13822000320
778086 300 1.0085899912203686 13822000320
778386 300 1.0318683055311677 13849067310
778686 300 1.053202809482002 14917802370
778986 300 1.0486040386303777 14602841310
779286 300 1.0161281826163302 14294441940
779586 300 1.0073099209833187 14287880250
779886 300 1.036324846356453 14300183400
780186 300 1.0083055311676912 14150904990
780486 300 1.0215329236172082 13775248290
780786 300 1.007878841088674 13691586750
781086 300 1.005081650570676 13709631420
781386 300 1.0293081650570677 13683384660
781686 300 0.9824196663740123 13565274240
781986 300 1.0151799824407375 13572656160
782286 300 0.9951255487269535 13572656160
782586 300 1.0017629499561018 13572656160
782886 300 0.9861176470588235 13565274240
783186 300 1.04315188762072 15034272360
783486 300 1.0294503950834066 15946347090
783786 300 1.018071992976295 15218819850
784086 300 1.0302089552238805 14214881460
784386 300 1.0201580333625988 14220622920
784686 300 1.017171202809482 14214061230
784986 300 1.0224337137840211 14188634700
785286 300 1.044953467954346 14031154170
785586 300 1.0322949956101843 13834303500
785886 300 1.0182616330114136 13729316490
786186 300 1.1197190517998243 14037715860
786486 300 1.1370711150131696 13755563220
786786 300 1.0934539069359086 13611206070
787086 300 1.0902774363476733 13611206070
787386 300 1.090087796312555 13624329450
787686 300 1.0850149253731345 13611206070
787986 300 1.0718349429323968 13604644380
788286 300 1.0864372256365233 13663699590
788586 300 1.1465531167690957 14662716720
788886 300 1.1062546093064092 14461764990
789186 300 1.0644389815627744 14254251600
789486 300 1.0552888498683055 14241948420
789786 300 1.0696066725197542 13966357500
790086 300 1.048556628621598 13899920400
790386 300 1.0278858647936786 13880235330
790686 300 1.101513608428446 13781809980
790986 300 1.1118964003511853 13799854620
791286 300 1.1292010535557506 14726693190
791586 300 1.0762914837576822 14686502850
791886 300 1.0776663740122916 14208319770
792186 300 1.0535346795434593 14082827460
792486 300 1.0572326602282702 13964717070
792786 300 1.0106760316066725 13952413890
793086 300 1.0449060579455662 13904841660
793386 300 1.0627322212467076 13747361130
793686 300 1.0397383669885865 13616127330
793986 300 1.0799894644424937 15420591780
794286 300 1.059745390693591 16130074380
794586 300 1.0808902546093064 15946347090
794886 300 1.0227181738366988 14358418410
795186 300 0.9898156277436347 14358418410
795486 300 1.0246619841966638 14325609960
795786 300 1.006503950834065 14162387940
796086 300 0.9880614574187885 14031154170
796386 300 0.9897208077260755 13834303500
796686 300 0.9553485513608428 13722754800
796986 300 0.9780579455662863 14069704080
797286 300 1.073494293239684 14621706150
797586 300 1.0739209833187005 13762124910
797886 300 0.9869236172080774 13767046200
798186 300 0.9989657594381037 13799854620
798486 300 1.006646180860404 13780169550
798786 300 1.0031852502194907 13773607890
799086 300 0.9931343283582089 13753922820
799386 300 0.9854539069359088 13760484510
799686 300 1.0175978928884986 14036075430
799986 300 1.0445267778753293 14331351420
800286 300 1.036988586479368 14055760500
800586 300 1.020110623353819 13786731240
800886 300 0.9991079894644426 13785090840
801186 300 1.0123827919227393 13759664280
801486 300 0.9974486391571553 13759664280
801786 300 0.98270412642669 13766225970
802086 300 0.9192695346795436 13766225970
802386 300 0.9226356453028973 13766225970
802686 300 0.9800491659350309 14218982520
802986 300 0.9554433713784021 13910583120
803286 300 0.9112572431957857 13772787660
803586 300 0.8860825285338015 14625807210
803886 300 0.8903968393327482 14040996690
804186 300 0.8996417910447763 14041816920
804486 300 0.890918349429324 14061501960
804786 300 0.9012537313432837 14054940300
805086 300 0.9478103599648815 14658615660
805386 300 0.8997366110623355 14205859140
805686 300 0.8837120280948201 14199297450
805986 300 0.8670711150131694 14206679340
806286 300 0.9189850746268656 14128759290
806586 300 0.838577699736611 14068883880
806886 300 0.9059947322212467 14062322190
807186 300 0.9146707638279192 13826101380
807486 300 0.8960860403863039 13747361130
807786 300 0.9275662862159789 14036075430
808086 300 0.9552063213345039 14935026810
808386 300 0.8812467076382793 14357598180
808686 300 0.8673555750658474 14337092910
808986 300 0.8959438103599648 14316587640
809286 300 0.8709587357330992 14199297450
809586 300 0.897603160667252 14082827460
809886 300 0.8789710272168569 14035255230
810186 300 0.8530851624231781 13931088420
810486 300 1.3389429323968394 13852348140
810786 300 0.887978928884987 14055760500
811086 300 0.8966075504828798 15794608050
811386 300 0.8784969271290606 15886471680
811686 300 0.8992625109745391 14456023530
811986 300 0.8711483757682179 14442900150
812286 300 0.8695364354697104 14442900150
812586 300 0.8823371378402108 14396968320
812886 300 0.9063266022827041 14232926100
813186 300 0.8522791922739246 14173870890
813486 300 0.8282897278314312 14180432580
813786 300 0.8791606672519755 14036895630
814086 300 0.9490430201931519 14377283250
814386 300 0.9067058823529411 14436338460
814686 300 0.9116365232660227 13858909830
814986 300 0.8653643546971028 13845786450
815286 300 0.8127392449517121 13819539690
815586 300 0.876884986830553 13812978000
815886 300 0.8766479367866551 13806416310
816186 300 0.8755100965759438 13826101380
816486 300 0.8519947322212469 13831842870
816786 300 0.8654117647058824 14081187030
817086 300 0.8678296751536437 14141062440
817386 300 0.8590588235294118 13852348140
817686 300 0.8563090430201933 13858909830
817986 300 0.8666444249341528 13865471520
818286 300 0.8322721685689202 13858909830
818586 240 0.8719543459174715 13858909830
818826 60 0.6504073748902546 13858909830
818886 125 0.6483213345039509 13773607890
819011 3 0.7168762071992977 8812971090
819014 2 0.6275557506584724 8812971090
819016 9 0.6275557506584724 8812971090
819025 161 0.706161545215101 10515729360
819186 300 0.792163301141352 13314289650
819486 300 0.9101668129938542 14082007260
819786 300 0.8756049165935031 14089389150
820086 300 0.865838454784899 13595622060
820386 300 0.8654591747146619 13596442290
820686 189 0.9192695346795436 14351036490
820875 111 0.6400245829675154 13878594900
820986 72 0.6555750658472344 13840044990
821058 4 0.6356628621597893 9175504410
821062 2 0.6356628621597893 9017203650
821064 11 0.6356628621597893 9017203650
821075 211 0.6970114135206322 11297390550
821286 300 0.7662774363476733 13466028720
821586 23 0.9093608428446006 13505398830
821609 186 0.6290254609306409 13400411820
821795 4 0.6226725197541703 8393843220
821799 9 0.6093503072870939 8393843220
821808 1 0.6093503072870939 8393843220
821809 77 0.6661474978050921 9591351420
821886 140 0.7557050043898156 12389091510
822026 160 0.5295592625109745 12382529820
822186 24 0.6308270412642669 13156809120
822210 5 0.5854556628621599 8301159360
822215 1 0.5854556628621599 8301159360
822216 10 0.5854556628621599 8301159360
822226 260 0.685585601404741 11260481040
822486 300 0.8543178226514487 12783613080
822786 300 0.8308972783143109 12783613080
823086 300 0.8183336259877085 12803298120
823386 300 0.7999859525899913 12809859810
823686 300 0.8237857769973662 12796736430
823986 300 0.8499561018437226 12809859810
824286 300 0.846969271290606 12836106570
824586 300 0.8278156277436349 12822983190
824886 300 0.8397155399473222 12836106570
825186 300 0.7983740122914839 12842668260
825486 300 0.7866163301141352 12836106570
825786 300 0.8012660228270414 12875476710
826086 300 0.8064811237928008 12914846850
826386 300 0.7799315188762074 12901723470
826686 300 0.787043020193152 12908285160
826986 300 0.7599719051799825 12901723470
827286 300 0.7767550482879719 12875476710
827586 300 0.7780825285338016 13551330660
827886 300 0.8195662862159789 15034272360
828186 300 0.7914521510096575 14325609960
828486 300 0.7704969271290607 13006710480
828786 300 0.7832502194907816 12987025410
829086 300 0.7939174714661985 12960778680
829386 300 0.803636523266023 12973902030
829686 300 0.7933485513608429 12972261630
829986 300 0.7846725197541703 12939453180
830286 300 0.7850517998244073 12947655300
830586 300 0.8024512730465321 12947655300
830886 300 0.8444565408252853 13610385870
831186 300 0.804774363476734 13676002740
831486 300 0.8079982440737489 13026395550
831786 300 0.7936330114135206 12979643520
832086 300 0.7905513608428446 12973902030
832386 300 0.782918349429324 13572656160
832686 300 0.4953292361720808 7702405260
832986 112 0.5639315188762072 7722090300
833098 6 0.5641211589113257 7722090300
833104 1 0.5640263388937665 7722910530
833105 4 0.5639315188762072 7722910530
833109 1 0.5639315188762072 7722910530
833110 175 0.5717067603160668 8110870380
833285 1 0.5717067603160668 8110870380
833286 300 0.6121000877963125 10853656320
833586 300 0.7517699736611062 13137944280
833886 300 0.8207989464442493 13439781960
834186 300 0.8122651448639158 13308548190
834486 300 0.7788884986830553 13052642310
834786 300 0.7714451273046532 12968160570
835086 300 0.7781773485513608 12987025410
835386 300 0.737025460930641 12973902030
835686 300 0.7683160667251976 12987025410
835986 300 0.7495891132572432 12986205210
836286 300 0.7684108867427569 12980463720
836586 300 0.810937664618086 13658778330
836886 300 0.8178121158911326 13831022640
837186 300 0.7887497805092187 13680103800
837486 300 0.8120755048287971 13627610310
837786 300 0.798326602282704 13199460090
838086 300 0.8299016681299387 13036238100
838386 300 0.7834872695346795 13042799790
838686 300 0.8091360842844602 13037058300
838986 300 0.7763283582089552 13030496610
839286 300 0.7969517120280948 13043619990
839586 300 0.7999385425812116 13050181680
839886 300 0.7652818261633011 13029676410
840186 300 0.7429043020193152 13056743370
840486 300 0.7475030728709395 13056743370
840786 300 0.7705917471466199 13037058300
841086 300 0.7788410886742758 13036238100
841386 300 0.7872326602282704 13043619990
841686 300 0.7761861281826163 13042799790
841986 300 0.7765654082528534 13055923170
842286 300 0.7587392449517121 13069046520
842586 300 0.7607304653204565 13049361480
842886 300 0.7757594381035997 13063305060
843186 300 0.7773713784021072 13056743370
843486 300 0.7564161545215101 13043619990
843786 300 0.7958138718173837 13057563570
844086 300 0.7838191395961369 13057563570
844386 300 0.7527655838454784 13051001880
844686 300 0.7331852502194909 13043619990
844986 300 0.7834398595258999 13050181680
845286 300 0.7774661984196665 13043619990
845586 300 0.7681738366988587 15884831280
845886 300 0.7767550482879719 13556251920
846186 300 0.7685057067603163 13543128540
846486 300 0.7786514486391571 13543128540
846786 300 0.7940597014925372 14356777980
847086 300 0.7327585601404742 15098248830
847386 300 0.7669885864793679 13084630530
847686 300 0.7706391571553995 13091192220
847986 300 0.7751431079894646 13084630530
848286 300 0.7747638279192275 13070686950
848586 300 0.736883230904302 13064125260
848886 300 0.7942019315188763 13063305060
849186 300 0.7989429323968393 13069866750
849486 300 0.7880860403863038 13076428440
849786 300 0.7806426690079018 13063305060
850086 300 0.7578858647936787 13102675200
850386 300 0.7740526777875331 13161730380
850686 300 0.7940597014925372 13135483620
850986 300 0.8215100965759438 13517702010
851286 300 0.8321299385425813 15487028880
851586 300 0.822126426690079 15774922980
851886 300 0.8293801580333625 13917965040
852186 300 0.8453099209833187 13694047410
852486 300 0.8113643546971028 13522623270
852786 300 0.8227427568042142 13404512880
853086 300 0.8391466198419667 13318390710
853386 300 0.8150149253731345 13195359030
853686 300 0.804774363476734 13228167480
853986 300 0.7885601404741002 13248672780
854286 300 0.8186654960491659 13228987710
854586 300 0.8630412642669008 13745720700
854886 300 0.867640035118525 15668295540
855186 300 0.8843757682177348 15537061770
855486 300 0.831655838454785 15117113670
855786 300 0.8500035118525021 13811337600
856086 300 0.7914521510096575 13680924030
856386 300 0.8511413520632134 14094310410
856686 300 0.8077611940298507 13687485720
856986 300 0.828574187884109 13398771390
857286 300 0.8444091308165058 13385648010
857586 300 0.8773116769095699 13313469450
857886 300 0.922825285338016 13753102590
858186 300 0.8751308165057068 13602183750
858486 300 0.857731343283582 13594801860
858786 300 0.8915346795434593 13437321330
859086 300 0.8384354697102722 13357760850
859386 300 0.8524214223002634 13220785590
859686 300 0.8434135206321336 13221605790
859986 300 0.8942844600526778 13221605790
860286 300 0.9342985074626866 13569375300
860586 300 0.9441123792800703 14080366830
860886 300 0.9032923617208076 13286402490
861186 300 0.8465899912203687 13267537620
861486 300 0.873044776119403 13259335500
861786 300 0.8527532923617209 13254414240
862086 300 0.8914398595259 13221605790
862386 300 0.8597225636523267 13221605790
862686 300 0.8944741000877963 13220785590
862986 300 0.9415048287971906 14159927310
863286 300 0.9043353819139597 14572493490
863586 300 0.8907287093942055 14001626550
863886 300 0.8477752414398595 13989323400
864186 300 0.8933836698858648 13771967460
864486 300 0.86830377524144 13615307130
864786 300 0.8736136962247587 13608745440
865086 300 0.9053309920983319 13346277900
865386 300 0.9180842844600527 13241290860
865686 300 0.922161545215101 14297722770
865986 300 0.9184635645302898 14186174070
866286 300 0.900305531167691 13943391570
866586 300 0.8905390693590869 13942571370
866886 300 0.895659350307287 13942571370
867186 300 0.8997840210711151 13758844080
867486 300 0.9020597014925372 13530005190
867786 300 0.9195539947322213 13418456460
868086 300 0.9042405618964003 13418456460
868386 300 0.8897805092186127 13431579840
868686 300 0.9647831431079896 15085125450
868986 300 0.9548744512730467 15131057250
869286 300 0.9158086040386303 13281481200
869586 300 0.9189376646180861 13301166270
869886 300 0.9315487269534679 13320851340
870186 300 0.9276611062335383 13314289650
870486 300 0.9257172958735733 13314289650
870786 300 0.9119209833187008 13314289650
871086 300 0.8985513608428447 13307727960
871386 300 0.9042405618964003 13320851340
871686 300 0.9504653204565408 13314289650
871986 300 0.9658261633011415 13878594900
872286 300 0.9447287093942055 13812978000
872586 300 0.95572783143108 13682564430
872886 300 0.9386602282704126 13531645590
873186 300 0.9487111501316945 13491455250
873486 300 0.9223511852502196 13478331870
873786 300 0.9534521510096576 13366783170
874086 300 0.9703301141352063 13398771390
874386 300 0.9926602282704126 13799034420
874686 300 1.006503950834065 14428956540
874986 300 0.9686707638279193 13884336390
875286 300 0.9347251975417032 13529184960
875586 300 0.8949956101843723 13452085110
875886 300 0.9392765583845479 13326592830
876186 300 0.9902423178226516 13320851340
876486 300 1.0170763827919227 13314289650
876786 300 1.068231782265145 13444703220
877086 300 1.0655768217734853 13930268190
877386 300 1.0437208077260756 13727676060
877686 300 0.9992502194907814 13681744230
877986 300 1.0061720807726076 13498016940
878286 300 0.9975908691834943 13406153310
878586 300 1.015748902546093 13314289650
878886 300 1.0096330114135208 13294604580
879186 300 1.0352818261633012 13281481200
879486 300 1.0196365232660227 13877774700
879786 300 1.0013362598770852 13826101380
880086 300 0.9943195785776998 13701429300
880386 300 0.9712309043020194 13688305920
880686 300 0.953546971027217 13524263700
880986 300 0.9697611940298508 13340536410
881286 300 0.9798595258999122 13347098100
881586 300 0.9925654082528536 13346277900
881886 300 0.9510342405618966 13549690230
882186 300 1.0006251097453907 15368098260
882486 300 1.0862949956101844 15564128730
882786 300 0.9952203687445127 14693064540
883086 300 0.9643564530289729 14030333940
883386 300 0.9592835820895521 13983581910
883686 300 0.9803336259877086 13977020220
883986 300 1.02902370500439 13845786450
884286 300 1.033622475856014 13701429300
884586 300 0.9527410008779631 13478331870
884886 300 0.9924705882352942 13484893560
885186 300 1.015132572431958 13583318910
885486 300 1.0008621597892888 14502775560
885786 300 1.0018103599648815 14424035280
886086 300 1.0008147497805093 14161567740
886386 300 0.9670114135206322 14161567740
886686 300 0.9718472344161546 14147624130
886986 300 0.9459139596136963 13983581910
887286 300 0.9793854258121159 13648935780
887586 300 0.9583827919227392 13622689020
887886 300 0.97502370500439 13621868820
888186 300 0.9815188762071994 13877774700
888486 300 1.001241439859526 14173050690
888786 300 0.9874451273046533 13995885090
889086 300 0.9701878841088674 13995064890
889386 300 0.9754503950834065 13988503200
889686 300 0.9833204565408252 13712912250
889986 300 0.9967848990342406 13529184960
890286 300 0.968955223880597 13542308340
890586 300 0.9831782265144864 13524263700
890886 300 0.969998244073749 13543948770
891186 300 1.0060772607550486 14554448850
891486 300 1.0611676909569798 14436338460
891786 300 1.020395083406497 14194376160
892086 300 0.9914275680421422 14180432580
892386 300 0.9755926251097453 14483090490
892686 300 0.9866865671641792 13912223550
892986 300 0.9718472344161546 13715372880
893286 300 0.9324969271290605 13617767760
893586 300 0.9761141352063214 13506219060
893886 300 0.9571501316944688 13505398830
894186 300 1.0042756804214223 13905661860
894486 300 0.9758770851624232 13866291720
894786 300 0.9411729587357331 13853168340
895086 300 0.9334451273046532 13853168340
895386 300 0.8992151009657594 13708811190
895686 300 0.9601843722563653 13696508040
895986 300 0.9475733099209833 13695687810
896286 300 0.9788165057067605 13577577420
896586 300 0.9475258999122038 13564454040
896886 300 0.9528358208955224 13892538480
897186 300 0.9977330992098333 15565769160
897486 300 1.0086374012291484 15585454230
897786 300 0.9986338893766462 14221443150
898086 300 1.0329113257243194 14228004840
898386 300 0.9545899912203687 14221443150
898686 300 0.9544003511852504 14490472380
898986 300 0.9768252853380157 14031154170
899286 300 0.9480000000000002 14004907410
899586 300 1.0198261633011416 13853988570
899886 300 0.9857383669885865 13703069730
900186 300 0.9614170324846357 13716193110
900486 300 0.9697611940298508 13958975580
900786 300 1.048935908691835 13689946350
901086 300 1.0479877085162423 13683384660
901386 300 1.044052677787533 13676822970
901686 300 1.0070728709394206 13676822970
901986 300 0.9902897278314311 13703069730
902286 300 0.9847901668129938 13696508040
902586 300 1.0020474100087797 13689126120
902886 300 0.9524091308165057 13721934570
903186 300 0.9353415276558383 14129579490
903486 300 0.8833801580333626 14359238610
903786 300 0.8474433713784022 14090209350
904086 300 0.9118261633011414 14090209350
904386 300 0.96729587357331 13998345720
904686 300 0.984647936786655 13840865190
904986 300 0.9856435469710272 13749821760
905286 300 0.9560597014925373 13618587990
905586 300 0.9370008779631256 13624329450
905886 300 1.034665496049166 14359238610
906186 300 0.9934661984196664 14667637980
906486 300 0.9764460052677787 14234566530
906786 300 0.9419315188762072 14228004840
907086 300 0.9683388937664618 14175511320
907386 300 0.9620807726075504 13899920400
907686 300 0.9123950834064971 13873673640
907986 300 0.9201229148375769 13663699590
908286 300 0.9750711150131695 13545589200
908586 300 0.9976856892010535 13735878150
908886 300 1.009348551360843 14397788520
909186 300 0.98915188762072 14232926100
909486 300 0.9939402985074628 14226364410
909786 300 0.9326391571553996 14200117650
910086 300 0.9645460930640914 13957335150
910386 300 0.9147181738366987 13799854620
910686 300 0.8955645302897279 13675182540
910986 300 0.9213081650570676 13676822970
911286 300 0.9518876207199297 14050839240
911586 300 0.9920438981562776 15606779700
911886 300 0.9998191395961369 15947167320
912186 300 0.9361949078138718 14260813260
912486 300 0.9577190517998245 14247689910
912786 300 0.9683863037752416 14786568600
913086 300 0.9238208955223882 13925346930
913386 300 0.9150026338893767 13676002740
913686 300 0.8780228270412644 13617767760
913986 300 0.9106883230904301 13617767760
914286 300 0.9904793678665496 14305924890
914586 300 0.9430219490781387 13926167130
914886 300 0.8547919227392451 13939290510
915186 300 0.8881685689201053 13926167130
915486 300 0.8653169446883231 13834303500
915786 300 0.8751782265144865 13671081480
916086 300 0.8871255487269536 13651396410
916386 300 0.8834749780509219 13657958100
916686 300 0.8849446883230905 13651396410
916986 300 0.9010166812993855 13644014520
917286 300 0.9460561896400352 14602021110
917586 300 0.8906338893766461 14523280830
917886 300 0.878449517120281 14241128220
918186 300 0.8714802458296751 14201758080
918486 300 0.8700105355575067 14503595760
918786 300 0.8719543459174715 14155826250
919086 300 0.8769798068481124 14004907410
919386 300 0.8539859525899913 13789191900
919686 300 0.879208077260755 13782630210
919986 300 0.8986935908691835 13781809980
920286 300 0.9038612818261633 14313306780
920586 300 0.9245320456540826 13991784030
920886 300 0.856972783143108 13972919190
921186 300 0.8490553116769095 14241128220
921486 300 0.8491027216856892 13840865190
921786 300 0.8455943810359965 13788371670
922086 300 0.8194714661984198 13670261280
922386 300 0.8696312554872695 13676822970
922686 300 0.8517576821773487 14024592480
922986 300 0.8650798946444249 13703889930
923286 300 0.8496242317822651 13703889930
923586 300 0.8590588235294118 13723575000
923886 300 0.8691097453906936 13716193110
924186 300 0.8732818261633012 13716193110
924486 300 0.8560719929762951 13716193110
924786 300 0.8771694468832311 13709631420
925086 300 0.900684811237928 15199134780
925386 300 0.9172309043020194 15953729010
925686 300 0.8766479367866551 15126956220
925986 300 0.8579683933274802 14378923680
926286 300 0.8543652326602283 14405170440
926586 300 0.8705794556628622 14405990640
926886 300 0.8561668129938542 14301003630
927186 300 0.8601018437225636 14248510110
927486 300 0.8709113257243197 14248510110
927786 300 0.889116769095698 14136961410
928086 300 0.8709113257243197 14091029580
928386 300 0.9168516242317823 14340373740
928686 300 0.9132484635645304 14772625020
928986 300 0.8756997366110625 14405170440
929286 300 0.8390043898156279 14248510110
929586 300 0.8646532045654083 14241128220
929886 300 0.8818630377524145 14096771040
930186 300 0.8629464442493416 13828562010
930486 300 0.875747146619842 13782630210
930786 300 0.9072273924495171 13808876940
931086 300 0.9668217734855137 14399428950
931386 300 0.9063266022827041 14504415960
931686 300 0.8768375768217735 14378923680
931986 300 0.8777857769973663 14371541760
932286 300 0.8614293239683934 14346115230
932586 300 0.8516628621597894 14208319770
932886 300 0.8523266022827041 13972098960
933186 300 0.8868884986830554 13861370460
933486 300 0.8839964881474978 14196016590
933786 300 0.8380087796312556 13828562010
934086 300 0.8573046532045655 13749821760
934386 300 0.8399051799824407 13749821760
934686 300 0.8555030728709394 13749821760
934986 300 0.8228375768217735 13749821760
935286 300 0.8615715539947322 13749821760
935586 300 0.8834749780509219 13743260070
935886 300 0.9161878841088675 14346935430
936186 300 0.9210711150131694 14497854300
936486 300 0.8970342405618965 14386305570
936786 300 0.882052677787533 14386305570
937086 300 0.8963230904302021 14189454900
937386 300 0.848107111501317 14005727610
937686 300 0.8547445127304654 13874493840
937986 300 0.8788762071992977 13828562010
938286 300 0.892198419666374 13827741810
938586 300 0.944776119402985 14247689910
938886 300 0.9223037752414398 14038536060
939186 300 0.9122054433713784 13854808770
939486 300 0.906611062335382 13841685390
939786 300 0.9001633011413521 13841685390
940086 300 0.9292730465320457 13835123700
940386 300 0.9183213345039509 13835123700
940686 300 0.8802510974539071 13874493840
940986 300 0.9683863037752416 15081844590
941286 300 0.9611325724319579 15692081670
941586 300 0.9809973661106233 16262948580
941886 300 0.9458191395961371 14576594550
942186 300 0.9431167690956981 14458484160
942486 300 0.918700614574188 14451922470
942786 300 0.931169446883231 14445360780
943086 300 0.9087919227392449 14333812050
943386 300 0.9278507462686567 14143523100
943686 300 0.9212133450395084 14123838030
943986 300 0.9889622475856014 14806253670
944286 300 0.9380913081650571 14727513390
944586 300 0.9415048287971906 14235386730
944886 300 0.8924354697102722 14235386730
945186 300 0.8998788410886744 14097591270
945486 300 0.8925302897278315 14051659440
945786 300 0.898883230904302 13959795810
946086 300 0.9050939420544337 13867932150
946386 300 0.9062317822651449 13789191900
946686 300 0.9515557506584724 14373182190
946986 300 0.9099297629499561 14471607540
947286 300 0.9154767339771731 14366620500
947586 300 0.8912502194907813 14661896520
947886 300 0.8831431079894644 14097591270
948186 300 0.8991676909569799 14051659440
948486 300 0.94415978928885 13940110740
948786 300 0.9504653204565408 13986042540
949086 300 0.9572449517120282 14274756870
949386 300 0.9816611062335383 14091029580
949686 300 0.9081281826163302 14084467890
949986 300 0.9390869183494294 13959795810
950286 300 0.9049991220368744 13940110740
950586 300 0.9170886742756805 13920425670
950886 300 0.9296523266022827 13828562010
951186 300 0.9405092186128183 13972919190
951486 300 0.9814714661984196 14438799090
951786 300 0.9551115013169447 14465045850
952086 300 0.9701878841088674 14340373740
952386 300 0.9780579455662863 14248510110
952686 300 0.93899209833187 14064782820
952986 300 0.9468147497805093 13926987360
953286 300 0.907891132572432 13841685390
953586 300 0.9088393327480248 13874493840
953886 300 0.9516979806848112 15803630370
954186 300 0.9499438103599649 15836438820
954486 300 0.9569130816505707 15298380330
954786 300 0.9611799824407375 14379743880
955086 300 0.939371378402107 14366620500
955386 300 0.9675329236172082 14373182190
955686 300 0.9460087796312554 14320688700
955986 300 0.97502370500439 14156646450
956286 300 0.9620807726075504 14156646450
956586 300 0.9916646180860403 14163208140
956886 300 1.0294503950834066 15055597830
957186 300 0.9805232660228271 14668458210
957486 300 0.891819139596137 14287880250
957786 300 0.8482967515364355 14294441940
958086 300 0.8884056189640035 14176331520
958386 300 0.8683511852502196 13861370460
958686 300 0.8529903424056191 13867932150
958986 300 0.8672133450395083 13848247080
959286 300 0.855171202809482 13848247080
959586 300 0.9112098331870062 14189454900
959886 300 0.9574820017559263 15003104340
960186 300 0.9049517120280949 14543786100
960486 300 0.9009218612818262 14465045850
960786 300 0.9035768217734854 14465045850
961086 300 0.9146233538191397 14314127010
961386 300 0.9136277436347675 14050839240
961686 300 0.9515557506584724 13907302290
961986 300 0.9213081650570676 13873673640
962286 300 0.92358384547849 13899920400
962586 300 0.9851220368744513 14248510110
962886 300 0.9937032484635646 14622526380
963186 300 0.9563441615452151 14451922470
963486 300 0.9810447761194031 14445360780
963786 300 0.9959315188762072 14405990640
964086 300 0.9938454784899035 14268195180
964386 300 0.9644986830553117 14169769830
964686 300 0.9681492537313434 14169769830
964986 300 0.979622475856014 14130399720
965286 300 1.0069780509218613 14589717930
965586 300 0.9694293239683933 14589717930
965886 300 0.9889622475856014 14360058810
966186 300 1.0120983318700616 14222263350
966486 300 0.9595680421422301 14064782820
966786 300 0.9736014047410009 14031974370
967086 300 0.9832256365232661 13986042540
967386 300 0.9939402985074628 13900740600
967686 300 1.0466128182616332 14642211450
967986 300 1.0112923617208076 14898117300
968286 300 0.9866391571553994 14445360780
968586 300 0.9859280070237051 14438799090
968886 300 0.9869236172080774 14392867260
969186 300 0.9598999122036875 14190275130
969486 300 0.9745496049165936 14045917950
969786 300 0.94415978928885 14039356290
970086 300 0.962791922739245 14032794600
970386 300 0.9963582089552239 15878269590
970686 300 1.0093959613696226 16430271660
970986 300 0.9652098331870063 15661733850
971286 300 0.932070237050044 14539685040
971586 300 0.9607058823529412 14533123350
971886 300 0.9801913959613697 14506056390
972186 300 0.9369534679543459 14335452480
972486 300 0.936289727831431 14256712230
972786 300 0.9425004389815629 14255892000
973086 300 0.9453924495171204 14204218710
973386 300 1.002663740122915 14663536920
973686 300 1.1467427568042141 14583976440
973986 300 1.509050043898156 14546246730
974286 300 1.072214223002634 14520000000
974586 300 0.9584776119402986 14447821410
974886 300 0.9574820017559263 14276397300
975186 300 0.9729376646180862 14256712230
975486 300 1.0097752414398595 14256712230
975786 300 1.007546971027217 14702907060
976086 300 0.9968797190518 14663536920
976386 300 0.9711360842844601 14419934220
976686 300 0.9551115013169447 14413372530
976986 300 0.8885952589991222 14302644030
977286 300 0.9035768217734854 14144343300
977586 300 0.9602317822651448 14145163500
977886 300 0.9761141352063214 14054120070
978186 300 0.9885829675153643 14008188240
978486 300 0.9918068481123794 14256712230
978786 300 0.9582879719051799 14807073870
979086 300 0.9345829675153643 14551168020
979386 300 0.9771097453906937 14544606330
979686 300 0.9700930640913081 14380564110
979986 300 0.9586672519754171 14275577070
980286 300 0.969618964003512 14150904990
980586 300 1.005081650570676 14013109530
980886 300 0.9456769095697982 13999986150
981186 300 0.9497541703248464 14243588850
981486 300 1.0332906057945568 14741456970
981786 300 1.0299719051799825 14722592130
982086 300 1.0045601404741 14428136340
982386 300 1.0059350307287094 14427316140
982686 300 0.9730324846356452 14426495910
982986 300 0.9803336259877086 14420754450
983286 300 0.9257172958735733 14191095330
983586 300 0.9550166812993854 14164028370
983886 300 0.9647831431079896 14347755660
984186 300 1.0065513608428447 16080041520
984486 300 0.9835100965759439 16414687650
984786 300 0.9809499561018438 14675840100
985086 300 0.9540684811237928 14669278410
985386 300 0.9342036874451273 14662716720
985686 300 0.933729587357331 14616784890
985986 300 0.9052835820895524 14531482950
986286 300 0.8918665496049165 14531482950
986586 300 0.9012537313432837 14478989430
986886 300 0.9293204565408253 14209960200
987186 300 0.9882510974539069 14898937530
987486 300 0.9450131694468832 14420754450
987786 300 0.9073696224758561 14159107110
988086 300 0.8866514486391572 14152545420
988386 300 0.889116769095698 14145983730
988686 300 0.845025460930641 14145983730
988986 300 0.8735188762071994 14139422040
989286 300 0.8783546971027216 14145983730
989586 300 0.8843757682177348 14132860350
989886 300 0.9574345917471467 14420754450
990186 300 0.9354363476733977 14303464260
990486 300 0.8810570676031606 14106613590
990786 300 0.86958384547849 14093490210
991086 300 0.8836646180860404 14118916740
991386 300 0.9069429323968393 14127118860
991686 300 0.8770272168568919 14113175280
991986 300 0.870721685689201 14126298660
992286 300 0.8927673397717297 14184533640
992586 300 0.9014907813871819 14854646130
992886 300 0.8645583845478491 14710288950
993186 300 0.8689675153643548 14678300730
993486 300 0.8528955223880598 15274594200
993786 300 0.8876470588235295 14546246730
994086 300 0.8915820895522388 14408451270
994386 300 0.8475856014047409 14402709810
994686 300 0.8713854258121161 14415833160
994986 300 0.8630412642669008 15084305220
995286 300 0.8862247585601404 14539685040
995586 300 0.8572098331870062 14514258510
995886 300 0.8325566286215978 14389586430
996186 300 0.8528007023705004 14355957750
996486 300 0.8260140474100088 14263273920
996786 300 0.8503827919227394 14074625340
997086 300 0.8682089552238805 14061501960
997386 300 0.8358279192273925 14218982520
997686 300 0.9004477611940298 12374327730
997986 300 0.8667392449517122 8338889070
998286 300 0.8382932396839333 7805751840
998586 300 0.8139244951712028 8429932500
998886 300 0.8281949078138717 7780325310
999186 300 0.811316944688323 7772943390
999486 300 0.8233116769095699 7760640240
999786 300 0.8852291483757682 7780325310
1000086 300 0.9124424934152766 8272451970
1000386 300 0.8640842844600527 7774583820
1000686 300 0.8252554872695348 7767201930
1000986 300 0.8315136084284461 7782785940
1001286 300 0.7913099209833186 7768842360
1001586 300 0.7895557506584724 8607918300
1001886 300 0.7740526777875331 8121533130
1002186 300 0.762484635645303 8142038400
1002486 300 0.7761861281826163 8128915020
1002786 300 0.7911202809482003 8128915020
1003086 300 0.8232168568920105 8699781960
1003386 300 0.827009657594381 8240463720
1003686 300 0.8235961369622475 8174846850
1003986 300 0.8076189640035119 8181408540
1004286 300 0.8077137840210712 8076421500
1004586 300 0.8285267778753294 8069859810
1004886 300 0.7978525021949079 8069859810
1005186 300 0.8033520632133451 8056736430
1005486 300 0.8182388059701493 8063298120
1005786 300 0.8099894644424934 8089544880
1006086 300 0.8643687445127304 8778522210
1006386 300 0.8080456540825285 8411067630
1006686 300 0.8102265144863916 8371697520
1006986 300 0.8276259877085163 8365135830
1007286 300 0.8265829675153645 8358574140
1007586 300 0.834737489025461 8155981980
1007886 300 0.8345478489903424 7985378070
1008186 300 0.8666444249341528 7932884580
1008486 300 0.8787813871817385 8555424810
1008786 300 0.8348323090430203 8502931290
1009086 300 0.8412800702370502 8286395550
1009386 300 0.8536066725197543 8286395550
1009686 300 0.8364442493415277 8168285160
1009986 300 0.8300438981562775 8057556660
1010286 300 0.8488182616330113 8037871590
1010586 300 0.8606233538191397 8031309900
1010886 300 0.875747146619842 8056736430
1011186 300 0.9172309043020194 9081180120
1011486 300 0.879729587357331 9218975580
1011786 300 0.879729587357331 8425011240
1012086 300 0.8748937664618086 8424191010
1012386 300 0.836254609306409 8423370810
1012686 300 0.8579209833187007 9027046200
1012986 300 0.8672133450395083 8069859810
1013286 300 0.8630886742756805 8018186520
1013586 300 0.8640842844600527 8024748210
1013886 300 0.8494820017559263 7972254690
1014186 300 0.8955171202809482 8621861910
1014486 300 0.8830482879719053 8182228740
1014786 300 0.8803933274802459 8182228740
1015086 300 0.834073748902546 8182228740
1015386 300 0.8427497805092186 8057556660
1015686 300 0.8382458296751538 7918940970
1015986 300 0.8323669885864795 7918940970
1016286 300 0.8539859525899913 7926322890
1016586 300 0.8637524143985952 7932884580
1016886 300 0.8711009657594381 8241283950
1017186 300 0.8509517120280948 8804768970
1017486 300 0.8278156277436349 8627603370
1017786 300 0.8371079894644424 8397944280
1018086 300 0.8381035996488146 8391382590
1018386 300 0.8315136084284461 8365956030
1018686 300 0.8167690956979807 8228160570
1018986 300 0.8299016681299387 8030489700
1019286 300 0.8185706760316066 7918940970
1019586 300 0.8230272168568922 7820515650
1019886 300 0.8629938542581211 8568548190
1020186 300 0.8463055311676909 8305260420
1020486 300 0.8317032484635645 7833639030
1020786 300 0.8489604916593504 7834459230
1021086 300 0.8396207199297631 7834459230
1021386 300 0.8325566286215978 7827077340
1021686 300 0.8333625987708517 7820515650
1021986 300 0.8420386303775242 7834459230
1022286 300 0.8818630377524145 7821335850
1022586 300 0.9098823529411765 8346270960
1022886 300 0.8821000877963127 8050994970
1023186 300 0.8412800702370502 7899255900
1023486 300 0.8830008779631255 7900076130
1023786 300 0.8401896400351185 7886952750
1024086 300 0.8106057945566287 7873829370
1024386 300 0.8052010535557506 7880391060
1024686 300 0.8239754170324847 7893514440
1024986 300 0.853891132572432 8956508040
1025286 300 0.87342405618964 9179605440
1025586 300 0.9024863915715541 8411887860
1025886 300 0.8789236172080773 8365956030
1026186 300 0.8674503950834065 8274092400
1026486 300 0.8705320456540826 8995878150
1026786 300 0.8631360842844602 8136296910
1027086 300 0.8389095697980685 7991939760
1027386 300 0.8674978050921862 7932884580
1027686 300 0.8673081650570675 7926322890
1027986 300 0.8985513608428447 8556245010
1028286 300 0.8899701492537314 8050994970
1028586 300 0.8785443371378403 8057556660
1028886 300 0.8755100965759438 8050994970
1029186 300 0.8947111501316944 8044433280
1029486 300 0.8941896400351185 7998501450
1029786 300 0.8667392449517122 7808212470
1030086 300 0.9094556628621597 7768842360
1030386 300 0.8884056189640035 7814774160
1030686 300 0.9428797190517999 8772780750
1030986 300 0.9195065847234416 8785904130
1031286 300 0.8994047410008781 8379079410
1031586 300 0.8932888498683056 8372517720
1031886 300 0.9135803336259877 8241283950
1032186 300 0.9007322212467077 8110050180
1032486 300 0.909834942932397 8044433280
1032786 300 0.9417892888498683 8103488490
1033086 300 0.9461984196663741 8300339130
1033386 300 0.9401299385425812 8201913810
1033686 300 0.9542107111501317 7978816380
1033986 300 0.9427374890254611 8589873660
1034286 300 0.9685285338015804 7860705990
1034586 300 0.9361949078138718 7841020920
1034886 300 0.9383283582089553 7834459230
1035186 300 0.9563441615452151 7821335850
1035486 300 1.0157963125548728 8182228740
1035786 300 1.0096330114135208 8162543670
1036086 300 0.991095697980685 7821335850
1036386 300 0.9818981562774365 7808212470
1036686 300 0.984647936786655 8654670330
1036986 300 0.9708990342405619 8077241730
1037286 300 0.9607058823529412 8070680040
1037586 300 0.9998191395961369 8057556660
1037886 300 1.0002458296751535 8057556660
1038186 300 1.0450482879719052 8602997040
1038486 300 1.0154644424934154 8340529500
1038786 300 1.024472344161545 8241283950
1039086 300 0.9989657594381037 8234722260
1039386 300 1.018593503072871 8235542460
1039686 300 0.9915223880597015 8209295700
1039986 300 0.9814714661984196 8084623620
1040286 300 1.0007199297629499 7979636610
1040586 300 1.0032800702370501 8011624830
1040886 300 1.067425812115891 8772780750
1041186 300 1.0166496927129063 8904014520
1041486 300 1.009064091308165 8359394340
1041786 300 0.9963107989464443 8359394340
1042086 300 1.016033362598771 8339709270
1042386 300 1.0219596136962248 8169105360
1042686 300 0.9924705882352942 7939446270
1042986 300 1.0070728709394206 7932884580
1043286 300 1.0489833187006146 8910576210
1043586 300 1.0471343283582089 8766219060
1043886 300 0.998017559262511 8359394340
1044186 300 0.9952677787532924 8995878150
1044486 300 1.0102019315188762 8260969020
1044786 300 1.001857769973661 8254407330
1045086 300 0.9933713784021071 8267530710
1045386 300 1.0429148375768218 8203554240
1045686 300 1.0443845478489904 8767859490
1045986 300 1.0073099209833187 8262609420
1046286 300 1.0096804214223003 8256047730
1046586 300 1.0244249341527656 8242924380
1046886 300 1.0135206321334502 8059197090
1047186 300 1.0373204565408254 7809852900
1047486 300 1.0446215978928886 7790167830
1047786 300 1.0387901668129937 7809852900
1048086 300 1.1140772607550482 8065758780
1048386 300 1.1206198419666376 8643187380
1048686 300 1.0360403863037755 8380719840
1048986 300 1.0384582967515363 8381540040
1049286 300 1.0603617208077263 8381540040
1049586 300 1.2431747146619843 8356113510
1049886 300 1.903880597014925 8230621200
1050186 300 1.4162212467076385 8079702360
1050486 300 1.083118525021949 8014085460
1050786 300 1.1019402985074627 8525076990
1051086 300 1.0890447761194033 9063955680
1051386 300 1.0753432835820895 8406966600
1051686 300 1.0441474978050924 8400404910
1051986 300 1.0637278314310799 8250306270
1052286 300 1.0594135206321336 8124813960
1052586 300 1.0482247585601405 8071500240
1052886 300 1.0764337137840212 7953389850
1053186 300 1.128774363476734 7979636610
1053486 300 1.1577418788410887 8538200370
1053786 300 1.188036874451273 9173863980
1054086 300 1.1358858647936787 9173863980
1054386 300 1.087006145741879 8485706850
1054686 300 1.0640597014925373 8361034770
1054986 300 1.0898507462686569 8360214540
1055286 300 1.0716453028972786 8360214540
1055586 300 1.0723090430201931 8288035980
1055886 300 1.0726883230904303 8261789220
1056186 300 1.102698858647937 8196172320
1056486 300 1.1121808604038632 8425831440
1056786 300 1.1045478489903426 8963889930
1057086 300 1.1102844600526778 8648928870
1057386 300 1.0816962247585602 8280654090
1057686 300 1.075058823529412 8976193110
1057986 300 1.085062335381914 8326585890
1058286 300 1.122468832309043 8221598880
1058586 300 1.104595258999122 8024748210
1058886 300 1.0603617208077263 7867267680
1059186 300 1.1476435469710273 8169925590
1059486 300 1.1132712906057947 8201913810
1059786 300 1.0936909569798068 7894334640
1060086 300 1.1180122914837576 7894334640
1060386 300 1.0851571553994734 7894334640
1060686 300 1.0458068481123792 7900896330
1060986 300 0.9976856892010535 7887772950
1061286 300 1.0124776119402985 7894334640
1061586 300 1.080036874451273 7894334640
1061886 300 1.0664776119402988 7887772950
1062186 300 1.1133661106233537 8366776230
1062486 300 1.0567111501316946 8675175630
1062786 300 1.0490307287093943 8438134620
1063086 300 1.0519227392449517 8431572930
1063386 300 1.0289288849868305 8360214540
1063686 300 1.0275065847234415 8301159360
1063986 300 1.0125724319578577 8150240520
1064286 300 1.0393116769095698 8032130100
1064586 300 1.0661457418788411 8137117140
1064886 300 1.0913204565408252 8438954820
1065186 300 1.083260755048288 8005883370
1065486 300 1.0256101843722565 8005063140
1065786 300 1.0104389815627743 7998501450
1066086 300 1.0076892010535559 7985378070
1066386 300 1.0208691834942933 7985378070
1066686 300 0.9809025460930643 7991119560
1066986 300 0.997638279192274 7998501450
1067286 300 1.0349025460930639 8005063140
1067586 300 1.0450956979806847 8767039260
1067886 300 1.010770851624232 8983575000
1068186 300 1.0873380158033363 8479145160
1068486 300 1.0073573309920985 8465201580
1068786 300 0.9961211589113257 8471763270
1069086 300 0.974881474978051 8465201580
1069386 300 1.0391220368744514 8465201580
1069686 300 0.9906690079016681 8458639890
1069986 300 1.0093011413520632 8458639890
1070286 300 1.0278858647936786 8844959310
1070586 300 1.0614521510096577 9246862770
1070886 300 0.9798595258999122 8748174420
1071186 300 0.998396839332748 8400404910
1071486 300 1.0011940298507462 8951586750
1071786 300 1.0083055311676912 8223239310
1072086 300 1.0164600526777874 8117432070
1072386 300 0.987729587357331 8097747000
1072686 300 0.9856435469710272 8091185310
1072986 300 1.007262510974539 8091185310
1073286 300 1.029260755048288 8740792500
1073586 300 1.0482247585601405 8229801000
1073886 300 1.0035171202809483 8223239310
1074186 300 0.9726057945566287 8104308690
1074486 300 0.9599473222124671 8092005510
1074786 300 0.9795750658472345 8111690580
1075086 300 0.9497067603160667 8099387430
1075386 300 0.9617963125548727 8040332220
1075686 300 0.9845057067603161 7968153630
1075986 300 1.0082107111501317 8676816030
1076286 300 0.9558700614574189 8965530360
1076586 300 0.9651150131694469 8493088740
1076886 300 0.9079385425812115 8487347280
1077186 300 0.9154767339771731 8485706850
1077486 300 0.9083652326602284 8420089980
1077786 300 0.9239157155399472 7993580190
1078086 300 0.9236312554872695 7948468590
1078386 300 0.9850746268656716 8020647150
1078686 300 0.983604916593503 8821173210
1078986 300 0.9793854258121159 8263429650
1079286 300 0.9348200175592625 7980456810
1079586 300 0.9468621597892888 7980456810
1079886 300 0.9256698858647938 7973895120
1080186 300 0.9516505706760315 7966513230
1080486 300 0.9253854258121158 7953389850
1080786 300 0.9131062335381914 7947648360
1081086 300 0.9022493415276559 7947648360
1081386 300 0.9502282704126428 8131375650
1081686 300 0.9555381913959614 8729309550
1081986 300 0.9218770851624233 8466842010
1082286 300 0.9133906935908693 8459460090
1082586 300 0.9071799824407375 8347911390
1082886 300 0.8666918349429323 8334788010
1083186 300 0.9059947322212467 8334788010
1083486 300 0.8540333625987708 8283114720
1083786 300 0.8903020193151887 8216677620
1084086 300 0.9036716417910449 8466021780
1084386 300 0.9613222124670764 9182066100
1084686 300 0.9274714661984196 8683377720
1084986 300 0.9123476733977173 8604637470
1085286 300 0.9401299385425812 8512773810
1085586 300 0.8649376646180861 8374978350
1085886 300 0.9467673397717298 8288856180
1086186 300 0.8601018437225636 8053455600
1086486 300 0.8922932396839334 8046893910
1086786 300 0.9794802458296752 8584132200
1087086 300 0.9924231782265144 9005720700
1087386 300 0.8967971905179983 8474223900
1087686 300 0.8531799824407374 8264249850
1087986 300 0.8726180860403863 9025405770
1088286 300 0.8809148375768218 8480785590
1088586 300 0.8958964003511852 8447156940
1088886 300 0.8963230904302021 8407786800
1089186 300 0.8932888498683056 8322484830
1089486 300 0.9090763827919229 8860543320
1089786 300 0.9227304653204567 8402045310
1090086 300 0.8729973661106234 8395483620
1090386 300 0.8355434591747146 8388921930
1090686 300 0.8470166812993855 8322484830
1090986 300 0.8291905179982442 8146139460
1091286 300 0.8080456540825285 8133016080
1091586 300 0.8326040386303775 8119892700
1091886 300 0.8706268656716417 8197812750
