1172143 300 2.814152765583845 9236200020
1172443 300 2.709661106233538 8935182540
1172743 300 2.6827322212467077 8567727960
1173043 300 2.6433345039508342 9414185820
1173343 300 2.6281158911325724 8797387080
1173643 300 2.6206725197541703 8796566880
1173943 300 2.594170324846356 8790005190
1174243 300 2.706579455662862 8790005190
1174543 300 2.785422300263389 9354310410
1174843 300 2.689511852502195 8658771390
1175143 300 2.6848656716417914 8645648010
1175443 300 2.6161685689201053 8554604580
1175743 300 2.647601404741001 8534919510
1176043 300 2.629870061457419 8534919510
1176343 300 2.6952958735733104 8528357820
1176643 300 2.6603546971027217 8515234440
1176943 300 2.7178156277436347 9046731240
1177243 300 2.629870061457419 9046731240
1177543 300 2.59113608428446 8488987710
1177843 300 2.63356804214223 8376618780
1178143 300 2.6271202809482004 8350372020
1178443 300 2.6513942054433715 8337248640
1178743 300 2.635985952589991 8330686950
1179043 300 2.7091395961369624 8330686950
1179343 300 2.693494293239684 8645648010
1179643 300 2.665617208077261 9400242240
1179943 300 2.598200175592625 8763758430
1180243 300 2.63617559262511 8751455250
1180543 300 2.6678928884986832 8653029930
1180843 300 2.668935908691835 8607098100
1181143 300 2.698804214223003 8620221480
1181443 300 2.6551870061457423 8619401280
1181743 300 2.6616821773485513 8619401280
1182043 300 2.7722423178226516 9387118860
1182343 300 2.6858138718173836 8816251920
1182643 300 2.6867620719929763 8514414240
1182943 300 2.679460930640913 8809690230
1183243 300 2.692877963125549 8475044100
1183543 300 2.646937664618086 8461920720
1183843 300 2.6592168568920105 8448797340
1184143 300 2.6754784899034236 8298698730
1184443 300 2.6485496049165937 8462740950
1184743 300 2.7323230904302016 8193711690
1185043 300 2.697713784021071 8186329800
1185343 300 2.7149236172080773 8186329800
1185643 300 2.6471747146619844 8186329800
1185943 300 2.634753292361721 8186329800
1186243 300 2.653669885864794 8186329800
1186543 300 2.6500667251975414 8206014870
1186843 300 2.680503950834065 8475044100
1187143 300 2.7225566286215983 9059034420
1187443 300 2.623659350307287 8239643520
1187743 300 2.7062949956101843 8233081830
1188043 300 2.5963511852502195 8226520140
1188343 300 2.6202932396839334 8226520140
1188643 300 2.6496400351185248 8225699940
1188943 300 2.6448516242317823 8225699940
1189243 300 2.5817963125548724 8225699940
1189543 300 2.6814521510096574 8500470660
1189843 300 2.7200438981562773 9151718280
1190143 300 2.667371378402107 8908935780
1190443 300 2.604173836698859 8764578630
1190743 300 2.5775294117647056 9342007260
1191043 300 2.5984846356453026 8783443500
1191343 300 2.632619841966638 8758016940
1191643 300 2.5055610184372257 8645648010
1191943 300 2.5921316944688324 8685838380
1192243 300 2.6630570676031606 8842498680
1192543 300 2.622331870061457 8528357820
1192843 300 2.6144618086040388 8442235680
1193143 300 2.5743529411764707 8415988920
1193443 300 2.5410711150131693 8415988920
1193743 300 2.568474100087797 8397944280
1194043 300 2.623801580333626 8396303850
1194343 300 2.6070184372256366 8443055880
1194643 300 2.63484811237928 9159100170
1194943 300 2.538036874451273 8718646800
1195243 300 2.6259350307287095 8443055880
1195543 300 2.583171202809482 8429932500
1195843 300 2.57572783143108 8429932500
1196143 300 2.5725513608428443 8357753910
1196443 300 2.5361878841088674 8304440190
1196743 300 2.599006145741879 8298698730
1197043 300 2.4544530289727833 8284755120
1197343 300 2.6181597892888497 8286395550
1197643 300 2.5710342405618967 8292137040
1197943 300 2.5682844600526775 8292137040
1198243 300 2.5809429323968396 8285575350
1198543 300 2.5532554872695346 8285575350
1198843 300 2.656988586479368 9250143600
1199143 300 2.5724091308165056 9099224760
1199443 300 2.6013766461808605 8810510460
1199743 300 2.5753011413520634 8803948770
1200043 300 2.5871062335381914 8811330660
1200343 300 2.5355241439859526 8823633840
1200643 300 2.5984846356453026 8810510460
1200943 300 2.6055961369622476 8863003950
1201243 300 2.6118542581211592 9565104660
1201543 300 2.5491782265144867 9118909830
1201843 300 2.572124670763828 8863003950
1202143 300 2.6353222124670763 8837577420
1202443 300 2.6491659350307284 8732590410
1202743 300 2.575443371378402 8739152100
1203043 300 2.476119402985075 8739152100
1203343 300 2.5022423178226516 8732590410
1203643 300 2.5555785776997366 8955687810
1203943 300 2.5862054433713784 9492926100
1204243 300 2.4990184372256365 8981114370
1204543 300 2.4818086040386302 8817072150
1204843 300 2.5307357330992097 8666153310
1205143 300 2.537657594381036 8495549400
1205443 300 2.5134310798946444 8417629320
1205743 300 2.4227831431079894 8410247430
1206043 300 2.560556628621598 8484066420
1206343 300 2.6448516242317823 9389579490
1206643 300 2.509733099209833 8955687810
1206943 300 2.5617892888498686 8745713790
1207243 300 2.5773871817383673 8765398830
1207543 300 2.576723441615452 8726028720
1207843 300 2.595640035118525 8640726750
1208143 300 2.576770851624232 8627603370
1208443 300 2.6421018437225636 8594794920
1208743 300 2.67595258999122 9172223550
1209043 300 2.693115013169447 8726028720
1209343 300 2.518172080772608 8358574140
1209643 300 2.514426690079017 8352012450
1209943 300 2.442790166812994 8338889070
1210243 300 2.459762949956102 8345450760
1210543 300 2.4859806848112385 8358574140
1210843 300 2.505229148375768 8502931290
1211143 300 2.5879596136962246 9257525520
1211443 300 2.550742756804214 8851521000
1211743 300 2.612802458296752 8661232020
1212043 300 2.5806584723441617 8909756010
1212343 300 2.5406918349429324 8482426020
1212643 300 2.5683318700614572 8476684530
1212943 300 2.5426356453028975 8443876080
1213243 300 2.553065847234416 8451258000
1213543 300 2.563258999122037 8436494190
1213843 300 2.5472818261633012 8306080620
1214143 300 2.547187006145742 8206835070
1214443 300 2.5574749780509216 8161723470
1214743 300 2.5365197541703246 8160903270
1215043 300 2.6056435469710273 8154341580
1215343 300 2.598247585601405 8147779890
1215643 300 2.610194907813872 8403685740
1215943 300 2.643144863915716 8449617570
1216243 300 2.609578577699737 8207655300
1216543 300 2.6344214223002633 8201093610
1216843 300 2.567857769973661 8207655300
1217143 300 2.5395539947322217 8201093610
1217443 300 2.485553994732221 8201093610
1217743 300 2.4547848990342405 8201093610
1218043 300 2.60275153643547 8581671540
1218343 300 2.5770553116769093 9264087210
1218643 300 1.191640035118525 8752275480
1218943 300 0.7576962247585601 8746533990
1219243 300 0.7435206321334504 8739972300
1219543 300 0.7341334503950835 8733410610
1219843 300 0.7397278314310799 8706343650
1220143 300 0.745891132572432 8621041680
1220443 300 0.7735311676909571 8804768970
1220743 300 0.8250184372256366 9441252810
1221043 300 0.7513432835820897 9047551470
1221343 300 0.7399648814749781 8844959310
1221643 300 0.7680316066725199 8831835930
1221943 300 0.7402967515364355 8753915880
1222243 300 0.744611062335382 8477504730
1222543 300 0.7323792800702371 8359394340
1222843 300 0.7231817383669886 8365135830
1223143 300 0.784577699736611 9139415100
1223443 300 0.7768498683055312 9100044990
1223743 300 0.7367410008779632 8758837140
1224043 300 0.741387181738367 9388759290
1224343 300 0.7210008779631256 8628423600
1224643 300 0.7241299385425812 8489807910
1224943 300 0.7076312554872695 8443876080
1225243 300 0.7185829675153643 8227340370
1225543 300 0.8174328358208955 8916317700
1225843 300 0.7881808604038631 8489807910
1226143 300 0.7308621597892888 8490628110
1226443 300 0.7195785776997367 8942564430
1226743 300 0.7371676909569799 8615300220
1227043 300 0.7341334503950835 8536559940
1227343 300 0.7118507462686567 8338889070
1227643 300 0.7228498683055311 8345450760
1227943 300 0.7557050043898156 8747354190
1228243 300 0.7603511852502195 8536559940
1228543 300 0.7040280948200176 8523436560
1228843 300 0.720811237928007 8516874870
1229143 300 0.7108551360842845 8456999460
1229443 300 0.7136523266022827 8293777470
1229743 300 0.7165917471466199 8274912600
1230043 300 0.7291079894644426 8299518930
1230343 300 0.7858103599648816 9015563220
1230643 300 0.744611062335382 8548863120
1230943 300 0.737025460930641 8292957240
1231243 300 0.7439947322212467 8299518930
1231543 300 0.7474556628621598 8292957240
1231843 300 0.7326637401229148 8301979560
1232143 300 0.7349868305531169 8315102940
1232443 300 0.745369622475856 8322484830
1232743 300 0.7741474978050921 8617760850
1233043 300 0.8084723441615452 9214874520
1233343 300 0.772772607550483 9011462190
1233643 300 0.7341334503950835 8716186170
1233943 300 0.7454170324846356 8492268540
1234243 300 0.7477401229148376 8493088740
1234543 300 0.7325689201053556 8479145160
1234843 300 0.7454170324846356 8492268540
1235143 300 0.7847199297629499 8723568090
1235443 300 0.832793678665496 9281311620
1235743 300 0.7728200175592627 8815431720
1236043 300 0.7351290605794557 8657951190
1236343 300 0.7534293239683935 8638266120
1236643 300 0.718630377524144 8605457670
1236943 300 0.7251729587357332 8452898400
1237243 300 0.7214275680421423 8395483620
1237543 300 0.7365513608428447 8435673990
1237843 300 0.8116488147497806 9353490210
1238143 300 0.740486391571554 8887610310
1238443 300 0.7218542581211589 8571829020
1238743 300 0.7393959613696226 8572649220
1239043 300 0.7322844600526779 8571829020
1239343 300 0.7556575943810361 8525897190
1239643 300 0.7558946444249343 8336428440
1239943 300 0.7690272168568921 8191251060
1240243 300 0.8015978928884987 9241121280
1240543 300 0.7652344161545216 9045911040
1240843 300 0.773009657594381 8757196740
1241143 300 0.7591185250219491 8743253130
1241443 300 0.7720140474100088 8723568090
1241743 300 0.7338964003511853 8579210910
1242043 300 0.7525285338015802 8428292070
1242343 300 0.7720140474100088 8369236890
1242643 300 0.787043020193152 8526717420
1242943 300 0.8166742756804215 8743253130
1243243 300 0.7778454784899034 8395483620
1243543 300 0.7606356453028972 8323305060
1243843 300 0.7684108867427569 8316743370
1244143 300 0.7656136962247586 8297058300
1244443 300 0.768790166812994 8283934920
1244743 300 0.7809271290605796 8290496610
1245043 300 0.7795048287971905 8297878500
1245343 300 0.8253028972783143 8625142740
1245643 300 0.8080456540825285 9406803930
1245943 300 0.7773239683933275 8790005190
1246243 300 0.7838665496049166 8692400040
1246543 300 0.8191870061457418 8605457670
1246843 300 0.7993696224758561 8579210910
1247143 300 0.787043020193152 8350372020
1247443 300 0.7531922739244953 8264249850
1247743 300 0.7859525899912203 8179768110
1248043 300 0.850050921861282 8311001880
1248343 300 0.8474907813871818 9525734550
1248643 300 0.8560719929762951 9447814500
1248943 300 2.2553784021071115 8857262490
1249243 300 2.594549604916594 8857262490
1249543 300 2.522581211589113 8856442290
1249843 300 2.559987708516242 8844139110
1250143 300 2.481571553994732 8843318910
1250443 300 2.5289815627743635 8843318910
1250743 300 2.4878296751536437 8837577420
1251043 300 2.516180860403863 9145976790
1251343 300 2.6094363476733977 9480622920
1251643 300 2.5919894644424932 9106606650
1251943 300 2.5095434591747146 8680917090
1252243 300 2.5260895522388056 8517695100
1252543 300 2.4977383669885866 8497189800
1252843 300 2.513573309920983 8497189800
1253143 300 2.4759771729587357 8464381380
1253443 300 2.4623230904302016 8365135830
1253743 300 2.437385425812116 8372517720
1254043 300 2.4816663740122915 8995878150
1254343 300 2.4239209833187005 9369894420
1254643 300 2.3853292361720806 8937643170
1254943 300 2.3725285338015802 8931081480
1255243 300 2.3543705004389817 8924519790
1255543 253 2.4111202809482 8911396410
1255796 47 1.7831273046532046 8904834720
1255843 137 1.7234381035996489 8826094470
1255980 3 1.71689552238806 5053123350
1255983 9 1.7076505706760314 5053123350
1255992 151 1.7636892010535559 5822481390
1256143 300 1.9081000877963126 8199453180
1256443 300 2.2132309043020193 8589873660
1256743 300 2.253102721685689 8550503520
1257043 300 2.2429569798068485 8969631420
1257343 300 2.095701492537313 8406146370
1257643 177 2.1714152765583847 8360214540
1257820 123 1.6871220368744513 8360214540
1257943 61 1.59988762071993 8282294490
1258004 4 1.6260105355575067 4799678130
1258008 1 1.585332748024583 4568378610
1258009 8 1.585332748024583 4568378610
1258017 1 1.585332748024583 4568378610
1258018 1 1.585332748024583 4568378610
1258019 224 1.7042370500438984 6248170950
1258243 300 2.062988586479368 8006703570
1258543 184 2.157334503950834 8020647150
1258727 116 1.486482879719052 8014085460
1258843 68 1.5026022827041263 7928783520
1258911 2 1.5715838454784898 4287046200
1258913 1 1.4814100087796316 4287046200
1258914 10 1.4814100087796316 4287046200
1258924 1 1.4814100087796316 4287866400
1258925 1 1.4814100087796316 4287866400
1258926 210 1.6046760316066728 5999646990
1259136 7 1.159401229148376 5999646990
1259143 179 1.5023652326602281 7672877640
1259322 4 1.4976242317822654 4096757220
1259326 2 1.4882370500438982 4096757220
1259328 10 1.4882370500438982 4096757220
1259338 105 1.567980684811238 4702893210
1259443 300 1.754776119402985 7958311110
1259743 300 2.0087989464442493 8381540040
1260043 300 1.896247585601405 7764741300
1260343 300 1.910707638279192 7673697870
1260643 300 1.8982388059701494 7685180820
1260943 300 1.8329078138718171 7692562710
1261243 300 1.8323863037752415 7684360590
1261543 300 1.8100087796312554 7690922280
1261843 300 1.8808393327480246 7993580190
1262143 300 1.86728007023705 8689119210
1262443 300 1.8041773485513608 8689119210
1262743 300 1.7504143985952592 8315102940
1263043 300 1.724860403863038 8092005510
1263343 300 1.6847989464442494 7888593180
1263643 300 1.7432080772607552 7750797690
1263943 300 1.7116330114135208 7783606140
1264243 300 1.7716066725197541 7777044450
1264543 300 1.759422300263389 8131375650
1264843 300 1.7386567164179105 8577570510
1265143 300 1.715710272168569 7829537970
1265443 300 1.7332519754170326 7829537970
1265743 300 1.7149043020193155 7837740090
1266043 300 1.7827480245829674 7830358170
1266343 300 1.6849411764705882 7830358170
1266643 300 1.677782265144864 7836919860
1266943 300 1.7101633011413522 7817234790
1267243 300 1.725998244073749 7823796480
1267543 300 1.7077928007023706 7817234790
1267843 300 1.6943757682177347 7810673100
1268143 300 1.7249078138718175 7830358170
1268443 300 1.7461474978050924 7830358170
1268743 300 1.9733836698858649 7817234790
1269043 300 1.7628358208955226 7810673100
1269343 300 2.070194907813872 8722747860
1269643 300 1.8266971027216856 9208312830
1269943 300 1.751978928884987 8669434140
1270243 300 1.637009657594381 8519335500
1270543 300 1.6725671641791047 8511953610
1270843 300 1.6324582967515364 8439775020
1271143 300 1.6231185250219493 8243744580
1271443 300 1.615580333625988 8119072500
1271743 300 1.6096540825285337 8124813960
1272043 300 1.6533187006145744 8977833510
1272343 300 1.6176663740122914 8859723120
1272643 300 1.5923494293239684 8485706850
1272943 300 1.6427462686567162 8479965390
1273243 300 1.6701966637401229 8708804280
1273543 300 1.6142054433713784 8282294490
1273843 300 1.621838454784899 7967333430
1274143 300 1.6500474100087796 7935345210
1274443 300 1.6788252853380161 7968153630
1274743 300 1.583768217734855 8460280320
1275043 300 1.6072835820895524 8348731590
1275343 300 1.5629552238805973 8191251060
1275643 300 1.1392519754170327 4202564430
1275943 69 1.1662282704126428 4202564430
1276012 231 1.4925987708516244 8157622410
1276243 107 1.0743002633889376 4091015730
1276350 193 1.5157348551360843 8157622410
1276543 300 1.543943810359965 7987018500
1276843 300 1.518626865671642 7966513230
1277143 300 1.6317945566286218 8669434140
1277443 300 1.5878928884986832 9593812050
1277743 300 1.5237471466198418 8834296590
1278043 300 1.5328972783143109 8767859490
1278343 300 1.5780316066725195 8670254340
1278643 300 1.5821562774363476 8578390710
1278943 300 1.6035856014047412 8506212120
1279243 300 1.6547884108867428 8250306270
1279543 300 1.6069517120280947 8185509600
1279843 300 1.6000772607550484 8205194670
1280143 300 1.608089552238806 9294435000
1280443 300 1.7799034240561897 8860543320
1280743 131 0.9537840210711152 4423201230
1280874 169 1.1810676031606673 8552964180
1281043 300 0.851188762071993 9037708920
1281343 300 0.7977576821773487 8722747860
1281643 300 0.7684108867427569 8571829020
1281943 300 0.7692168568920106 8289676410
1282243 300 0.7475978928884986 7987018500
1282543 300 0.7893661106233538 8177307480
1282843 282 0.5466742756804215 4446987360
1283125 18 0.8087093942054434 8446336710
1283143 300 0.7548990342405619 8315102940
1283443 300 0.7072519754170326 8321664630
1283743 300 0.7284916593503072 8112510810
1284043 300 0.7121826163301141 7987018500
1284343 300 0.709622475856014 7980456810
1284643 300 0.6977225636523267 7974715320
1284943 300 0.6693239683933274 7975535550
1285243 300 0.6965373134328359 7994400390
1285543 300 0.7088165057067604 8885969880
1285843 300 0.6920333625987709 8334788010
1286143 300 0.6831202809482002 8335608210
1286443 300 0.6780474100087797 8315923170
1286743 300 0.662971027216857 8087084250
1287043 300 0.7317155399473222 8349551820
1287343 300 0.7217594381035997 8631704430
1287643 300 0.6712677787532924 8361854970
1287943 300 0.6416365232660228 8250306270
1288243 300 0.6912273924495171 8210936130
1288543 300 0.658846356453029 8152701150
1288843 300 0.6486532045654083 8047714110
1289143 300 0.6587515364354697 8048534340
1289443 300 0.6518770851624232 8021467380
1289743 300 0.6793748902546093 8041972650
1290043 300 0.6844477611940298 8166644730
1290343 300 0.7410553116769096 8448797340
1290643 300 0.7132256365232661 8047714110
1290943 300 0.6959209833187007 8041152420
1291243 300 0.7004723441615452 8677636260
1291543 300 0.7148375768217735 8028029070
1291843 300 0.7025109745390694 8009164200
1292143 300 0.67671992976295 7996040820
1292443 300 0.6577559262510975 7981277010
1292743 300 0.6707462686567164 7974715320
1293043 300 0.6672379280070238 7973895120
1293343 300 0.7195785776997367 8519335500
1293643 300 0.7304828797190518 8046893910
1293943 300 0.6827884108867428 8006703570
1294243 300 0.6761510096575944 7987018500
1294543 300 0.7005197541703249 7973895120
1294843 300 0.6708410886742757 7967333430
1295143 300 0.6929815627743635 7973895120
1295443 300 0.6719789288849869 7974715320
1295743 300 0.6674275680421422 7967333430
1296043 300 0.6888568920105356 7987018500
1296343 300 0.6966321334503951 8014085460
1296643 300 0.7561791044776119 8788364760
1296943 300 0.7315258999122037 8257688160
1297243 300 0.690990342405619 8007523770
1297543 300 0.6898999122036875 7994400390
1297843 300 0.68828797190518 8007523770
1298143 300 0.6687550482879719 7993580190
1298443 300 0.6541527655838455 7987838700
1298743 300 0.673496049165935 7981277010
1299043 300 0.6535838454784899 7974715320
1299343 300 0.6676172080772608 7968153630
1299643 300 0.6960632133450395 8808049830
1299943 300 0.6488428446005268 8296238100
1300243 300 0.6378911325724319 7974715320
1300543 300 0.6394082528533802 7987838700
1300843 300 0.6181685689201054 7994400390
1301143 300 0.6119104477611941 7988658930
1301443 300 0.6086391571553995 7987018500
1301743 300 0.6090184372256366 7987018500
1302043 300 0.5849815627743635 7974715320
1302343 300 0.6161773485513609 8020647150
1302643 300 0.6412572431957858 8402865540
1302943 300 0.5755469710272169 8132195880
1303243 300 0.5699525899912204 7974715320
1303543 300 0.5776804214223002 7973895120
1303843 300 0.5706637401229149 7966513230
1304143 300 0.5764477611940299 7987018500
1304443 300 0.5821843722563652 7973074920
1304743 300 0.5667287093942055 7967333430
1305043 300 0.5662071992976294 7975535550
1305343 300 0.5535013169446883 7975535550
1305643 300 0.5625566286215979 7968973860
1305943 300 0.5956962247585602 8717006400
1306243 300 0.5721808604038632 8526717420
1306543 300 0.5516997366110623 7988658930
1306843 300 0.5593801580333626 7982097240
1307143 300 0.5498981562774364 7974715320
1307443 300 0.5540228270412644 7963232370
1307743 300 0.5523634767339772 7969794060
1308043 300 0.536196663740123 7963232370
1308343 300 0.5440193151887621 7963232370
1308643 300 0.551225636523266 8055916230
1308943 300 0.6039929762949956 9099224760
1309243 300 0.5566777875329236 8495549400
1309543 300 0.5363388937664619 8016546090
1309843 300 0.5542124670763828 8009164200
1310143 300 0.5353432835820896 8009164200
1310443 300 0.5376663740122914 8003422710
1310743 300 0.5400368744512731 7996861020
1311043 300 0.5257664618086041 7983737670
1311343 300 0.543260755048288 8002602510
1311643 300 0.5312660228270413 8014085460
1311943 300 0.5376189640035118 8001782310
1312243 300 0.5919034240561897 8666153310
1312543 300 0.5827058823529412 8771140320
1312843 300 0.5359596136962248 8009164200
1313143 300 0.5415065847234417 8016546090
1313443 300 0.550846356453029 8015725890
1313743 300 0.5201720807726076 7983737670
1314043 300 0.5179912203687446 7983737670
1314343 300 0.5480017559262511 7977175980
1314643 300 0.534395083406497 7969794060
1314943 300 0.5647848990342406 8186329800
1315243 300 0.6058419666374013 8493908970
1315543 300 0.5391834942932396 8041972650
1315843 300 0.5210254609306408 8041152420
1316143 300 0.5496611062335383 8015725890
1316443 300 0.666811237928007 8002602510
1316743 300 0.5084618086040387 8015725890
1317043 300 0.5644530289727832 8009164200
1317343 300 0.5714697102721686 8009984400
1317643 300 0.5550184372256366 8014905690
1317943 300 0.5804302019315188 8023107780
1318243 300 0.6039929762949956 8928620850
1318543 300 0.5958858647936787 9051652530
1318843 300 0.5668235294117647 8671074570
1319143 300 0.575404741000878 8666153310
1319443 300 0.5720860403863037 8324945490
1319743 300 0.5610869183494294 8095286370
1320043 300 0.5782967515364354 8009984400
1320343 300 0.5699051799824407 8029669470
1320643 300 0.5728920105355575 8029669470
1320943 300 0.5728920105355575 8029669470
1321243 300 0.552647936786655 8029669470
1321543 300 0.6205864793678666 8653029930
1321843 300 0.6076435469710273 9413365620
1322143 300 0.6038033362598771 9085281180
1322443 300 0.5868779631255487 8685018150
1322743 300 0.5933257243195786 8587413030
1323043 300 0.5807146619841967 8416809120
1323343 300 0.5882054433713785 8166644730
1323643 300 0.5695258999122037 8016546090
1323943 300 0.6104881474978052 8016546090
1324243 300 0.5836066725197542 8016546090
1324543 300 0.5957910447761194 8023107780
1324843 300 0.6286935908691835 8803128540
1325143 300 0.5941316944688323 8318383800
1325443 300 0.577064091308165 8035410960
1325743 300 0.5983511852502195 8048534340
1326043 300 0.598920105355575 8048534340
1326343 300 0.5824214223002634 8041972650
1326643 300 0.5844126426690079 8042792850
1326943 300 0.5952221246707639 8041972650
1327243 300 0.5854082528533802 8042792850
1327543 300 0.601622475856014 8134656510
1327843 300 0.6606005267778754 8731770180
1328143 300 0.59057594381036 8317563570
1328443 300 0.581330992098332 8061657720
1328743 300 0.5873046532045654 8049354540
1329043 300 0.5889165935030729 8048534340
1329343 300 0.5854556628621599 8068219410
1329643 300 0.5863090430201932 8055096030
1329943 300 0.5787708516242318 8055916230
1330243 300 0.6024284460052678 8068219410
1330543 300 0.5848867427568043 8049354540
1330843 300 0.6539157155399473 8876947560
1331143 300 0.600484635645303 8678456460
1331443 300 0.5781545215100966 8680096890
1331743 300 0.5877787532923617 8573469450
1332043 300 0.5748358208955224 8187150000
1332343 300 0.5901966637401229 8036231160
1332643 300 0.5985882352941176 8037051390
1332943 300 0.5917611940298508 8063298120
1333243 300 0.6009587357330992 8069859810
1333543 300 0.6036611062335382 8056736430
1333843 300 0.6917963125548727 8607918300
1334143 300 0.6265127304653205 8607918300
1334443 300 0.6347146619841966 8056736430
1334743 300 0.6413994732221248 8062477920
1335043 300 0.6276979806848113 8063298120
1335343 300 0.6248059701492538 8063298120
1335643 300 0.6164618086040387 8082983190
1335943 300 0.6114837576821774 8069859810
1336243 300 0.5921404741000879 8063298120
1336543 300 0.6095873573309921 8108409750
1336843 300 0.6699877085162423 8797387080
1337143 300 0.6046093064091309 8239643520
1337443 300 0.5879683933274803 8075601300
1337743 300 0.5848867427568043 8075601300
1338043 300 0.586071992976295 8075601300
1338343 300 0.6069323968393328 8095286370
1338643 300 0.6107251975417034 8096106570
1338943 300 0.5793397717295874 8089544880
1339243 300 0.5852186128182617 8096106570
1339543 300 0.5753573309920983 8096106570
1339843 300 0.6415891132572431 8804768970
1340143 300 0.6274609306409131 8365135830
1340443 300 0.5970711150131695 8115791640
1340743 300 0.6167462686567164 8109229950
1341043 300 0.6091132572431958 8122353330
1341343 300 0.6021439859525901 8123173530
1341643 300 0.5901966637401229 8122353330
1341943 300 0.599963125548727 8096106570
1342243 300 0.6047041264266901 8096106570
1342543 300 0.6240474100087796 8096106570
1342843 300 0.6946409130816505 8752275480
1343143 300 0.6508340649692713 8653850130
1343443 300 0.6181211589113258 8161723470
1343743 300 0.6450500438981563 8175667050
1344043 300 0.6559069359086919 8136296910
1344343 300 0.6508340649692713 8110050180
1344643 300 0.6416839332748026 8142858600
1344943 300 0.6499332748024583 8162543670
1345243 300 0.652398595258999 8142038400
1345543 300 0.6264179104477612 8123173530
1345843 300 0.6399297629499561 8255227530
1346143 300 0.6950676031606673 8794106220
1346443 300 0.6448604038630379 8294597670
1346743 300 0.6235258999122038 8156802210
1347043 300 0.6252800702370501 8149420290
1347343 300 0.6354258121158911 8149420290
1347643 300 0.6671431079894645 8155161780
1347943 300 0.663729587357331 8162543670
1348243 300 0.6224354697102722 8148600090
1348543 300 0.6253748902546092 8128915020
1348843 300 0.625801580333626 8109229950
1349143 300 0.7072993854258122 8988496260
1349443 300 0.6487954345917473 8975372880
1349743 300 0.6272712906057946 8168285160
1350043 300 0.6035188762071992 8155161780
1350343 300 0.597782265144864 8155161780
1350643 300 0.6148024582967515 8148600090
1350943 300 0.6251852502194908 8161723470
1351243 300 0.6128586479367867 8155161780
1351543 300 0.6058419666374013 8135476710
1351843 300 0.6385548726953468 8148600090
1352143 300 0.6444811237928008 8221598880
1352443 300 0.882574187884109 9113988570
1352743 300 0.8942844600526778 9041809980
1353043 300 0.7360772607550483 8793286020
1353343 300 0.6714574187884109 8785904130
1353643 300 1.11772783143108 8674355400
1353943 300 1.3735996488147497 8260969020
1354243 300 1.2774047410008782 8155981980
1354543 300 1.3497524143985953 8182228740
1354843 300 1.2962265144863916 8187970230
1355143 300 1.1899332748024583 8168285160
1355443 300 1.3688112379280073 8496369600
1355743 300 1.431582089552239 9323962620
1356043 300 1.3740263388937666 8975372880
1356343 300 1.3815171202809484 8877767760
1356643 300 0.9211659350307287 8871206070
1356943 300 0.8493871817383671 8647288440
1357243 300 0.9903371378402106 8463561150
1357543 300 1.1591641791044778 8241283950
1357843 300 1.285132572431958 8233902030
1358143 300 1.3409341527655838 8260969020
1358443 300 1.4129025460930644 8286395550
1358743 300 1.371418788410887 8273272170
1359043 300 1.3880597014925373 8535739740
1359343 300 1.3731729587357333 9245222340
1359643 300 1.3857840210711148 8779342440
1359943 300 1.280249341527656 8726848920
1360243 300 0.8294749780509219 8616120420
1360543 300 0.9685285338015804 8543121630
1360843 300 1.0212010535557507 8425831440
1361143 300 1.2528463564530292 8347091190
1361443 300 1.319362598770852 8228160570
1361743 300 1.314953467954346 8247845640
1362043 300 1.3113028972783143 8242104150
1362343 300 1.3904776119402986 9054933360
1362643 300 1.3844091308165056 9337906200
1362943 300 1.3049499561018436 8897452830
1363243 300 1.3531659350307288 8884329450
1363543 300 1.2940930640913084 8890891140
1363843 300 1.3003511852502196 8891711340
1364143 300 1.3195522388059702 8818712580
1364443 300 1.336430201931519 8497189800
1364743 300 1.3029587357330992 8439775020
1365043 300 1.34524846356453 8433213330
1365343 300 1.3924214223002633 8739972300
1365643 300 1.4143722563652326 9191908620
1365943 300 1.3770131694468832 8484066420
1366243 300 1.338326602282704 8483246220
1366543 300 1.302342405618964 8897452830
1366843 300 1.3121562774363478 8628423600
1367143 300 1.0245671641791043 8936822970
1367443 300 0.7134626865671643 8995878150
1367743 300 0.6935504828797191 8555424810
1368043 300 0.6707462686567164 8456999460
1368343 300 0.6582774363476733 8279833860
1368643 300 0.6496488147497805 8240463720
1368943 300 0.6332923617208077 8247025410
1369243 300 0.6576136962247585 8247025410
1369543 300 0.6706040386303775 8450437770
1369843 300 0.653963125548727 8622682110
1370143 300 0.6343353819139597 8530818480
1370443 300 0.6094925373134328 8517695100
1370743 300 0.6231940298507463 8420089980
1371043 300 0.5874468832309043 8228980770
1371343 300 0.6042774363476734 8215857390
1371643 300 0.6163669885864793 8222419080
1371943 300 0.5837963125548727 8222419080
1372243 300 0.592756804214223 8195352120
1372543 300 0.6295469710272168 8228980770
1372843 300 0.6408305531167691 9206672430
1373143 300 0.6300210711150132 9474881460
1373443 300 0.6045144863915715 8879408190
1373743 300 0.6190693590869184 8773600950
1374043 300 0.5892010535557507 8516874870
1374343 28 0.6198279192273926 8294597670
1374371 1 0.6243318700614574 8165004300
1374372 4 0.47252502194907814 8086264050
1374376 3 0.47911501316944693 7815594390
1374379 1 0.464180860403863 7815594390
1374380 8 0.464180860403863 7815594390
1374388 1 0.464180860403863 7815594390
1374389 168 0.4709604916593503 8198632980
1374557 5 0.4608147497805093 4563457320
1374562 8 0.45455662862159796 4563457320
1374570 73 0.5276628621597893 5213064540
1374643 300 0.4921527655838455 7160245710
1374943 300 0.6306848112379281 7983737670
1375243 300 0.6063634767339772 8017366320
1375543 300 0.6359473222124671 8187970230
1375843 300 0.6740649692712907 8705523420
1376143 300 0.6231466198419666 8437314390
1376443 9 0.6131431079894645 8425011240
1376452 6 0.4694907813871817 8224059510
1376458 3 0.4721457418788411 7953389850
1376461 2 0.4620474100087797 7953389850
1376463 10 0.4620474100087797 7953389850
1376473 165 0.4685425812115891 8340529500
1376638 6 0.4580649692712906 4659422040
1376644 9 0.454935908691835 4659422040
1376653 90 0.5357225636523266 5255715510
1376743 300 0.5269517120280949 8735871240
1377043 300 0.5790553116769097 7985378070
1377343 297 0.5822317822651448 7822156080
1377640 3 0.48347673397717295 7822156080
1377643 3 0.44900965759438105 7416151560
1377646 2 0.44735030728709396 7356276150
1377648 1 0.43663564530289734 7356276150
1377649 7 0.43663564530289734 7356276150
1377656 1 0.43663564530289734 7356276150
1377657 168 0.4430834064969271 7749157290
1377825 3 0.434359964881475 4323955680
1377828 1 0.4284337137840211 4323955680
1377829 8 0.4284337137840211 4323955680
1377837 1 0.4284337137840211 4324775910
1377838 105 0.4921527655838455 5059685040
1377943 300 0.5149095697980686 7567070400
1378243 300 0.5725601404741001 7821335850
1378543 300 0.599204565408253 7918940970
1378843 300 0.644955223880597 8818712580
1379143 300 0.6265127304653205 8057556660
1379443 300 0.6015750658472344 8052635400
1379743 300 0.5892010535557507 8013265260
1380043 253 0.5968814749780509 7882851690
1380296 5 0.4495785776997366 7736854110
1380301 4 0.4484407374890255 7470285510
1380305 9 0.44208779631255485 7470285510
1380314 29 0.46934855136084286 7793448690
1380343 139 0.4386742756804214 7727011590
1380482 4 0.4312309043020194 4341180120
1380486 14 0.4266795434591747 4341180120
1380500 143 0.5628410886742757 5041640400
1380643 300 0.5086040386303776 7583474640
1380943 300 0.586830553116769 7806572070
1381243 300 0.5908604038630378 7780325310
1381543 300 0.570379280070237 7800010380
1381843 300 0.5634574187884109 7793448690
1382143 300 0.5905285338015803 7794268890
1382443 254 0.6597471466198419 8647288440
1382697 6 0.49480772607550483 9127932150
1382703 3 0.5025355575065847 8890891140
1382706 12 0.4854679543459175 8890891140
1382718 25 0.5137243195785777 9214874520
1382743 137 0.4417559262510975 8440595250
1382880 1 0.8183336259877085 4628254020
1382881 4 0.42995083406496926 4628254020
1382885 3 0.42995083406496926 4628254020
1382888 155 0.49006672519754174 5874974880
1383043 22 0.5682932396839333 7686821220
1383065 6 0.4299034240561897 7431735570
1383071 4 0.42776997366110625 7211919000
1383075 1 0.419710272168569 7211919000
1383076 11 0.419710272168569 7211919000
1383087 164 0.4252572431957858 7587575700
1383251 8 0.411603160667252 3919591620
1383259 7 0.411603160667252 3919591620
1383266 1 0.411603160667252 3919591620
1383267 76 0.4916312554872696 4500301080
1383343 300 0.4875539947322213 6901059000
1383643 300 0.576684811237928 7372680390
1383943 300 0.5786760316066725 7375141020
1384243 300 0.5915241439859527 7407949470
1384543 300 0.5707585601404741 7421893050
1384843 300 0.5706637401229149 7429274940
1385143 300 0.564737489025461 7435836630
1385443 300 0.5986830553116769 7803291210
1385743 300 0.6255171202809483 8794106220
1386043 300 0.5742669007901668 8309361480
1386343 300 0.5650693590869185 8238003090
1386643 300 0.5672028094820019 7918120770
1386943 300 0.5782493415276558 7713888210
1387243 300 0.5680087796312555 7525239660
1387543 300 0.5463898156277437 7519498170
1387843 300 0.5750728709394206 7545744930
1388143 300 0.582611062335382 7532621550
1388443 300 0.598540825285338 7532621550
1388743 300 0.6197330992098332 7690102080
1389043 300 0.6322493415276558 8405326170
1389343 300 0.5876839332748025 8411067630
1389643 300 0.5838437225636524 8266710480
1389943 300 0.5915241439859527 7715528610
1390243 300 0.5755943810359965 7553126820
1390543 300 0.5864986830553117 7578553380
1390843 300 0.5460105355575066 7585935270
1391143 300 0.5654960491659351 7573632090
1391443 300 0.5551606672519753 7567890630
1391743 300 0.5908129938542581 7653192570
1392043 300 0.6292625109745391 8329046520
1392343 300 0.5983511852502195 8321664630
1392643 300 0.5633625987708517 7639248990
1392943 300 0.5832748024582968 7619563920
1393243 300 0.5555399473222125 7580193780
1393543 300 0.5888217734855137 7567890630
1393843 300 0.576827041264267 7568710830
1394143 300 0.576684811237928 7608901170
1394443 300 0.5760684811237928 7628586240
1394743 300 0.5784389815627744 7660574490
1395043 300 0.6264653204565409 8782623270
1395343 300 0.6278876207199298 8743253130
1395643 300 0.5753573309920983 8139577770
1395943 300 0.5907181738366989 7988658930
1396243 300 0.6011483757682178 7877110200
1396543 300 0.5973081650570676 7778684880
1396843 300 0.5848867427568043 7647451110
1397143 300 0.5782967515364354 7641709620
1397443 300 0.5727971905179983 7635968160
1397743 300 0.5897699736611062 7655653200
1398043 300 0.5794345917471466 7675338270
1398343 300 0.6343827919227393 8384820900
1398643 300 0.5982563652326602 8082983190
1398943 300 0.5693362598770852 7695023340
1399243 300 0.5783441615452152 7681079760
1399543 300 0.5807620719929764 7687641450
1399843 300 0.5643582089552239 7674518070
1400143 300 0.5488551360842846 7667956380
1400443 300 0.5929464442493415 7681079760
1400743 300 0.6595575065847235 7727831790
1401043 300 0.6118630377524144 7728651990
1401343 300 0.642395083406497 8358574140
1401643 300 0.5779174714661984 8123173530
1401943 300 0.572702370500439 8017366320
1402243 300 0.5844600526777877 8018186520
1402543 300 0.5726075504828797 7912379280
1402843 300 0.5805724319578578 7813953960
1403143 300 0.579529411764706 7748337060
1403443 300 0.5914767339771729 7714708410
1403743 300 0.6007690956979808 7714708410
1404043 300 0.5971659350307287 7708146720
1404343 300 0.6470886742756805 8109229950
1404643 300 0.6321545215100967 8397944280
1404943 300 0.6056049165935031 7761460440
1405243 300 0.599820895522388 7742595600
1405543 300 0.599062335381914 8693220270
1405843 300 0.5675820895522389 7735213680
1406143 300 0.5756417910447762 7722910530
1406443 300 0.56227216856892 7723730730
1406743 300 0.601764705882353 7729472220
1407043 300 0.5824214223002634 7734393480
1407343 300 0.5925671641791046 7721270100
1407643 300 0.6471834942932397 8358574140
1407943 300 0.6473731343283582 8004242940
1408243 300 0.6263705004389816 7768022130
1408543 300 0.5944161545215101 7775404020
1408843 300 0.5976400351185249 8347091190
1409143 300 0.5891062335381914 7736854110
1409443 300 0.5781545215100966 7736854110
1409743 300 0.5693362598770852 7736854110
1410043 300 0.5853134328358209 7729472220
1410343 300 0.5884424934152765 7723730730
1410643 300 0.5685776997366111 7716348840
1410943 300 0.6317752414398595 8220778680
1411243 300 0.6233362598770852 7722090300
1411543 300 0.5734609306409131 7715528610
1411843 300 0.5700474100087797 7702405260
1412143 300 0.5754995610184372 7715528610
1412443 300 0.5851237928007024 7722090300
1412743 300 0.5652115891132572 7709787150
1413043 300 0.576684811237928 7710607350
1413343 300 0.5989675153643548 7704045660
1413643 300 0.5986830553116769 7697483970
1413943 300 0.6660052677787534 8321664630
1414243 300 0.627081650570676 8163363900
1414543 300 0.5858823529411765 7736854110
1414843 300 0.5918086040386303 7736854110
1415143 300 0.5787708516242318 7736854110
1415443 300 0.5858349429323968 7731932850
1415743 300 0.5852660228270413 7745056230
1416043 300 0.5846022827041264 7745056230
1416343 300 0.5805724319578578 7737674310
1416643 300 0.5913819139596137 7763100870
1416943 300 0.6307322212467077 8773600950
1417243 300 0.600721685689201 8767039260
1417543 300 0.5686725197541703 8525076990
1417843 300 0.5846022827041264 8492268540
1418143 300 0.6068849868305531 8169925590
1418443 300 0.586972783143108 7973895120
1418743 300 0.5835592625109746 7822976280
1419043 300 0.6126215978928885 7725371160
1419343 300 0.5971659350307287 7738494540
1419643 300 0.5988726953467954 7737674310
1419943 300 0.594700614574188 7738494540
1420243 300 0.6399297629499561 8165824530
1420543 300 0.6407831431079895 9005720700
1420843 300 0.6251378402107111 8520155730
1421143 300 0.6059841966637401 8380719840
1421443 300 0.6117208077260756 8046893910
1421743 300 0.5935627743634768 7927963290
1422043 300 0.603945566286216 7816414590
1422343 300 0.5899122036874451 7758179610
1422643 300 0.5987304653204566 7758999810
1422943 300 0.6068849868305531 7752438120
1423243 300 0.5938472344161545 7752438120
1423543 300 0.6591308165057068 8736691440
1423843 300 0.6575188762071993 8946665490
1424143 300 0.619638279192274 8224879710
1424443 300 0.6148024582967515 8218318020
1424743 300 0.634050921861282 8171565990
1425043 300 0.6127164179104478 8086264050
1425343 300 0.6081650570676032 8027208840
1425643 300 0.6026180860403864 8040332220
1425943 300 0.5820421422300264 8032950330
1426243 300 0.6002475856014048 7955030280
1426543 300 0.6279350307287095 7902536760
1426843 300 0.7022739244951712 8184689370
1427143 300 0.6294995610184372 7942727100
1427443 300 0.6052730465320457 7850863470
1427743 300 0.6208235294117648 7857425160
1428043 300 0.6105829675153643 7850043240
1428343 300 0.6197805092186128 7856604930
1428643 300 0.6385548726953468 7842661350
1428943 300 0.6159402985074627 7836099660
1429243 300 0.6202546093064092 7862346420
1429543 300 0.6245689201053556 7863166620
1429843 300 0.6745864793678666 8270811540
1430143 300 0.7010412642669008 8828555100
1430443 300 0.6393608428446005 8277373230
1430743 300 0.6410201931518876 8218318020
1431043 300 0.6318700614574189 8159262840
1431343 300 0.6415891132572431 7923042030
1431643 300 0.6365636523266023 7857425160
1431943 300 0.6228147497805092 7863986820
1432243 300 0.6505021949078139 7863166620
1432543 300 0.642632133450395 7856604930
1432843 300 0.6363266022827042 7889413380
1433143 300 0.6446233538191397 8158442610
1433443 300 0.6868182616330115 9051652530
1433743 300 0.6251378402107111 8624322540
1434043 300 0.6110570676031607 8612019360
1434343 300 0.6098244073748903 8572649220
1434643 300 0.6297366110623354 8238003090
1434943 300 0.6250430201931519 8047714110
1435243 300 0.6134275680421424 8047714110
1435543 300 0.6222932396839334 8007523770
1435843 300 0.6047989464442494 7909918650
1436143 300 0.6098244073748903 7896795270
1436443 300 0.6617383669885865 7982917440
1436743 300 0.6966321334503951 8974552680
1437043 300 0.6497910447761195 8849880600
1437343 300 0.6221035996488148 8659591620
1437643 300 0.620017559262511 8561166270
1437943 300 0.6251852502194908 8253587100
1438243 300 0.6250430201931519 7950929220
1438543 300 0.6301158911325724 7937805840
