1900429 300 0.8474433713784022 7804931640
1900729 300 0.8606707638279192 7803291210
1901029 300 0.8861299385425814 7797549720
1901329 300 0.8518999122036875 7790167830
1901629 300 0.8572098331870062 7777044450
1901929 300 0.8262985074626865 7764741300
1902229 300 0.8220790166812995 7810673100
1902529 300 0.9118735733099209 8480785590
1902829 300 0.8779280070237051 8192891490
1903129 300 0.8270570676031608 7765561500
1903429 300 0.8287164179104478 7746696660
1903729 300 0.8473011413520631 7753258320
1904029 300 0.8208937664618086 7818055020
1904329 300 0.8175750658472344 7804931640
1904629 300 0.8424653204565409 7798369950
1904929 300 0.833315188762072 7804931640
1905229 300 0.8949956101843723 8054275800
1905529 300 0.8636101843722563 8133016080
1905829 300 0.8305179982440738 7818055020
1906129 300 0.8271044776119404 7804931640
1906429 300 0.8283845478489903 7799190150
1906729 300 1.115784021071115 7812313530
1907029 300 1.4779016681299386 7831998600
1907329 300 1.5347936786654959 7844301780
1907629 300 1.4933099209833185 7902536760
1907929 300 1.5465987708516244 8158442610
1908229 300 1.5252642669007903 8171565990
1908529 300 1.5115153643546972 7917300570
1908829 300 1.4829271290605797 7909918650
1909129 300 1.4858191395961369 7895975070
1909429 300 1.1303388937664618 7909098450
1909729 300 0.7907884108867428 7896795270
1910029 300 0.7728200175592627 7890233580
1910329 300 0.7669885864793679 7877930430
1910629 201 0.5917137840210711 3887603370
1910830 7 0.5919034240561897 3887603370
1910837 9 0.5917137840210711 3888423600
1910846 1 0.5917137840210711 3888423600
1910847 82 0.6056523266022827 4260799440
1910929 94 0.621961369622476 4669264560
1911023 1 0.621961369622476 4669264560
1911024 205 0.7099543459174715 6193216800
1911229 300 0.7878964003511851 7951749420
1911529 300 0.7848147497805091 7768842360
1911829 300 0.8019297629499562 7775404020
1912129 300 0.7842932396839333 7801650780
1912429 300 0.782539069359087 7774583820
1912729 300 0.7872800702370502 7763100870
1913029 300 0.7853836698858648 7770482760
1913329 300 0.8097524143985952 7914839910
1913629 300 0.8299016681299387 9089382240
1913929 300 0.8025935030728709 8597255580
1914229 300 0.800270412642669 8007523770
1914529 300 0.784862159789289 8008344000
1914829 300 0.8284793678665496 7995220620
1915129 300 0.795529411764706 7988658930
1915429 300 0.7966198419666375 7975535550
1915729 300 0.7902194907813871 7962412170
1916029 300 0.7966672519754171 7962412170
1916329 300 0.8463055311676909 8552964180
1916629 300 0.8176698858647937 8493908970
1916929 300 0.7943915715539949 7961591970
1917229 300 0.7741000877963126 7947648360
1917529 300 0.8007445127304653 8748994620
1917829 300 0.7774187884108867 7981277010
1918129 300 0.822505706760316 7975535550
1918429 300 0.7979947322212468 7962412170
1918729 300 0.8073345039508342 7961591970
1919029 300 0.8463529411764705 8552964180
1919329 300 0.8298068481123794 7988658930
1919629 300 0.787564530289728 7981277010
1919929 300 0.787943810359965 7982097240
1920229 300 0.7990851624231784 7988658930
1920529 300 0.7830131694468834 8001782310
1920829 300 0.7619157155399474 7995220620
1921129 300 0.7666567164179106 7995220620
1921429 300 0.7754275680421423 7982917440
1921729 300 0.8311343283582091 8593154520
1922029 300 0.8127392449517121 8645648010
1922329 300 0.7708762071992977 8034590730
1922629 300 0.7505373134328358 8035410960
1922929 300 0.7622001755926251 8022287580
1923229 300 0.7569850746268658 8009164200
1923529 300 0.7503002633889376 8009164200
1923829 300 0.7521966637401231 8015725890
1924129 300 0.7935381913959613 8015725890
1924429 300 0.8589165935030729 8376618780
1924729 300 0.8372502194907814 8304440190
1925029 300 0.785241439859526 8002602510
1925329 300 0.8152045654082529 8002602510
1925629 300 0.7968568920105357 8015725890
1925929 300 0.7873274802458298 8016546090
1926229 300 0.8052484635645304 8015725890
1926529 300 0.7960509218612819 8022287580
1926829 300 0.8311817383669886 8973732450
1927129 300 0.8262036874451273 8888430510
1927429 300 0.8113643546971028 7884492120
1927729 300 0.8085671641791046 7831998600
1928029 300 0.8093731343283583 7838560290
1928329 300 0.8154416154521511 7851683670
1928629 300 0.8199455662862162 7845121980
1928929 300 0.8338841088674276 7826257110
1929229 300 0.8041580333625988 7832818800
1929529 300 0.8019771729587357 7826257110
1929829 300 0.8839964881474978 8147779890
1930129 300 0.8564986830553116 8515234440
1930429 300 0.8376294995610185 8213396760
1930729 300 0.8346900790166815 7865627250
1931029 300 0.8518999122036875 8700602160
1931329 300 0.8499561018437226 7859885790
1931629 300 0.8175750658472344 7846762410
1931929 300 0.8077611940298507 7840200720
1932229 300 0.8482493415276559 7841020920
1932529 300 0.8778331870061458 8465201580
1932829 300 0.8793028972783143 7886952750
1933129 300 0.8337892888498682 7880391060
1933429 300 0.7985636523266022 7860705990
1933729 300 0.8398577699736612 7854144300
1934029 300 0.822126426690079 7854144300
1934329 300 0.8168165057067603 7848402810
1934629 300 0.8497190517998244 7841841120
1934929 300 0.8516154521510098 8000141880
1935229 300 0.8527532923617209 8236362690
1935529 300 0.8706742756804215 7895975070
1935829 300 0.8452151009657594 7841020920
1936129 300 0.839336259877085 7850863470
1936429 300 0.8121703248463564 7900076130
1936729 300 0.8349745390693591 7906637820
1937029 300 0.8400474100087796 7900896330
1937329 300 0.8383406496927128 7914839910
1937629 300 0.8550289727831433 8708804280
1937929 300 0.843745390693591 8241283950
1938229 300 0.8005074626865671 7938626040
1938529 300 0.8236909569798069 7918940970
1938829 300 0.8299490781387182 7899255900
1939129 300 0.8337892888498682 7892694210
1939429 300 0.8401422300263389 7860705990
1939729 300 0.8571624231782267 7860705990
1940029 300 0.8999736611062334 7905817590
1940329 300 0.9580509218612818 8463561150
1940629 300 0.8903968393327482 8457819690
1940929 300 0.8122651448639158 7886952750
1941229 300 0.8357805092186128 7878750630
1941529 300 0.8198981562774363 7878750630
1941829 300 0.8152993854258123 7872188940
1942129 300 1.0044179104477613 7873009170
1942429 300 2.874932396839333 7892694210
1942729 300 2.9789973661106233 7925502660
1943029 300 3.0 8751455250
1943329 300 2.8927111501316944 8745713790
1943629 300 2.715350307287094 8069859810
1943929 300 2.6888481123792802 8075601300
1944229 300 2.72739244951712 8685838380
1944529 300 2.5789517120280947 8076421500
1944829 300 2.6120913081650574 8075601300
1945129 300 2.5946918349429327 8096106570
1945429 300 2.595640035118525 8115791640
1945729 300 2.6620614574187886 8752275480
1946029 300 2.573784021071115 8121533130
1946329 300 2.4520825285338015 8135476710
1946629 300 2.487213345039508 8133836280
1946929 300 2.46644776119403 8133836280
1947229 300 2.5043757682177348 8803948770
1947529 300 2.447815627743635 8154341580
1947829 300 2.461043020193152 8146959660
1948129 300 2.4353942054433713 8153521350
1948429 300 2.419748902546093 8219138250
1948729 300 2.431601404741001 8790005190
1949029 300 2.37641615452151 8279013660
1949329 300 2.3816312554872696 8286395550
1949629 300 2.2826391571553994 8285575350
1949929 300 2.3041633011413523 8298698730
1950229 300 2.2560421422300267 8351192220
1950529 300 2.2844407374890254 8350372020
1950829 300 2.252628621597893 8343810330
1951129 300 2.239970149253731 8352832650
1951429 300 2.303784021071115 8904014520
1951729 300 2.2732519754170326 8917137900
1952029 300 2.2533397717295873 8359394340
1952329 300 2.1942669007901667 8365956030
1952629 300 2.1278928884986827 8418449550
1952929 300 2.1316382791922734 8418449550
1953229 300 2.0727550482879717 8418449550
1953529 300 2.004579455662862 8431572930
1953829 300 2.0107427568042144 8425011240
1954129 300 1.992632133450395 8425011240
1954429 300 2.152024582967515 8719467030
1954729 300 2.0235434591747143 9232919190
1955029 300 1.9702071992976296 8930261280
1955329 300 2.001450395083406 8464381380
1955629 300 1.9417611940298507 8463561150
1955929 300 1.9167761194029849 8438134620
1956229 300 1.8672326602282703 8392202790
1956529 300 2.0027304653204565 8392202790
1956829 300 1.9342230026338894 8582491770
1957129 300 1.926827041264267 9028686600
1957429 300 1.85955223880597 8398764480
1957729 300 1.9673625987708516 8176487280
1958029 300 1.9530921861281825 8865464610
1958329 300 1.9437998244073746 8183048970
1958629 300 1.977982440737489 8176487280
1958929 300 1.853246707638279 8189610630
1959229 300 1.8682756804214224 8254407330
1959529 300 1.891316944688323 8713725540
1959829 300 1.905445127304653 8195352120
1960129 300 1.8380280948200176 8195352120
1960429 300 1.8565654082528533 8195352120
1960729 300 1.8249429323968391 8195352120
1961029 300 1.8135645302897279 8175667050
1961329 300 1.8309640035118524 8123173530
1961629 300 1.8427690956979808 8129735220
1961929 300 1.871025460930641 8129735220
1962229 300 1.8400667251975418 8136296910
1962529 300 1.9174398595259 8779342440
1962829 300 1.9098542581211588 8706343650
1963129 300 1.826270412642669 8136296910
1963429 300 1.8124741000877962 8129735220
1963729 300 1.8223353819139594 8128915020
1964029 300 1.7953590869183496 8129735220
1964329 300 1.8182107111501318 8142858600
1964629 300 1.8229043020193152 8142858600
1964929 300 1.832955223880597 8142858600
1965229 300 1.9307146619841966 8963069730
1965529 300 1.907388937664618 8445516510
1965829 300 1.8419631255487268 8169925590
1966129 300 1.8657155399473222 8228160570
1966429 300 1.8291150131694467 8208475500
1966729 300 1.846419666374012 8215037190
1967029 300 1.3983476733977174 4181238960
1967329 101 1.3722721685689199 4128745440
1967430 1 1.3726040386303775 4128745440
1967431 3 1.3726040386303775 4129565640
1967434 11 1.3722721685689199 4129565640
1967445 1 1.3722721685689199 4129565640
1967446 173 1.3830342405618965 4484717070
1967619 1 1.3830342405618965 4484717070
1967620 9 1.5245057067603163 4604467890
1967629 300 1.4982405618964005 6828060210
1967929 300 1.8184003511852502 8347911390
1968229 300 1.7285583845478487 8119072500
1968529 300 1.7214468832309044 7979636610
1968829 300 1.751078138718174 7973074920
1969129 300 1.7115381913959613 7980456810
1969429 300 1.737945566286216 7981277010
1969729 300 1.7619350307287096 7987838700
1970029 300 1.6876909569798069 7981277010
1970329 300 1.7840280948200173 8940103800
1970629 300 1.7238647936786653 8959788870
1970929 300 1.685367866549605 8101027830
1971229 300 1.7036207199297633 8134656510
1971529 300 1.7076979806848114 8141218200
1971829 300 1.7350061457418788 8140397970
1972129 300 1.718270412642669 8141218200
1972429 300 1.7008709394205443 8128094820
1972729 300 1.7117752414398595 8095286370
1973029 300 1.7294591747146622 8429932500
1973329 300 1.7071764705882355 8961429300
1973629 300 1.6740842844600528 8133836280
1973929 300 1.6572063213345039 8101027830
1974229 300 1.6387164179104479 9242761710
1974529 300 1.6303248463564528 8522616360
1974829 300 1.6087058823529414 8430752700
1975129 300 1.5986075504828796 8338889070
1975429 300 1.624446005267779 8377438980
1975729 300 1.5950517998244074 9224717070
1976029 300 1.5914486391571554 8325765690
1976329 300 1.6229288849868304 8299518930
1976629 300 1.5794064969271293 8299518930
1976929 300 1.5782212467076384 8325765690
1977229 300 1.6171448639157155 8365135830
1977529 300 1.629945566286216 9192728820
1977829 300 1.7094995610184371 9316580700
1978129 300 1.6600983318700615 8805589200
1978429 300 1.6307041264266902 8523436560
1978729 300 1.6454012291483757 8536559940
1979029 300 1.6454012291483757 8411887860
1979329 300 1.67318349429324 8320024200
1979629 300 1.662089552238806 8333967810
1979929 300 1.6561158911325726 8360214540
1980229 300 1.7725548726953468 9186987360
1980529 300 1.7336786654960492 9193549050
1980829 300 1.7038103599648815 8825274240
1981129 300 1.6618999122036877 8799027510
1981429 300 1.685083406496927 8621861910
1981729 300 1.7085513608428449 8294597670
1982029 300 1.7144302019315192 8104308690
1982329 300 1.657443371378402 8123993760
1982629 300 1.708741000877963 8143678830
1982929 300 1.767908691834943 8583311970
1983229 300 1.70528007023705 8320024200
1983529 300 1.641513608428446 8136296910
1983829 300 1.671761194029851 8136296910
1984129 300 1.6292344161545214 8136296910
1984429 300 1.5946251097453905 8136296910
1984729 300 1.633548726953468 8116611870
1985029 300 1.6679209833187008 8116611870
1985329 300 1.7560561896400348 9095123700
1985629 300 1.7620298507462686 9475701660
1985929 300 1.6937120280948201 8977013310
1986229 300 1.6576330114135207 8688299010
1986529 300 1.7543020193151886 8642367180
1986829 300 1.7012976294995608 8498010030
1987129 300 1.662374012291484 8498010030
1987429 300 1.645922739244952 8498010030
1987729 300 1.6739420544337138 8385641100
1988029 300 1.7637840210711149 9048371670
1988329 300 1.741453906935909 8949946350
1988629 300 1.641513608428446 8169105360
1988929 300 1.6958454784899035 7953389850
1989229 297 1.226486391571554 4017196740
1989526 1 1.226486391571554 4018016940
1989527 2 1.226486391571554 4018016940
1989529 7 1.3286075504828798 4024578630
1989536 4 1.3286075504828798 4023758430
1989540 1 1.3286075504828798 4023758430
1989541 176 1.3399859525899913 4376449200
1989717 1 1.3399859525899913 4376449200
1989718 111 1.413566286215979 5094954120
1989829 300 1.474251097453907 7581014010
1990129 300 1.6002669007901669 7808212470
1990429 300 1.5685496049165935 7814774160
1990729 300 1.5433748902546092 7815594390
1991029 300 1.5430904302019317 7835279460
1991329 300 1.4762423178226514 7882031490
1991629 300 1.5072958735733097 7868908110
1991929 300 1.5222774363476737 7862346420
1992229 300 1.475673397717296 7895154870
1992529 300 1.5346514486391571 8269171110
1992829 300 1.5620070237050045 9010641960
1993129 300 1.5033608428446006 8821993410
1993429 300 1.4878103599648815 8467662210
1993729 300 1.471453906935909 8454538830
1994029 300 1.4892800702370503 8468482410
1994329 300 1.488616330114135 8468482410
1994629 300 1.522893766461809 8343810330
1994929 300 1.4977190517998245 8265070080
1995229 300 1.5265443371378402 8625962940
1995529 300 1.441964881474978 8816251920
1995829 300 0.9553959613696226 8468482410
1996129 300 0.7768498683055312 8297878500
1996429 300 0.7789833187006147 9026225970
1996729 300 0.7711132572431959 8456179260
1997029 300 0.7813538191395961 8423370810
1997329 300 0.8060070237050044 8108409750
1997629 300 0.7997489025460931 8055916230
1997929 300 0.8258244073748902 8712085110
1998229 300 0.8230746268656717 8226520140
1998529 300 0.8113643546971028 8227340370
1998829 300 0.8081878841088675 8089544880
1999129 300 0.7949604916593503 8031309900
1999429 300 0.7661826163301143 8029669470
1999729 300 0.7813538191395961 8030489700
2000029 300 0.7599244951712028 8029669470
2000329 300 0.7718244073748904 8156802210
2000629 300 0.8260140474100088 9192728820
2000929 300 0.7814486391571555 8937643170
2001229 300 0.7652818261633011 8694040470
2001529 300 0.7777032484635644 8648108640
2001829 300 0.7924003511852502 9145976790
2002129 300 0.7730570676031608 8516054670
2002429 300 0.7823494293239683 8516054670
2002729 300 0.7716821773485514 8516054670
2003029 300 0.7782721685689201 8516054670
2003329 300 0.8433187006145743 9375635910
2003629 300 0.8346426690079016 8488987710
2003929 300 0.7984214223002634 8496369600
2004229 300 0.7700702370500438 8430752700
2004529 300 0.7970465320456541 8338889070
2004829 300 0.772251097453907 8358574140
2005129 300 0.7723459174714663 8338889070
2005429 300 0.7727251975417033 8325765690
2005729 300 0.8019771729587357 8253587100
2006029 300 0.8323669885864795 8929441050
2006329 300 0.8154890254609306 8280654090
2006629 300 0.794486391571554 7964872800
2006929 300 0.7387322212467077 7951749420
2007229 300 0.7384003511852504 7958311110
2007529 300 0.7540930640913082 7953389850
2007829 300 0.762342405618964 7952569620
2008129 300 0.7524337137840212 7959131310
2008429 300 0.7508217734855136 7959131310
2008729 300 0.7768972783143109 8260969020
2009029 300 0.8081404741000879 8936822970
2009329 300 0.7708287971905179 8891711340
2009629 300 0.7334697102721687 8648108640
2009929 300 0.7153116769095699 8627603370
2010229 300 0.7653292361720807 9271469100
2010529 300 0.7692168568920106 8347091190
2010829 300 0.7672730465320455 8333147580
2011129 300 0.748214223002634 8327406120
2011429 300 0.7558946444249343 8320024200
2011729 300 0.7796944688323092 8648108640
2012029 300 0.7983740122914839 8812971090
2012329 300 0.7722985074626867 8510313180
2012629 300 0.7222809482001756 8352012450
2012929 300 0.7197208077260755 8300339130
2013229 300 0.7354609306409131 8299518930
2013529 300 0.7516751536435471 8306080620
2013829 300 0.7678419666374012 8247025410
2014129 300 0.7758068481123793 8109229950
2014429 300 0.7607778753292362 8017366320
2014729 300 0.8088516242317823 8970451620
2015029 300 0.8092783143107991 9002439840
2015329 300 0.7834398595258999 8680917090
2015629 300 0.7835346795434592 9336265770
2015929 300 0.7557998244073749 8385641100
2016229 300 0.7680316066725199 8188790430
2016529 300 0.7685057067603163 8194531920
2016829 300 0.7747638279192275 8214216990
2017129 300 0.7913573309920985 8733410610
2017429 300 0.8214152765583846 8005063140
2017729 300 0.7756646180860405 8005063140
2018029 300 0.7522440737489026 7998501450
2018329 300 0.7915943810359964 8005063140
2018629 300 0.775332748024583 8011624830
2018929 300 0.771208077260755 8005063140
2019229 300 0.7820175592625112 7998501450
2019529 300 0.7599719051799825 7991939760
2019829 300 0.8383880597014925 8575930080
2020129 300 0.808899034240562 8576750280
2020429 300 0.7809271290605796 7972254690
2020729 300 0.7704969271290607 7972254690
2021029 300 0.7796944688323092 7965693000
2021329 300 0.7778454784899034 7959131310
2021629 300 0.778414398595259 7959131310
2021929 300 0.8100368744512731 7959131310
2022229 300 0.794486391571554 8083803420
2022529 300 0.8424179104477612 8379899610
2022829 300 0.791025460930641 7965693000
2023129 300 0.7884179104477613 7939446270
2023429 300 0.794865671641791 7940266470
2023729 300 0.7783195785776997 7946828160
2024029 300 0.77571202809482 7946828160
2024329 300 0.7553731343283583 7946828160
2024629 300 0.7881334503950833 7972254690
2024929 300 0.8242124670763828 9062315250
2025229 300 0.8018823529411764 8923699590
2025529 300 0.7584547848990342 8630064000
2025829 300 0.7675575065847235 8596435350
2026129 300 0.7863318700614575 8466021780
2026429 300 0.7724881474978051 8367596460
2026729 300 0.7601615452151009 8308541250
2027029 300 0.7586444249341527 8301979560
2027329 300 0.779315188762072 8361034770
2027629 300 0.8207041264266902 9298536060
2027929 300 0.8039209833187007 9272289300
2028229 300 0.7952923617208079 8406146370
2028529 300 0.7876593503072871 8393843220
2028829 300 0.8082827041264267 8380719840
2029129 300 0.7852888498683055 8379899610
2029429 300 0.7861422300263389 8215857390
2029729 300 0.790503950834065 8210936130
2030029 300 0.8052010535557506 8269171110
2030329 300 0.8463055311676909 9240301080
2030629 300 0.8154416154521511 8945025090
2030929 300 0.8139719051799825 8557885440
2031229 300 0.8283371378402108 8511953610
2031529 300 0.8134029850746268 8347911390
2031829 300 0.8153467954345918 8321664630
2032129 300 1.2137330992098332 8328226320
2032429 300 2.206972783143108 8347911390
2032729 300 2.3433239683933276 8374978350
2033029 300 2.434114135206321 8919598530
2033329 300 2.518883230904302 9109887510
2033629 300 2.521395961369622 8827734900
2033929 300 2.5429201053555746 8840858250
2034229 300 2.4819982440737487 9556082340
2034529 300 2.468486391571554 8827734900
2034829 300 2.5080263388937665 8834296590
2035129 300 2.518172080772608 8827734900
2035429 300 2.485269534679544 8840858250
2035729 300 2.511345039508341 8834296590
2036029 300 2.565345039508341 9069697170
2036329 300 2.657510096575944 9116449200
2036629 300 2.5866795434591747 8696501100
2036929 300 2.5526391571553995 8676816030
2037229 300 2.677185250219491 8709624480
2037529 300 2.5983424056189643 8616940620
2037829 300 2.6194872695346794 8590693890
2038129 300 2.6690781387181737 8591514090
2038429 300 2.6205776997366113 8590693890
2038729 300 2.6550921861281824 8584952400
2039029 300 2.684486391571554 8780982840
2039329 300 2.7624284460052673 9339546630
2039629 300 2.6227585601404746 9162381030
2039929 300 2.631434591747147 8920418730
2040229 300 2.6025618964003514 8853981630
2040529 300 2.210149253731343 8736691440
2040829 300 1.3929429323968394 8716186170
2041129 300 2.13851273046532 8591514090
2041429 300 1.3879174714661984 8559525840
2041729 300 1.7109218612818262 8507852550
2042029 300 1.944653204565408 9360051900
2042329 300 1.1424284460052676 8539840800
2042629 300 0.974739244951712 8060837490
2042929 300 1.1897910447761193 8060017290
2043229 300 0.9361000877963127 8060017290
2043529 300 0.9229675153643546 8066578980
2043829 300 0.9523143107989466 8067399180
2044129 300 0.9325443371378404 8067399180
2044429 300 0.935531167690957 8080522560
2044729 300 0.9320228270412642 8073960870
2045029 300 0.9326865671641792 8886790080
2045329 300 0.9401773485513609 8342990130
2045629 300 0.9494697102721685 8336428440
2045929 300 0.9472888498683056 8329866750
2046229 300 1.0226233538191396 8277373230
2046529 300 1.0333854258121158 8953227180
2046829 300 1.0061246707638278 8388921930
2047129 300 0.9458665496049166 8342990130
2047429 300 0.9490430201931519 8336428440
2047729 300 0.9700930640913081 8310181680
2048029 300 0.942453028972783 8048534340
2048329 300 0.9325917471466199 8021467380
2048629 300 0.959046532045654 8021467380
2048929 300 0.9320228270412642 8014905690
2049229 300 0.999961369622476 8821993410
2049529 300 0.9488533801580334 9117269400
2049829 300 0.9500386303775241 8652209700
2050129 300 0.9241053555750659 8631704430
2050429 300 0.957766461808604 8638266120
2050729 300 0.9447287093942055 8638266120
2051029 300 0.9158560140474101 8632524630
2051329 300 0.919980684811238 8566087530
2051629 300 0.9473362598770851 8315923170
2051929 300 0.998776119402985 9005720700
2052229 300 0.9747866549604918 9104146020
2052529 300 0.9659683933274803 8382360240
2052829 300 0.9455346795434592 8348731590
2053129 300 0.9502756804214223 8343810330
2053429 300 0.9483792800702371 8212576560
2053729 300 0.9581931518876209 8199453180
2054029 300 0.9446338893766462 8186329800
2054329 300 0.9421685689201054 8063298120
2054629 300 0.9847427568042143 8974552680
2054929 300 0.9776786654960491 9249323400
2055229 300 0.9410307287093943 8665333080
2055529 300 0.9334925373134328 8658771390
2055829 300 0.9232045654082528 8652209700
2056129 300 0.9467673397717298 8653029930
2056429 300 0.9258595258999122 8527537620
2056729 300 0.9379490781387181 8330686950
2057029 300 0.9607532923617208 8317563570
2057329 300 1.0755803336259877 8318383800
2057629 300 2.6347058823529412 8540661000
2057929 300 1.2390500438981562 9145156590
2058229 300 2.743132572431958 8659591620
2058529 300 2.531589113257243 8613659790
2058829 300 2.752424934152766 8620221480
2059129 300 2.764561896400351 8527537620
2059429 300 2.7837155399473223 8507852550
2059729 300 2.70425636523266 8515234440
2060029 300 2.7702985074626865 8514414240
2060329 300 2.062372256365233 4380550260
2060629 41 1.9892186128182614 4997349000
2060670 8 1.9894556628621596 4997349000
2060678 9 1.9892186128182614 4998169230
2060687 173 1.995618964003512 5377926960
2060860 1 1.995618964003512 5377926960
2060861 1 1.995618964003512 5377926960
2060862 67 2.073845478489903 5971759800
2060929 300 2.1804231782265147 7908278220
2061229 300 1.6123090430201934 8217497820
2061529 300 2.756075504828797 8224059510
2061829 300 2.7319912203687444 8224059510
2062129 300 2.7193327480245832 8237182890
2062429 300 2.702454784899034 8238003090
2062729 300 2.6967655838454787 8231441400
2063029 300 2.7394345917471465 8231441400
2063329 300 2.8046233538191396 8913857040
2063629 300 2.437906935908692 8743253130
2063929 300 1.4825478489903425 8100207630
2064229 300 0.9341562774363478 8069039610
2064529 300 0.9415996488147498 9009821760
2064829 300 1.1890324846356455 8327406120
2065129 300 1.2862230026338892 8274912600
2065429 300 1.218900790166813 8162543670
2065729 300 1.4194925373134328 8260969020
2066029 300 0.9659209833187006 8844139110
2066329 300 0.9017752414398595 8364315600
2066629 300 0.888358208955224 8305260420
2066929 300 0.8713854258121161 8292957240
2067229 300 0.8643687445127304 8285575350
2067529 300 0.8809148375768218 8232261630
2067829 300 0.9061843722563653 8130555450
2068129 300 0.92870412642669 8249486070
2068429 300 0.8844231782265146 8498010030
2068729 300 0.8816733977172958 8150240520
2069029 300 0.8782124670763828 8155981980
2069329 300 0.8706268656716417 8155981980
2069629 300 0.9003529411764706 8142038400
2069929 300 0.8813889376646181 8142858600
2070229 300 0.8892589991220369 8135476710
2070529 300 0.920739244951712 8202734010
2070829 300 0.9214978050921863 9487184610
2071129 300 0.9246268656716418 9015563220
2071429 300 0.8600070237050045 8529998250
2071729 300 0.8646532045654083 8503751490
2072029 300 0.8790184372256367 8444696310
2072329 300 0.874324846356453 8359394340
2072629 300 0.8650798946444249 8366776230
2072929 300 0.8650798946444249 8361034770
2073229 300 0.8606233538191397 8366776230
2073529 300 0.9373801580333626 9133673640
2073829 300 0.8846602282704128 8634985290
2074129 300 0.8456417910447762 8379899610
2074429 300 1.272237050043898 8385641100
2074729 300 1.7274205443371378 8386461300
2075029 300 1.0724986830553118 8282294490
2075329 300 0.9270921861281827 8177307480
2075629 300 1.2562124670763828 8177307480
2075929 300 2.405525899912204 8191251060
2076229 300 2.6541913959613694 8578390710
2076529 300 2.7200438981562773 9200930940
2076829 300 2.645610184372256 8670254340
2077129 300 2.6215733099209837 8656310760
2077429 300 2.6483125548726956 8668613940
2077729 300 2.667418788410887 8676816030
2078029 300 2.737538191395961 8656310760
2078329 300 2.695675153643547 8650569300
2078629 300 2.7238841088674275 8526717420
2078929 300 2.741805092186128 8650569300
2079229 300 2.7843318700614574 9031147230
2079529 300 2.718100087796312 8598075780
2079829 300 2.811734855136084 8335608210
2080129 300 2.7595364354697107 8302799790
2080429 300 2.567051799824408 8289676410
2080729 300 1.3051395961369625 8224879710
2081029 300 2.3915399473222125 8146139460
2081329 300 0.9623178226514486 8119892700
2081629 300 1.8588884986830552 8402045310
2081929 300 0.8773590869183494 8310181680
2082229 300 0.8442194907813871 7989479130
2082529 300 0.8211308165057067 7969794060
2082829 300 0.8623301141352064 7969794060
2083129 300 0.8802985074626866 7956670680
2083429 300 0.8299490781387182 7950108990
2083729 300 0.8636101843722563 7956670680
2084029 300 0.8819578577699736 7969794060
2084329 300 0.89528007023705 8954047410
2084629 300 0.8597699736611063 8750635050
2084929 300 0.8055329236172081 8540661000
2085229 300 0.7795048287971905 8539840800
2085529 300 0.8162475856014049 8501290860
2085829 300 0.8046321334503952 8363495400
2086129 300 0.8302809482001757 8192891490
2086429 300 0.8370605794556629 8048534340
2086729 300 0.8525162423178227 8041972650
2087029 300 0.8935258999122038 8645648010
2087329 300 0.8893064091308165 9052472730
2087629 300 0.8754626865671643 8580031140
2087929 300 0.856972783143108 8448797340
2088229 300 0.8570201931518877 8396303850
2088529 300 0.8295223880597016 8278193430
2088829 300 0.8207989464442493 8271631770
2089129 300 0.8165794556628622 8330686950
2089429 300 0.9116839332748026 9288693540
2089729 300 0.8354486391571555 8849060370
2090029 300 0.8347848990342405 8461920720
2090329 300 0.8568779631255486 8442235680
2090629 300 0.8418489903424057 8436494190
2090929 300 0.8397629499561019 8238823320
2091229 300 0.8563090430201933 8087904480
2091529 300 0.845784021071115 8035410960
2091829 300 0.9248639157155399 8999979210
2092129 300 0.8729499561018437 8868745440
2092429 300 0.8497190517998244 8566907760
2092729 300 0.8759841966637402 8468482410
2093029 300 0.8283845478489903 8461920720
2093329 300 0.8567357330992098 8343810330
2093629 300 0.8461158911325726 8042792850
2093929 300 0.8940948200175594 8174026620
2094229 300 0.934630377524144 8777702010
2094529 300 0.899025460930641 8580851340
2094829 300 0.9032449517120281 8587413030
2095129 300 0.9155241439859526 8338068870
2095429 300 0.8920087796312555 8238823320
2095729 300 0.8806777875329236 8160083040
2096029 300 0.8806777875329236 7969794060
2096329 300 0.8882633889376647 8022287580
2096629 300 1.0004354697102724 8954867610
2096929 300 0.955585601404741 8849880600
2097229 300 0.9510342405618966 8587413030
2097529 300 0.9649253731343284 8587413030
2097829 300 0.9435434591747146 8580851340
2098129 300 0.9007796312554873 8494729170
2098429 300 0.9319754170324847 8441415450
2098729 300 0.9370008779631256 8303619990
2099029 300 0.9525513608428448 8657951190
2099329 300 0.9251957857769975 8501290860
2099629 300 0.9257172958735733 8003422710
