2156580 300 1.0951606672519754 12260318370
2156880 300 1.1078665496049167 12239813100
2157180 300 1.1702107111501319 12364485180
2157480 300 1.1606338893766464 12377608560
2157780 300 1.1842440737489026 12062647500
2158080 300 1.1185812115891132 12056085810
2158380 300 1.137497805092186 12049524120
2158680 300 1.1449411764705884 12003592290
2158980 300 1.1276365232660228 11807561850
2159280 300 1.1426654960491658 11819865000
2159580 300 1.1262142230026337 11819865000
2159880 300 1.1533801580333625 12416978700
2160180 300 1.1317137840210711 12384170250
2160480 300 1.129675153643547 11846111760
2160780 300 1.104595258999122 11826426690
2161080 300 1.1465531167690957 11826426690
2161380 300 1.1335153643546971 11819865000
2161680 300 1.1139824407374892 11819865000
2161980 300 1.1364547848990343 11833808610
2162280 300 1.1366444249341527 11840370300
2162580 300 1.1855715539947322 13073967810
2162880 300 1.1872309043020195 13873673640
2163180 300 1.2052941176470586 13696508040
2163480 300 1.1917822651448637 12259498170
2163780 300 1.1746198419666376 12280003440
2164080 300 1.1778437225636524 12306250200
2164380 300 1.1731501316944688 12286565130
2164680 300 1.1447041264266902 12299688510
2164980 300 1.1599701492537313 12285744930
2165280 300 1.1496821773485513 12377608560
2165580 300 1.2155346795434592 13053462510
2165880 300 1.1900280948200175 13073967810
2166180 300 1.1941527655838455 12889420290
2166480 300 1.1845759438103602 12548212470
2166780 300 1.1795978928884987 12371046870
2167080 300 1.1857611940298507 12253756680
2167380 300 1.1892695346795437 12253756680
2167680 300 1.6862212467076385 12312811890
2167980 300 1.4962019315188764 13114158150
2168280 300 1.2177629499561018 12739321680
2168580 300 1.2412309043020193 12311991690
2168880 300 2.8977840210711148 12318553380
2169180 300 2.9826479367866545 12364485180
2169480 300 2.9127181738366987 12397293630
2169780 300 2.095369622475856 12398113860
2170080 300 2.949460930640913 12398113860
2170380 300 2.9024776119402986 12982104150
2170680 300 2.7646093064091306 12969801000
2170980 300 2.5751589113257243 12424360590
2171280 300 2.5688059701492536 12399754260
2171580 300 2.6143195785776996 12399754260
2171880 300 2.061187006145742 12398934060
2172180 300 2.35584021071115 12405495750
2172480 300 2.4938507462686568 12411237210
2172780 300 2.555246707638279 12648278220
2173080 300 2.368783143107989 12772950330
2173380 300 1.5053046532045653 12458809470
2173680 300 1.0976733977172959 12451427580
2173980 300 1.0989060579455665 12436663770
2174280 300 2.019655838454785 12443225460
2174580 300 1.927348551360843 12451427580
2174880 300 2.1128165057067605 12457989270
2175180 300 2.266330114135206 14439619290
2175480 300 1.5262598770851625 14380564110
2175780 300 1.017550482879719 13238830230
2176080 300 1.559589113257243 12753265260
2176380 300 2.1745917471466196 12759006720
2176680 300 2.1117260755048286 12745883370
2176980 300 2.2584600526777874 12740141880
2177280 300 2.190900790166813 12786073710
2177580 300 2.204317822651449 12805758780
2177880 300 2.2583652326602284 13212583470
2178180 300 2.3083353819139596 14031974370
2178480 300 2.2874749780509216 13421737320
2178780 300 2.3002282704126427 13166651640
2179080 300 1.4854872695346797 13028856180
2179380 300 1.258630377524144 13022294490
2179680 300 2.0239701492537314 13014912600
2179980 300 2.1137647058823528 12870555450
2180280 300 2.0508990342405617 12851690580
2180580 300 2.000597014925373 13133843220
2180880 300 1.4759104477611942 13592341230
2181180 300 1.9712502194907813 12903363900
2181480 300 2.0799613696224757 12850870380
2181780 300 2.103476733977173 12843488490
2182080 300 2.1308797190518 12844308690
2182380 300 2.033641791044776 12844308690
2182680 300 1.2650307287093943 12844308690
2182980 300 1.0641545215100967 12832005510
2183280 300 1.483258999122037 13290503520
2183580 300 2.0465373134328355 13028856180
2183880 300 2.105325724319578 12877937340
2184180 300 2.114333625987708 12871375650
2184480 300 1.2727111501316943 12864813960
2184780 300 1.1366444249341527 12857432070
2185080 300 2.045826163301141 12883678830
2185380 300 2.1242423178226515 12891060720
2185680 300 2.083754170324846 12877937340
2185980 300 2.1284143985952593 13724395200
2186280 300 2.110683055311677 14052479640
2186580 300 2.1301685689201055 13619408190
2186880 300 2.0366760316066723 13606284810
2187180 300 1.9767497805092185 13429119210
2187480 300 2.066828797190518 13257695100
2187780 300 2.02928007023705 13245391920
2188080 300 2.054359964881475 13244571720
2188380 300 2.0911027216856892 13133022990
2188680 300 2.1187901668129943 13238010030
2188980 300 2.117462686567164 13618587990
2189280 300 2.0512783143107987 13428299010
2189580 300 2.1180790166812997 13429119210
2189880 300 2.0787287093942055 13402052250
2190180 300 1.9885548726953468 13251953610
2190480 300 2.0829007901668133 13218324960
2190780 300 2.1422581211589113 13101034770
2191080 300 2.177246707638279 13080529500
2191380 300 2.012022827041264 13113337920
2191680 300 1.376396839332748 14950610820
2191980 300 1.3829868305531168 15317245170
2192280 300 2.0458735733099207 15192573090
2192580 300 2.019608428446005 13625149650
2192880 223 2.100632133450395 13606284810
2193103 77 1.627906935908692 13580038050
2193180 109 1.4559034240561899 13383187380
2193289 4 1.451209833187006 8658771390
2193293 1 1.4400210711150134 8658771390
2193294 8 1.4400210711150134 8658771390
2193302 1 1.4400210711150134 8658771390
2193303 177 1.507912203687445 10163038560
2193480 300 1.069417032484636 12858252270
2193780 300 1.080036874451273 13370064000
2194080 300 1.0513064091308166 13376625690
2194380 300 1.044811237928007 13278200370
2194680 300 1.0371782265144864 13219145160
2194980 184 1.0687532923617207 13212583470
2195164 116 0.8119332748024582 13199460090
2195280 67 0.7628165057067603 13127281530
2195347 3 0.7406760316066725 8251946700
2195350 1 0.7406760316066725 8251946700
2195351 7 0.7406760316066725 8251946700
2195358 222 0.8054381035996487 10348406280
2195580 300 0.9614644424934152 12976362690
2195880 76 1.10615978928885 12988665840
2195956 185 0.7781773485513608 12929610630
2196141 5 0.7771343283582091 8015725890
2196146 11 0.750774363476734 7995220620
2196157 23 0.8116488147497806 8320024200
2196180 247 0.8477752414398595 11198145000
2196427 53 0.5737453906935909 11185021620
2196480 131 0.7918788410886743 13389749070
2196611 3 0.784198419666374 8593154520
2196614 10 0.7779402985074626 8593154520
2196624 156 0.8396681299385426 10187644920
2196780 300 0.9351992976294995 12864813960
2197080 300 0.9822774363476735 12687648360
2197380 300 0.9777260755048289 12662221830
2197680 300 0.9697611940298508 13560352980
2197980 300 1.0286918349429324 13087091190
2198280 300 1.0214855136084284 13087091190
2198580 300 0.9517453906935909 13061664630
2198880 300 0.9103090430201933 12930430860
2199180 300 0.9031501316944688 12825443820
2199480 300 0.9776786654960491 13139584680
2199780 300 1.0047971905179982 13303626900
2200080 300 0.9493274802458296 12950115930
2200380 300 0.940556628621598 12923048970
2200680 300 0.951982440737489 12798376860
2200980 300 0.9233467954345919 12792635400
2201280 300 0.9565338015803336 12779512020
2201580 300 0.9000684811237928 12786073710
2201880 300 0.9170412642669007 12779512020
2202180 300 0.9646409130816506 13245391920
2202480 300 0.9306005267778754 13488174420
2202780 300 0.8859877085162424 12811500240
2203080 300 0.8823845478489903 12785253480
2203380 300 0.8958489903424057 12805758780
2203680 300 0.8679244951712027 12812320470
2203980 300 0.8790658472344162 12793455600
2204280 300 0.8704372256365234 12825443820
2204580 300 0.8808674275680423 12832005510
2204880 300 0.9372853380158035 14354317350
2205180 300 0.9451079894644425 15227021970
2205480 300 0.9515083406496927 14452742670
2205780 300 0.8832853380158034 13704710130
2206080 300 0.9231097453906937 13304447130
2206380 300 0.920502194907814 13114158150
2206680 300 0.89528007023705 13114978350
2206980 300 0.8839964881474978 13108416660
2207280 300 0.8832379280070237 13108416660
2207580 300 0.8610500438981562 13108416660
2207880 300 0.8962756804214225 13908942720
2208180 300 0.9072748024582968 14334632280
2208480 300 0.81942405618964 13935189450
2208780 300 0.8012186128182617 13835943930
2209080 300 0.8233590869183494 13397130990
2209380 300 0.8042054433713783 13351199160
2209680 300 0.8122651448639158 13363502310
2209980 300 0.8044899034240562 13337255580
2210280 300 0.7885127304653206 13206842010
2210580 300 0.8400948200175594 13497196740
2210880 300 0.8514258121158912 14238667560
2211180 300 0.8092783143107991 14121377400
2211480 300 0.8134029850746268 13956514950
2211780 300 0.8264407374890255 14219802720
2212080 300 0.8176698858647937 13307727960
2212380 300 0.8267726075504829 13201920720
2212680 300 0.8351641791044777 13195359030
2212980 300 0.8650798946444249 13235549400
2213280 300 0.8773590869183494 13799854620
2213580 300 0.8494345917471467 13609565640
2213880 300 0.7968568920105357 13445523420
2214180 300 0.7958612818261632 13294604580
2214480 300 0.8113643546971028 13234729170
2214780 300 0.8073345039508342 13221605790
2215080 300 0.8038261633011413 13247852550
2215380 300 0.8303283582089552 13234729170
2215680 300 0.8686830553116769 13504578630
2215980 300 0.8700579455662864 13523443500
2216280 300 0.8250658472344161 13235549400
2216580 300 0.8198981562774363 13222426020
2216880 300 0.8389569798068481 13222426020
2217180 300 0.795529411764706 13215864330
2217480 300 0.8223160667251976 13210122840
2217780 300 0.8052958735733099 13222426020
2218080 300 0.9031027216856893 13944211800
2218380 300 0.8268200175592627 14593818990
2218680 300 0.8261088674275682 14016390360
2218980 300 0.8012660228270414 13977020220
2219280 300 0.8270570676031608 13642374090
2219580 300 0.8058647936786656 13268357820
2219880 300 0.8088042142230027 13242111090
2220180 300 0.8359227392449519 13248672780
2220480 300 0.8230272168568922 13307727960
2220780 300 0.8965601404741003 15131877480
2221080 300 0.8688726953467955 15624824340
2221380 300 0.8636101843722563 14693064540
2221680 300 0.8220316066725197 13695687810
2221980 300 0.8473959613696225 13675182540
2222280 300 0.8041106233538191 13689126120
2222580 300 0.8757945566286215 13689126120
2222880 300 0.8045373134328359 13676002740
2223180 300 0.8052484635645304 13681744230
2223480 300 0.8052010535557506 13675182540
2223780 300 0.873044776119403 14725052760
2224080 300 0.8244021071115014 14600380680
2224380 300 0.7795522388059701 14219802720
2224680 300 0.8045847234416155 14187814500
2224980 300 0.800791922739245 14168129430
2225280 300 0.7763283582089552 13715372880
2225580 300 0.7942019315188763 13643194320
2225880 300 0.7707339771729589 13649756010
2226180 300 0.8015030728709394 13800674850
2226480 300 0.8400000000000001 14437158660
2226780 300 0.8121703248463564 14443720350
2227080 300 0.7944389815627745 14384665140
2227380 300 0.822647936786655 14135320980
2227680 300 0.810937664618086 14030333940
2227980 300 0.7811167690956979 13872033210
2228280 300 0.7794100087796314 13840044990
2228580 300 0.7839139596136963 13728496260
2228880 300 0.8833801580333626 14574133920
2229180 300 0.8509043020193153 14766063330
2229480 300 0.8298542581211589 14391226830
2229780 300 0.8339789288849869 14352676920
2230080 300 0.8586321334503952 14746378260
2230380 300 0.8471589113257243 13794113160
2230680 300 0.8085671641791046 13669441050
2230980 300 0.8051062335381916 13669441050
2231280 300 0.8087093942054434 13682564430
2231580 300 0.8465899912203687 13997525520
2231880 300 0.869204565408253 13912223550
2232180 300 0.8100368744512731 13702249500
2232480 300 0.7791255487269535 13695687810
2232780 300 0.7910728709394206 13689126120
2233080 300 0.8099420544337138 13695687810
2233380 300 0.8151097453906936 13689946350
2233680 300 0.8150149253731345 13683384660
2233980 300 0.8220316066725197 13688305920
2234280 300 0.8205144863915715 13689946350
2234580 300 0.9168042142230026 15519837330
2234880 300 0.9123476733977173 16471282200
2235180 300 0.9029604916593504 15834798390
2235480 300 0.8617611940298507 14758681410
2235780 300 0.8305654082528534 14653694400
2236080 300 0.8170061457418789 14943228930
2236380 300 0.841043020193152 14568392430
2236680 300 0.8282423178226515 14437158660
2236980 300 0.8374398595258999 14431417200
2237280 300 0.901585601404741 14575774350
2237580 300 0.9000684811237928 14661076290
2237880 300 0.8604811237928008 14313306780
2238180 300 0.8725706760316067 14234566530
2238480 300 0.8670711150131694 14096771040
2238780 300 0.8443143107989465 14076265770
2239080 300 0.8164372256365233 14076265770
2239380 300 0.8079034240561898 14082827460
2239680 300 0.8097050043898156 14082827460
2239980 300 0.8606707638279192 14660256090
2240280 300 0.8366812993854259 14588077500
2240580 300 0.8357330992098332 14069704080
2240880 300 0.8069552238805972 14069704080
2241180 300 0.801171202809482 14069704080
2241480 300 0.808899034240562 14063142390
2241780 300 0.8232642669007904 14056580700
2242080 300 0.8174328358208955 14102512530
2242380 300 0.7969517120280948 14102512530
2242680 300 0.813260755048288 14089389150
2242980 300 0.8141615452151009 14430596970
2243280 300 0.7868059701492539 14102512530
2243580 300 0.8087093942054434 14089389150
2243880 300 0.784198419666374 14103332730
2244180 300 0.8133555750658473 14208319770
2244480 300 0.8489604916593504 14260813260
2244780 300 0.8001281826163301 14109074220
2245080 300 0.7946286215978928 14102512530
2245380 300 0.835116769095698 14102512530
2245680 300 0.8171483757682179 14082827460
2245980 300 0.8092309043020193 14082827460
2246280 300 0.7830605794556629 14076265770
2246580 300 0.8057225636523268 14082827460
2246880 300 0.8420860403863039 14811174930
2247180 300 0.8428446005267779 14536404210
2247480 300 0.8021194029850746 14104152960
2247780 300 0.8177647058823531 14096771040
2248080 300 0.8507620719929765 14103332730
2248380 300 0.8600070237050045 14109074220
2248680 300 0.834358208955224 14095950840
2248980 300 0.8762212467076383 14095950840
2249280 300 0.8746567164179104 14102512530
2249580 300 0.847348551360843 14102512530
2249880 300 0.8344530289727833 14103332730
2250180 300 0.8303283582089552 14095950840
2250480 300 0.8399051799824407 14338733340
2250780 300 0.874988586479368 16537719300
2251080 300 0.8517576821773487 16215376350
2251380 300 0.8376769095697981 14943228930
2251680 300 0.8250184372256366 14306745090
2251980 300 0.8287638279192275 14332991850
2252280 300 0.8453099209833187 14312486580
2252580 300 0.8214152765583846 14305924890
2252880 300 0.8329833187006147 14312486580
2253180 300 0.8359701492537314 14293621710
2253480 300 0.865838454784899 14627447640
2253780 300 0.8644635645302897 15540342600
2254080 300 0.8782124670763828 14969475660
2254380 300 0.8631360842844602 14936667240
2254680 300 0.8844705882352941 14793130290
2254980 300 0.8889745390693592 14792310060
2255280 300 0.879729587357331 14785748370
2255580 300 0.8339315188762073 14654514600
2255880 300 0.8226005267778753 14614324260
2256180 300 0.8574942932396838 14568392430
2256480 300 0.9192695346795436 15447658740
2256780 300 0.8573046532045655 15244246380
2257080 300 0.8181439859525901 15015407490
2257380 300 0.8257295873573312 15264751680
2257680 300 0.8484389815627745 14792310060
2257980 300 0.8534644424934152 14760321840
2258280 300 0.8867936786654961 14635649760
2258580 300 0.8737085162423177 14590538130
2258880 300 0.8975557506584725 14806253670
2259180 300 0.894142230026339 14811174930
2259480 300 0.8817682177348551 14805433440
2259780 300 0.8745144863915716 14798871750
2260080 300 0.8740403863037752 14654514600
2260380 300 0.868825285338016 14555269050
2260680 300 0.8840913081650571 14445360780
2260980 300 0.8854661984196663 14478169230
2261280 300 0.9123950834064971 14741456970
2261580 300 0.9254802458296751 15207336900
2261880 300 0.871906935908692 14840702520
2262180 300 0.8572572431957859 14538864840
2262480 300 0.8806777875329236 14538044640
2262780 300 0.8587743634767341 14533123350
2263080 300 0.9011589113257243 14519179770
2263380 300 1.1611079894644427 14532303150
2263680 300 0.9141966637401229 14558549910
2263980 300 0.9401773485513609 14971936320
2264280 300 1.0280280948200176 17013441750
2264580 300 1.0477032484635644 17315279460
2264880 300 0.9524091308165057 15609240330
2265180 300 0.9268551360842845 15366457860
2265480 300 0.9428323090430202 15182730570
2265780 300 0.9732695346795434 15030991500
2266080 300 0.9495171202809483 15036732990
2266380 300 0.9401299385425812 15050676570
2266680 300 0.9481896400351185 14926824690
2266980 300 0.9495645302897278 14874331170
2267280 300 0.9462458296751536 15149922120
2267580 300 0.9843634767339773 15647790270
2267880 300 1.4101527655838455 15648610470
2268180 300 1.3589499561018439 15379581240
2268480 300 0.9766356453028974 15347592990
2268780 300 0.9461035996488147 15163045500
2269080 300 0.9606110623353818 14894016240
2269380 300 1.0217699736611063 14743097400
2269680 300 0.9613222124670764 14723412330
2269980 300 1.0029482001755925 14992441590
2270280 300 0.9626022827041265 15576431880
2270580 300 0.9301738366988588 15359896170
2270880 300 0.8956119402985075 15287717580
2271180 300 0.8864618086040386 15858584520
2271480 300 0.8718121158911326 15143360430
2271780 300 0.8711009657594381 14901398160
2272080 300 0.8673081650570675 14737355940
2272380 300 0.8601492537313433 14737355940
2272680 300 0.9007796312554873 15301661160
2272980 300 0.8537963125548726 15379581240
2273280 300 0.8778805970149255 15057238260
2273580 300 0.8541281826163302 14964554400
2273880 300 0.8403318700614576 14893196040
2274180 300 0.834358208955224 14907959850
2274480 300 0.8456892010535557 14900577930
2274780 300 0.9076540825285339 15108911550
2275080 300 0.9387550482879718 15778203840
2275380 300 0.90684811237928 15503433090
2275680 300 0.8617137840210712 15391884390
2275980 300 0.8741826163301141 15379581240
2276280 300 0.888358208955224 15202415640
2276580 300 0.8687304653204566 15097428600
2276880 300 0.846969271290606 15084305220
2277180 300 0.8742774363476734 14958812940
2277480 300 0.903908691834943 15273774000
2277780 300 0.861334503950834 15405007770
2278080 300 0.8215575065847234 15195853950
2278380 300 0.8135926251097455 15097428600
2278680 300 0.8270570676031608 15044935080
2278980 300 0.8423705004389815 14822657880
2279280 300 0.8345004389815628 14763602670
2279580 300 0.8079982440737489 14755400580
2279880 300 0.9178946444249343 15345952560
2280180 300 0.8898753292361721 15234403860
2280480 300 0.8399051799824407 14742277200
2280780 300 0.8573046532045655 14761142040
2281080 300 0.8370131694468834 14756220780
2281380 300 0.8279578577699738 14729974020
2281680 300 0.8155364354697103 14743097400
2281980 300 0.8191870061457418 14742277200
2282280 300 0.8522791922739246 15509994780
2282580 300 0.7916892010535557 15714227370
2282880 300 0.7863318700614575 15399266280
2283180 300 0.7960035118525022 15392704620
2283480 300 0.8207989464442493 15353334480
2283780 300 0.8418489903424057 15103990290
2284080 300 0.865838454784899 14972756520
2284380 300 0.8276733977172959 14867769510
2284680 300 0.8595803336259877 14808714300
2284980 300 0.826630377524144 14815275990
2285280 300 0.8696786654960491 15149922120
2285580 300 0.8229798068481123 15136798740
2285880 300 0.8290956979806848 14815275990
2286180 300 0.8296646180860405 14808714300
2286480 300 0.7896979806848112 14808714300
2286780 300 0.8201826163301142 14802152610
2287080 300 0.8251132572431958 14795590920
2287380 300 0.8220316066725197 14775085650
2287680 300 0.8496716417910449 14894016240
2287980 300 0.8145408252853381 15110551980
2288280 300 0.8586321334503952 14769344160
2288580 300 0.8555030728709394 14447821410
2288880 300 0.8232168568920105 11861695770
2289180 300 0.8335522388059701 11836269240
2289480 300 0.8304231782265146 11836269240
2289780 300 0.797188762071993 11836269240
2290080 300 0.8464477611940298 12243914160
2290380 300 0.8944741000877963 9901391220
2290680 300 0.8717172958735733 8916317700
2290980 300 0.8106532045654083 8765398830
2291280 300 0.8107006145741879 8621041680
2291580 300 0.8177647058823531 8508672780
2291880 300 0.790503950834065 8443055880
2292180 300 0.8246391571553996 8436494190
2292480 300 0.8162949956101845 8449617570
2292780 300 0.8671185250219492 9034428090
2293080 300 0.8710535557506586 9165661860
2293380 300 0.7956242317822653 8746533990
2293680 300 0.9614170324846357 8746533990
2293980 300 1.4271255487269539 9165661860
2294280 300 0.8828112379280072 8524256790
2294580 300 0.8339315188762073 8470122840
2294880 300 0.7977102721685689 8456179260
2295180 300 0.8189025460930641 8470122840
2295480 300 0.8768375768217735 8817072150
2295780 300 0.8878841088674276 8613659790
2296080 300 1.079657594381036 8534919510
2296380 300 1.3160438981562776 9008181330
2296680 300 1.608089552238806 8339709270
2296980 300 1.4896119402985075 8404505940
2297280 300 1.453058823529412 8378259210
2297580 300 1.02902370500439 8365135830
2297880 300 0.8251606672519755 8942564430
2298180 300 0.8329833187006147 8357753910
2298480 300 0.7951501316944689 8358574140
2298780 300 0.8099420544337138 8351192220
2299080 300 0.795529411764706 8332327380
2299380 300 0.7652344161545216 8318383800
2299680 300 0.781496049165935 8325765690
2299980 300 0.7740052677787532 8312642310
2300280 300 0.7815908691834943 8351192220
2300580 300 0.8309920983318702 8791645590
2300880 300 0.7694539069359086 8352832650
2301180 300 0.7539508340649693 8333147580
2301480 300 0.7659929762949956 8338068870
2301780 300 0.7430939420544338 8332327380
2302080 300 0.7578384547848992 8339709270
2302380 300 0.7478823529411766 8358574140
2302680 300 0.7508691834942933 8339709270
2302980 300 0.810937664618086 8871206070
2303280 300 0.7781773485513608 8818712580
2303580 300 0.7567006145741879 8333147580
2303880 300 0.7742423178226514 8325765690
2304180 300 0.7620105355575066 8326585890
2304480 300 0.7454644424934153 8333147580
2304780 300 0.7496365232660228 8327406120
2305080 300 0.7521492537313434 8327406120
2305380 300 0.7479771729587358 8372517720
2305680 300 0.8371553994732223 9574127010
2305980 300 0.8180017559262511 9659428950
2306280 300 0.7848147497805091 9343647660
2306580 300 0.8113643546971028 9344467890
2306880 300 0.7744793678665496 9337906200
2307180 300 0.7689798068481124 9074618430
2307480 300 0.7766602282704127 9022945140
2307780 300 0.7690272168568921 8845779540
2308080 300 0.8432238805970149 9442893210
2308380 300 0.7964302019315189 8990136690
2308680 300 0.8028779631255487 8752275480
2308980 300 0.8237857769973662 8732590410
2309280 300 0.7816856892010536 8746533990
2309580 300 0.8177172958735732 8766219060
2309880 300 0.7641913959613695 8752275480
2310180 300 0.7774661984196665 8772780750
2310480 300 0.8163898156277438 9487184610
2310780 300 0.7895557506584724 9028686600
2311080 300 0.7702598770851625 8760477570
2311380 300 0.7993222124670766 8773600950
2311680 300 0.7827287093942055 9068056740
2311980 300 0.7871378402107111 8771960520
2312280 300 0.7916417910447762 8745713790
2312580 300 0.7493046532045655 8746533990
2312880 300 0.7476453028972784 8746533990
2313180 300 0.8012660228270414 9014743020
2313480 300 0.7994170324846356 8765398830
2313780 300 0.7545671641791045 8766219060
2314080 300 0.7676997366110624 8753095680
2314380 300 0.7522440737489026 8733410610
2314680 300 0.7713977172958736 8739972300
2314980 300 0.7741949078138719 8759657370
2315280 300 0.8062914837576821 8778522210
2315580 300 0.8325092186128183 9500307990
2315880 300 0.791784021071115 9034428090
2316180 300 0.7841510096575944 8771960520
2316480 300 0.7799315188762074 9362512530
2316780 300 0.766846356453029 8785083900
2317080 300 0.7578858647936787 8758837140
2317380 300 0.7581703248463564 8752275480
2317680 300 0.7957190517998244 8752275480
2317980 300 0.8267251975417034 9297715860
2318280 300 0.8131185250219491 8785904130
2318580 300 0.7804530289727832 8791645590
2318880 300 0.7935381913959613 8791645590
2319180 300 0.8163898156277438 8791645590
2319480 300 0.82587181738367 8791645590
2319780 300 0.7957190517998244 8771960520
2320080 300 0.7795522388059701 8758837140
2320380 300 0.8166742756804215 8929441050
2320680 300 0.8866988586479367 9350209350
2320980 300 0.8406163301141353 8411887860
2321280 300 0.7922581211589114 8260969020
2321580 300 0.8141141352063214 8267530710
2321880 300 0.808235294117647 8249486070
2322180 300 0.7882756804214224 8242104150
2322480 300 0.7859525899912203 8240463720
2322780 300 0.8308024582967516 8241283950
2323080 300 0.8545548726953469 8844959310
2323380 300 0.8553134328358211 8667793710
2323680 300 0.7782721685689201 8215037190
2323980 300 0.8006022827041265 8831835930
2324280 300 0.7901246707638281 8241283950
2324580 300 0.794865671641791 8241283950
2324880 300 0.8429394205443372 8234722260
2325180 300 0.8620456540825285 8313462510
2325480 300 0.8699157155399473 8682557520
2325780 300 0.8457366110623354 8228980770
2326080 300 0.8347848990342405 8215857390
2326380 300 0.8454995610184373 8214216990
2326680 300 0.8360649692712907 8227340370
2326980 300 0.81942405618964 8233902030
2327280 300 0.863420544337138 8247845640
2327580 300 0.8408533801580335 8247025410
2327880 300 0.8267726075504829 8227340370
2328180 300 0.8606707638279192 8201093610
2328480 300 0.8623301141352064 8207655300
2328780 300 0.8466848112379279 8207655300
2329080 300 0.8347848990342405 8207655300
2329380 300 0.8221738366988588 8273272170
2329680 300 0.8999736611062334 9270648900
2329980 300 0.8246865671641791 9068056740
2330280 300 0.8131185250219491 8818712580
2330580 300 0.8292853380158034 9500307990
2330880 300 0.8132133450395083 8771960520
2331180 300 0.8597225636523267 8405326170
2331480 300 0.8377243195785777 8214216990
2331780 300 0.8651273046532046 8254407330
2332080 300 0.9061369622475857 8863824180
2332380 300 0.8760316066725197 8365956030
2332680 300 0.8353538191395962 8358574140
2332980 300 0.8444565408252853 8378259210
2333280 300 0.8607655838454785 8320024200
2333580 300 0.8514258121158912 8221598880
2333880 300 0.8492449517120281 8233902030
2334180 300 0.8624249341527657 8221598880
2334480 300 0.8564986830553116 8214216990
2334780 300 0.8548867427568042 8207655300
2335080 300 0.8741352063213346 8208475500
2335380 300 0.9026760316066726 8215037190
2335680 300 0.8785917471466198 8234722260
2335980 300 0.8766953467954347 8247845640
2336280 300 0.8594381035996488 8241283950
2336580 300 0.8290008779631255 8241283950
2336880 300 0.900305531167691 9395320980
2337180 300 0.8500983318700615 9488825040
2337480 300 0.8353538191395962 8589053460
2337780 300 0.8249236172080773 8562806700
2338080 300 0.8509043020193153 8556245010
2338380 300 0.8079982440737489 8529178050
2338680 300 0.8193292361720808 8535739740
2338980 300 0.8070500438981563 8529178050
2339280 300 0.8227427568042142 8516874870
2339580 300 0.872665496049166 8944204860
2339880 300 0.8513784021071116 9403523100
2340180 300 0.828052677787533 8799847710
2340480 300 0.8157260755048288 8786724330
2340780 300 0.8529429323968393 8794926450
2341080 300 0.8555030728709394 8793286020
2341380 300 0.825492537313433 8733410610
2341680 300 0.8319877085162424 8675175630
2341980 300 0.8813889376646181 8681737320
2342280 300 0.9623652326602283 9082000320
2342580 300 0.9061843722563653 8826094470
2342880 300 0.8655065847234418 8622682110
2343180 300 0.8718595258999122 9265727610
2343480 300 0.8675452151009657 8628423600
2343780 300 0.8528481123792802 8609558730
2344080 300 0.8654591747146619 8602997040
2344380 300 0.871764705882353 8602997040
2344680 300 0.9261913959613697 9206672430
2344980 300 0.9157137840210713 8609558730
2345280 300 0.8437928007023706 8608738530
2345580 300 0.8358279192273925 8595615150
2345880 300 0.8478226514486391 8588233230
2346180 300 0.8549815627743635 8589053460
2346480 300 0.8782124670763828 8589873660
2346780 300 0.9097875329236174 8595615150
2347080 300 0.8931940298507463 8589873660
2347380 300 0.9486163301141353 9331344510
2347680 300 0.9319280070237052 8957328240
2347980 300 0.8709113257243197 7737674310
2348280 300 0.5888691834942933 3730122840
2348580 5 0.5578156277436348 3742426020
2348585 295 0.8230746268656717 7717169040
2348880 300 0.8148252853380159 7723730730
2349180 300 0.8144934152765584 7684360590
2349480 300 0.8365864793678666 7644990480
2349780 300 0.8615715539947322 7651552170
2350080 300 0.8796347673397718 8399584680
2350380 300 0.8451676909569799 8202734010
2350680 300 0.7856681299385425 7592496960
2350980 300 0.7631483757682178 7599058650
2351280 300 0.784482879719052 7599058650
2351580 300 0.798326602282704 7571991690
2351880 300 0.7954345917471467 7578553380
2352180 300 0.7778928884986831 7571991690
2352480 300 0.8345952589991221 7749157290
2352780 300 0.874324846356453 8149420290
2353080 300 0.7970465320456541 7849223040
2353380 300 0.8623301141352064 7789347630
2353680 300 0.832793678665496 7749157290
2353980 300 0.8115539947322212 7637608560
2354280 300 0.7880860403863038 7567070400
2354580 300 0.7713028972783142 7572811890
2354880 300 0.8363968393327481 7573632090
2355180 300 0.9012537313432837 8401225110
2355480 300 0.8969394205443371 8406966600
2355780 300 0.870342405618964 7987838700
2356080 300 0.8649376646180861 7758179610
2356380 300 0.8528955223880598 7724550960
2356680 300 0.857352063213345 7678619130
2356980 300 0.869963125548727 7619563920
2357280 300 0.8583950834064971 7547385360
2357580 300 0.890681299385426 7777044450
2357880 300 0.8874100087796313 8105128890
2358180 300 0.860054433713784 7809852900
2358480 300 0.8318454784899034 7521138600
2358780 300 0.8207515364354697 7514576910
2359080 300 0.8304231782265146 7527700290
2359380 300 0.8751308165057068 7521138600
2359680 300 0.8495294117647058 7521138600
2359980 300 0.8387673397717297 7521958800
2360280 300 0.8751782265144865 7895154870
2360580 300 0.7997014925373134 8301979560
2360880 300 0.7722036874451272 8124813960
2361180 300 0.8263933274802459 8124813960
2361480 300 0.7991325724319579 8092005510
2361780 300 0.7907884108867428 7980456810
2362080 300 0.7884653204565408 7973895120
2362380 300 0.811601404741001 7993580190
2362680 300 0.8518050921861282 9352670010
2362980 300 0.8362071992976295 9910413540
2363280 300 0.8229323968393328 9279671220
2363580 300 0.7616786654960492 9267368040
2363880 300 0.7637172958735734 9725866050
2364180 300 0.7732467076382792 9162381030
2364480 300 0.8417541703248463 9109887510
2364780 300 0.8198507462686568 9076258860
2365080 300 0.7906935908691834 8958148440
2365380 300 1.0586549604916593 9397781610
2365680 300 1.069369622475856 9141875730
2365980 300 0.7747164179104478 9128752350
2366280 300 0.781780509218613 9115629000
2366580 300 0.7583125548726954 9077079060
2366880 300 0.7884653204565408 8925340020
2367180 300 0.7616312554872697 8820352980
2367480 300 0.8062440737489026 8846599740
2367780 300 0.8928147497805092 9601193970
2368080 300 0.8025460930640914 9385478430
2368380 300 0.7814012291483758 9378916740
