1134860 300 2.6070184372256366 8443055880
1135160 300 2.63484811237928 9159100170
1135460 300 2.538036874451273 8718646800
1135760 300 2.6259350307287095 8443055880
1136060 300 2.583171202809482 8429932500
1136360 300 2.57572783143108 8429932500
1136660 300 2.5725513608428443 8357753910
1136960 300 2.5361878841088674 8304440190
1137260 300 2.599006145741879 8298698730
1137560 300 2.4544530289727833 8284755120
1137860 300 2.6181597892888497 8286395550
1138160 300 2.5710342405618967 8292137040
1138460 300 2.5682844600526775 8292137040
1138760 300 2.5809429323968396 8285575350
1139060 300 2.5532554872695346 8285575350
1139360 300 2.656988586479368 9250143600
1139660 300 2.5724091308165056 9099224760
1139960 300 2.6013766461808605 8810510460
1140260 300 2.5753011413520634 8803948770
1140560 300 2.5871062335381914 8811330660
1140860 300 2.5355241439859526 8823633840
1141160 300 2.5984846356453026 8810510460
1141460 300 2.6055961369622476 8863003950
1141760 300 2.6118542581211592 9565104660
1142060 300 2.5491782265144867 9118909830
1142360 300 2.572124670763828 8863003950
1142660 300 2.6353222124670763 8837577420
1142960 300 2.6491659350307284 8732590410
1143260 300 2.575443371378402 8739152100
1143560 300 2.476119402985075 8739152100
1143860 300 2.5022423178226516 8732590410
1144160 300 2.5555785776997366 8955687810
1144460 300 2.5862054433713784 9492926100
1144760 300 2.4990184372256365 8981114370
1145060 300 2.4818086040386302 8817072150
1145360 300 2.5307357330992097 8666153310
1145660 300 2.537657594381036 8495549400
1145960 300 2.5134310798946444 8417629320
1146260 300 2.4227831431079894 8410247430
1146560 300 2.560556628621598 8484066420
1146860 300 2.6448516242317823 9389579490
1147160 300 2.509733099209833 8955687810
1147460 300 2.5617892888498686 8745713790
1147760 300 2.5773871817383673 8765398830
1148060 300 2.576723441615452 8726028720
1148360 300 2.595640035118525 8640726750
1148660 300 2.576770851624232 8627603370
1148960 300 2.6421018437225636 8594794920
1149260 300 2.67595258999122 9172223550
1149560 300 2.693115013169447 8726028720
1149860 300 2.518172080772608 8358574140
1150160 300 2.514426690079017 8352012450
1150460 300 2.442790166812994 8338889070
1150760 300 2.459762949956102 8345450760
1151060 300 2.4859806848112385 8358574140
1151360 300 2.505229148375768 8502931290
1151660 300 2.5879596136962246 9257525520
1151960 300 2.550742756804214 8851521000
1152260 300 2.612802458296752 8661232020
1152560 300 2.5806584723441617 8909756010
1152860 300 2.5406918349429324 8482426020
1153160 300 2.5683318700614572 8476684530
1153460 300 2.5426356453028975 8443876080
1153760 300 2.553065847234416 8451258000
1154060 300 2.563258999122037 8436494190
1154360 300 2.5472818261633012 8306080620
1154660 300 2.547187006145742 8206835070
1154960 300 2.5574749780509216 8161723470
1155260 300 2.5365197541703246 8160903270
1155560 300 2.6056435469710273 8154341580
1155860 300 2.598247585601405 8147779890
1156160 300 2.610194907813872 8403685740
1156460 300 2.643144863915716 8449617570
1156760 300 2.609578577699737 8207655300
1157060 300 2.6344214223002633 8201093610
1157360 300 2.567857769973661 8207655300
1157660 300 2.5395539947322217 8201093610
1157960 300 2.485553994732221 8201093610
1158260 300 2.4547848990342405 8201093610
1158560 300 2.60275153643547 8581671540
1158860 300 2.5770553116769093 9264087210
1159160 300 1.191640035118525 8752275480
1159460 300 0.7576962247585601 8746533990
1159760 300 0.7435206321334504 8739972300
1160060 300 0.7341334503950835 8733410610
1160360 300 0.7397278314310799 8706343650
1160660 300 0.745891132572432 8621041680
1160960 300 0.7735311676909571 8804768970
1161260 300 0.8250184372256366 9441252810
1161560 300 0.7513432835820897 9047551470
1161860 300 0.7399648814749781 8844959310
1162160 300 0.7680316066725199 8831835930
1162460 300 0.7402967515364355 8753915880
1162760 300 0.744611062335382 8477504730
1163060 300 0.7323792800702371 8359394340
1163360 300 0.7231817383669886 8365135830
1163660 300 0.784577699736611 9139415100
1163960 300 0.7768498683055312 9100044990
1164260 300 0.7367410008779632 8758837140
1164560 300 0.741387181738367 9388759290
1164860 300 0.7210008779631256 8628423600
1165160 300 0.7241299385425812 8489807910
1165460 300 0.7076312554872695 8443876080
1165760 300 0.7185829675153643 8227340370
1166060 300 0.8174328358208955 8916317700
1166360 300 0.7881808604038631 8489807910
1166660 300 0.7308621597892888 8490628110
1166960 300 0.7195785776997367 8942564430
1167260 300 0.7371676909569799 8615300220
1167560 300 0.7341334503950835 8536559940
1167860 300 0.7118507462686567 8338889070
1168160 300 0.7228498683055311 8345450760
1168460 300 0.7557050043898156 8747354190
1168760 300 0.7603511852502195 8536559940
1169060 300 0.7040280948200176 8523436560
1169360 300 0.720811237928007 8516874870
1169660 300 0.7108551360842845 8456999460
1169960 300 0.7136523266022827 8293777470
1170260 300 0.7165917471466199 8274912600
1170560 300 0.7291079894644426 8299518930
1170860 300 0.7858103599648816 9015563220
1171160 300 0.744611062335382 8548863120
1171460 300 0.737025460930641 8292957240
1171760 300 0.7439947322212467 8299518930
1172060 300 0.7474556628621598 8292957240
1172360 300 0.7326637401229148 8301979560
1172660 300 0.7349868305531169 8315102940
1172960 300 0.745369622475856 8322484830
1173260 300 0.7741474978050921 8617760850
1173560 300 0.8084723441615452 9214874520
1173860 300 0.772772607550483 9011462190
1174160 300 0.7341334503950835 8716186170
1174460 300 0.7454170324846356 8492268540
1174760 300 0.7477401229148376 8493088740
1175060 300 0.7325689201053556 8479145160
1175360 300 0.7454170324846356 8492268540
1175660 300 0.7847199297629499 8723568090
1175960 300 0.832793678665496 9281311620
1176260 300 0.7728200175592627 8815431720
1176560 300 0.7351290605794557 8657951190
1176860 300 0.7534293239683935 8638266120
1177160 300 0.718630377524144 8605457670
1177460 300 0.7251729587357332 8452898400
1177760 300 0.7214275680421423 8395483620
1178060 300 0.7365513608428447 8435673990
1178360 300 0.8116488147497806 9353490210
1178660 300 0.740486391571554 8887610310
1178960 300 0.7218542581211589 8571829020
1179260 300 0.7393959613696226 8572649220
1179560 300 0.7322844600526779 8571829020
1179860 300 0.7556575943810361 8525897190
1180160 300 0.7558946444249343 8336428440
1180460 300 0.7690272168568921 8191251060
1180760 300 0.8015978928884987 9241121280
1181060 300 0.7652344161545216 9045911040
1181360 300 0.773009657594381 8757196740
1181660 300 0.7591185250219491 8743253130
1181960 300 0.7720140474100088 8723568090
1182260 300 0.7338964003511853 8579210910
1182560 300 0.7525285338015802 8428292070
1182860 300 0.7720140474100088 8369236890
1183160 300 0.787043020193152 8526717420
1183460 300 0.8166742756804215 8743253130
1183760 300 0.7778454784899034 8395483620
1184060 300 0.7606356453028972 8323305060
1184360 300 0.7684108867427569 8316743370
1184660 300 0.7656136962247586 8297058300
1184960 300 0.768790166812994 8283934920
1185260 300 0.7809271290605796 8290496610
1185560 300 0.7795048287971905 8297878500
1185860 300 0.8253028972783143 8625142740
1186160 300 0.8080456540825285 9406803930
1186460 300 0.7773239683933275 8790005190
1186760 300 0.7838665496049166 8692400040
1187060 300 0.8191870061457418 8605457670
1187360 300 0.7993696224758561 8579210910
1187660 300 0.787043020193152 8350372020
1187960 300 0.7531922739244953 8264249850
1188260 300 0.7859525899912203 8179768110
1188560 300 0.850050921861282 8311001880
1188860 300 0.8474907813871818 9525734550
1189160 300 0.8560719929762951 9447814500
1189460 300 2.2553784021071115 8857262490
1189760 300 2.594549604916594 8857262490
1190060 300 2.522581211589113 8856442290
1190360 300 2.559987708516242 8844139110
1190660 300 2.481571553994732 8843318910
1190960 300 2.5289815627743635 8843318910
1191260 300 2.4878296751536437 8837577420
1191560 300 2.516180860403863 9145976790
1191860 300 2.6094363476733977 9480622920
1192160 300 2.5919894644424932 9106606650
1192460 300 2.5095434591747146 8680917090
1192760 300 2.5260895522388056 8517695100
1193060 300 2.4977383669885866 8497189800
1193360 300 2.513573309920983 8497189800
1193660 300 2.4759771729587357 8464381380
1193960 300 2.4623230904302016 8365135830
1194260 300 2.437385425812116 8372517720
1194560 300 2.4816663740122915 8995878150
1194860 300 2.4239209833187005 9369894420
1195160 300 2.3853292361720806 8937643170
1195460 300 2.3725285338015802 8931081480
1195760 300 2.3543705004389817 8924519790
1196060 253 2.4111202809482 8911396410
1196313 47 1.7831273046532046 8904834720
1196360 137 1.7234381035996489 8826094470
1196497 3 1.71689552238806 5053123350
1196500 9 1.7076505706760314 5053123350
1196509 151 1.7636892010535559 5822481390
1196660 300 1.9081000877963126 8199453180
1196960 300 2.2132309043020193 8589873660
1197260 300 2.253102721685689 8550503520
1197560 300 2.2429569798068485 8969631420
1197860 300 2.095701492537313 8406146370
1198160 177 2.1714152765583847 8360214540
1198337 123 1.6871220368744513 8360214540
1198460 61 1.59988762071993 8282294490
1198521 4 1.6260105355575067 4799678130
1198525 1 1.585332748024583 4568378610
1198526 8 1.585332748024583 4568378610
1198534 1 1.585332748024583 4568378610
1198535 1 1.585332748024583 4568378610
1198536 224 1.7042370500438984 6248170950
1198760 300 2.062988586479368 8006703570
1199060 184 2.157334503950834 8020647150
1199244 116 1.486482879719052 8014085460
1199360 68 1.5026022827041263 7928783520
1199428 2 1.5715838454784898 4287046200
1199430 1 1.4814100087796316 4287046200
1199431 10 1.4814100087796316 4287046200
1199441 1 1.4814100087796316 4287866400
1199442 1 1.4814100087796316 4287866400
1199443 210 1.6046760316066728 5999646990
1199653 7 1.159401229148376 5999646990
1199660 179 1.5023652326602281 7672877640
1199839 4 1.4976242317822654 4096757220
1199843 2 1.4882370500438982 4096757220
1199845 10 1.4882370500438982 4096757220
1199855 105 1.567980684811238 4702893210
1199960 300 1.754776119402985 7958311110
1200260 300 2.0087989464442493 8381540040
1200560 300 1.896247585601405 7764741300
1200860 300 1.910707638279192 7673697870
1201160 300 1.8982388059701494 7685180820
1201460 300 1.8329078138718171 7692562710
1201760 300 1.8323863037752415 7684360590
1202060 300 1.8100087796312554 7690922280
1202360 300 1.8808393327480246 7993580190
1202660 300 1.86728007023705 8689119210
1202960 300 1.8041773485513608 8689119210
1203260 300 1.7504143985952592 8315102940
1203560 300 1.724860403863038 8092005510
1203860 300 1.6847989464442494 7888593180
1204160 300 1.7432080772607552 7750797690
1204460 300 1.7116330114135208 7783606140
1204760 300 1.7716066725197541 7777044450
1205060 300 1.759422300263389 8131375650
1205360 300 1.7386567164179105 8577570510
1205660 300 1.715710272168569 7829537970
1205960 300 1.7332519754170326 7829537970
1206260 300 1.7149043020193155 7837740090
1206560 300 1.7827480245829674 7830358170
1206860 300 1.6849411764705882 7830358170
1207160 300 1.677782265144864 7836919860
1207460 300 1.7101633011413522 7817234790
1207760 300 1.725998244073749 7823796480
1208060 300 1.7077928007023706 7817234790
1208360 300 1.6943757682177347 7810673100
1208660 300 1.7249078138718175 7830358170
1208960 300 1.7461474978050924 7830358170
1209260 300 1.9733836698858649 7817234790
1209560 300 1.7628358208955226 7810673100
1209860 300 2.070194907813872 8722747860
1210160 300 1.8266971027216856 9208312830
1210460 300 1.751978928884987 8669434140
1210760 300 1.637009657594381 8519335500
1211060 300 1.6725671641791047 8511953610
1211360 300 1.6324582967515364 8439775020
1211660 300 1.6231185250219493 8243744580
1211960 300 1.615580333625988 8119072500
1212260 300 1.6096540825285337 8124813960
1212560 300 1.6533187006145744 8977833510
1212860 300 1.6176663740122914 8859723120
1213160 300 1.5923494293239684 8485706850
1213460 300 1.6427462686567162 8479965390
1213760 300 1.6701966637401229 8708804280
1214060 300 1.6142054433713784 8282294490
1214360 300 1.621838454784899 7967333430
1214660 300 1.6500474100087796 7935345210
1214960 300 1.6788252853380161 7968153630
1215260 300 1.583768217734855 8460280320
1215560 300 1.6072835820895524 8348731590
1215860 300 1.5629552238805973 8191251060
1216160 300 1.1392519754170327 4202564430
1216460 69 1.1662282704126428 4202564430
1216529 231 1.4925987708516244 8157622410
1216760 107 1.0743002633889376 4091015730
1216867 193 1.5157348551360843 8157622410
1217060 300 1.543943810359965 7987018500
1217360 300 1.518626865671642 7966513230
1217660 300 1.6317945566286218 8669434140
1217960 300 1.5878928884986832 9593812050
1218260 300 1.5237471466198418 8834296590
1218560 300 1.5328972783143109 8767859490
1218860 300 1.5780316066725195 8670254340
1219160 300 1.5821562774363476 8578390710
1219460 300 1.6035856014047412 8506212120
1219760 300 1.6547884108867428 8250306270
1220060 300 1.6069517120280947 8185509600
1220360 300 1.6000772607550484 8205194670
1220660 300 1.608089552238806 9294435000
1220960 300 1.7799034240561897 8860543320
1221260 131 0.9537840210711152 4423201230
1221391 169 1.1810676031606673 8552964180
1221560 300 0.851188762071993 9037708920
1221860 300 0.7977576821773487 8722747860
1222160 300 0.7684108867427569 8571829020
1222460 300 0.7692168568920106 8289676410
1222760 300 0.7475978928884986 7987018500
1223060 300 0.7893661106233538 8177307480
1223360 282 0.5466742756804215 4446987360
1223642 18 0.8087093942054434 8446336710
1223660 300 0.7548990342405619 8315102940
1223960 300 0.7072519754170326 8321664630
1224260 300 0.7284916593503072 8112510810
1224560 300 0.7121826163301141 7987018500
1224860 300 0.709622475856014 7980456810
1225160 300 0.6977225636523267 7974715320
1225460 300 0.6693239683933274 7975535550
1225760 300 0.6965373134328359 7994400390
1226060 300 0.7088165057067604 8885969880
1226360 300 0.6920333625987709 8334788010
1226660 300 0.6831202809482002 8335608210
1226960 300 0.6780474100087797 8315923170
1227260 300 0.662971027216857 8087084250
1227560 300 0.7317155399473222 8349551820
1227860 300 0.7217594381035997 8631704430
1228160 300 0.6712677787532924 8361854970
1228460 300 0.6416365232660228 8250306270
1228760 300 0.6912273924495171 8210936130
1229060 300 0.658846356453029 8152701150
1229360 300 0.6486532045654083 8047714110
1229660 300 0.6587515364354697 8048534340
1229960 300 0.6518770851624232 8021467380
1230260 300 0.6793748902546093 8041972650
1230560 300 0.6844477611940298 8166644730
1230860 300 0.7410553116769096 8448797340
1231160 300 0.7132256365232661 8047714110
1231460 300 0.6959209833187007 8041152420
1231760 300 0.7004723441615452 8677636260
1232060 300 0.7148375768217735 8028029070
1232360 300 0.7025109745390694 8009164200
1232660 300 0.67671992976295 7996040820
1232960 300 0.6577559262510975 7981277010
1233260 300 0.6707462686567164 7974715320
1233560 300 0.6672379280070238 7973895120
1233860 300 0.7195785776997367 8519335500
1234160 300 0.7304828797190518 8046893910
1234460 300 0.6827884108867428 8006703570
1234760 300 0.6761510096575944 7987018500
1235060 300 0.7005197541703249 7973895120
1235360 300 0.6708410886742757 7967333430
1235660 300 0.6929815627743635 7973895120
1235960 300 0.6719789288849869 7974715320
1236260 300 0.6674275680421422 7967333430
1236560 300 0.6888568920105356 7987018500
1236860 300 0.6966321334503951 8014085460
1237160 300 0.7561791044776119 8788364760
1237460 300 0.7315258999122037 8257688160
1237760 300 0.690990342405619 8007523770
1238060 300 0.6898999122036875 7994400390
1238360 300 0.68828797190518 8007523770
1238660 300 0.6687550482879719 7993580190
1238960 300 0.6541527655838455 7987838700
1239260 300 0.673496049165935 7981277010
1239560 300 0.6535838454784899 7974715320
1239860 300 0.6676172080772608 7968153630
1240160 300 0.6960632133450395 8808049830
1240460 300 0.6488428446005268 8296238100
1240760 300 0.6378911325724319 7974715320
1241060 300 0.6394082528533802 7987838700
1241360 300 0.6181685689201054 7994400390
1241660 300 0.6119104477611941 7988658930
1241960 300 0.6086391571553995 7987018500
1242260 300 0.6090184372256366 7987018500
1242560 300 0.5849815627743635 7974715320
1242860 300 0.6161773485513609 8020647150
1243160 300 0.6412572431957858 8402865540
1243460 300 0.5755469710272169 8132195880
1243760 300 0.5699525899912204 7974715320
1244060 300 0.5776804214223002 7973895120
1244360 300 0.5706637401229149 7966513230
1244660 300 0.5764477611940299 7987018500
1244960 300 0.5821843722563652 7973074920
1245260 300 0.5667287093942055 7967333430
1245560 300 0.5662071992976294 7975535550
1245860 300 0.5535013169446883 7975535550
1246160 300 0.5625566286215979 7968973860
1246460 300 0.5956962247585602 8717006400
1246760 300 0.5721808604038632 8526717420
1247060 300 0.5516997366110623 7988658930
1247360 300 0.5593801580333626 7982097240
1247660 300 0.5498981562774364 7974715320
1247960 300 0.5540228270412644 7963232370
1248260 300 0.5523634767339772 7969794060
1248560 300 0.536196663740123 7963232370
1248860 300 0.5440193151887621 7963232370
1249160 300 0.551225636523266 8055916230
1249460 300 0.6039929762949956 9099224760
1249760 300 0.5566777875329236 8495549400
1250060 300 0.5363388937664619 8016546090
1250360 300 0.5542124670763828 8009164200
1250660 300 0.5353432835820896 8009164200
1250960 300 0.5376663740122914 8003422710
1251260 300 0.5400368744512731 7996861020
1251560 300 0.5257664618086041 7983737670
1251860 300 0.543260755048288 8002602510
1252160 300 0.5312660228270413 8014085460
1252460 300 0.5376189640035118 8001782310
1252760 300 0.5919034240561897 8666153310
1253060 300 0.5827058823529412 8771140320
1253360 300 0.5359596136962248 8009164200
1253660 300 0.5415065847234417 8016546090
1253960 300 0.550846356453029 8015725890
1254260 300 0.5201720807726076 7983737670
1254560 300 0.5179912203687446 7983737670
1254860 300 0.5480017559262511 7977175980
1255160 300 0.534395083406497 7969794060
1255460 300 0.5647848990342406 8186329800
1255760 300 0.6058419666374013 8493908970
1256060 300 0.5391834942932396 8041972650
1256360 300 0.5210254609306408 8041152420
1256660 300 0.5496611062335383 8015725890
1256960 300 0.666811237928007 8002602510
1257260 300 0.5084618086040387 8015725890
1257560 300 0.5644530289727832 8009164200
1257860 300 0.5714697102721686 8009984400
1258160 300 0.5550184372256366 8014905690
1258460 300 0.5804302019315188 8023107780
1258760 300 0.6039929762949956 8928620850
1259060 300 0.5958858647936787 9051652530
1259360 300 0.5668235294117647 8671074570
1259660 300 0.575404741000878 8666153310
1259960 300 0.5720860403863037 8324945490
1260260 300 0.5610869183494294 8095286370
1260560 300 0.5782967515364354 8009984400
1260860 300 0.5699051799824407 8029669470
1261160 300 0.5728920105355575 8029669470
1261460 300 0.5728920105355575 8029669470
1261760 300 0.552647936786655 8029669470
1262060 300 0.6205864793678666 8653029930
1262360 300 0.6076435469710273 9413365620
1262660 300 0.6038033362598771 9085281180
1262960 300 0.5868779631255487 8685018150
1263260 300 0.5933257243195786 8587413030
1263560 300 0.5807146619841967 8416809120
1263860 300 0.5882054433713785 8166644730
1264160 300 0.5695258999122037 8016546090
1264460 300 0.6104881474978052 8016546090
1264760 300 0.5836066725197542 8016546090
1265060 300 0.5957910447761194 8023107780
1265360 300 0.6286935908691835 8803128540
1265660 300 0.5941316944688323 8318383800
1265960 300 0.577064091308165 8035410960
1266260 300 0.5983511852502195 8048534340
1266560 300 0.598920105355575 8048534340
1266860 300 0.5824214223002634 8041972650
1267160 300 0.5844126426690079 8042792850
1267460 300 0.5952221246707639 8041972650
1267760 300 0.5854082528533802 8042792850
1268060 300 0.601622475856014 8134656510
1268360 300 0.6606005267778754 8731770180
1268660 300 0.59057594381036 8317563570
1268960 300 0.581330992098332 8061657720
1269260 300 0.5873046532045654 8049354540
1269560 300 0.5889165935030729 8048534340
1269860 300 0.5854556628621599 8068219410
1270160 300 0.5863090430201932 8055096030
1270460 300 0.5787708516242318 8055916230
1270760 300 0.6024284460052678 8068219410
1271060 300 0.5848867427568043 8049354540
1271360 300 0.6539157155399473 8876947560
1271660 300 0.600484635645303 8678456460
1271960 300 0.5781545215100966 8680096890
1272260 300 0.5877787532923617 8573469450
1272560 300 0.5748358208955224 8187150000
1272860 300 0.5901966637401229 8036231160
1273160 300 0.5985882352941176 8037051390
1273460 300 0.5917611940298508 8063298120
1273760 300 0.6009587357330992 8069859810
1274060 300 0.6036611062335382 8056736430
1274360 300 0.6917963125548727 8607918300
1274660 300 0.6265127304653205 8607918300
1274960 300 0.6347146619841966 8056736430
1275260 300 0.6413994732221248 8062477920
1275560 300 0.6276979806848113 8063298120
1275860 300 0.6248059701492538 8063298120
1276160 300 0.6164618086040387 8082983190
1276460 300 0.6114837576821774 8069859810
1276760 300 0.5921404741000879 8063298120
1277060 300 0.6095873573309921 8108409750
1277360 300 0.6699877085162423 8797387080
1277660 300 0.6046093064091309 8239643520
1277960 300 0.5879683933274803 8075601300
1278260 300 0.5848867427568043 8075601300
1278560 300 0.586071992976295 8075601300
1278860 300 0.6069323968393328 8095286370
1279160 300 0.6107251975417034 8096106570
1279460 300 0.5793397717295874 8089544880
1279760 300 0.5852186128182617 8096106570
1280060 300 0.5753573309920983 8096106570
1280360 300 0.6415891132572431 8804768970
1280660 300 0.6274609306409131 8365135830
1280960 300 0.5970711150131695 8115791640
1281260 300 0.6167462686567164 8109229950
1281560 300 0.6091132572431958 8122353330
1281860 300 0.6021439859525901 8123173530
1282160 300 0.5901966637401229 8122353330
1282460 300 0.599963125548727 8096106570
1282760 300 0.6047041264266901 8096106570
1283060 300 0.6240474100087796 8096106570
1283360 300 0.6946409130816505 8752275480
1283660 300 0.6508340649692713 8653850130
1283960 300 0.6181211589113258 8161723470
1284260 300 0.6450500438981563 8175667050
1284560 300 0.6559069359086919 8136296910
1284860 300 0.6508340649692713 8110050180
1285160 300 0.6416839332748026 8142858600
1285460 300 0.6499332748024583 8162543670
1285760 300 0.652398595258999 8142038400
1286060 300 0.6264179104477612 8123173530
1286360 300 0.6399297629499561 8255227530
1286660 300 0.6950676031606673 8794106220
1286960 300 0.6448604038630379 8294597670
1287260 300 0.6235258999122038 8156802210
1287560 300 0.6252800702370501 8149420290
1287860 300 0.6354258121158911 8149420290
1288160 300 0.6671431079894645 8155161780
1288460 300 0.663729587357331 8162543670
1288760 300 0.6224354697102722 8148600090
1289060 300 0.6253748902546092 8128915020
1289360 300 0.625801580333626 8109229950
1289660 300 0.7072993854258122 8988496260
1289960 300 0.6487954345917473 8975372880
1290260 300 0.6272712906057946 8168285160
1290560 300 0.6035188762071992 8155161780
1290860 300 0.597782265144864 8155161780
1291160 300 0.6148024582967515 8148600090
1291460 300 0.6251852502194908 8161723470
1291760 300 0.6128586479367867 8155161780
1292060 300 0.6058419666374013 8135476710
1292360 300 0.6385548726953468 8148600090
1292660 300 0.6444811237928008 8221598880
1292960 300 0.882574187884109 9113988570
1293260 300 0.8942844600526778 9041809980
1293560 300 0.7360772607550483 8793286020
1293860 300 0.6714574187884109 8785904130
1294160 300 1.11772783143108 8674355400
1294460 300 1.3735996488147497 8260969020
1294760 300 1.2774047410008782 8155981980
1295060 300 1.3497524143985953 8182228740
1295360 300 1.2962265144863916 8187970230
1295660 300 1.1899332748024583 8168285160
1295960 300 1.3688112379280073 8496369600
1296260 300 1.431582089552239 9323962620
1296560 300 1.3740263388937666 8975372880
1296860 300 1.3815171202809484 8877767760
1297160 300 0.9211659350307287 8871206070
1297460 300 0.8493871817383671 8647288440
1297760 300 0.9903371378402106 8463561150
1298060 300 1.1591641791044778 8241283950
1298360 300 1.285132572431958 8233902030
1298660 300 1.3409341527655838 8260969020
1298960 300 1.4129025460930644 8286395550
1299260 300 1.371418788410887 8273272170
1299560 300 1.3880597014925373 8535739740
1299860 300 1.3731729587357333 9245222340
1300160 300 1.3857840210711148 8779342440
1300460 300 1.280249341527656 8726848920
1300760 300 0.8294749780509219 8616120420
1301060 300 0.9685285338015804 8543121630
1301360 300 1.0212010535557507 8425831440
1301660 300 1.2528463564530292 8347091190
1301960 300 1.319362598770852 8228160570
1302260 300 1.314953467954346 8247845640
1302560 300 1.3113028972783143 8242104150
1302860 300 1.3904776119402986 9054933360
1303160 300 1.3844091308165056 9337906200
1303460 300 1.3049499561018436 8897452830
1303760 300 1.3531659350307288 8884329450
1304060 300 1.2940930640913084 8890891140
1304360 300 1.3003511852502196 8891711340
1304660 300 1.3195522388059702 8818712580
1304960 300 1.336430201931519 8497189800
1305260 300 1.3029587357330992 8439775020
1305560 300 1.34524846356453 8433213330
1305860 300 1.3924214223002633 8739972300
1306160 300 1.4143722563652326 9191908620
1306460 300 1.3770131694468832 8484066420
1306760 300 1.338326602282704 8483246220
1307060 300 1.302342405618964 8897452830
1307360 300 1.3121562774363478 8628423600
1307660 300 1.0245671641791043 8936822970
1307960 300 0.7134626865671643 8995878150
1308260 300 0.6935504828797191 8555424810
1308560 300 0.6707462686567164 8456999460
1308860 300 0.6582774363476733 8279833860
1309160 300 0.6496488147497805 8240463720
1309460 300 0.6332923617208077 8247025410
1309760 300 0.6576136962247585 8247025410
1310060 300 0.6706040386303775 8450437770
1310360 300 0.653963125548727 8622682110
1310660 300 0.6343353819139597 8530818480
1310960 300 0.6094925373134328 8517695100
1311260 300 0.6231940298507463 8420089980
1311560 300 0.5874468832309043 8228980770
1311860 300 0.6042774363476734 8215857390
1312160 300 0.6163669885864793 8222419080
1312460 300 0.5837963125548727 8222419080
1312760 300 0.592756804214223 8195352120
1313060 300 0.6295469710272168 8228980770
1313360 300 0.6408305531167691 9206672430
1313660 300 0.6300210711150132 9474881460
1313960 300 0.6045144863915715 8879408190
1314260 300 0.6190693590869184 8773600950
1314560 300 0.5892010535557507 8516874870
1314860 28 0.6198279192273926 8294597670
1314888 1 0.6243318700614574 8165004300
1314889 4 0.47252502194907814 8086264050
1314893 3 0.47911501316944693 7815594390
1314896 1 0.464180860403863 7815594390
1314897 8 0.464180860403863 7815594390
1314905 1 0.464180860403863 7815594390
1314906 168 0.4709604916593503 8198632980
1315074 5 0.4608147497805093 4563457320
1315079 8 0.45455662862159796 4563457320
1315087 73 0.5276628621597893 5213064540
1315160 300 0.4921527655838455 7160245710
1315460 300 0.6306848112379281 7983737670
1315760 300 0.6063634767339772 8017366320
1316060 300 0.6359473222124671 8187970230
