1783938 300 1.0318683055311677 12040501800
1784238 300 1.0719771729587357 12033940110
1784538 300 1.0595557506584723 12029018850
1784838 300 1.0431992976294997 12042142230
1785138 300 1.0243301141352064 12029839050
1785438 300 1.0807954345917472 12048703920
1785738 300 1.1667497805092184 12855791640
1786038 300 1.1391097453906935 13086270960
1786338 300 1.1019877085162424 12613009170
1786638 300 1.0918419666374013 12448146720
1786938 300 1.0743476733977175 12416158500
1787238 300 1.0564741000877964 12278363010
1787538 300 1.1085302897278315 12036400740
1787838 300 1.089187006145742 12016715670
1788138 300 1.1502036874451274 12554774160
1788438 300 1.1049271290605795 12443225460
1788738 300 1.100707638279192 11885481900
1789038 300 1.0959192273924496 11872358520
1789338 300 1.0716927129060578 11878920210
1789638 300 1.1029833187006146 11852673450
1789938 300 1.0760070237050043 11852673450
1790238 300 1.105638279192274 11852673450
1790538 300 1.1364073748902546 12726198300
1790838 300 1.1417172958735735 13073967810
1791138 300 1.1182019315188763 12594964500
1791438 300 1.1285373134328358 12903363900
1791738 300 1.1009920983318702 12410417010
1792038 300 1.0951606672519754 12260318370
1792338 300 1.1078665496049167 12239813100
1792638 300 1.1702107111501319 12364485180
1792938 300 1.1606338893766464 12377608560
1793238 300 1.1842440737489026 12062647500
1793538 300 1.1185812115891132 12056085810
1793838 300 1.137497805092186 12049524120
1794138 300 1.1449411764705884 12003592290
1794438 300 1.1276365232660228 11807561850
1794738 300 1.1426654960491658 11819865000
1795038 300 1.1262142230026337 11819865000
1795338 300 1.1533801580333625 12416978700
1795638 300 1.1317137840210711 12384170250
1795938 300 1.129675153643547 11846111760
1796238 300 1.104595258999122 11826426690
1796538 300 1.1465531167690957 11826426690
1796838 300 1.1335153643546971 11819865000
1797138 300 1.1139824407374892 11819865000
1797438 300 1.1364547848990343 11833808610
1797738 300 1.1366444249341527 11840370300
1798038 300 1.1855715539947322 13073967810
1798338 300 1.1872309043020195 13873673640
1798638 300 1.2052941176470586 13696508040
1798938 300 1.1917822651448637 12259498170
1799238 300 1.1746198419666376 12280003440
1799538 300 1.1778437225636524 12306250200
1799838 300 1.1731501316944688 12286565130
1800138 300 1.1447041264266902 12299688510
1800438 300 1.1599701492537313 12285744930
1800738 300 1.1496821773485513 12377608560
1801038 300 1.2155346795434592 13053462510
1801338 300 1.1900280948200175 13073967810
1801638 300 1.1941527655838455 12889420290
1801938 300 1.1845759438103602 12548212470
1802238 300 1.1795978928884987 12371046870
1802538 300 1.1857611940298507 12253756680
1802838 300 1.1892695346795437 12253756680
1803138 300 1.6862212467076385 12312811890
1803438 300 1.4962019315188764 13114158150
1803738 300 1.2177629499561018 12739321680
1804038 300 1.2412309043020193 12311991690
1804338 300 2.8977840210711148 12318553380
1804638 300 2.9826479367866545 12364485180
1804938 300 2.9127181738366987 12397293630
1805238 300 2.095369622475856 12398113860
1805538 300 2.949460930640913 12398113860
1805838 300 2.9024776119402986 12982104150
1806138 300 2.7646093064091306 12969801000
1806438 300 2.5751589113257243 12424360590
1806738 300 2.5688059701492536 12399754260
1807038 300 2.6143195785776996 12399754260
1807338 300 2.061187006145742 12398934060
1807638 300 2.35584021071115 12405495750
1807938 300 2.4938507462686568 12411237210
1808238 300 2.555246707638279 12648278220
1808538 300 2.368783143107989 12772950330
1808838 300 1.5053046532045653 12458809470
1809138 300 1.0976733977172959 12451427580
1809438 300 1.0989060579455665 12436663770
1809738 300 2.019655838454785 12443225460
1810038 300 1.927348551360843 12451427580
1810338 300 2.1128165057067605 12457989270
1810638 300 2.266330114135206 14439619290
1810938 300 1.5262598770851625 14380564110
1811238 300 1.017550482879719 13238830230
1811538 300 1.559589113257243 12753265260
1811838 300 2.1745917471466196 12759006720
1812138 300 2.1117260755048286 12745883370
1812438 300 2.2584600526777874 12740141880
1812738 300 2.190900790166813 12786073710
1813038 300 2.204317822651449 12805758780
1813338 300 2.2583652326602284 13212583470
1813638 300 2.3083353819139596 14031974370
1813938 300 2.2874749780509216 13421737320
1814238 300 2.3002282704126427 13166651640
1814538 300 1.4854872695346797 13028856180
1814838 300 1.258630377524144 13022294490
1815138 300 2.0239701492537314 13014912600
1815438 300 2.1137647058823528 12870555450
1815738 300 2.0508990342405617 12851690580
1816038 300 2.000597014925373 13133843220
1816338 300 1.4759104477611942 13592341230
1816638 300 1.9712502194907813 12903363900
1816938 300 2.0799613696224757 12850870380
1817238 300 2.103476733977173 12843488490
1817538 300 2.1308797190518 12844308690
1817838 300 2.033641791044776 12844308690
1818138 300 1.2650307287093943 12844308690
1818438 300 1.0641545215100967 12832005510
1818738 300 1.483258999122037 13290503520
1819038 300 2.0465373134328355 13028856180
1819338 300 2.105325724319578 12877937340
1819638 300 2.114333625987708 12871375650
1819938 300 1.2727111501316943 12864813960
1820238 300 1.1366444249341527 12857432070
1820538 300 2.045826163301141 12883678830
1820838 300 2.1242423178226515 12891060720
1821138 300 2.083754170324846 12877937340
1821438 300 2.1284143985952593 13724395200
1821738 300 2.110683055311677 14052479640
1822038 300 2.1301685689201055 13619408190
1822338 300 2.0366760316066723 13606284810
1822638 300 1.9767497805092185 13429119210
1822938 300 2.066828797190518 13257695100
1823238 300 2.02928007023705 13245391920
1823538 300 2.054359964881475 13244571720
1823838 300 2.0911027216856892 13133022990
1824138 300 2.1187901668129943 13238010030
1824438 300 2.117462686567164 13618587990
1824738 300 2.0512783143107987 13428299010
1825038 300 2.1180790166812997 13429119210
1825338 300 2.0787287093942055 13402052250
1825638 300 1.9885548726953468 13251953610
1825938 300 2.0829007901668133 13218324960
1826238 300 2.1422581211589113 13101034770
1826538 300 2.177246707638279 13080529500
1826838 300 2.012022827041264 13113337920
1827138 300 1.376396839332748 14950610820
1827438 300 1.3829868305531168 15317245170
1827738 300 2.0458735733099207 15192573090
1828038 300 2.019608428446005 13625149650
1828338 223 2.100632133450395 13606284810
1828561 77 1.627906935908692 13580038050
1828638 109 1.4559034240561899 13383187380
1828747 4 1.451209833187006 8658771390
1828751 1 1.4400210711150134 8658771390
1828752 8 1.4400210711150134 8658771390
1828760 1 1.4400210711150134 8658771390
1828761 177 1.507912203687445 10163038560
1828938 300 1.069417032484636 12858252270
1829238 300 1.080036874451273 13370064000
1829538 300 1.0513064091308166 13376625690
1829838 300 1.044811237928007 13278200370
1830138 300 1.0371782265144864 13219145160
1830438 184 1.0687532923617207 13212583470
1830622 116 0.8119332748024582 13199460090
1830738 67 0.7628165057067603 13127281530
1830805 3 0.7406760316066725 8251946700
1830808 1 0.7406760316066725 8251946700
1830809 7 0.7406760316066725 8251946700
1830816 222 0.8054381035996487 10348406280
1831038 300 0.9614644424934152 12976362690
1831338 76 1.10615978928885 12988665840
1831414 185 0.7781773485513608 12929610630
1831599 5 0.7771343283582091 8015725890
1831604 11 0.750774363476734 7995220620
1831615 23 0.8116488147497806 8320024200
1831638 247 0.8477752414398595 11198145000
1831885 53 0.5737453906935909 11185021620
1831938 131 0.7918788410886743 13389749070
1832069 3 0.784198419666374 8593154520
1832072 10 0.7779402985074626 8593154520
1832082 156 0.8396681299385426 10187644920
1832238 300 0.9351992976294995 12864813960
1832538 300 0.9822774363476735 12687648360
1832838 300 0.9777260755048289 12662221830
1833138 300 0.9697611940298508 13560352980
1833438 300 1.0286918349429324 13087091190
1833738 300 1.0214855136084284 13087091190
1834038 300 0.9517453906935909 13061664630
1834338 300 0.9103090430201933 12930430860
1834638 300 0.9031501316944688 12825443820
1834938 300 0.9776786654960491 13139584680
1835238 300 1.0047971905179982 13303626900
1835538 300 0.9493274802458296 12950115930
1835838 300 0.940556628621598 12923048970
1836138 300 0.951982440737489 12798376860
1836438 300 0.9233467954345919 12792635400
1836738 300 0.9565338015803336 12779512020
1837038 300 0.9000684811237928 12786073710
1837338 300 0.9170412642669007 12779512020
1837638 300 0.9646409130816506 13245391920
1837938 300 0.9306005267778754 13488174420
1838238 300 0.8859877085162424 12811500240
1838538 300 0.8823845478489903 12785253480
1838838 300 0.8958489903424057 12805758780
1839138 300 0.8679244951712027 12812320470
1839438 300 0.8790658472344162 12793455600
1839738 300 0.8704372256365234 12825443820
1840038 300 0.8808674275680423 12832005510
1840338 300 0.9372853380158035 14354317350
1840638 300 0.9451079894644425 15227021970
1840938 300 0.9515083406496927 14452742670
1841238 300 0.8832853380158034 13704710130
1841538 300 0.9231097453906937 13304447130
1841838 300 0.920502194907814 13114158150
1842138 300 0.89528007023705 13114978350
1842438 300 0.8839964881474978 13108416660
1842738 300 0.8832379280070237 13108416660
1843038 300 0.8610500438981562 13108416660
1843338 300 0.8962756804214225 13908942720
1843638 300 0.9072748024582968 14334632280
1843938 300 0.81942405618964 13935189450
1844238 300 0.8012186128182617 13835943930
1844538 300 0.8233590869183494 13397130990
1844838 300 0.8042054433713783 13351199160
1845138 300 0.8122651448639158 13363502310
1845438 300 0.8044899034240562 13337255580
1845738 300 0.7885127304653206 13206842010
1846038 300 0.8400948200175594 13497196740
1846338 300 0.8514258121158912 14238667560
1846638 300 0.8092783143107991 14121377400
1846938 300 0.8134029850746268 13956514950
1847238 300 0.8264407374890255 14219802720
1847538 300 0.8176698858647937 13307727960
1847838 300 0.8267726075504829 13201920720
1848138 300 0.8351641791044777 13195359030
1848438 300 0.8650798946444249 13235549400
1848738 300 0.8773590869183494 13799854620
1849038 300 0.8494345917471467 13609565640
1849338 300 0.7968568920105357 13445523420
1849638 300 0.7958612818261632 13294604580
1849938 300 0.8113643546971028 13234729170
1850238 300 0.8073345039508342 13221605790
1850538 300 0.8038261633011413 13247852550
1850838 300 0.8303283582089552 13234729170
1851138 300 0.8686830553116769 13504578630
1851438 300 0.8700579455662864 13523443500
1851738 300 0.8250658472344161 13235549400
1852038 300 0.8198981562774363 13222426020
1852338 300 0.8389569798068481 13222426020
1852638 300 0.795529411764706 13215864330
1852938 300 0.8223160667251976 13210122840
1853238 300 0.8052958735733099 13222426020
1853538 300 0.9031027216856893 13944211800
1853838 300 0.8268200175592627 14593818990
1854138 300 0.8261088674275682 14016390360
1854438 300 0.8012660228270414 13977020220
1854738 300 0.8270570676031608 13642374090
1855038 300 0.8058647936786656 13268357820
1855338 300 0.8088042142230027 13242111090
1855638 300 0.8359227392449519 13248672780
1855938 300 0.8230272168568922 13307727960
1856238 300 0.8965601404741003 15131877480
1856538 300 0.8688726953467955 15624824340
1856838 300 0.8636101843722563 14693064540
1857138 300 0.8220316066725197 13695687810
1857438 300 0.8473959613696225 13675182540
1857738 300 0.8041106233538191 13689126120
1858038 300 0.8757945566286215 13689126120
1858338 300 0.8045373134328359 13676002740
1858638 300 0.8052484635645304 13681744230
1858938 300 0.8052010535557506 13675182540
1859238 300 0.873044776119403 14725052760
1859538 300 0.8244021071115014 14600380680
1859838 300 0.7795522388059701 14219802720
1860138 300 0.8045847234416155 14187814500
1860438 300 0.800791922739245 14168129430
1860738 300 0.7763283582089552 13715372880
1861038 300 0.7942019315188763 13643194320
1861338 300 0.7707339771729589 13649756010
1861638 300 0.8015030728709394 13800674850
1861938 300 0.8400000000000001 14437158660
1862238 300 0.8121703248463564 14443720350
1862538 300 0.7944389815627745 14384665140
1862838 300 0.822647936786655 14135320980
1863138 300 0.810937664618086 14030333940
1863438 300 0.7811167690956979 13872033210
1863738 300 0.7794100087796314 13840044990
1864038 300 0.7839139596136963 13728496260
1864338 300 0.8833801580333626 14574133920
1864638 300 0.8509043020193153 14766063330
1864938 300 0.8298542581211589 14391226830
1865238 300 0.8339789288849869 14352676920
1865538 300 0.8586321334503952 14746378260
1865838 300 0.8471589113257243 13794113160
1866138 300 0.8085671641791046 13669441050
1866438 300 0.8051062335381916 13669441050
1866738 300 0.8087093942054434 13682564430
1867038 300 0.8465899912203687 13997525520
1867338 300 0.869204565408253 13912223550
1867638 300 0.8100368744512731 13702249500
1867938 300 0.7791255487269535 13695687810
1868238 300 0.7910728709394206 13689126120
1868538 300 0.8099420544337138 13695687810
1868838 300 0.8151097453906936 13689946350
1869138 300 0.8150149253731345 13683384660
1869438 300 0.8220316066725197 13688305920
1869738 300 0.8205144863915715 13689946350
1870038 300 0.9168042142230026 15519837330
1870338 300 0.9123476733977173 16471282200
1870638 300 0.9029604916593504 15834798390
1870938 300 0.8617611940298507 14758681410
1871238 300 0.8305654082528534 14653694400
1871538 300 0.8170061457418789 14943228930
1871838 300 0.841043020193152 14568392430
1872138 300 0.8282423178226515 14437158660
1872438 300 0.8374398595258999 14431417200
1872738 300 0.901585601404741 14575774350
1873038 300 0.9000684811237928 14661076290
1873338 300 0.8604811237928008 14313306780
1873638 300 0.8725706760316067 14234566530
1873938 300 0.8670711150131694 14096771040
1874238 300 0.8443143107989465 14076265770
1874538 300 0.8164372256365233 14076265770
1874838 300 0.8079034240561898 14082827460
1875138 300 0.8097050043898156 14082827460
1875438 300 0.8606707638279192 14660256090
1875738 300 0.8366812993854259 14588077500
1876038 300 0.8357330992098332 14069704080
1876338 300 0.8069552238805972 14069704080
1876638 300 0.801171202809482 14069704080
1876938 300 0.808899034240562 14063142390
1877238 300 0.8232642669007904 14056580700
1877538 300 0.8174328358208955 14102512530
1877838 300 0.7969517120280948 14102512530
1878138 300 0.813260755048288 14089389150
1878438 300 0.8141615452151009 14430596970
1878738 300 0.7868059701492539 14102512530
1879038 300 0.8087093942054434 14089389150
1879338 300 0.784198419666374 14103332730
1879638 300 0.8133555750658473 14208319770
1879938 300 0.8489604916593504 14260813260
1880238 300 0.8001281826163301 14109074220
1880538 300 0.7946286215978928 14102512530
1880838 300 0.835116769095698 14102512530
1881138 300 0.8171483757682179 14082827460
1881438 300 0.8092309043020193 14082827460
1881738 300 0.7830605794556629 14076265770
1882038 300 0.8057225636523268 14082827460
1882338 300 0.8420860403863039 14811174930
1882638 300 0.8428446005267779 14536404210
1882938 300 0.8021194029850746 14104152960
1883238 300 0.8177647058823531 14096771040
1883538 300 0.8507620719929765 14103332730
1883838 300 0.8600070237050045 14109074220
1884138 300 0.834358208955224 14095950840
1884438 300 0.8762212467076383 14095950840
1884738 300 0.8746567164179104 14102512530
1885038 300 0.847348551360843 14102512530
1885338 300 0.8344530289727833 14103332730
1885638 300 0.8303283582089552 14095950840
1885938 300 0.8399051799824407 14338733340
1886238 300 0.874988586479368 16537719300
1886538 300 0.8517576821773487 16215376350
1886838 300 0.8376769095697981 14943228930
1887138 300 0.8250184372256366 14306745090
1887438 300 0.8287638279192275 14332991850
1887738 300 0.8453099209833187 14312486580
1888038 300 0.8214152765583846 14305924890
1888338 300 0.8329833187006147 14312486580
1888638 300 0.8359701492537314 14293621710
1888938 300 0.865838454784899 14627447640
1889238 300 0.8644635645302897 15540342600
1889538 300 0.8782124670763828 14969475660
1889838 300 0.8631360842844602 14936667240
1890138 300 0.8844705882352941 14793130290
1890438 300 0.8889745390693592 14792310060
1890738 300 0.879729587357331 14785748370
1891038 300 0.8339315188762073 14654514600
1891338 300 0.8226005267778753 14614324260
1891638 300 0.8574942932396838 14568392430
1891938 300 0.9192695346795436 15447658740
1892238 300 0.8573046532045655 15244246380
1892538 300 0.8181439859525901 15015407490
1892838 300 0.8257295873573312 15264751680
1893138 300 0.8484389815627745 14792310060
1893438 300 0.8534644424934152 14760321840
1893738 300 0.8867936786654961 14635649760
1894038 300 0.8737085162423177 14590538130
1894338 300 0.8975557506584725 14806253670
1894638 300 0.894142230026339 14811174930
1894938 300 0.8817682177348551 14805433440
1895238 300 0.8745144863915716 14798871750
1895538 300 0.8740403863037752 14654514600
1895838 300 0.868825285338016 14555269050
1896138 300 0.8840913081650571 14445360780
1896438 300 0.8854661984196663 14478169230
1896738 300 0.9123950834064971 14741456970
1897038 300 0.9254802458296751 15207336900
1897338 300 0.871906935908692 14840702520
