1738852 300 0.7108551360842845 8456999460
1739152 300 0.7136523266022827 8293777470
1739452 300 0.7165917471466199 8274912600
1739752 300 0.7291079894644426 8299518930
1740052 300 0.7858103599648816 9015563220
1740352 300 0.744611062335382 8548863120
1740652 300 0.737025460930641 8292957240
1740952 300 0.7439947322212467 8299518930
1741252 300 0.7474556628621598 8292957240
1741552 300 0.7326637401229148 8301979560
1741852 300 0.7349868305531169 8315102940
1742152 300 0.745369622475856 8322484830
1742452 300 0.7741474978050921 8617760850
1742752 300 0.8084723441615452 9214874520
1743052 300 0.772772607550483 9011462190
1743352 300 0.7341334503950835 8716186170
1743652 300 0.7454170324846356 8492268540
1743952 300 0.7477401229148376 8493088740
1744252 300 0.7325689201053556 8479145160
1744552 300 0.7454170324846356 8492268540
1744852 300 0.7847199297629499 8723568090
1745152 300 0.832793678665496 9281311620
1745452 300 0.7728200175592627 8815431720
1745752 300 0.7351290605794557 8657951190
1746052 300 0.7534293239683935 8638266120
1746352 300 0.718630377524144 8605457670
1746652 300 0.7251729587357332 8452898400
1746952 300 0.7214275680421423 8395483620
1747252 300 0.7365513608428447 8435673990
1747552 300 0.8116488147497806 9353490210
1747852 300 0.740486391571554 8887610310
1748152 300 0.7218542581211589 8571829020
1748452 300 0.7393959613696226 8572649220
1748752 300 0.7322844600526779 8571829020
1749052 300 0.7556575943810361 8525897190
1749352 300 0.7558946444249343 8336428440
1749652 300 0.7690272168568921 8191251060
1749952 300 0.8015978928884987 9241121280
1750252 300 0.7652344161545216 9045911040
1750552 300 0.773009657594381 8757196740
1750852 300 0.7591185250219491 8743253130
1751152 300 0.7720140474100088 8723568090
1751452 300 0.7338964003511853 8579210910
1751752 300 0.7525285338015802 8428292070
1752052 300 0.7720140474100088 8369236890
1752352 300 0.787043020193152 8526717420
1752652 300 0.8166742756804215 8743253130
1752952 300 0.7778454784899034 8395483620
1753252 300 0.7606356453028972 8323305060
1753552 300 0.7684108867427569 8316743370
1753852 300 0.7656136962247586 8297058300
1754152 300 0.768790166812994 8283934920
1754452 300 0.7809271290605796 8290496610
1754752 300 0.7795048287971905 8297878500
1755052 300 0.8253028972783143 8625142740
1755352 300 0.8080456540825285 9406803930
1755652 300 0.7773239683933275 8790005190
1755952 300 0.7838665496049166 8692400040
1756252 300 0.8191870061457418 8605457670
1756552 300 0.7993696224758561 8579210910
1756852 300 0.787043020193152 8350372020
1757152 300 0.7531922739244953 8264249850
1757452 300 0.7859525899912203 8179768110
1757752 300 0.850050921861282 8311001880
1758052 300 0.8474907813871818 9525734550
1758352 300 0.8560719929762951 9447814500
1758652 300 2.2553784021071115 8857262490
1758952 300 2.594549604916594 8857262490
1759252 300 2.522581211589113 8856442290
1759552 300 2.559987708516242 8844139110
1759852 300 2.481571553994732 8843318910
1760152 300 2.5289815627743635 8843318910
1760452 300 2.4878296751536437 8837577420
1760752 300 2.516180860403863 9145976790
1761052 300 2.6094363476733977 9480622920
1761352 300 2.5919894644424932 9106606650
1761652 300 2.5095434591747146 8680917090
1761952 300 2.5260895522388056 8517695100
1762252 300 2.4977383669885866 8497189800
1762552 300 2.513573309920983 8497189800
1762852 300 2.4759771729587357 8464381380
1763152 300 2.4623230904302016 8365135830
1763452 300 2.437385425812116 8372517720
1763752 300 2.4816663740122915 8995878150
1764052 300 2.4239209833187005 9369894420
1764352 300 2.3853292361720806 8937643170
1764652 300 2.3725285338015802 8931081480
1764952 300 2.3543705004389817 8924519790
1765252 253 2.4111202809482 8911396410
1765505 47 1.7831273046532046 8904834720
1765552 137 1.7234381035996489 8826094470
1765689 3 1.71689552238806 5053123350
1765692 9 1.7076505706760314 5053123350
1765701 151 1.7636892010535559 5822481390
1765852 300 1.9081000877963126 8199453180
1766152 300 2.2132309043020193 8589873660
1766452 300 2.253102721685689 8550503520
1766752 300 2.2429569798068485 8969631420
1767052 300 2.095701492537313 8406146370
1767352 177 2.1714152765583847 8360214540
1767529 123 1.6871220368744513 8360214540
1767652 61 1.59988762071993 8282294490
1767713 4 1.6260105355575067 4799678130
1767717 1 1.585332748024583 4568378610
1767718 8 1.585332748024583 4568378610
1767726 1 1.585332748024583 4568378610
1767727 1 1.585332748024583 4568378610
1767728 224 1.7042370500438984 6248170950
1767952 300 2.062988586479368 8006703570
1768252 184 2.157334503950834 8020647150
1768436 116 1.486482879719052 8014085460
1768552 68 1.5026022827041263 7928783520
1768620 2 1.5715838454784898 4287046200
1768622 1 1.4814100087796316 4287046200
1768623 10 1.4814100087796316 4287046200
1768633 1 1.4814100087796316 4287866400
1768634 1 1.4814100087796316 4287866400
1768635 210 1.6046760316066728 5999646990
1768845 7 1.159401229148376 5999646990
1768852 179 1.5023652326602281 7672877640
1769031 4 1.4976242317822654 4096757220
1769035 2 1.4882370500438982 4096757220
1769037 10 1.4882370500438982 4096757220
1769047 105 1.567980684811238 4702893210
1769152 300 1.754776119402985 7958311110
1769452 300 2.0087989464442493 8381540040
1769752 300 1.896247585601405 7764741300
1770052 300 1.910707638279192 7673697870
1770352 300 1.8982388059701494 7685180820
1770652 300 1.8329078138718171 7692562710
1770952 300 1.8323863037752415 7684360590
1771252 300 1.8100087796312554 7690922280
1771552 300 1.8808393327480246 7993580190
1771852 300 1.86728007023705 8689119210
1772152 300 1.8041773485513608 8689119210
1772452 300 1.7504143985952592 8315102940
1772752 300 1.724860403863038 8092005510
1773052 300 1.6847989464442494 7888593180
1773352 300 1.7432080772607552 7750797690
1773652 300 1.7116330114135208 7783606140
1773952 300 1.7716066725197541 7777044450
1774252 300 1.759422300263389 8131375650
1774552 300 1.7386567164179105 8577570510
1774852 300 1.715710272168569 7829537970
1775152 300 1.7332519754170326 7829537970
1775452 300 1.7149043020193155 7837740090
1775752 300 1.7827480245829674 7830358170
1776052 300 1.6849411764705882 7830358170
1776352 300 1.677782265144864 7836919860
1776652 300 1.7101633011413522 7817234790
1776952 300 1.725998244073749 7823796480
1777252 300 1.7077928007023706 7817234790
1777552 300 1.6943757682177347 7810673100
1777852 300 1.7249078138718175 7830358170
1778152 300 1.7461474978050924 7830358170
1778452 300 1.9733836698858649 7817234790
1778752 300 1.7628358208955226 7810673100
1779052 300 2.070194907813872 8722747860
1779352 300 1.8266971027216856 9208312830
1779652 300 1.751978928884987 8669434140
1779952 300 1.637009657594381 8519335500
1780252 300 1.6725671641791047 8511953610
1780552 300 1.6324582967515364 8439775020
1780852 300 1.6231185250219493 8243744580
1781152 300 1.615580333625988 8119072500
1781452 300 1.6096540825285337 8124813960
1781752 300 1.6533187006145744 8977833510
1782052 300 1.6176663740122914 8859723120
1782352 300 1.5923494293239684 8485706850
1782652 300 1.6427462686567162 8479965390
1782952 300 1.6701966637401229 8708804280
1783252 300 1.6142054433713784 8282294490
1783552 300 1.621838454784899 7967333430
1783852 300 1.6500474100087796 7935345210
1784152 300 1.6788252853380161 7968153630
1784452 300 1.583768217734855 8460280320
1784752 300 1.6072835820895524 8348731590
1785052 300 1.5629552238805973 8191251060
1785352 300 1.1392519754170327 4202564430
1785652 69 1.1662282704126428 4202564430
1785721 231 1.4925987708516244 8157622410
1785952 107 1.0743002633889376 4091015730
1786059 193 1.5157348551360843 8157622410
1786252 300 1.543943810359965 7987018500
1786552 300 1.518626865671642 7966513230
1786852 300 1.6317945566286218 8669434140
1787152 300 1.5878928884986832 9593812050
1787452 300 1.5237471466198418 8834296590
1787752 300 1.5328972783143109 8767859490
1788052 300 1.5780316066725195 8670254340
1788352 300 1.5821562774363476 8578390710
1788652 300 1.6035856014047412 8506212120
1788952 300 1.6547884108867428 8250306270
1789252 300 1.6069517120280947 8185509600
1789552 300 1.6000772607550484 8205194670
1789852 300 1.608089552238806 9294435000
1790152 300 1.7799034240561897 8860543320
1790452 131 0.9537840210711152 4423201230
1790583 169 1.1810676031606673 8552964180
1790752 300 0.851188762071993 9037708920
1791052 300 0.7977576821773487 8722747860
1791352 300 0.7684108867427569 8571829020
1791652 300 0.7692168568920106 8289676410
1791952 300 0.7475978928884986 7987018500
1792252 300 0.7893661106233538 8177307480
1792552 282 0.5466742756804215 4446987360
1792834 18 0.8087093942054434 8446336710
1792852 300 0.7548990342405619 8315102940
1793152 300 0.7072519754170326 8321664630
1793452 300 0.7284916593503072 8112510810
1793752 300 0.7121826163301141 7987018500
1794052 300 0.709622475856014 7980456810
1794352 300 0.6977225636523267 7974715320
1794652 300 0.6693239683933274 7975535550
1794952 300 0.6965373134328359 7994400390
1795252 300 0.7088165057067604 8885969880
1795552 300 0.6920333625987709 8334788010
1795852 300 0.6831202809482002 8335608210
1796152 300 0.6780474100087797 8315923170
1796452 300 0.662971027216857 8087084250
1796752 300 0.7317155399473222 8349551820
1797052 300 0.7217594381035997 8631704430
1797352 300 0.6712677787532924 8361854970
1797652 300 0.6416365232660228 8250306270
1797952 300 0.6912273924495171 8210936130
1798252 300 0.658846356453029 8152701150
1798552 300 0.6486532045654083 8047714110
1798852 300 0.6587515364354697 8048534340
1799152 300 0.6518770851624232 8021467380
1799452 300 0.6793748902546093 8041972650
1799752 300 0.6844477611940298 8166644730
1800052 300 0.7410553116769096 8448797340
1800352 300 0.7132256365232661 8047714110
1800652 300 0.6959209833187007 8041152420
1800952 300 0.7004723441615452 8677636260
1801252 300 0.7148375768217735 8028029070
1801552 300 0.7025109745390694 8009164200
1801852 300 0.67671992976295 7996040820
1802152 300 0.6577559262510975 7981277010
1802452 300 0.6707462686567164 7974715320
1802752 300 0.6672379280070238 7973895120
1803052 300 0.7195785776997367 8519335500
1803352 300 0.7304828797190518 8046893910
1803652 300 0.6827884108867428 8006703570
1803952 300 0.6761510096575944 7987018500
1804252 300 0.7005197541703249 7973895120
1804552 300 0.6708410886742757 7967333430
1804852 300 0.6929815627743635 7973895120
1805152 300 0.6719789288849869 7974715320
1805452 300 0.6674275680421422 7967333430
1805752 300 0.6888568920105356 7987018500
1806052 300 0.6966321334503951 8014085460
1806352 300 0.7561791044776119 8788364760
1806652 300 0.7315258999122037 8257688160
1806952 300 0.690990342405619 8007523770
1807252 300 0.6898999122036875 7994400390
1807552 300 0.68828797190518 8007523770
1807852 300 0.6687550482879719 7993580190
1808152 300 0.6541527655838455 7987838700
1808452 300 0.673496049165935 7981277010
1808752 300 0.6535838454784899 7974715320
1809052 300 0.6676172080772608 7968153630
1809352 300 0.6960632133450395 8808049830
1809652 300 0.6488428446005268 8296238100
1809952 300 0.6378911325724319 7974715320
1810252 300 0.6394082528533802 7987838700
1810552 300 0.6181685689201054 7994400390
1810852 300 0.6119104477611941 7988658930
1811152 300 0.6086391571553995 7987018500
1811452 300 0.6090184372256366 7987018500
1811752 300 0.5849815627743635 7974715320
1812052 300 0.6161773485513609 8020647150
1812352 300 0.6412572431957858 8402865540
1812652 300 0.5755469710272169 8132195880
1812952 300 0.5699525899912204 7974715320
1813252 300 0.5776804214223002 7973895120
1813552 300 0.5706637401229149 7966513230
1813852 300 0.5764477611940299 7987018500
1814152 300 0.5821843722563652 7973074920
1814452 300 0.5667287093942055 7967333430
1814752 300 0.5662071992976294 7975535550
1815052 300 0.5535013169446883 7975535550
1815352 300 0.5625566286215979 7968973860
1815652 300 0.5956962247585602 8717006400
1815952 300 0.5721808604038632 8526717420
1816252 300 0.5516997366110623 7988658930
1816552 300 0.5593801580333626 7982097240
1816852 300 0.5498981562774364 7974715320
1817152 300 0.5540228270412644 7963232370
1817452 300 0.5523634767339772 7969794060
1817752 300 0.536196663740123 7963232370
1818052 300 0.5440193151887621 7963232370
1818352 300 0.551225636523266 8055916230
1818652 300 0.6039929762949956 9099224760
1818952 300 0.5566777875329236 8495549400
1819252 300 0.5363388937664619 8016546090
1819552 300 0.5542124670763828 8009164200
1819852 300 0.5353432835820896 8009164200
1820152 300 0.5376663740122914 8003422710
1820452 300 0.5400368744512731 7996861020
1820752 300 0.5257664618086041 7983737670
1821052 300 0.543260755048288 8002602510
1821352 300 0.5312660228270413 8014085460
1821652 300 0.5376189640035118 8001782310
1821952 300 0.5919034240561897 8666153310
1822252 300 0.5827058823529412 8771140320
1822552 300 0.5359596136962248 8009164200
1822852 300 0.5415065847234417 8016546090
1823152 300 0.550846356453029 8015725890
1823452 300 0.5201720807726076 7983737670
1823752 300 0.5179912203687446 7983737670
1824052 300 0.5480017559262511 7977175980
1824352 300 0.534395083406497 7969794060
1824652 300 0.5647848990342406 8186329800
1824952 300 0.6058419666374013 8493908970
1825252 300 0.5391834942932396 8041972650
1825552 300 0.5210254609306408 8041152420
1825852 300 0.5496611062335383 8015725890
1826152 300 0.666811237928007 8002602510
1826452 300 0.5084618086040387 8015725890
1826752 300 0.5644530289727832 8009164200
1827052 300 0.5714697102721686 8009984400
1827352 300 0.5550184372256366 8014905690
1827652 300 0.5804302019315188 8023107780
1827952 300 0.6039929762949956 8928620850
1828252 300 0.5958858647936787 9051652530
1828552 300 0.5668235294117647 8671074570
1828852 300 0.575404741000878 8666153310
1829152 300 0.5720860403863037 8324945490
1829452 300 0.5610869183494294 8095286370
1829752 300 0.5782967515364354 8009984400
1830052 300 0.5699051799824407 8029669470
1830352 300 0.5728920105355575 8029669470
1830652 300 0.5728920105355575 8029669470
1830952 300 0.552647936786655 8029669470
1831252 300 0.6205864793678666 8653029930
1831552 300 0.6076435469710273 9413365620
1831852 300 0.6038033362598771 9085281180
1832152 300 0.5868779631255487 8685018150
1832452 300 0.5933257243195786 8587413030
1832752 300 0.5807146619841967 8416809120
1833052 300 0.5882054433713785 8166644730
1833352 300 0.5695258999122037 8016546090
1833652 300 0.6104881474978052 8016546090
1833952 300 0.5836066725197542 8016546090
1834252 300 0.5957910447761194 8023107780
1834552 300 0.6286935908691835 8803128540
1834852 300 0.5941316944688323 8318383800
1835152 300 0.577064091308165 8035410960
1835452 300 0.5983511852502195 8048534340
1835752 300 0.598920105355575 8048534340
1836052 300 0.5824214223002634 8041972650
1836352 300 0.5844126426690079 8042792850
1836652 300 0.5952221246707639 8041972650
1836952 300 0.5854082528533802 8042792850
1837252 300 0.601622475856014 8134656510
1837552 300 0.6606005267778754 8731770180
1837852 300 0.59057594381036 8317563570
1838152 300 0.581330992098332 8061657720
1838452 300 0.5873046532045654 8049354540
1838752 300 0.5889165935030729 8048534340
1839052 300 0.5854556628621599 8068219410
1839352 300 0.5863090430201932 8055096030
1839652 300 0.5787708516242318 8055916230
1839952 300 0.6024284460052678 8068219410
1840252 300 0.5848867427568043 8049354540
1840552 300 0.6539157155399473 8876947560
1840852 300 0.600484635645303 8678456460
1841152 300 0.5781545215100966 8680096890
1841452 300 0.5877787532923617 8573469450
1841752 300 0.5748358208955224 8187150000
1842052 300 0.5901966637401229 8036231160
1842352 300 0.5985882352941176 8037051390
1842652 300 0.5917611940298508 8063298120
1842952 300 0.6009587357330992 8069859810
1843252 300 0.6036611062335382 8056736430
1843552 300 0.6917963125548727 8607918300
1843852 300 0.6265127304653205 8607918300
1844152 300 0.6347146619841966 8056736430
1844452 300 0.6413994732221248 8062477920
1844752 300 0.6276979806848113 8063298120
1845052 300 0.6248059701492538 8063298120
1845352 300 0.6164618086040387 8082983190
1845652 300 0.6114837576821774 8069859810
1845952 300 0.5921404741000879 8063298120
1846252 300 0.6095873573309921 8108409750
1846552 300 0.6699877085162423 8797387080
1846852 300 0.6046093064091309 8239643520
1847152 300 0.5879683933274803 8075601300
1847452 300 0.5848867427568043 8075601300
1847752 300 0.586071992976295 8075601300
1848052 300 0.6069323968393328 8095286370
1848352 300 0.6107251975417034 8096106570
1848652 300 0.5793397717295874 8089544880
1848952 300 0.5852186128182617 8096106570
1849252 300 0.5753573309920983 8096106570
1849552 300 0.6415891132572431 8804768970
1849852 300 0.6274609306409131 8365135830
1850152 300 0.5970711150131695 8115791640
1850452 300 0.6167462686567164 8109229950
1850752 300 0.6091132572431958 8122353330
1851052 300 0.6021439859525901 8123173530
1851352 300 0.5901966637401229 8122353330
1851652 300 0.599963125548727 8096106570
1851952 300 0.6047041264266901 8096106570
1852252 300 0.6240474100087796 8096106570
1852552 300 0.6946409130816505 8752275480
1852852 300 0.6508340649692713 8653850130
1853152 300 0.6181211589113258 8161723470
1853452 300 0.6450500438981563 8175667050
1853752 300 0.6559069359086919 8136296910
1854052 300 0.6508340649692713 8110050180
1854352 300 0.6416839332748026 8142858600
1854652 300 0.6499332748024583 8162543670
1854952 300 0.652398595258999 8142038400
1855252 300 0.6264179104477612 8123173530
1855552 300 0.6399297629499561 8255227530
1855852 300 0.6950676031606673 8794106220
1856152 300 0.6448604038630379 8294597670
1856452 300 0.6235258999122038 8156802210
1856752 300 0.6252800702370501 8149420290
1857052 300 0.6354258121158911 8149420290
1857352 300 0.6671431079894645 8155161780
1857652 300 0.663729587357331 8162543670
1857952 300 0.6224354697102722 8148600090
1858252 300 0.6253748902546092 8128915020
1858552 300 0.625801580333626 8109229950
1858852 300 0.7072993854258122 8988496260
1859152 300 0.6487954345917473 8975372880
1859452 300 0.6272712906057946 8168285160
1859752 300 0.6035188762071992 8155161780
1860052 300 0.597782265144864 8155161780
1860352 300 0.6148024582967515 8148600090
1860652 300 0.6251852502194908 8161723470
1860952 300 0.6128586479367867 8155161780
1861252 300 0.6058419666374013 8135476710
1861552 300 0.6385548726953468 8148600090
1861852 300 0.6444811237928008 8221598880
1862152 300 0.882574187884109 9113988570
1862452 300 0.8942844600526778 9041809980
1862752 300 0.7360772607550483 8793286020
1863052 300 0.6714574187884109 8785904130
1863352 300 1.11772783143108 8674355400
1863652 300 1.3735996488147497 8260969020
1863952 300 1.2774047410008782 8155981980
1864252 300 1.3497524143985953 8182228740
1864552 300 1.2962265144863916 8187970230
1864852 300 1.1899332748024583 8168285160
1865152 300 1.3688112379280073 8496369600
1865452 300 1.431582089552239 9323962620
1865752 300 1.3740263388937666 8975372880
1866052 300 1.3815171202809484 8877767760
1866352 300 0.9211659350307287 8871206070
1866652 300 0.8493871817383671 8647288440
1866952 300 0.9903371378402106 8463561150
1867252 300 1.1591641791044778 8241283950
1867552 300 1.285132572431958 8233902030
1867852 300 1.3409341527655838 8260969020
1868152 300 1.4129025460930644 8286395550
1868452 300 1.371418788410887 8273272170
1868752 300 1.3880597014925373 8535739740
1869052 300 1.3731729587357333 9245222340
1869352 300 1.3857840210711148 8779342440
1869652 300 1.280249341527656 8726848920
1869952 300 0.8294749780509219 8616120420
1870252 300 0.9685285338015804 8543121630
1870552 300 1.0212010535557507 8425831440
1870852 300 1.2528463564530292 8347091190
1871152 300 1.319362598770852 8228160570
1871452 300 1.314953467954346 8247845640
1871752 300 1.3113028972783143 8242104150
1872052 300 1.3904776119402986 9054933360
1872352 300 1.3844091308165056 9337906200
1872652 300 1.3049499561018436 8897452830
1872952 300 1.3531659350307288 8884329450
1873252 300 1.2940930640913084 8890891140
1873552 300 1.3003511852502196 8891711340
1873852 300 1.3195522388059702 8818712580
1874152 300 1.336430201931519 8497189800
1874452 300 1.3029587357330992 8439775020
1874752 300 1.34524846356453 8433213330
1875052 300 1.3924214223002633 8739972300
1875352 300 1.4143722563652326 9191908620
1875652 300 1.3770131694468832 8484066420
1875952 300 1.338326602282704 8483246220
1876252 300 1.302342405618964 8897452830
1876552 300 1.3121562774363478 8628423600
1876852 300 1.0245671641791043 8936822970
1877152 300 0.7134626865671643 8995878150
1877452 300 0.6935504828797191 8555424810
1877752 300 0.6707462686567164 8456999460
1878052 300 0.6582774363476733 8279833860
1878352 300 0.6496488147497805 8240463720
1878652 300 0.6332923617208077 8247025410
1878952 300 0.6576136962247585 8247025410
1879252 300 0.6706040386303775 8450437770
1879552 300 0.653963125548727 8622682110
1879852 300 0.6343353819139597 8530818480
1880152 300 0.6094925373134328 8517695100
1880452 300 0.6231940298507463 8420089980
1880752 300 0.5874468832309043 8228980770
1881052 300 0.6042774363476734 8215857390
1881352 300 0.6163669885864793 8222419080
1881652 300 0.5837963125548727 8222419080
1881952 300 0.592756804214223 8195352120
1882252 300 0.6295469710272168 8228980770
1882552 300 0.6408305531167691 9206672430
1882852 300 0.6300210711150132 9474881460
1883152 300 0.6045144863915715 8879408190
1883452 300 0.6190693590869184 8773600950
1883752 300 0.5892010535557507 8516874870
1884052 28 0.6198279192273926 8294597670
1884080 1 0.6243318700614574 8165004300
1884081 4 0.47252502194907814 8086264050
1884085 3 0.47911501316944693 7815594390
1884088 1 0.464180860403863 7815594390
1884089 8 0.464180860403863 7815594390
1884097 1 0.464180860403863 7815594390
1884098 168 0.4709604916593503 8198632980
1884266 5 0.4608147497805093 4563457320
1884271 8 0.45455662862159796 4563457320
1884279 73 0.5276628621597893 5213064540
1884352 300 0.4921527655838455 7160245710
1884652 300 0.6306848112379281 7983737670
1884952 300 0.6063634767339772 8017366320
1885252 300 0.6359473222124671 8187970230
1885552 300 0.6740649692712907 8705523420
1885852 300 0.6231466198419666 8437314390
1886152 9 0.6131431079894645 8425011240
1886161 6 0.4694907813871817 8224059510
1886167 3 0.4721457418788411 7953389850
1886170 2 0.4620474100087797 7953389850
1886172 10 0.4620474100087797 7953389850
1886182 165 0.4685425812115891 8340529500
1886347 6 0.4580649692712906 4659422040
1886353 9 0.454935908691835 4659422040
1886362 90 0.5357225636523266 5255715510
1886452 300 0.5269517120280949 8735871240
1886752 300 0.5790553116769097 7985378070
1887052 297 0.5822317822651448 7822156080
1887349 3 0.48347673397717295 7822156080
1887352 3 0.44900965759438105 7416151560
1887355 2 0.44735030728709396 7356276150
1887357 1 0.43663564530289734 7356276150
1887358 7 0.43663564530289734 7356276150
1887365 1 0.43663564530289734 7356276150
1887366 168 0.4430834064969271 7749157290
1887534 3 0.434359964881475 4323955680
1887537 1 0.4284337137840211 4323955680
1887538 8 0.4284337137840211 4323955680
1887546 1 0.4284337137840211 4324775910
1887547 105 0.4921527655838455 5059685040
1887652 300 0.5149095697980686 7567070400
1887952 300 0.5725601404741001 7821335850
1888252 300 0.599204565408253 7918940970
1888552 300 0.644955223880597 8818712580
1888852 300 0.6265127304653205 8057556660
1889152 300 0.6015750658472344 8052635400
1889452 300 0.5892010535557507 8013265260
1889752 253 0.5968814749780509 7882851690
1890005 5 0.4495785776997366 7736854110
1890010 4 0.4484407374890255 7470285510
1890014 9 0.44208779631255485 7470285510
1890023 29 0.46934855136084286 7793448690
1890052 139 0.4386742756804214 7727011590
1890191 4 0.4312309043020194 4341180120
1890195 14 0.4266795434591747 4341180120
1890209 143 0.5628410886742757 5041640400
1890352 300 0.5086040386303776 7583474640
1890652 300 0.586830553116769 7806572070
1890952 300 0.5908604038630378 7780325310
1891252 300 0.570379280070237 7800010380
1891552 300 0.5634574187884109 7793448690
1891852 300 0.5905285338015803 7794268890
1892152 254 0.6597471466198419 8647288440
1892406 6 0.49480772607550483 9127932150
1892412 3 0.5025355575065847 8890891140
1892415 12 0.4854679543459175 8890891140
1892427 25 0.5137243195785777 9214874520
1892452 137 0.4417559262510975 8440595250
1892589 1 0.8183336259877085 4628254020
1892590 4 0.42995083406496926 4628254020
1892594 3 0.42995083406496926 4628254020
1892597 155 0.49006672519754174 5874974880
1892752 22 0.5682932396839333 7686821220
1892774 6 0.4299034240561897 7431735570
1892780 4 0.42776997366110625 7211919000
1892784 1 0.419710272168569 7211919000
1892785 11 0.419710272168569 7211919000
1892796 164 0.4252572431957858 7587575700
1892960 8 0.411603160667252 3919591620
1892968 7 0.411603160667252 3919591620
1892975 1 0.411603160667252 3919591620
1892976 76 0.4916312554872696 4500301080
1893052 300 0.4875539947322213 6901059000
1893352 300 0.576684811237928 7372680390
1893652 300 0.5786760316066725 7375141020
1893952 300 0.5915241439859527 7407949470
1894252 300 0.5707585601404741 7421893050
1894552 300 0.5706637401229149 7429274940
1894852 300 0.564737489025461 7435836630
1895152 300 0.5986830553116769 7803291210
1895452 300 0.6255171202809483 8794106220
1895752 300 0.5742669007901668 8309361480
1896052 300 0.5650693590869185 8238003090
1896352 300 0.5672028094820019 7918120770
1896652 300 0.5782493415276558 7713888210
1896952 300 0.5680087796312555 7525239660
1897252 300 0.5463898156277437 7519498170
1897552 300 0.5750728709394206 7545744930
1897852 300 0.582611062335382 7532621550
1898152 300 0.598540825285338 7532621550
1898452 300 0.6197330992098332 7690102080
1898752 300 0.6322493415276558 8405326170
1899052 300 0.5876839332748025 8411067630
1899352 300 0.5838437225636524 8266710480
1899652 300 0.5915241439859527 7715528610
1899952 300 0.5755943810359965 7553126820
1900252 300 0.5864986830553117 7578553380
1900552 300 0.5460105355575066 7585935270
1900852 300 0.5654960491659351 7573632090
1901152 300 0.5551606672519753 7567890630
1901452 300 0.5908129938542581 7653192570
1901752 300 0.6292625109745391 8329046520
1902052 300 0.5983511852502195 8321664630
1902352 300 0.5633625987708517 7639248990
1902652 300 0.5832748024582968 7619563920
1902952 300 0.5555399473222125 7580193780
1903252 300 0.5888217734855137 7567890630
1903552 300 0.576827041264267 7568710830
1903852 300 0.576684811237928 7608901170
1904152 300 0.5760684811237928 7628586240
1904452 300 0.5784389815627744 7660574490
1904752 300 0.6264653204565409 8782623270
1905052 300 0.6278876207199298 8743253130
1905352 300 0.5753573309920983 8139577770
1905652 300 0.5907181738366989 7988658930
1905952 300 0.6011483757682178 7877110200
1906252 300 0.5973081650570676 7778684880
1906552 300 0.5848867427568043 7647451110
1906852 300 0.5782967515364354 7641709620
1907152 300 0.5727971905179983 7635968160
1907452 300 0.5897699736611062 7655653200
1907752 300 0.5794345917471466 7675338270
1908052 300 0.6343827919227393 8384820900
1908352 300 0.5982563652326602 8082983190
1908652 300 0.5693362598770852 7695023340
1908952 300 0.5783441615452152 7681079760
1909252 300 0.5807620719929764 7687641450
1909552 300 0.5643582089552239 7674518070
1909852 300 0.5488551360842846 7667956380
1910152 300 0.5929464442493415 7681079760
1910452 300 0.6595575065847235 7727831790
1910752 300 0.6118630377524144 7728651990
1911052 300 0.642395083406497 8358574140
1911352 300 0.5779174714661984 8123173530
1911652 300 0.572702370500439 8017366320
1911952 300 0.5844600526777877 8018186520
1912252 300 0.5726075504828797 7912379280
1912552 300 0.5805724319578578 7813953960
1912852 300 0.579529411764706 7748337060
1913152 300 0.5914767339771729 7714708410
1913452 300 0.6007690956979808 7714708410
1913752 300 0.5971659350307287 7708146720
1914052 300 0.6470886742756805 8109229950
1914352 300 0.6321545215100967 8397944280
1914652 300 0.6056049165935031 7761460440
1914952 300 0.599820895522388 7742595600
1915252 300 0.599062335381914 8693220270
1915552 300 0.5675820895522389 7735213680
1915852 300 0.5756417910447762 7722910530
1916152 300 0.56227216856892 7723730730
1916452 300 0.601764705882353 7729472220
1916752 300 0.5824214223002634 7734393480
1917052 300 0.5925671641791046 7721270100
1917352 300 0.6471834942932397 8358574140
1917652 300 0.6473731343283582 8004242940
1917952 300 0.6263705004389816 7768022130
1918252 300 0.5944161545215101 7775404020
1918552 300 0.5976400351185249 8347091190
1918852 300 0.5891062335381914 7736854110
1919152 300 0.5781545215100966 7736854110
1919452 300 0.5693362598770852 7736854110
1919752 300 0.5853134328358209 7729472220
1920052 300 0.5884424934152765 7723730730
1920352 300 0.5685776997366111 7716348840
1920652 300 0.6317752414398595 8220778680
1920952 300 0.6233362598770852 7722090300
1921252 300 0.5734609306409131 7715528610
1921552 300 0.5700474100087797 7702405260
1921852 300 0.5754995610184372 7715528610
1922152 300 0.5851237928007024 7722090300
1922452 300 0.5652115891132572 7709787150
1922752 300 0.576684811237928 7710607350
1923052 300 0.5989675153643548 7704045660
1923352 300 0.5986830553116769 7697483970
1923652 300 0.6660052677787534 8321664630
1923952 300 0.627081650570676 8163363900
1924252 300 0.5858823529411765 7736854110
1924552 300 0.5918086040386303 7736854110
1924852 300 0.5787708516242318 7736854110
1925152 300 0.5858349429323968 7731932850
1925452 300 0.5852660228270413 7745056230
1925752 300 0.5846022827041264 7745056230
1926052 300 0.5805724319578578 7737674310
1926352 300 0.5913819139596137 7763100870
1926652 300 0.6307322212467077 8773600950
1926952 300 0.600721685689201 8767039260
1927252 300 0.5686725197541703 8525076990
1927552 300 0.5846022827041264 8492268540
1927852 300 0.6068849868305531 8169925590
1928152 300 0.586972783143108 7973895120
1928452 300 0.5835592625109746 7822976280
1928752 300 0.6126215978928885 7725371160
1929052 300 0.5971659350307287 7738494540
1929352 300 0.5988726953467954 7737674310
1929652 300 0.594700614574188 7738494540
1929952 300 0.6399297629499561 8165824530
1930252 300 0.6407831431079895 9005720700
1930552 300 0.6251378402107111 8520155730
1930852 300 0.6059841966637401 8380719840
1931152 300 0.6117208077260756 8046893910
1931452 300 0.5935627743634768 7927963290
1931752 300 0.603945566286216 7816414590
1932052 300 0.5899122036874451 7758179610
1932352 300 0.5987304653204566 7758999810
1932652 300 0.6068849868305531 7752438120
1932952 300 0.5938472344161545 7752438120
1933252 300 0.6591308165057068 8736691440
1933552 300 0.6575188762071993 8946665490
1933852 300 0.619638279192274 8224879710
1934152 300 0.6148024582967515 8218318020
1934452 300 0.634050921861282 8171565990
1934752 300 0.6127164179104478 8086264050
1935052 300 0.6081650570676032 8027208840
1935352 300 0.6026180860403864 8040332220
1935652 300 0.5820421422300264 8032950330
1935952 300 0.6002475856014048 7955030280
1936252 300 0.6279350307287095 7902536760
1936552 300 0.7022739244951712 8184689370
1936852 300 0.6294995610184372 7942727100
1937152 300 0.6052730465320457 7850863470
1937452 300 0.6208235294117648 7857425160
1937752 300 0.6105829675153643 7850043240
1938052 300 0.6197805092186128 7856604930
1938352 300 0.6385548726953468 7842661350
1938652 300 0.6159402985074627 7836099660
1938952 300 0.6202546093064092 7862346420
1939252 300 0.6245689201053556 7863166620
1939552 300 0.6745864793678666 8270811540
