253942 300 0.8019297629499562 7775404020
254242 300 0.7842932396839333 7801650780
254542 300 0.782539069359087 7774583820
254842 300 0.7872800702370502 7763100870
255142 300 0.7853836698858648 7770482760
255442 300 0.8097524143985952 7914839910
255742 300 0.8299016681299387 9089382240
256042 300 0.8025935030728709 8597255580
256342 300 0.800270412642669 8007523770
256642 300 0.784862159789289 8008344000
256942 300 0.8284793678665496 7995220620
257242 300 0.795529411764706 7988658930
257542 300 0.7966198419666375 7975535550
257842 300 0.7902194907813871 7962412170
258142 300 0.7966672519754171 7962412170
258442 300 0.8463055311676909 8552964180
258742 300 0.8176698858647937 8493908970
259042 300 0.7943915715539949 7961591970
259342 300 0.7741000877963126 7947648360
259642 300 0.8007445127304653 8748994620
259942 300 0.7774187884108867 7981277010
260242 300 0.822505706760316 7975535550
260542 300 0.7979947322212468 7962412170
260842 300 0.8073345039508342 7961591970
261142 300 0.8463529411764705 8552964180
261442 300 0.8298068481123794 7988658930
261742 300 0.787564530289728 7981277010
262042 300 0.787943810359965 7982097240
262342 300 0.7990851624231784 7988658930
262642 300 0.7830131694468834 8001782310
262942 300 0.7619157155399474 7995220620
263242 300 0.7666567164179106 7995220620
263542 300 0.7754275680421423 7982917440
263842 300 0.8311343283582091 8593154520
264142 300 0.8127392449517121 8645648010
264442 300 0.7708762071992977 8034590730
264742 300 0.7505373134328358 8035410960
265042 300 0.7622001755926251 8022287580
265342 300 0.7569850746268658 8009164200
265642 300 0.7503002633889376 8009164200
265942 300 0.7521966637401231 8015725890
266242 300 0.7935381913959613 8015725890
266542 300 0.8589165935030729 8376618780
266842 300 0.8372502194907814 8304440190
267142 300 0.785241439859526 8002602510
267442 300 0.8152045654082529 8002602510
267742 300 0.7968568920105357 8015725890
268042 300 0.7873274802458298 8016546090
268342 300 0.8052484635645304 8015725890
268642 300 0.7960509218612819 8022287580
268942 300 0.8311817383669886 8973732450
269242 300 0.8262036874451273 8888430510
269542 300 0.8113643546971028 7884492120
269842 300 0.8085671641791046 7831998600
270142 300 0.8093731343283583 7838560290
270442 300 0.8154416154521511 7851683670
270742 300 0.8199455662862162 7845121980
271042 300 0.8338841088674276 7826257110
271342 300 0.8041580333625988 7832818800
271642 300 0.8019771729587357 7826257110
271942 300 0.8839964881474978 8147779890
272242 300 0.8564986830553116 8515234440
272542 300 0.8376294995610185 8213396760
272842 300 0.8346900790166815 7865627250
273142 300 0.8518999122036875 8700602160
273442 300 0.8499561018437226 7859885790
273742 300 0.8175750658472344 7846762410
274042 300 0.8077611940298507 7840200720
274342 300 0.8482493415276559 7841020920
274642 300 0.8778331870061458 8465201580
274942 300 0.8793028972783143 7886952750
275242 300 0.8337892888498682 7880391060
275542 300 0.7985636523266022 7860705990
275842 300 0.8398577699736612 7854144300
276142 300 0.822126426690079 7854144300
276442 300 0.8168165057067603 7848402810
276742 300 0.8497190517998244 7841841120
277042 300 0.8516154521510098 8000141880
277342 300 0.8527532923617209 8236362690
277642 300 0.8706742756804215 7895975070
277942 300 0.8452151009657594 7841020920
278242 300 0.839336259877085 7850863470
278542 300 0.8121703248463564 7900076130
278842 300 0.8349745390693591 7906637820
279142 300 0.8400474100087796 7900896330
279442 300 0.8383406496927128 7914839910
279742 300 0.8550289727831433 8708804280
280042 300 0.843745390693591 8241283950
280342 300 0.8005074626865671 7938626040
280642 300 0.8236909569798069 7918940970
280942 300 0.8299490781387182 7899255900
281242 300 0.8337892888498682 7892694210
281542 300 0.8401422300263389 7860705990
281842 300 0.8571624231782267 7860705990
282142 300 0.8999736611062334 7905817590
282442 300 0.9580509218612818 8463561150
282742 300 0.8903968393327482 8457819690
283042 300 0.8122651448639158 7886952750
283342 300 0.8357805092186128 7878750630
283642 300 0.8198981562774363 7878750630
283942 300 0.8152993854258123 7872188940
284242 300 1.0044179104477613 7873009170
284542 300 2.874932396839333 7892694210
284842 300 2.9789973661106233 7925502660
285142 300 3.0 8751455250
285442 300 2.8927111501316944 8745713790
285742 300 2.715350307287094 8069859810
286042 300 2.6888481123792802 8075601300
286342 300 2.72739244951712 8685838380
286642 300 2.5789517120280947 8076421500
286942 300 2.6120913081650574 8075601300
287242 300 2.5946918349429327 8096106570
287542 300 2.595640035118525 8115791640
287842 300 2.6620614574187886 8752275480
288142 300 2.573784021071115 8121533130
288442 300 2.4520825285338015 8135476710
288742 300 2.487213345039508 8133836280
289042 300 2.46644776119403 8133836280
289342 300 2.5043757682177348 8803948770
289642 300 2.447815627743635 8154341580
289942 300 2.461043020193152 8146959660
290242 300 2.4353942054433713 8153521350
290542 300 2.419748902546093 8219138250
290842 300 2.431601404741001 8790005190
291142 300 2.37641615452151 8279013660
291442 300 2.3816312554872696 8286395550
291742 300 2.2826391571553994 8285575350
292042 300 2.3041633011413523 8298698730
292342 300 2.2560421422300267 8351192220
292642 300 2.2844407374890254 8350372020
292942 300 2.252628621597893 8343810330
293242 300 2.239970149253731 8352832650
293542 300 2.303784021071115 8904014520
293842 300 2.2732519754170326 8917137900
294142 300 2.2533397717295873 8359394340
294442 300 2.1942669007901667 8365956030
294742 300 2.1278928884986827 8418449550
295042 300 2.1316382791922734 8418449550
295342 300 2.0727550482879717 8418449550
295642 300 2.004579455662862 8431572930
295942 300 2.0107427568042144 8425011240
296242 300 1.992632133450395 8425011240
296542 300 2.152024582967515 8719467030
296842 300 2.0235434591747143 9232919190
297142 300 1.9702071992976296 8930261280
297442 300 2.001450395083406 8464381380
297742 300 1.9417611940298507 8463561150
298042 300 1.9167761194029849 8438134620
298342 300 1.8672326602282703 8392202790
298642 300 2.0027304653204565 8392202790
298942 300 1.9342230026338894 8582491770
299242 300 1.926827041264267 9028686600
299542 300 1.85955223880597 8398764480
299842 300 1.9673625987708516 8176487280
300142 300 1.9530921861281825 8865464610
300442 300 1.9437998244073746 8183048970
300742 300 1.977982440737489 8176487280
301042 300 1.853246707638279 8189610630
301342 300 1.8682756804214224 8254407330
301642 300 1.891316944688323 8713725540
301942 300 1.905445127304653 8195352120
302242 300 1.8380280948200176 8195352120
302542 300 1.8565654082528533 8195352120
302842 300 1.8249429323968391 8195352120
303142 300 1.8135645302897279 8175667050
303442 300 1.8309640035118524 8123173530
303742 300 1.8427690956979808 8129735220
304042 300 1.871025460930641 8129735220
304342 300 1.8400667251975418 8136296910
304642 300 1.9174398595259 8779342440
304942 300 1.9098542581211588 8706343650
305242 300 1.826270412642669 8136296910
305542 300 1.8124741000877962 8129735220
305842 300 1.8223353819139594 8128915020
306142 300 1.7953590869183496 8129735220
306442 300 1.8182107111501318 8142858600
306742 300 1.8229043020193152 8142858600
307042 300 1.832955223880597 8142858600
307342 300 1.9307146619841966 8963069730
307642 300 1.907388937664618 8445516510
307942 300 1.8419631255487268 8169925590
308242 300 1.8657155399473222 8228160570
308542 300 1.8291150131694467 8208475500
308842 300 1.846419666374012 8215037190
309142 300 1.3983476733977174 4181238960
309442 101 1.3722721685689199 4128745440
309543 1 1.3726040386303775 4128745440
309544 3 1.3726040386303775 4129565640
309547 11 1.3722721685689199 4129565640
309558 1 1.3722721685689199 4129565640
309559 173 1.3830342405618965 4484717070
309732 1 1.3830342405618965 4484717070
309733 9 1.5245057067603163 4604467890
309742 300 1.4982405618964005 6828060210
310042 300 1.8184003511852502 8347911390
310342 300 1.7285583845478487 8119072500
310642 300 1.7214468832309044 7979636610
310942 300 1.751078138718174 7973074920
311242 300 1.7115381913959613 7980456810
311542 300 1.737945566286216 7981277010
311842 300 1.7619350307287096 7987838700
312142 300 1.6876909569798069 7981277010
312442 300 1.7840280948200173 8940103800
312742 300 1.7238647936786653 8959788870
313042 300 1.685367866549605 8101027830
313342 300 1.7036207199297633 8134656510
313642 300 1.7076979806848114 8141218200
313942 300 1.7350061457418788 8140397970
314242 300 1.718270412642669 8141218200
314542 300 1.7008709394205443 8128094820
314842 300 1.7117752414398595 8095286370
315142 300 1.7294591747146622 8429932500
315442 300 1.7071764705882355 8961429300
315742 300 1.6740842844600528 8133836280
316042 300 1.6572063213345039 8101027830
316342 300 1.6387164179104479 9242761710
316642 300 1.6303248463564528 8522616360
316942 300 1.6087058823529414 8430752700
317242 300 1.5986075504828796 8338889070
317542 300 1.624446005267779 8377438980
317842 300 1.5950517998244074 9224717070
318142 300 1.5914486391571554 8325765690
318442 300 1.6229288849868304 8299518930
318742 300 1.5794064969271293 8299518930
319042 300 1.5782212467076384 8325765690
319342 300 1.6171448639157155 8365135830
319642 300 1.629945566286216 9192728820
319942 300 1.7094995610184371 9316580700
320242 300 1.6600983318700615 8805589200
320542 300 1.6307041264266902 8523436560
320842 300 1.6454012291483757 8536559940
321142 300 1.6454012291483757 8411887860
321442 300 1.67318349429324 8320024200
321742 300 1.662089552238806 8333967810
322042 300 1.6561158911325726 8360214540
322342 300 1.7725548726953468 9186987360
322642 300 1.7336786654960492 9193549050
322942 300 1.7038103599648815 8825274240
323242 300 1.6618999122036877 8799027510
323542 300 1.685083406496927 8621861910
323842 300 1.7085513608428449 8294597670
324142 300 1.7144302019315192 8104308690
324442 300 1.657443371378402 8123993760
324742 300 1.708741000877963 8143678830
325042 300 1.767908691834943 8583311970
325342 300 1.70528007023705 8320024200
325642 300 1.641513608428446 8136296910
325942 300 1.671761194029851 8136296910
326242 300 1.6292344161545214 8136296910
326542 300 1.5946251097453905 8136296910
326842 300 1.633548726953468 8116611870
327142 300 1.6679209833187008 8116611870
327442 300 1.7560561896400348 9095123700
327742 300 1.7620298507462686 9475701660
328042 300 1.6937120280948201 8977013310
328342 300 1.6576330114135207 8688299010
328642 300 1.7543020193151886 8642367180
328942 300 1.7012976294995608 8498010030
329242 300 1.662374012291484 8498010030
329542 300 1.645922739244952 8498010030
329842 300 1.6739420544337138 8385641100
330142 300 1.7637840210711149 9048371670
330442 300 1.741453906935909 8949946350
330742 300 1.641513608428446 8169105360
331042 300 1.6958454784899035 7953389850
331342 297 1.226486391571554 4017196740
331639 1 1.226486391571554 4018016940
331640 2 1.226486391571554 4018016940
331642 7 1.3286075504828798 4024578630
331649 4 1.3286075504828798 4023758430
331653 1 1.3286075504828798 4023758430
331654 176 1.3399859525899913 4376449200
331830 1 1.3399859525899913 4376449200
331831 111 1.413566286215979 5094954120
331942 300 1.474251097453907 7581014010
332242 300 1.6002669007901669 7808212470
332542 300 1.5685496049165935 7814774160
332842 300 1.5433748902546092 7815594390
333142 300 1.5430904302019317 7835279460
333442 300 1.4762423178226514 7882031490
333742 300 1.5072958735733097 7868908110
334042 300 1.5222774363476737 7862346420
334342 300 1.475673397717296 7895154870
334642 300 1.5346514486391571 8269171110
334942 300 1.5620070237050045 9010641960
335242 300 1.5033608428446006 8821993410
335542 300 1.4878103599648815 8467662210
335842 300 1.471453906935909 8454538830
336142 300 1.4892800702370503 8468482410
336442 300 1.488616330114135 8468482410
336742 300 1.522893766461809 8343810330
337042 300 1.4977190517998245 8265070080
337342 300 1.5265443371378402 8625962940
337642 300 1.441964881474978 8816251920
337942 300 0.9553959613696226 8468482410
338242 300 0.7768498683055312 8297878500
338542 300 0.7789833187006147 9026225970
338842 300 0.7711132572431959 8456179260
339142 300 0.7813538191395961 8423370810
339442 300 0.8060070237050044 8108409750
339742 300 0.7997489025460931 8055916230
340042 300 0.8258244073748902 8712085110
340342 300 0.8230746268656717 8226520140
340642 300 0.8113643546971028 8227340370
340942 300 0.8081878841088675 8089544880
341242 300 0.7949604916593503 8031309900
341542 300 0.7661826163301143 8029669470
341842 300 0.7813538191395961 8030489700
342142 300 0.7599244951712028 8029669470
342442 300 0.7718244073748904 8156802210
342742 300 0.8260140474100088 9192728820
343042 300 0.7814486391571555 8937643170
343342 300 0.7652818261633011 8694040470
343642 300 0.7777032484635644 8648108640
343942 300 0.7924003511852502 9145976790
344242 300 0.7730570676031608 8516054670
344542 300 0.7823494293239683 8516054670
344842 300 0.7716821773485514 8516054670
345142 300 0.7782721685689201 8516054670
345442 300 0.8433187006145743 9375635910
345742 300 0.8346426690079016 8488987710
346042 300 0.7984214223002634 8496369600
346342 300 0.7700702370500438 8430752700
346642 300 0.7970465320456541 8338889070
346942 300 0.772251097453907 8358574140
347242 300 0.7723459174714663 8338889070
347542 300 0.7727251975417033 8325765690
347842 300 0.8019771729587357 8253587100
348142 300 0.8323669885864795 8929441050
348442 300 0.8154890254609306 8280654090
348742 300 0.794486391571554 7964872800
349042 300 0.7387322212467077 7951749420
349342 300 0.7384003511852504 7958311110
349642 300 0.7540930640913082 7953389850
349942 300 0.762342405618964 7952569620
350242 300 0.7524337137840212 7959131310
350542 300 0.7508217734855136 7959131310
350842 300 0.7768972783143109 8260969020
351142 300 0.8081404741000879 8936822970
351442 300 0.7708287971905179 8891711340
351742 300 0.7334697102721687 8648108640
352042 300 0.7153116769095699 8627603370
352342 300 0.7653292361720807 9271469100
352642 300 0.7692168568920106 8347091190
352942 300 0.7672730465320455 8333147580
353242 300 0.748214223002634 8327406120
353542 300 0.7558946444249343 8320024200
353842 300 0.7796944688323092 8648108640
354142 300 0.7983740122914839 8812971090
354442 300 0.7722985074626867 8510313180
354742 300 0.7222809482001756 8352012450
355042 300 0.7197208077260755 8300339130
355342 300 0.7354609306409131 8299518930
355642 300 0.7516751536435471 8306080620
355942 300 0.7678419666374012 8247025410
356242 300 0.7758068481123793 8109229950
356542 300 0.7607778753292362 8017366320
356842 300 0.8088516242317823 8970451620
357142 300 0.8092783143107991 9002439840
357442 300 0.7834398595258999 8680917090
357742 300 0.7835346795434592 9336265770
358042 300 0.7557998244073749 8385641100
358342 300 0.7680316066725199 8188790430
358642 300 0.7685057067603163 8194531920
358942 300 0.7747638279192275 8214216990
359242 300 0.7913573309920985 8733410610
359542 300 0.8214152765583846 8005063140
359842 300 0.7756646180860405 8005063140
360142 300 0.7522440737489026 7998501450
360442 300 0.7915943810359964 8005063140
360742 300 0.775332748024583 8011624830
361042 300 0.771208077260755 8005063140
361342 300 0.7820175592625112 7998501450
361642 300 0.7599719051799825 7991939760
361942 300 0.8383880597014925 8575930080
362242 300 0.808899034240562 8576750280
362542 300 0.7809271290605796 7972254690
362842 300 0.7704969271290607 7972254690
363142 300 0.7796944688323092 7965693000
363442 300 0.7778454784899034 7959131310
363742 300 0.778414398595259 7959131310
364042 300 0.8100368744512731 7959131310
364342 300 0.794486391571554 8083803420
364642 300 0.8424179104477612 8379899610
364942 300 0.791025460930641 7965693000
365242 300 0.7884179104477613 7939446270
365542 300 0.794865671641791 7940266470
365842 300 0.7783195785776997 7946828160
366142 300 0.77571202809482 7946828160
366442 300 0.7553731343283583 7946828160
366742 300 0.7881334503950833 7972254690
367042 300 0.8242124670763828 9062315250
367342 300 0.8018823529411764 8923699590
367642 300 0.7584547848990342 8630064000
367942 300 0.7675575065847235 8596435350
368242 300 0.7863318700614575 8466021780
368542 300 0.7724881474978051 8367596460
368842 300 0.7601615452151009 8308541250
369142 300 0.7586444249341527 8301979560
369442 300 0.779315188762072 8361034770
369742 300 0.8207041264266902 9298536060
370042 300 0.8039209833187007 9272289300
370342 300 0.7952923617208079 8406146370
370642 300 0.7876593503072871 8393843220
370942 300 0.8082827041264267 8380719840
371242 300 0.7852888498683055 8379899610
371542 300 0.7861422300263389 8215857390
371842 300 0.790503950834065 8210936130
372142 300 0.8052010535557506 8269171110
372442 300 0.8463055311676909 9240301080
372742 300 0.8154416154521511 8945025090
373042 300 0.8139719051799825 8557885440
373342 300 0.8283371378402108 8511953610
373642 300 0.8134029850746268 8347911390
373942 300 0.8153467954345918 8321664630
374242 300 1.2137330992098332 8328226320
374542 300 2.206972783143108 8347911390
374842 300 2.3433239683933276 8374978350
375142 300 2.434114135206321 8919598530
375442 300 2.518883230904302 9109887510
375742 300 2.521395961369622 8827734900
376042 300 2.5429201053555746 8840858250
376342 300 2.4819982440737487 9556082340
376642 300 2.468486391571554 8827734900
376942 300 2.5080263388937665 8834296590
377242 300 2.518172080772608 8827734900
377542 300 2.485269534679544 8840858250
377842 300 2.511345039508341 8834296590
378142 300 2.565345039508341 9069697170
378442 300 2.657510096575944 9116449200
378742 300 2.5866795434591747 8696501100
379042 300 2.5526391571553995 8676816030
379342 300 2.677185250219491 8709624480
379642 300 2.5983424056189643 8616940620
379942 300 2.6194872695346794 8590693890
380242 300 2.6690781387181737 8591514090
380542 300 2.6205776997366113 8590693890
380842 300 2.6550921861281824 8584952400
381142 300 2.684486391571554 8780982840
381442 300 2.7624284460052673 9339546630
381742 300 2.6227585601404746 9162381030
382042 300 2.631434591747147 8920418730
382342 300 2.6025618964003514 8853981630
382642 300 2.210149253731343 8736691440
382942 300 1.3929429323968394 8716186170
383242 300 2.13851273046532 8591514090
383542 300 1.3879174714661984 8559525840
383842 300 1.7109218612818262 8507852550
384142 300 1.944653204565408 9360051900
384442 300 1.1424284460052676 8539840800
384742 300 0.974739244951712 8060837490
385042 300 1.1897910447761193 8060017290
385342 300 0.9361000877963127 8060017290
385642 300 0.9229675153643546 8066578980
385942 300 0.9523143107989466 8067399180
386242 300 0.9325443371378404 8067399180
386542 300 0.935531167690957 8080522560
386842 300 0.9320228270412642 8073960870
387142 300 0.9326865671641792 8886790080
387442 300 0.9401773485513609 8342990130
387742 300 0.9494697102721685 8336428440
388042 300 0.9472888498683056 8329866750
388342 300 1.0226233538191396 8277373230
388642 300 1.0333854258121158 8953227180
388942 300 1.0061246707638278 8388921930
389242 300 0.9458665496049166 8342990130
389542 300 0.9490430201931519 8336428440
389842 300 0.9700930640913081 8310181680
390142 300 0.942453028972783 8048534340
390442 300 0.9325917471466199 8021467380
390742 300 0.959046532045654 8021467380
391042 300 0.9320228270412642 8014905690
391342 300 0.999961369622476 8821993410
391642 300 0.9488533801580334 9117269400
391942 300 0.9500386303775241 8652209700
392242 300 0.9241053555750659 8631704430
392542 300 0.957766461808604 8638266120
392842 300 0.9447287093942055 8638266120
393142 300 0.9158560140474101 8632524630
393442 300 0.919980684811238 8566087530
393742 300 0.9473362598770851 8315923170
394042 300 0.998776119402985 9005720700
394342 300 0.9747866549604918 9104146020
394642 300 0.9659683933274803 8382360240
394942 300 0.9455346795434592 8348731590
395242 300 0.9502756804214223 8343810330
395542 300 0.9483792800702371 8212576560
395842 300 0.9581931518876209 8199453180
396142 300 0.9446338893766462 8186329800
396442 300 0.9421685689201054 8063298120
396742 300 0.9847427568042143 8974552680
397042 300 0.9776786654960491 9249323400
397342 300 0.9410307287093943 8665333080
397642 300 0.9334925373134328 8658771390
397942 300 0.9232045654082528 8652209700
398242 300 0.9467673397717298 8653029930
398542 300 0.9258595258999122 8527537620
398842 300 0.9379490781387181 8330686950
399142 300 0.9607532923617208 8317563570
399442 300 1.0755803336259877 8318383800
399742 300 2.6347058823529412 8540661000
400042 300 1.2390500438981562 9145156590
400342 300 2.743132572431958 8659591620
400642 300 2.531589113257243 8613659790
400942 300 2.752424934152766 8620221480
401242 300 2.764561896400351 8527537620
401542 300 2.7837155399473223 8507852550
401842 300 2.70425636523266 8515234440
402142 300 2.7702985074626865 8514414240
402442 300 2.062372256365233 4380550260
402742 41 1.9892186128182614 4997349000
402783 8 1.9894556628621596 4997349000
402791 9 1.9892186128182614 4998169230
402800 173 1.995618964003512 5377926960
402973 1 1.995618964003512 5377926960
402974 1 1.995618964003512 5377926960
402975 67 2.073845478489903 5971759800
403042 300 2.1804231782265147 7908278220
403342 300 1.6123090430201934 8217497820
403642 300 2.756075504828797 8224059510
403942 300 2.7319912203687444 8224059510
404242 300 2.7193327480245832 8237182890
404542 300 2.702454784899034 8238003090
404842 300 2.6967655838454787 8231441400
405142 300 2.7394345917471465 8231441400
405442 300 2.8046233538191396 8913857040
405742 300 2.437906935908692 8743253130
406042 300 1.4825478489903425 8100207630
406342 300 0.9341562774363478 8069039610
406642 300 0.9415996488147498 9009821760
406942 300 1.1890324846356455 8327406120
407242 300 1.2862230026338892 8274912600
407542 300 1.218900790166813 8162543670
407842 300 1.4194925373134328 8260969020
408142 300 0.9659209833187006 8844139110
408442 300 0.9017752414398595 8364315600
408742 300 0.888358208955224 8305260420
409042 300 0.8713854258121161 8292957240
409342 300 0.8643687445127304 8285575350
409642 300 0.8809148375768218 8232261630
409942 300 0.9061843722563653 8130555450
410242 300 0.92870412642669 8249486070
410542 300 0.8844231782265146 8498010030
410842 300 0.8816733977172958 8150240520
411142 300 0.8782124670763828 8155981980
411442 300 0.8706268656716417 8155981980
411742 300 0.9003529411764706 8142038400
412042 300 0.8813889376646181 8142858600
412342 300 0.8892589991220369 8135476710
412642 300 0.920739244951712 8202734010
412942 300 0.9214978050921863 9487184610
413242 300 0.9246268656716418 9015563220
413542 300 0.8600070237050045 8529998250
413842 300 0.8646532045654083 8503751490
414142 300 0.8790184372256367 8444696310
414442 300 0.874324846356453 8359394340
414742 300 0.8650798946444249 8366776230
415042 300 0.8650798946444249 8361034770
415342 300 0.8606233538191397 8366776230
415642 300 0.9373801580333626 9133673640
415942 300 0.8846602282704128 8634985290
416242 300 0.8456417910447762 8379899610
416542 300 1.272237050043898 8385641100
416842 300 1.7274205443371378 8386461300
417142 300 1.0724986830553118 8282294490
417442 300 0.9270921861281827 8177307480
417742 300 1.2562124670763828 8177307480
418042 300 2.405525899912204 8191251060
418342 300 2.6541913959613694 8578390710
418642 300 2.7200438981562773 9200930940
418942 300 2.645610184372256 8670254340
419242 300 2.6215733099209837 8656310760
419542 300 2.6483125548726956 8668613940
419842 300 2.667418788410887 8676816030
420142 300 2.737538191395961 8656310760
420442 300 2.695675153643547 8650569300
420742 300 2.7238841088674275 8526717420
421042 300 2.741805092186128 8650569300
421342 300 2.7843318700614574 9031147230
421642 300 2.718100087796312 8598075780
421942 300 2.811734855136084 8335608210
422242 300 2.7595364354697107 8302799790
422542 300 2.567051799824408 8289676410
422842 300 1.3051395961369625 8224879710
423142 300 2.3915399473222125 8146139460
423442 300 0.9623178226514486 8119892700
423742 300 1.8588884986830552 8402045310
424042 300 0.8773590869183494 8310181680
424342 300 0.8442194907813871 7989479130
424642 300 0.8211308165057067 7969794060
424942 300 0.8623301141352064 7969794060
425242 300 0.8802985074626866 7956670680
425542 300 0.8299490781387182 7950108990
425842 300 0.8636101843722563 7956670680
426142 300 0.8819578577699736 7969794060
426442 300 0.89528007023705 8954047410
426742 300 0.8597699736611063 8750635050
427042 300 0.8055329236172081 8540661000
427342 300 0.7795048287971905 8539840800
427642 300 0.8162475856014049 8501290860
427942 300 0.8046321334503952 8363495400
428242 300 0.8302809482001757 8192891490
428542 300 0.8370605794556629 8048534340
428842 300 0.8525162423178227 8041972650
429142 300 0.8935258999122038 8645648010
429442 300 0.8893064091308165 9052472730
429742 300 0.8754626865671643 8580031140
430042 300 0.856972783143108 8448797340
430342 300 0.8570201931518877 8396303850
430642 300 0.8295223880597016 8278193430
430942 300 0.8207989464442493 8271631770
431242 300 0.8165794556628622 8330686950
431542 300 0.9116839332748026 9288693540
431842 300 0.8354486391571555 8849060370
432142 300 0.8347848990342405 8461920720
432442 300 0.8568779631255486 8442235680
432742 300 0.8418489903424057 8436494190
433042 300 0.8397629499561019 8238823320
433342 300 0.8563090430201933 8087904480
433642 300 0.845784021071115 8035410960
433942 300 0.9248639157155399 8999979210
434242 300 0.8729499561018437 8868745440
434542 300 0.8497190517998244 8566907760
434842 300 0.8759841966637402 8468482410
435142 300 0.8283845478489903 8461920720
435442 300 0.8567357330992098 8343810330
435742 300 0.8461158911325726 8042792850
436042 300 0.8940948200175594 8174026620
436342 300 0.934630377524144 8777702010
436642 300 0.899025460930641 8580851340
436942 300 0.9032449517120281 8587413030
437242 300 0.9155241439859526 8338068870
437542 300 0.8920087796312555 8238823320
437842 300 0.8806777875329236 8160083040
438142 300 0.8806777875329236 7969794060
438442 300 0.8882633889376647 8022287580
438742 300 1.0004354697102724 8954867610
439042 300 0.955585601404741 8849880600
439342 300 0.9510342405618966 8587413030
439642 300 0.9649253731343284 8587413030
439942 300 0.9435434591747146 8580851340
440242 300 0.9007796312554873 8494729170
440542 300 0.9319754170324847 8441415450
440842 300 0.9370008779631256 8303619990
441142 300 0.9525513608428448 8657951190
441442 300 0.9251957857769975 8501290860
441742 300 0.9257172958735733 8003422710
442042 300 0.9626971027216856 7997681250
442342 300 0.9772045654082528 7991939760
442642 300 0.9711834942932398 7986198300
442942 300 0.9315961369622476 7984557870
443242 300 0.9550166812993854 8220778680
443542 300 1.03803160667252 9086921610
443842 300 0.9789587357330993 8568548190
444142 300 0.9399402985074627 8568548190
444442 300 0.9563915715539948 8561986500
444742 300 0.941694468832309 8489807910
445042 300 0.952266900790167 8378259210
445342 300 0.9434012291483758 8379079410
445642 300 0.9773467954345919 8372517720
445942 300 1.0045601404741 9146797020
446242 300 0.9908586479367868 8982754800
446542 300 0.9572449517120282 8530818480
446842 300 0.9479525899912203 8419269750
447142 300 0.973079894644425 9042630210
447442 300 0.9382809482001757 8406146370
447742 300 0.9372853380158035 8261789220
448042 300 0.9402247585601404 8234722260
448342 300 0.9511290605794557 8241283950
448642 300 0.9508920105355575 8772780750
448942 300 0.9471940298507463 8247845640
449242 300 0.9404143985952591 8241283950
449542 300 0.9246742756804214 8242104150
449842 300 0.9124899034240561 8242104150
450142 300 0.9187954345917473 8242104150
450442 300 0.9184635645302898 8235542460
450742 300 0.9494697102721685 8334788010
451042 300 0.9956470588235296 9022945140
451342 300 0.9595206321334503 8720287230
451642 300 0.9739806848112379 8476684530
451942 300 0.9758296751536435 8344630530
452242 300 0.9599947322212466 8300339130
452542 300 0.9182739244951711 8044433280
452842 300 0.9275188762071994 7900076130
453142 300 0.9537366110623353 7939446270
453442 300 1.0599824407374892 8615300220
453742 300 0.9863546971027217 8667793710
454042 300 0.9688129938542581 8529998250
454342 300 0.9674381035996489 9547060020
454642 300 0.9456769095697982 8516874870
454942 300 0.9667269534679543 8306900820
455242 300 0.9515083406496927 8090365110
455542 300 0.9464354697102723 8090365110
455842 300 0.9951255487269535 9048371670
456142 300 1.0179771729587357 8438134620
456442 300 0.975782265144864 8438134620
456742 300 0.9643090430201933 8379079410
457042 300 1.0043705004389816 8280654090
457342 300 0.9649727831431081 8267530710
457642 300 0.9518876207199297 8267530710
457942 300 0.9476681299385427 8260969020
458242 300 0.9916172080772608 8274092400
458542 300 1.040307287093942 8746533990
458842 300 1.0044179104477613 8247845640
459142 300 0.9939402985074628 7965693000
