702041 300 0.8806777875329236 7969794060
702341 300 0.8882633889376647 8022287580
702641 300 1.0004354697102724 8954867610
702941 300 0.955585601404741 8849880600
703241 300 0.9510342405618966 8587413030
703541 300 0.9649253731343284 8587413030
703841 300 0.9435434591747146 8580851340
704141 300 0.9007796312554873 8494729170
704441 300 0.9319754170324847 8441415450
704741 300 0.9370008779631256 8303619990
705041 300 0.9525513608428448 8657951190
705341 300 0.9251957857769975 8501290860
705641 300 0.9257172958735733 8003422710
705941 300 0.9626971027216856 7997681250
706241 300 0.9772045654082528 7991939760
706541 300 0.9711834942932398 7986198300
706841 300 0.9315961369622476 7984557870
707141 300 0.9550166812993854 8220778680
707441 300 1.03803160667252 9086921610
707741 300 0.9789587357330993 8568548190
708041 300 0.9399402985074627 8568548190
708341 300 0.9563915715539948 8561986500
708641 300 0.941694468832309 8489807910
708941 300 0.952266900790167 8378259210
709241 300 0.9434012291483758 8379079410
709541 300 0.9773467954345919 8372517720
709841 300 1.0045601404741 9146797020
710141 300 0.9908586479367868 8982754800
710441 300 0.9572449517120282 8530818480
710741 300 0.9479525899912203 8419269750
711041 300 0.973079894644425 9042630210
711341 300 0.9382809482001757 8406146370
711641 300 0.9372853380158035 8261789220
711941 300 0.9402247585601404 8234722260
712241 300 0.9511290605794557 8241283950
712541 300 0.9508920105355575 8772780750
712841 300 0.9471940298507463 8247845640
713141 300 0.9404143985952591 8241283950
713441 300 0.9246742756804214 8242104150
713741 300 0.9124899034240561 8242104150
714041 300 0.9187954345917473 8242104150
714341 300 0.9184635645302898 8235542460
714641 300 0.9494697102721685 8334788010
714941 300 0.9956470588235296 9022945140
715241 300 0.9595206321334503 8720287230
715541 300 0.9739806848112379 8476684530
715841 300 0.9758296751536435 8344630530
716141 300 0.9599947322212466 8300339130
716441 300 0.9182739244951711 8044433280
716741 300 0.9275188762071994 7900076130
717041 300 0.9537366110623353 7939446270
717341 300 1.0599824407374892 8615300220
717641 300 0.9863546971027217 8667793710
717941 300 0.9688129938542581 8529998250
718241 300 0.9674381035996489 9547060020
718541 300 0.9456769095697982 8516874870
718841 300 0.9667269534679543 8306900820
719141 300 0.9515083406496927 8090365110
719441 300 0.9464354697102723 8090365110
719741 300 0.9951255487269535 9048371670
720041 300 1.0179771729587357 8438134620
720341 300 0.975782265144864 8438134620
720641 300 0.9643090430201933 8379079410
720941 300 1.0043705004389816 8280654090
721241 300 0.9649727831431081 8267530710
721541 300 0.9518876207199297 8267530710
721841 300 0.9476681299385427 8260969020
722141 300 0.9916172080772608 8274092400
722441 300 1.040307287093942 8746533990
722741 300 1.0044179104477613 8247845640
723041 300 0.9939402985074628 7965693000
723341 300 0.9980649692712906 7985378070
723641 300 0.9749288849868306 7959131310
723941 300 0.986307287093942 7965693000
724241 300 0.97502370500439 7972254690
724541 300 0.9881562774363477 8110870380
724841 300 0.9955522388059702 8767039260
725141 300 1.4917928007023704 8596435350
725441 300 2.807278314310799 8608738530
725741 300 2.9900438981562774 8589053460
726041 300 2.9684723441615453 8569368390
726341 300 2.984212467076383 8562806700
726641 300 2.944056189640035 8556245010
726941 300 2.786086040386304 8575930080
727241 300 2.7584934152765586 9376456110
727541 300 2.7964214223002637 8825274240
727841 300 2.7542739244951715 8564447130
728141 300 2.8047181738366986 9378096540
728441 300 2.7187638279192274 8557885440
728741 300 2.752519754170325 8557885440
729041 300 2.73635294117647 8557885440
729341 300 2.7730956979806844 8656310760
729641 300 2.735262510974539 8918778330
729941 300 2.7340298507462686 8563626900
730241 300 2.7169148375768217 8562806700
730541 300 2.653575065847235 8563626900
730841 300 2.664147497805092 8557065210
731141 300 2.7560280948200173 8557885440
731441 300 2.691597892888499 8557885440
731741 300 2.7226988586479366 8696501100
732041 300 2.763187006145742 9063955680
732341 300 2.7373959613696224 8708804280
732641 300 2.737585601404741 8629243800
732941 300 2.7151606672519755 8558705640
733241 300 2.6618244073748905 8557885440
733541 300 2.6413432835820894 8557065210
733841 300 2.6918823529411764 8597255580
734141 300 2.7549850746268656 9606115230
734441 300 2.733081650570676 9501128220
734741 300 2.73128007023705 8524256790
735041 300 2.7079543459174715 8531638680
735341 300 2.683585601404741 9352670010
735641 300 2.665901668129939 8662872450
735941 300 2.701601404741001 8650569300
736241 300 2.656324846356453 8571829020
736541 300 2.634611062335382 8550503520
736841 300 2.6798402107111503 8931081480
737141 300 2.824914837576822 8492268540
737441 300 2.7764618086040387 8491448340
737741 300 2.7884091308165058 8386461300
738041 300 2.7025970149253733 8333147580
738341 300 2.761148375768218 8210936130
738641 300 2.6604021071115014 8183869170
738941 300 2.7204231782265147 8296238100
739241 300 2.7492484635645305 8590693890
739541 300 2.7236470588235293 8183869170
739841 300 2.6619192273924495 8191251060
740141 300 2.680219490781387 8176487280
740441 300 2.702359964881475 8169925590
740741 300 2.68505531167691 8176487280
741041 300 2.694774363476734 8169925590
741341 300 2.7651308165057067 8051815170
741641 300 2.796089552238806 9042630210
741941 300 2.696812993854258 8840038050
742241 300 2.7919174714661983 8616940620
742541 300 2.7764618086040387 8603817240
742841 300 2.7174837576821775 8597255580
743141 300 2.705441615452151 8597255580
743441 300 2.7174837576821775 8465201580
743741 300 2.7031659350307287 8301159360
744041 300 2.76859174714662 9278850990
744341 300 2.7025970149253733 8937643170
744641 300 2.697097453906936 8596435350
744941 300 2.728862159789289 8484886650
745241 300 2.7169148375768217 8445516510
745541 300 2.6502563652326607 8294597670
745841 300 2.654475856014048 8202734010
746141 300 2.6028937664618086 8196992550
746441 300 2.622237050043898 8196172320
746741 300 2.6502089552238806 8550503520
747041 300 2.6126602282704128 8307721050
747341 300 2.5932221246707634 8189610630
747641 300 2.5967304653204564 8183048970
747941 300 2.5999069359086917 8183048970
748241 300 2.5618841088674276 8176487280
748541 300 2.5920842844600527 8123993760
748841 300 2.5966356453028974 8032130100
749141 300 2.55903950834065 8025568410
749441 300 2.661113257243196 8026388640
749741 300 2.6051220368744517 8021467380
750041 300 2.6563722563652328 8021467380
750341 300 2.617353819139596 8021467380
750641 300 2.6448990342405616 8105128890
750941 300 2.707385425812116 9213234120
751241 300 2.654665496049166 8511133410
751541 300 2.677991220368745 8097747000
751841 300 2.629585601404741 8091185310
752141 300 2.6148410886742757 8812971090
752441 300 2.536093064091308 8078061930
752741 300 2.599859525899912 8084623620
753041 300 2.5654398595259 8078061930
753341 300 2.5822230026338895 8072320470
753641 300 2.6698841088674277 8644007610
753941 300 2.6415803336259875 8092825740
754241 300 2.580990342405619 8092005510
754541 300 2.613798068481124 8945025090
754841 300 2.6785601404741 8373337920
755141 300 2.6511571553994733 8366776230
755441 300 2.6030359964881478 8366776230
755741 300 2.6983301141352065 8366776230
756041 300 2.650777875329236 9114808770
756341 300 2.67595258999122 8663692680
756641 300 2.6609710272168567 8662872450
756941 300 2.649497805092186 9254244660
757241 300 2.5563371378402104 8663692680
757541 300 2.6511571553994733 8650569300
757841 300 2.5524969271290607 8656310760
758141 300 2.5515961369622477 8760477570
758441 300 2.6041264266900788 9003260070
758741 300 2.6758103599648817 8655490560
759041 300 2.5531132572431954 8655490560
759341 300 2.628779631255487 8657951190
759641 300 2.541497805092186 8657951190
759941 300 2.5455276558384545 8651389500
760241 300 2.6046479367866553 8656310760
760541 300 2.669315188762072 8782623270
760841 300 2.648454784899034 9063955680
761141 300 2.595877085162423 8670254340
761441 300 2.627262510974539 8670254340
761741 300 2.658790166812994 8669434140
762041 300 2.6007129060579457 8662052250
762341 300 2.63356804214223 8655490560
762641 300 2.6561826163301143 8655490560
762941 300 2.589524143985953 8695680900
763241 300 2.674340649692713 9587250360
763541 300 2.6469850746268655 9240301080
763841 300 2.6175434591747146 8610378930
764141 300 2.6571782265144863 8611199160
764441 300 2.656324846356453 8604637470
764741 300 2.632525021949078 8545582260
765041 300 2.6822581211589114 8446336710
765341 300 2.647032484635645 8446336710
765641 300 2.6046953467954346 8446336710
765941 300 2.627878841088674 8767859490
766241 300 2.6766637401229145 9477342090
766541 300 2.5944547848990345 8611199160
766841 300 2.54998419666374 8618581050
767141 300 2.682210711150132 8618581050
767441 300 2.5455750658472343 8617760850
767741 300 2.606923617208077 8618581050
768041 300 2.554061457418788 8612019360
768341 300 2.659785776997366 8605457670
768641 300 2.714733977172959 8919598530
768941 300 2.6078718173836695 8932721910
769241 300 2.5166549604916595 8644007610
769541 300 2.6752414398595254 8525897190
769841 300 2.705299385425812 8486527080
770141 300 2.6224741000877962 8493908970
770441 300 2.6145092186128185 8487347280
770741 300 2.6797928007023706 8499650430
771041 300 2.745028972783143 9339546630
771341 300 2.721086918349429 9262446780
771641 300 2.671970149253731 8540661000
771941 300 2.6361281826163303 8474223900
772241 300 2.565060579455663 8387281530
772541 300 2.6163107989464445 8380719840
772841 300 2.6094837576821774 8374158150
773141 300 2.669172958735733 8511953610
773441 300 2.716488147497805 9036888720
773741 300 2.532774363476734 8657130990
774041 300 2.511913959613696 8657130990
774341 300 2.557285338015803 8624322540
774641 300 1.5465987708516244 8520155730
774941 300 1.330503950834065 8493908970
775241 300 1.0531553994732221 8374978350
775541 300 0.8738507462686567 9130392780
775841 300 0.8062440737489026 9083640750
776141 300 0.7758542581211589 8617760850
776441 300 0.7913099209833186 8512773810
776741 300 0.7832502194907816 8466842010
777041 300 0.7588814749780509 8407786800
777341 300 0.7692642669007903 8322484830
777641 300 0.761062335381914 8388101730
777941 300 0.8018823529411764 9470780400
778241 300 0.8021194029850746 8788364760
778541 300 0.7677471466198419 8402865540
778841 300 0.7843880597014926 8396303850
779141 300 0.7586918349429324 8396303850
779441 300 0.7693590869183495 8395483620
779741 300 0.7563687445127305 8395483620
780041 300 0.7871378402107111 8415988920
780341 300 0.791784021071115 8402865540
780641 300 0.7776084284460054 8396303850
780941 300 0.7541878841088675 8402865540
781241 300 0.7494468832309044 8402045310
781541 300 0.7803107989464442 8402865540
781841 300 0.7927322212467077 8408607000
782141 300 0.8397155399473222 9387118860
782441 300 0.8361123792800702 9058214220
782741 300 0.7669411764705883 8665333080
783041 300 0.7682686567164181 8657951190
783341 300 0.7631483757682178 8658771390
783641 300 0.7439473222124671 8664512880
783941 300 0.7411027216856892 8553784380
784241 300 0.7745267778753293 8724388290
784541 300 0.8539385425812116 9328063650
784841 300 0.7501106233538193 8986855830
785141 300 0.726595258999122 8704703220
785441 300 0.748593503072871 8698141530
785741 300 0.7359824407374891 8691579840
786041 300 0.7492098331870062 8612839590
786341 300 0.7582651448639157 8548042890
786641 300 0.7597348551360843 8631704430
786941 300 0.8015978928884987 9084460950
787241 300 0.7733415276558385 8664512880
787541 300 0.7530974539069359 8388101730
787841 300 0.7596874451273046 8394663420
788141 300 0.7330430201931519 8401225110
788441 300 0.751153643546971 8393843220
788741 300 0.754235294117647 8394663420
789041 300 0.7836769095697981 8390562360
789341 300 0.8737085162423177 8817072150
789641 300 0.8483441615452152 9012282390
789941 300 0.794486391571554 8685018150
790241 300 0.8073819139596137 8657951190
790541 300 0.7962405618964004 8507852550
790841 300 0.7968568920105357 8389742160
791141 300 0.7719666374012293 8383180470
791441 300 0.7685531167690958 8383180470
791741 300 0.8677348551360844 9433050690
792041 300 0.8187129060579454 9786561660
792341 300 0.7794100087796314 8645648010
792641 300 0.7644758560140476 8632524630
792941 300 0.7953397717295874 8488167480
793241 300 0.7750956979806848 8468482410
793541 300 0.7798841088674275 8343810330
793841 300 0.7762335381913961 8324125260
794141 300 0.7761861281826163 8304440190
794441 300 0.8287164179104478 8652209700
794741 300 0.8299964881474979 9177144810
795041 300 0.800649692712906 8573469450
795341 300 0.7780825285338016 8567727960
795641 300 0.7736733977172958 8566907760
795941 300 0.7840087796312556 8487347280
796241 300 0.7737682177348553 8297878500
796541 300 0.7848147497805091 8165824530
796841 300 0.7840561896400351 8172386220
797141 300 0.8290008779631255 8553784380
797441 300 0.8237857769973662 8816251920
797741 300 0.8028779631255487 8584952400
798041 300 0.7769920983318701 8539020570
798341 300 0.7756172080772608 8447156940
798641 300 0.7561791044776119 8440595250
798941 300 0.7815908691834943 8231441400
799241 300 0.7727251975417033 8165004300
799541 300 0.8137822651448641 8558705640
799841 300 0.8204196663740124 9268188240
800141 300 0.7831553994732222 8598895980
800441 300 0.7642388059701494 8592334290
800741 300 0.7870904302019316 8585772600
801041 300 0.7978999122036875 8552143950
801341 300 0.8146356453028972 8454538830
801641 300 0.817385425812116 8407786800
801941 300 0.8223160667251976 8309361480
802241 300 0.8342633889376646 9241941510
802541 300 0.800033362598771 8881048620
802841 300 0.794486391571554 8612019360
803141 300 0.8271992976294995 8612019360
803441 300 0.8275785776997368 8441415450
803741 300 0.8104161545215102 8316743370
804041 300 0.8023090430201932 8231441400
804341 300 0.8113643546971028 8185509600
804641 300 0.8783072870939421 8730129780
804941 300 0.8433187006145743 8690759640
805241 300 0.8308024582967516 8585772600
805541 300 0.8165794556628622 8565267330
805841 300 0.804774363476734 8578390710
806141 300 0.811601404741001 8571829020
806441 300 0.8068604038630378 8480785590
806741 300 0.8435557506584724 8335608210
807041 300 0.9034345917471468 9419107110
807341 300 0.8567831431079895 8973732450
807641 300 0.8207989464442493 8422550610
807941 300 0.8173380158033363 8428292070
808241 300 1.0600772607550484 8415168690
808541 300 2.5657717295873574 8389742160
808841 300 2.7151606672519755 8369236890
809141 300 2.724263388937665 8362675200
809441 300 2.7660316066725197 8671074570
809741 300 2.796990342405619 9269008470
810041 300 2.805334503950834 9006540900
810341 300 2.6965285338015805 8770320120
810641 300 2.790874451273046 8776061580
810941 300 2.7335557506584722 8677636260
811241 300 2.7337928007023704 8612839590
811541 300 2.659169446883231 8515234440
811841 300 2.7196646180860404 8494729170
812141 300 2.7789271290605795 9118089630
812441 300 2.7373485513608427 9309198810
812741 300 2.6350377524143984 8784263700
813041 300 2.6835381913959613 8777702010
813341 300 2.650635645302897 8784263700
813641 300 2.65926426690079 8796566880
