1368727 300 0.7198630377524144 8926160220
1369027 300 0.7255522388059702 8301979560
1369327 300 0.7310043898156278 8309361480
1369627 300 0.7376417910447761 8301979560
1369927 300 0.7458437225636524 8354473080
1370227 300 0.8131185250219491 8767859490
1370527 300 0.7533345039508341 8288856180
1370827 300 0.7393011413520632 8295417870
1371127 300 0.7409604916593503 8277373230
1371427 300 0.7394907813871817 8269991340
1371727 300 0.7527181738366989 8277373230
1372027 300 0.7398226514486392 8276553030
1372327 300 0.7530026338893766 8275732800
1372627 300 0.8225531167690958 8696501100
1372927 53 0.3512502194907814 300000000
1372980 237 0.544161545215101 4325596110
1373217 10 0.6880035118525022 8413528290
1373227 300 0.7090061457418788 8282294490
1373527 300 0.7384951712028095 8288856180
1373827 300 0.7266900790166813 8297058300
1374127 300 0.6968217734855136 8289676410
1374427 300 0.7031747146619842 8296238100
1374727 300 0.7058770851624232 8290496610
1375027 300 0.7407708516242318 8296238100
1375327 300 0.8181439859525901 8828555100
1375627 300 0.8082827041264267 9385478430
1375927 300 0.7588340649692714 8972912250
1376227 19 0.7779402985074626 8913036840
1376246 1 0.5834170324846356 8788364760
1376247 5 0.5979244951712028 8652209700
1376252 4 0.5888691834942933 8398764480
1376256 1 0.579766461808604 8381540040
1376257 8 0.579766461808604 8381540040
1376265 168 0.5863564530289728 8751455250
1376433 2 0.5886321334503951 5044101030
1376435 1 0.5726549604916594 5044101030
1376436 8 0.5726549604916594 5044101030
1376444 83 0.652398595258999 5672382750
1376527 300 0.6396453028972784 8024748210
1376827 300 0.7318577699736611 8487347280
1377127 300 0.7655188762071993 8514414240
1377427 300 0.7754275680421423 8507852550
1377727 244 0.536196663740123 4368247080
1377971 56 0.7558946444249343 8522616360
1378027 275 0.8505250219490783 9074618430
1378302 5 0.6052730465320457 8662052250
1378307 3 0.6075013169446883 8401225110
1378310 1 0.5993467954345917 8401225110
1378311 9 0.5993467954345917 8401225110
1378320 7 0.6578507462686567 8606277900
1378327 161 0.5766374012291484 8910576210
1378488 3 0.5638366988586481 5229468750
1378491 1 0.5638366988586481 5229468750
1378492 10 0.5638366988586481 5229468750
1378502 1 0.5638366988586481 5229468750
1378503 124 0.6306848112379281 6092330850
1378627 300 0.7066830553116769 8005883370
1378927 71 0.8565460930640915 8131375650
1378998 51 0.5814258121158911 7786887000
1379049 2 0.6010061457418788 7699124400
1379051 10 0.5781545215100966 7699124400
1379061 121 0.5858349429323968 8074781100
1379182 3 0.5835592625109746 4229631420
1379185 9 0.5696681299385425 4229631420
1379194 33 0.6227673397717297 4745544210
1379227 235 0.6540579455662863 6534424620
1379462 5 0.4441738366988586 6404831280
1379467 3 0.44512203687445134 6159588150
1379470 1 0.43663564530289734 6159588150
1379471 9 0.43663564530289734 6159588150
1379480 47 0.453513608428446 6487672590
1379527 119 0.5434503950834065 7709787150
1379646 3 0.5303652326602283 3976186170
1379649 10 0.5303652326602283 3976186170
1379659 168 0.5975926251097454 5045741460
1379827 300 0.7076312554872695 7396466490
1380127 300 0.7427620719929763 7529340690
1380427 300 0.7874223002633889 8703062790
1380727 300 0.7719192273924494 8626783170
1381027 300 0.7665618964003511 8108409750
1381327 300 0.7422405618964004 7957490910
1381627 300 0.7403441615452152 7851683670
1381927 300 0.7395381913959613 7735213680
1382227 300 0.7564161545215101 7722090300
1382527 300 0.7691220368744514 7749157290
1382827 300 0.8341211589113258 8471763270
1383127 300 0.7928744512730466 8329046520
1383427 300 0.7554679543459175 7758179610
1383727 300 0.767225636523266 7764741300
1384027 300 0.7672730465320455 7758179610
1384327 300 0.76030377524144 7743415800
1384627 300 0.7528604038630378 7736854110
1384927 300 0.7868059701492539 8667793710
1385227 300 0.7741474978050921 8156802210
1385527 300 0.7757594381035997 8151060720
1385827 300 0.7837717295873574 8124813960
1386127 300 0.7861422300263389 7822976280
1386427 300 0.7690746268656716 7836099660
1386727 300 0.7916417910447762 7804111410
1387027 300 0.8130711150131696 7786066770
1387327 300 0.8301387181738369 7818055020
1387627 300 0.8206567164179106 7811493330
1387927 300 0.8166268656716418 7800010380
1388227 300 0.7827287093942055 7805751840
1388527 300 0.8793977172958737 8533279110
1388827 300 0.8530377524143986 9025405770
1389127 300 0.8010763827919228 8601356610
1389427 300 0.8111747146619842 8515234440
1389727 300 0.8365864793678666 8241283950
1390027 300 0.8249236172080773 8019826950
1390327 300 0.8491027216856892 7935345210
1390627 300 0.8381035996488146 7823796480
1390927 300 0.8371079894644424 7843481550
1391227 300 0.845404741000878 7823796480
1391527 300 0.8441246707638279 7817234790
1391827 300 0.8675452151009657 8144499030
1392127 300 0.8893538191395962 8414348490
1392427 300 0.8403318700614576 8105949120
1392727 300 0.8597225636523267 7838560290
1393027 300 0.8459736611062336 7831178400
1393327 300 0.8616189640035119 8441415450
1393627 300 0.8357330992098332 7746696660
1393927 300 0.8275785776997368 8514414240
1394227 300 0.8294275680421423 7845942180
1394527 300 0.8203722563652327 7838560290
1394827 300 0.8286690079016681 7838560290
1395127 300 0.8287164179104478 7825436910
1395427 300 0.8009815627743635 7831998600
1395727 300 0.8185706760316066 7825436910
1396027 300 0.8995469710272169 7989479130
1396327 300 0.9143863037752415 8989316490
1396627 300 0.8771220368744512 8403685740
1396927 300 0.8514258121158912 7714708410
1397227 300 0.8459736611062336 7729472220
1397527 300 0.8292853380158034 7708966920
1397827 300 0.81686391571554 7709787150
1398127 300 0.8480597014925373 7716348840
1398427 300 0.8287164179104478 7703225460
1398727 300 0.8376769095697981 7703225460
1399027 300 0.8557401229148376 7768022130
1399327 300 0.8923880597014926 8404505940
1399627 300 0.8584899034240563 8332327380
1399927 300 0.8616189640035119 7723730730
1400227 300 0.8079508340649694 7722910530
1400527 300 0.8290482879719053 7722910530
1400827 300 0.8454521510096575 8117432070
1401127 300 0.8195188762071993 7736033910
1401427 300 0.8065759438103599 7730292420
1401727 300 0.7862370500438982 7717169040
1402027 300 0.8064337137840212 7703225460
1402327 300 0.8406163301141353 7867267680
1402627 300 0.8396681299385426 7866447480
1402927 300 0.7956716417910449 7729472220
1403227 300 0.8602440737489027 7742595600
1403527 300 0.9245320456540826 7808212470
1403827 300 0.8332677787532924 7775404020
1404127 300 0.8107954345917472 7768842360
1404427 300 0.826251097453907 7761460440
1404727 300 0.8011237928007023 7749977490
1405027 300 0.8018823529411764 7743415800
1405327 300 0.8230746268656717 8201913810
1405627 300 0.8341685689201055 8503751490
1405927 300 0.8023090430201932 7781145510
1406227 300 0.8138770851624232 7781145510
1406527 300 0.784482879719052 7761460440
1406827 300 0.7939648814749781 7761460440
1407127 300 0.7838191395961369 7762280670
1407427 300 0.8058647936786656 7762280670
1407727 300 0.7968094820017559 7763100870
1408027 300 0.8549815627743635 8340529500
1408327 300 0.8276259877085163 8990136690
1408627 300 0.8311817383669886 8046073710
1408927 300 0.8134978050921862 7907458020
1409227 300 0.8350219490781386 7900076130
1409527 300 0.8134503950834064 7906637820
1409827 300 0.8087093942054434 7926322890
1410127 300 0.8175276558384549 7913199510
1410427 300 0.8286690079016681 7906637820
1410727 300 0.9242949956101845 8583311970
1411027 300 0.8963230904302021 8366776230
1411327 300 0.8857980684811239 7887772950
1411627 300 0.8481545215100967 7887772950
1411927 300 0.8749411764705883 7882031490
1412227 300 0.848865671641791 7875469800
1412527 300 0.8437928007023706 7882031490
1412827 300 0.8252554872695348 7873829370
1413127 300 0.8433187006145743 7875469800
1413427 300 0.8885478489903423 8714545740
1413727 300 0.8621878841088676 8222419080
1414027 300 0.8407111501316944 7920581400
1414327 300 0.8430816505706761 7921401600
1414627 300 0.8433187006145743 7914839910
1414927 300 0.8581580333625989 7907458020
1415227 300 0.86958384547849 7907458020
1415527 300 0.8334574187884111 7908278220
1415827 300 0.8715750658472344 7902536760
1416127 300 0.9686707638279193 8322484830
1416427 300 0.8622827041264266 8171565990
1416727 300 0.8623301141352064 7908278220
1417027 300 0.9087919227392449 7942727100
1417327 300 0.8864143985952591 7909918650
1417627 300 0.8527058823529412 7915660140
1417927 300 0.8443617208077261 7935345210
1418227 300 0.8683985952589991 7894334640
1418527 300 0.8892115891132574 8183048970
1418827 300 0.9048568920105355 8760477570
1419127 300 0.8476804214223004 7941086670
1419427 300 0.8464951712028096 7922221830
1419727 300 0.8568305531167691 7949288790
1420027 300 0.8709113257243197 7942727100
1420327 300 0.8447410008779632 7923042030
1420627 300 0.8259666374012291 7935345210
1420927 300 0.8377717295873575 8020647150
1421227 300 0.8844231782265146 8695680900
1421527 300 0.8315610184372256 8229801000
1421827 300 0.7892238805970149 7914839910
1422127 300 0.8444091308165058 7921401600
1422427 300 0.8353064091308164 7908278220
1422727 300 0.8242124670763828 7909098450
1423027 300 0.853132572431958 7909918650
1423327 300 0.853511852502195 7909918650
1423627 300 0.915998244073749 8585772600
1423927 300 0.8886900790166814 8257688160
1424227 300 0.8474433713784022 7804931640
1424527 300 0.8606707638279192 7803291210
1424827 300 0.8861299385425814 7797549720
1425127 300 0.8518999122036875 7790167830
1425427 300 0.8572098331870062 7777044450
1425727 300 0.8262985074626865 7764741300
1426027 300 0.8220790166812995 7810673100
1426327 300 0.9118735733099209 8480785590
1426627 300 0.8779280070237051 8192891490
1426927 300 0.8270570676031608 7765561500
1427227 300 0.8287164179104478 7746696660
1427527 300 0.8473011413520631 7753258320
1427827 300 0.8208937664618086 7818055020
1428127 300 0.8175750658472344 7804931640
1428427 300 0.8424653204565409 7798369950
1428727 300 0.833315188762072 7804931640
1429027 300 0.8949956101843723 8054275800
1429327 300 0.8636101843722563 8133016080
1429627 300 0.8305179982440738 7818055020
1429927 300 0.8271044776119404 7804931640
1430227 300 0.8283845478489903 7799190150
1430527 300 1.115784021071115 7812313530
1430827 300 1.4779016681299386 7831998600
1431127 300 1.5347936786654959 7844301780
1431427 300 1.4933099209833185 7902536760
1431727 300 1.5465987708516244 8158442610
1432027 300 1.5252642669007903 8171565990
1432327 300 1.5115153643546972 7917300570
1432627 300 1.4829271290605797 7909918650
1432927 300 1.4858191395961369 7895975070
1433227 300 1.1303388937664618 7909098450
1433527 300 0.7907884108867428 7896795270
1433827 300 0.7728200175592627 7890233580
1434127 300 0.7669885864793679 7877930430
1434427 201 0.5917137840210711 3887603370
1434628 7 0.5919034240561897 3887603370
1434635 9 0.5917137840210711 3888423600
1434644 1 0.5917137840210711 3888423600
1434645 82 0.6056523266022827 4260799440
1434727 94 0.621961369622476 4669264560
1434821 1 0.621961369622476 4669264560
1434822 205 0.7099543459174715 6193216800
1435027 300 0.7878964003511851 7951749420
1435327 300 0.7848147497805091 7768842360
1435627 300 0.8019297629499562 7775404020
1435927 300 0.7842932396839333 7801650780
1436227 300 0.782539069359087 7774583820
1436527 300 0.7872800702370502 7763100870
1436827 300 0.7853836698858648 7770482760
1437127 300 0.8097524143985952 7914839910
1437427 300 0.8299016681299387 9089382240
1437727 300 0.8025935030728709 8597255580
1438027 300 0.800270412642669 8007523770
1438327 300 0.784862159789289 8008344000
1438627 300 0.8284793678665496 7995220620
1438927 300 0.795529411764706 7988658930
1439227 300 0.7966198419666375 7975535550
1439527 300 0.7902194907813871 7962412170
1439827 300 0.7966672519754171 7962412170
1440127 300 0.8463055311676909 8552964180
1440427 300 0.8176698858647937 8493908970
1440727 300 0.7943915715539949 7961591970
1441027 300 0.7741000877963126 7947648360
1441327 300 0.8007445127304653 8748994620
1441627 300 0.7774187884108867 7981277010
1441927 300 0.822505706760316 7975535550
1442227 300 0.7979947322212468 7962412170
1442527 300 0.8073345039508342 7961591970
1442827 300 0.8463529411764705 8552964180
1443127 300 0.8298068481123794 7988658930
1443427 300 0.787564530289728 7981277010
1443727 300 0.787943810359965 7982097240
1444027 300 0.7990851624231784 7988658930
1444327 300 0.7830131694468834 8001782310
1444627 300 0.7619157155399474 7995220620
1444927 300 0.7666567164179106 7995220620
1445227 300 0.7754275680421423 7982917440
1445527 300 0.8311343283582091 8593154520
1445827 300 0.8127392449517121 8645648010
1446127 300 0.7708762071992977 8034590730
1446427 300 0.7505373134328358 8035410960
1446727 300 0.7622001755926251 8022287580
1447027 300 0.7569850746268658 8009164200
1447327 300 0.7503002633889376 8009164200
1447627 300 0.7521966637401231 8015725890
1447927 300 0.7935381913959613 8015725890
1448227 300 0.8589165935030729 8376618780
1448527 300 0.8372502194907814 8304440190
1448827 300 0.785241439859526 8002602510
1449127 300 0.8152045654082529 8002602510
1449427 300 0.7968568920105357 8015725890
1449727 300 0.7873274802458298 8016546090
1450027 300 0.8052484635645304 8015725890
1450327 300 0.7960509218612819 8022287580
1450627 300 0.8311817383669886 8973732450
1450927 300 0.8262036874451273 8888430510
1451227 300 0.8113643546971028 7884492120
1451527 300 0.8085671641791046 7831998600
1451827 300 0.8093731343283583 7838560290
1452127 300 0.8154416154521511 7851683670
1452427 300 0.8199455662862162 7845121980
1452727 300 0.8338841088674276 7826257110
1453027 300 0.8041580333625988 7832818800
1453327 300 0.8019771729587357 7826257110
1453627 300 0.8839964881474978 8147779890
1453927 300 0.8564986830553116 8515234440
1454227 300 0.8376294995610185 8213396760
1454527 300 0.8346900790166815 7865627250
1454827 300 0.8518999122036875 8700602160
1455127 300 0.8499561018437226 7859885790
1455427 300 0.8175750658472344 7846762410
1455727 300 0.8077611940298507 7840200720
1456027 300 0.8482493415276559 7841020920
1456327 300 0.8778331870061458 8465201580
1456627 300 0.8793028972783143 7886952750
1456927 300 0.8337892888498682 7880391060
1457227 300 0.7985636523266022 7860705990
1457527 300 0.8398577699736612 7854144300
1457827 300 0.822126426690079 7854144300
1458127 300 0.8168165057067603 7848402810
1458427 300 0.8497190517998244 7841841120
1458727 300 0.8516154521510098 8000141880
1459027 300 0.8527532923617209 8236362690
1459327 300 0.8706742756804215 7895975070
1459627 300 0.8452151009657594 7841020920
1459927 300 0.839336259877085 7850863470
1460227 300 0.8121703248463564 7900076130
1460527 300 0.8349745390693591 7906637820
1460827 300 0.8400474100087796 7900896330
1461127 300 0.8383406496927128 7914839910
1461427 300 0.8550289727831433 8708804280
1461727 300 0.843745390693591 8241283950
1462027 300 0.8005074626865671 7938626040
1462327 300 0.8236909569798069 7918940970
1462627 300 0.8299490781387182 7899255900
1462927 300 0.8337892888498682 7892694210
1463227 300 0.8401422300263389 7860705990
1463527 300 0.8571624231782267 7860705990
1463827 300 0.8999736611062334 7905817590
1464127 300 0.9580509218612818 8463561150
1464427 300 0.8903968393327482 8457819690
1464727 300 0.8122651448639158 7886952750
1465027 300 0.8357805092186128 7878750630
1465327 300 0.8198981562774363 7878750630
1465627 300 0.8152993854258123 7872188940
1465927 300 1.0044179104477613 7873009170
1466227 300 2.874932396839333 7892694210
1466527 300 2.9789973661106233 7925502660
1466827 300 3.0 8751455250
1467127 300 2.8927111501316944 8745713790
1467427 300 2.715350307287094 8069859810
1467727 300 2.6888481123792802 8075601300
1468027 300 2.72739244951712 8685838380
1468327 300 2.5789517120280947 8076421500
1468627 300 2.6120913081650574 8075601300
1468927 300 2.5946918349429327 8096106570
1469227 300 2.595640035118525 8115791640
1469527 300 2.6620614574187886 8752275480
1469827 300 2.573784021071115 8121533130
1470127 300 2.4520825285338015 8135476710
1470427 300 2.487213345039508 8133836280
1470727 300 2.46644776119403 8133836280
1471027 300 2.5043757682177348 8803948770
1471327 300 2.447815627743635 8154341580
1471627 300 2.461043020193152 8146959660
1471927 300 2.4353942054433713 8153521350
1472227 300 2.419748902546093 8219138250
1472527 300 2.431601404741001 8790005190
1472827 300 2.37641615452151 8279013660
1473127 300 2.3816312554872696 8286395550
1473427 300 2.2826391571553994 8285575350
1473727 300 2.3041633011413523 8298698730
1474027 300 2.2560421422300267 8351192220
1474327 300 2.2844407374890254 8350372020
1474627 300 2.252628621597893 8343810330
1474927 300 2.239970149253731 8352832650
1475227 300 2.303784021071115 8904014520
1475527 300 2.2732519754170326 8917137900
1475827 300 2.2533397717295873 8359394340
1476127 300 2.1942669007901667 8365956030
1476427 300 2.1278928884986827 8418449550
1476727 300 2.1316382791922734 8418449550
1477027 300 2.0727550482879717 8418449550
1477327 300 2.004579455662862 8431572930
1477627 300 2.0107427568042144 8425011240
1477927 300 1.992632133450395 8425011240
1478227 300 2.152024582967515 8719467030
1478527 300 2.0235434591747143 9232919190
1478827 300 1.9702071992976296 8930261280
1479127 300 2.001450395083406 8464381380
1479427 300 1.9417611940298507 8463561150
1479727 300 1.9167761194029849 8438134620
1480027 300 1.8672326602282703 8392202790
1480327 300 2.0027304653204565 8392202790
1480627 300 1.9342230026338894 8582491770
1480927 300 1.926827041264267 9028686600
1481227 300 1.85955223880597 8398764480
1481527 300 1.9673625987708516 8176487280
1481827 300 1.9530921861281825 8865464610
1482127 300 1.9437998244073746 8183048970
1482427 300 1.977982440737489 8176487280
1482727 300 1.853246707638279 8189610630
1483027 300 1.8682756804214224 8254407330
1483327 300 1.891316944688323 8713725540
1483627 300 1.905445127304653 8195352120
1483927 300 1.8380280948200176 8195352120
1484227 300 1.8565654082528533 8195352120
1484527 300 1.8249429323968391 8195352120
1484827 300 1.8135645302897279 8175667050
1485127 300 1.8309640035118524 8123173530
1485427 300 1.8427690956979808 8129735220
1485727 300 1.871025460930641 8129735220
1486027 300 1.8400667251975418 8136296910
1486327 300 1.9174398595259 8779342440
1486627 300 1.9098542581211588 8706343650
1486927 300 1.826270412642669 8136296910
1487227 300 1.8124741000877962 8129735220
1487527 300 1.8223353819139594 8128915020
1487827 300 1.7953590869183496 8129735220
1488127 300 1.8182107111501318 8142858600
1488427 300 1.8229043020193152 8142858600
1488727 300 1.832955223880597 8142858600
1489027 300 1.9307146619841966 8963069730
1489327 300 1.907388937664618 8445516510
1489627 300 1.8419631255487268 8169925590
1489927 300 1.8657155399473222 8228160570
1490227 300 1.8291150131694467 8208475500
1490527 300 1.846419666374012 8215037190
1490827 300 1.3983476733977174 4181238960
1491127 101 1.3722721685689199 4128745440
1491228 1 1.3726040386303775 4128745440
1491229 3 1.3726040386303775 4129565640
1491232 11 1.3722721685689199 4129565640
1491243 1 1.3722721685689199 4129565640
1491244 173 1.3830342405618965 4484717070
1491417 1 1.3830342405618965 4484717070
1491418 9 1.5245057067603163 4604467890
1491427 300 1.4982405618964005 6828060210
1491727 300 1.8184003511852502 8347911390
1492027 300 1.7285583845478487 8119072500
1492327 300 1.7214468832309044 7979636610
1492627 300 1.751078138718174 7973074920
1492927 300 1.7115381913959613 7980456810
1493227 300 1.737945566286216 7981277010
1493527 300 1.7619350307287096 7987838700
1493827 300 1.6876909569798069 7981277010
1494127 300 1.7840280948200173 8940103800
1494427 300 1.7238647936786653 8959788870
1494727 300 1.685367866549605 8101027830
1495027 300 1.7036207199297633 8134656510
1495327 300 1.7076979806848114 8141218200
1495627 300 1.7350061457418788 8140397970
1495927 300 1.718270412642669 8141218200
1496227 300 1.7008709394205443 8128094820
1496527 300 1.7117752414398595 8095286370
1496827 300 1.7294591747146622 8429932500
1497127 300 1.7071764705882355 8961429300
1497427 300 1.6740842844600528 8133836280
1497727 300 1.6572063213345039 8101027830
1498027 300 1.6387164179104479 9242761710
1498327 300 1.6303248463564528 8522616360
1498627 300 1.6087058823529414 8430752700
1498927 300 1.5986075504828796 8338889070
1499227 300 1.624446005267779 8377438980
1499527 300 1.5950517998244074 9224717070
1499827 300 1.5914486391571554 8325765690
1500127 300 1.6229288849868304 8299518930
1500427 300 1.5794064969271293 8299518930
1500727 300 1.5782212467076384 8325765690
1501027 300 1.6171448639157155 8365135830
1501327 300 1.629945566286216 9192728820
1501627 300 1.7094995610184371 9316580700
1501927 300 1.6600983318700615 8805589200
1502227 300 1.6307041264266902 8523436560
1502527 300 1.6454012291483757 8536559940
1502827 300 1.6454012291483757 8411887860
1503127 300 1.67318349429324 8320024200
1503427 300 1.662089552238806 8333967810
1503727 300 1.6561158911325726 8360214540
1504027 300 1.7725548726953468 9186987360
1504327 300 1.7336786654960492 9193549050
1504627 300 1.7038103599648815 8825274240
1504927 300 1.6618999122036877 8799027510
1505227 300 1.685083406496927 8621861910
1505527 300 1.7085513608428449 8294597670
1505827 300 1.7144302019315192 8104308690
1506127 300 1.657443371378402 8123993760
1506427 300 1.708741000877963 8143678830
1506727 300 1.767908691834943 8583311970
1507027 300 1.70528007023705 8320024200
1507327 300 1.641513608428446 8136296910
1507627 300 1.671761194029851 8136296910
1507927 300 1.6292344161545214 8136296910
1508227 300 1.5946251097453905 8136296910
1508527 300 1.633548726953468 8116611870
1508827 300 1.6679209833187008 8116611870
1509127 300 1.7560561896400348 9095123700
1509427 300 1.7620298507462686 9475701660
1509727 300 1.6937120280948201 8977013310
1510027 300 1.6576330114135207 8688299010
1510327 300 1.7543020193151886 8642367180
1510627 300 1.7012976294995608 8498010030
1510927 300 1.662374012291484 8498010030
1511227 300 1.645922739244952 8498010030
1511527 300 1.6739420544337138 8385641100
1511827 300 1.7637840210711149 9048371670
1512127 300 1.741453906935909 8949946350
1512427 300 1.641513608428446 8169105360
1512727 300 1.6958454784899035 7953389850
1513027 297 1.226486391571554 4017196740
1513324 1 1.226486391571554 4018016940
1513325 2 1.226486391571554 4018016940
1513327 7 1.3286075504828798 4024578630
1513334 4 1.3286075504828798 4023758430
1513338 1 1.3286075504828798 4023758430
1513339 176 1.3399859525899913 4376449200
1513515 1 1.3399859525899913 4376449200
1513516 111 1.413566286215979 5094954120
1513627 300 1.474251097453907 7581014010
1513927 300 1.6002669007901669 7808212470
1514227 300 1.5685496049165935 7814774160
1514527 300 1.5433748902546092 7815594390
1514827 300 1.5430904302019317 7835279460
1515127 300 1.4762423178226514 7882031490
1515427 300 1.5072958735733097 7868908110
1515727 300 1.5222774363476737 7862346420
1516027 300 1.475673397717296 7895154870
1516327 300 1.5346514486391571 8269171110
1516627 300 1.5620070237050045 9010641960
1516927 300 1.5033608428446006 8821993410
1517227 300 1.4878103599648815 8467662210
1517527 300 1.471453906935909 8454538830
1517827 300 1.4892800702370503 8468482410
1518127 300 1.488616330114135 8468482410
1518427 300 1.522893766461809 8343810330
1518727 300 1.4977190517998245 8265070080
1519027 300 1.5265443371378402 8625962940
1519327 300 1.441964881474978 8816251920
1519627 300 0.9553959613696226 8468482410
1519927 300 0.7768498683055312 8297878500
1520227 300 0.7789833187006147 9026225970
1520527 300 0.7711132572431959 8456179260
1520827 300 0.7813538191395961 8423370810
1521127 300 0.8060070237050044 8108409750
1521427 300 0.7997489025460931 8055916230
1521727 300 0.8258244073748902 8712085110
1522027 300 0.8230746268656717 8226520140
1522327 300 0.8113643546971028 8227340370
1522627 300 0.8081878841088675 8089544880
1522927 300 0.7949604916593503 8031309900
1523227 300 0.7661826163301143 8029669470
1523527 300 0.7813538191395961 8030489700
1523827 300 0.7599244951712028 8029669470
1524127 300 0.7718244073748904 8156802210
1524427 300 0.8260140474100088 9192728820
1524727 300 0.7814486391571555 8937643170
1525027 300 0.7652818261633011 8694040470
1525327 300 0.7777032484635644 8648108640
1525627 300 0.7924003511852502 9145976790
1525927 300 0.7730570676031608 8516054670
1526227 300 0.7823494293239683 8516054670
1526527 300 0.7716821773485514 8516054670
1526827 300 0.7782721685689201 8516054670
1527127 300 0.8433187006145743 9375635910
1527427 300 0.8346426690079016 8488987710
1527727 300 0.7984214223002634 8496369600
1528027 300 0.7700702370500438 8430752700
1528327 300 0.7970465320456541 8338889070
1528627 300 0.772251097453907 8358574140
1528927 300 0.7723459174714663 8338889070
1529227 300 0.7727251975417033 8325765690
1529527 300 0.8019771729587357 8253587100
1529827 300 0.8323669885864795 8929441050
1530127 300 0.8154890254609306 8280654090
1530427 300 0.794486391571554 7964872800
1530727 300 0.7387322212467077 7951749420
1531027 300 0.7384003511852504 7958311110
1531327 300 0.7540930640913082 7953389850
1531627 300 0.762342405618964 7952569620
1531927 300 0.7524337137840212 7959131310
1532227 300 0.7508217734855136 7959131310
1532527 300 0.7768972783143109 8260969020
1532827 300 0.8081404741000879 8936822970
1533127 300 0.7708287971905179 8891711340
1533427 300 0.7334697102721687 8648108640
1533727 300 0.7153116769095699 8627603370
1534027 300 0.7653292361720807 9271469100
1534327 300 0.7692168568920106 8347091190
1534627 300 0.7672730465320455 8333147580
1534927 300 0.748214223002634 8327406120
1535227 300 0.7558946444249343 8320024200
1535527 300 0.7796944688323092 8648108640
1535827 300 0.7983740122914839 8812971090
1536127 300 0.7722985074626867 8510313180
1536427 300 0.7222809482001756 8352012450
1536727 300 0.7197208077260755 8300339130
1537027 300 0.7354609306409131 8299518930
1537327 300 0.7516751536435471 8306080620
1537627 300 0.7678419666374012 8247025410
1537927 300 0.7758068481123793 8109229950
1538227 300 0.7607778753292362 8017366320
1538527 300 0.8088516242317823 8970451620
1538827 300 0.8092783143107991 9002439840
1539127 300 0.7834398595258999 8680917090
1539427 300 0.7835346795434592 9336265770
1539727 300 0.7557998244073749 8385641100
1540027 300 0.7680316066725199 8188790430
1540327 300 0.7685057067603163 8194531920
1540627 300 0.7747638279192275 8214216990
1540927 300 0.7913573309920985 8733410610
1541227 300 0.8214152765583846 8005063140
1541527 300 0.7756646180860405 8005063140
1541827 300 0.7522440737489026 7998501450
1542127 300 0.7915943810359964 8005063140
1542427 300 0.775332748024583 8011624830
1542727 300 0.771208077260755 8005063140
1543027 300 0.7820175592625112 7998501450
1543327 300 0.7599719051799825 7991939760
1543627 300 0.8383880597014925 8575930080
1543927 300 0.808899034240562 8576750280
1544227 300 0.7809271290605796 7972254690
1544527 300 0.7704969271290607 7972254690
1544827 300 0.7796944688323092 7965693000
1545127 300 0.7778454784899034 7959131310
1545427 300 0.778414398595259 7959131310
1545727 300 0.8100368744512731 7959131310
1546027 300 0.794486391571554 8083803420
1546327 300 0.8424179104477612 8379899610
1546627 300 0.791025460930641 7965693000
1546927 300 0.7884179104477613 7939446270
1547227 300 0.794865671641791 7940266470
1547527 300 0.7783195785776997 7946828160
1547827 300 0.77571202809482 7946828160
1548127 300 0.7553731343283583 7946828160
1548427 300 0.7881334503950833 7972254690
1548727 300 0.8242124670763828 9062315250
1549027 300 0.8018823529411764 8923699590
1549327 300 0.7584547848990342 8630064000
1549627 300 0.7675575065847235 8596435350
1549927 300 0.7863318700614575 8466021780
1550227 300 0.7724881474978051 8367596460
1550527 300 0.7601615452151009 8308541250
1550827 300 0.7586444249341527 8301979560
1551127 300 0.779315188762072 8361034770
1551427 300 0.8207041264266902 9298536060
1551727 300 0.8039209833187007 9272289300
1552027 300 0.7952923617208079 8406146370
1552327 300 0.7876593503072871 8393843220
1552627 300 0.8082827041264267 8380719840
1552927 300 0.7852888498683055 8379899610
1553227 300 0.7861422300263389 8215857390
1553527 300 0.790503950834065 8210936130
1553827 300 0.8052010535557506 8269171110
1554127 300 0.8463055311676909 9240301080
1554427 300 0.8154416154521511 8945025090
1554727 300 0.8139719051799825 8557885440
1555027 300 0.8283371378402108 8511953610
1555327 300 0.8134029850746268 8347911390
1555627 300 0.8153467954345918 8321664630
1555927 300 1.2137330992098332 8328226320
1556227 300 2.206972783143108 8347911390
1556527 300 2.3433239683933276 8374978350
1556827 300 2.434114135206321 8919598530
1557127 300 2.518883230904302 9109887510
1557427 300 2.521395961369622 8827734900
1557727 300 2.5429201053555746 8840858250
1558027 300 2.4819982440737487 9556082340
1558327 300 2.468486391571554 8827734900
1558627 300 2.5080263388937665 8834296590
1558927 300 2.518172080772608 8827734900
1559227 300 2.485269534679544 8840858250
1559527 300 2.511345039508341 8834296590
1559827 300 2.565345039508341 9069697170
1560127 300 2.657510096575944 9116449200
1560427 300 2.5866795434591747 8696501100
1560727 300 2.5526391571553995 8676816030
1561027 300 2.677185250219491 8709624480
1561327 300 2.5983424056189643 8616940620
1561627 300 2.6194872695346794 8590693890
1561927 300 2.6690781387181737 8591514090
1562227 300 2.6205776997366113 8590693890
1562527 300 2.6550921861281824 8584952400
1562827 300 2.684486391571554 8780982840
1563127 300 2.7624284460052673 9339546630
1563427 300 2.6227585601404746 9162381030
1563727 300 2.631434591747147 8920418730
1564027 300 2.6025618964003514 8853981630
1564327 300 2.210149253731343 8736691440
1564627 300 1.3929429323968394 8716186170
1564927 300 2.13851273046532 8591514090
1565227 300 1.3879174714661984 8559525840
1565527 300 1.7109218612818262 8507852550
1565827 300 1.944653204565408 9360051900
1566127 300 1.1424284460052676 8539840800
1566427 300 0.974739244951712 8060837490
1566727 300 1.1897910447761193 8060017290
1567027 300 0.9361000877963127 8060017290
1567327 300 0.9229675153643546 8066578980
1567627 300 0.9523143107989466 8067399180
1567927 300 0.9325443371378404 8067399180
1568227 300 0.935531167690957 8080522560
1568527 300 0.9320228270412642 8073960870
1568827 300 0.9326865671641792 8886790080
1569127 300 0.9401773485513609 8342990130
1569427 300 0.9494697102721685 8336428440
1569727 300 0.9472888498683056 8329866750
1570027 300 1.0226233538191396 8277373230
1570327 300 1.0333854258121158 8953227180
1570627 300 1.0061246707638278 8388921930
1570927 300 0.9458665496049166 8342990130
1571227 300 0.9490430201931519 8336428440
1571527 300 0.9700930640913081 8310181680
1571827 300 0.942453028972783 8048534340
1572127 300 0.9325917471466199 8021467380
1572427 300 0.959046532045654 8021467380
1572727 300 0.9320228270412642 8014905690
1573027 300 0.999961369622476 8821993410
1573327 300 0.9488533801580334 9117269400
1573627 300 0.9500386303775241 8652209700
1573927 300 0.9241053555750659 8631704430
1574227 300 0.957766461808604 8638266120
1574527 300 0.9447287093942055 8638266120
1574827 300 0.9158560140474101 8632524630
1575127 300 0.919980684811238 8566087530
1575427 300 0.9473362598770851 8315923170
1575727 300 0.998776119402985 9005720700
1576027 300 0.9747866549604918 9104146020
1576327 300 0.9659683933274803 8382360240
1576627 300 0.9455346795434592 8348731590
1576927 300 0.9502756804214223 8343810330
1577227 300 0.9483792800702371 8212576560
1577527 300 0.9581931518876209 8199453180
1577827 300 0.9446338893766462 8186329800
1578127 300 0.9421685689201054 8063298120
1578427 300 0.9847427568042143 8974552680
1578727 300 0.9776786654960491 9249323400
1579027 300 0.9410307287093943 8665333080
1579327 300 0.9334925373134328 8658771390
1579627 300 0.9232045654082528 8652209700
1579927 300 0.9467673397717298 8653029930
1580227 300 0.9258595258999122 8527537620
1580527 300 0.9379490781387181 8330686950
1580827 300 0.9607532923617208 8317563570
1581127 300 1.0755803336259877 8318383800
1581427 300 2.6347058823529412 8540661000
1581727 300 1.2390500438981562 9145156590
1582027 300 2.743132572431958 8659591620
1582327 300 2.531589113257243 8613659790
1582627 300 2.752424934152766 8620221480
1582927 300 2.764561896400351 8527537620
1583227 300 2.7837155399473223 8507852550
1583527 300 2.70425636523266 8515234440
1583827 300 2.7702985074626865 8514414240
1584127 300 2.062372256365233 4380550260
1584427 41 1.9892186128182614 4997349000
1584468 8 1.9894556628621596 4997349000
1584476 9 1.9892186128182614 4998169230
1584485 173 1.995618964003512 5377926960
1584658 1 1.995618964003512 5377926960
1584659 1 1.995618964003512 5377926960
1584660 67 2.073845478489903 5971759800
1584727 300 2.1804231782265147 7908278220
1585027 300 1.6123090430201934 8217497820
1585327 300 2.756075504828797 8224059510
1585627 300 2.7319912203687444 8224059510
1585927 300 2.7193327480245832 8237182890
1586227 300 2.702454784899034 8238003090
1586527 300 2.6967655838454787 8231441400
1586827 300 2.7394345917471465 8231441400
1587127 300 2.8046233538191396 8913857040
1587427 300 2.437906935908692 8743253130
1587727 300 1.4825478489903425 8100207630
1588027 300 0.9341562774363478 8069039610
1588327 300 0.9415996488147498 9009821760
1588627 300 1.1890324846356455 8327406120
1588927 300 1.2862230026338892 8274912600
1589227 300 1.218900790166813 8162543670
1589527 300 1.4194925373134328 8260969020
1589827 300 0.9659209833187006 8844139110
1590127 300 0.9017752414398595 8364315600
1590427 300 0.888358208955224 8305260420
1590727 300 0.8713854258121161 8292957240
1591027 300 0.8643687445127304 8285575350
1591327 300 0.8809148375768218 8232261630
1591627 300 0.9061843722563653 8130555450
1591927 300 0.92870412642669 8249486070
1592227 300 0.8844231782265146 8498010030
1592527 300 0.8816733977172958 8150240520
1592827 300 0.8782124670763828 8155981980
1593127 300 0.8706268656716417 8155981980
1593427 300 0.9003529411764706 8142038400
1593727 300 0.8813889376646181 8142858600
1594027 300 0.8892589991220369 8135476710
1594327 300 0.920739244951712 8202734010
1594627 300 0.9214978050921863 9487184610
1594927 300 0.9246268656716418 9015563220
1595227 300 0.8600070237050045 8529998250
1595527 300 0.8646532045654083 8503751490
1595827 300 0.8790184372256367 8444696310
1596127 300 0.874324846356453 8359394340
1596427 300 0.8650798946444249 8366776230
1596727 300 0.8650798946444249 8361034770
1597027 300 0.8606233538191397 8366776230
1597327 300 0.9373801580333626 9133673640
1597627 300 0.8846602282704128 8634985290
1597927 300 0.8456417910447762 8379899610
1598227 300 1.272237050043898 8385641100
1598527 300 1.7274205443371378 8386461300
1598827 300 1.0724986830553118 8282294490
1599127 300 0.9270921861281827 8177307480
1599427 300 1.2562124670763828 8177307480
1599727 300 2.405525899912204 8191251060
1600027 300 2.6541913959613694 8578390710
1600327 300 2.7200438981562773 9200930940
1600627 300 2.645610184372256 8670254340
1600927 300 2.6215733099209837 8656310760
1601227 300 2.6483125548726956 8668613940
1601527 300 2.667418788410887 8676816030
1601827 300 2.737538191395961 8656310760
1602127 300 2.695675153643547 8650569300
1602427 300 2.7238841088674275 8526717420
1602727 300 2.741805092186128 8650569300
1603027 300 2.7843318700614574 9031147230
1603327 300 2.718100087796312 8598075780
1603627 300 2.811734855136084 8335608210
1603927 300 2.7595364354697107 8302799790
1604227 300 2.567051799824408 8289676410
1604527 300 1.3051395961369625 8224879710
1604827 300 2.3915399473222125 8146139460
1605127 300 0.9623178226514486 8119892700
1605427 300 1.8588884986830552 8402045310
1605727 300 0.8773590869183494 8310181680
1606027 300 0.8442194907813871 7989479130
1606327 300 0.8211308165057067 7969794060
1606627 300 0.8623301141352064 7969794060
1606927 300 0.8802985074626866 7956670680
1607227 300 0.8299490781387182 7950108990
1607527 300 0.8636101843722563 7956670680
1607827 300 0.8819578577699736 7969794060
1608127 300 0.89528007023705 8954047410
1608427 300 0.8597699736611063 8750635050
1608727 300 0.8055329236172081 8540661000
1609027 300 0.7795048287971905 8539840800
1609327 300 0.8162475856014049 8501290860
1609627 300 0.8046321334503952 8363495400
1609927 300 0.8302809482001757 8192891490
1610227 300 0.8370605794556629 8048534340
1610527 300 0.8525162423178227 8041972650
1610827 300 0.8935258999122038 8645648010
1611127 300 0.8893064091308165 9052472730
1611427 300 0.8754626865671643 8580031140
1611727 300 0.856972783143108 8448797340
1612027 300 0.8570201931518877 8396303850
1612327 300 0.8295223880597016 8278193430
1612627 300 0.8207989464442493 8271631770
1612927 300 0.8165794556628622 8330686950
1613227 300 0.9116839332748026 9288693540
1613527 300 0.8354486391571555 8849060370
1613827 300 0.8347848990342405 8461920720
1614127 300 0.8568779631255486 8442235680
1614427 300 0.8418489903424057 8436494190
1614727 300 0.8397629499561019 8238823320
1615027 300 0.8563090430201933 8087904480
1615327 300 0.845784021071115 8035410960
1615627 300 0.9248639157155399 8999979210
1615927 300 0.8729499561018437 8868745440
1616227 300 0.8497190517998244 8566907760
1616527 300 0.8759841966637402 8468482410
1616827 300 0.8283845478489903 8461920720
1617127 300 0.8567357330992098 8343810330
1617427 300 0.8461158911325726 8042792850
1617727 300 0.8940948200175594 8174026620
1618027 300 0.934630377524144 8777702010
1618327 300 0.899025460930641 8580851340
1618627 300 0.9032449517120281 8587413030
1618927 300 0.9155241439859526 8338068870
1619227 300 0.8920087796312555 8238823320
1619527 300 0.8806777875329236 8160083040
1619827 300 0.8806777875329236 7969794060
1620127 300 0.8882633889376647 8022287580
1620427 300 1.0004354697102724 8954867610
1620727 300 0.955585601404741 8849880600
1621027 300 0.9510342405618966 8587413030
1621327 300 0.9649253731343284 8587413030
1621627 300 0.9435434591747146 8580851340
1621927 300 0.9007796312554873 8494729170
1622227 300 0.9319754170324847 8441415450
1622527 300 0.9370008779631256 8303619990
1622827 300 0.9525513608428448 8657951190
1623127 300 0.9251957857769975 8501290860
1623427 300 0.9257172958735733 8003422710
1623727 300 0.9626971027216856 7997681250
1624027 300 0.9772045654082528 7991939760
1624327 300 0.9711834942932398 7986198300
1624627 300 0.9315961369622476 7984557870
1624927 300 0.9550166812993854 8220778680
1625227 300 1.03803160667252 9086921610
1625527 300 0.9789587357330993 8568548190
1625827 300 0.9399402985074627 8568548190
1626127 300 0.9563915715539948 8561986500
1626427 300 0.941694468832309 8489807910
1626727 300 0.952266900790167 8378259210
1627027 300 0.9434012291483758 8379079410
1627327 300 0.9773467954345919 8372517720
1627627 300 1.0045601404741 9146797020
1627927 300 0.9908586479367868 8982754800
1628227 300 0.9572449517120282 8530818480
1628527 300 0.9479525899912203 8419269750
1628827 300 0.973079894644425 9042630210
1629127 300 0.9382809482001757 8406146370
1629427 300 0.9372853380158035 8261789220
1629727 300 0.9402247585601404 8234722260
1630027 300 0.9511290605794557 8241283950
1630327 300 0.9508920105355575 8772780750
1630627 300 0.9471940298507463 8247845640
1630927 300 0.9404143985952591 8241283950
1631227 300 0.9246742756804214 8242104150
1631527 300 0.9124899034240561 8242104150
1631827 300 0.9187954345917473 8242104150
1632127 300 0.9184635645302898 8235542460
1632427 300 0.9494697102721685 8334788010
1632727 300 0.9956470588235296 9022945140
1633027 300 0.9595206321334503 8720287230
1633327 300 0.9739806848112379 8476684530
1633627 300 0.9758296751536435 8344630530
1633927 300 0.9599947322212466 8300339130
1634227 300 0.9182739244951711 8044433280
1634527 300 0.9275188762071994 7900076130
1634827 300 0.9537366110623353 7939446270
1635127 300 1.0599824407374892 8615300220
1635427 300 0.9863546971027217 8667793710
1635727 300 0.9688129938542581 8529998250
1636027 300 0.9674381035996489 9547060020
1636327 300 0.9456769095697982 8516874870
1636627 300 0.9667269534679543 8306900820
1636927 300 0.9515083406496927 8090365110
1637227 300 0.9464354697102723 8090365110
1637527 300 0.9951255487269535 9048371670
1637827 300 1.0179771729587357 8438134620
1638127 300 0.975782265144864 8438134620
1638427 300 0.9643090430201933 8379079410
1638727 300 1.0043705004389816 8280654090
1639027 300 0.9649727831431081 8267530710
1639327 300 0.9518876207199297 8267530710
1639627 300 0.9476681299385427 8260969020
1639927 300 0.9916172080772608 8274092400
1640227 300 1.040307287093942 8746533990
1640527 300 1.0044179104477613 8247845640
1640827 300 0.9939402985074628 7965693000
1641127 300 0.9980649692712906 7985378070
1641427 300 0.9749288849868306 7959131310
1641727 300 0.986307287093942 7965693000
1642027 300 0.97502370500439 7972254690
1642327 300 0.9881562774363477 8110870380
1642627 300 0.9955522388059702 8767039260
1642927 300 1.4917928007023704 8596435350
1643227 300 2.807278314310799 8608738530
1643527 300 2.9900438981562774 8589053460
1643827 300 2.9684723441615453 8569368390
1644127 300 2.984212467076383 8562806700
1644427 300 2.944056189640035 8556245010
1644727 300 2.786086040386304 8575930080
1645027 300 2.7584934152765586 9376456110
1645327 300 2.7964214223002637 8825274240
1645627 300 2.7542739244951715 8564447130
1645927 300 2.8047181738366986 9378096540
1646227 300 2.7187638279192274 8557885440
1646527 300 2.752519754170325 8557885440
1646827 300 2.73635294117647 8557885440
1647127 300 2.7730956979806844 8656310760
1647427 300 2.735262510974539 8918778330
1647727 300 2.7340298507462686 8563626900
1648027 300 2.7169148375768217 8562806700
1648327 300 2.653575065847235 8563626900
1648627 300 2.664147497805092 8557065210
1648927 300 2.7560280948200173 8557885440
1649227 300 2.691597892888499 8557885440
1649527 300 2.7226988586479366 8696501100
1649827 300 2.763187006145742 9063955680
1650127 300 2.7373959613696224 8708804280
1650427 300 2.737585601404741 8629243800
1650727 300 2.7151606672519755 8558705640
1651027 300 2.6618244073748905 8557885440
1651327 300 2.6413432835820894 8557065210
1651627 300 2.6918823529411764 8597255580
1651927 300 2.7549850746268656 9606115230
1652227 300 2.733081650570676 9501128220
1652527 300 2.73128007023705 8524256790
1652827 300 2.7079543459174715 8531638680
1653127 300 2.683585601404741 9352670010
1653427 300 2.665901668129939 8662872450
1653727 300 2.701601404741001 8650569300
1654027 300 2.656324846356453 8571829020
1654327 300 2.634611062335382 8550503520
1654627 300 2.6798402107111503 8931081480
1654927 300 2.824914837576822 8492268540
1655227 300 2.7764618086040387 8491448340
1655527 300 2.7884091308165058 8386461300
1655827 300 2.7025970149253733 8333147580
1656127 300 2.761148375768218 8210936130
1656427 300 2.6604021071115014 8183869170
1656727 300 2.7204231782265147 8296238100
1657027 300 2.7492484635645305 8590693890
1657327 300 2.7236470588235293 8183869170
1657627 300 2.6619192273924495 8191251060
1657927 300 2.680219490781387 8176487280
1658227 300 2.702359964881475 8169925590
1658527 300 2.68505531167691 8176487280
1658827 300 2.694774363476734 8169925590
1659127 300 2.7651308165057067 8051815170
1659427 300 2.796089552238806 9042630210
1659727 300 2.696812993854258 8840038050
1660027 300 2.7919174714661983 8616940620
1660327 300 2.7764618086040387 8603817240
1660627 300 2.7174837576821775 8597255580
1660927 300 2.705441615452151 8597255580
1661227 300 2.7174837576821775 8465201580
1661527 300 2.7031659350307287 8301159360
1661827 300 2.76859174714662 9278850990
1662127 300 2.7025970149253733 8937643170
1662427 300 2.697097453906936 8596435350
1662727 300 2.728862159789289 8484886650
1663027 300 2.7169148375768217 8445516510
1663327 300 2.6502563652326607 8294597670
1663627 300 2.654475856014048 8202734010
1663927 300 2.6028937664618086 8196992550
1664227 300 2.622237050043898 8196172320
1664527 300 2.6502089552238806 8550503520
1664827 300 2.6126602282704128 8307721050
1665127 300 2.5932221246707634 8189610630
1665427 300 2.5967304653204564 8183048970
1665727 300 2.5999069359086917 8183048970
1666027 300 2.5618841088674276 8176487280
1666327 300 2.5920842844600527 8123993760
1666627 300 2.5966356453028974 8032130100
1666927 300 2.55903950834065 8025568410
1667227 300 2.661113257243196 8026388640
1667527 300 2.6051220368744517 8021467380
1667827 300 2.6563722563652328 8021467380
1668127 300 2.617353819139596 8021467380
1668427 300 2.6448990342405616 8105128890
1668727 300 2.707385425812116 9213234120
1669027 300 2.654665496049166 8511133410
1669327 300 2.677991220368745 8097747000
1669627 300 2.629585601404741 8091185310
1669927 300 2.6148410886742757 8812971090
1670227 300 2.536093064091308 8078061930
1670527 300 2.599859525899912 8084623620
1670827 300 2.5654398595259 8078061930
1671127 300 2.5822230026338895 8072320470
1671427 300 2.6698841088674277 8644007610
1671727 300 2.6415803336259875 8092825740
1672027 300 2.580990342405619 8092005510
1672327 300 2.613798068481124 8945025090
1672627 300 2.6785601404741 8373337920
1672927 300 2.6511571553994733 8366776230
1673227 300 2.6030359964881478 8366776230
1673527 300 2.6983301141352065 8366776230
1673827 300 2.650777875329236 9114808770
1674127 300 2.67595258999122 8663692680
1674427 300 2.6609710272168567 8662872450
1674727 300 2.649497805092186 9254244660
1675027 300 2.5563371378402104 8663692680
1675327 300 2.6511571553994733 8650569300
1675627 300 2.5524969271290607 8656310760
1675927 300 2.5515961369622477 8760477570
1676227 300 2.6041264266900788 9003260070
1676527 300 2.6758103599648817 8655490560
1676827 300 2.5531132572431954 8655490560
1677127 300 2.628779631255487 8657951190
1677427 300 2.541497805092186 8657951190
1677727 300 2.5455276558384545 8651389500
1678027 300 2.6046479367866553 8656310760
1678327 300 2.669315188762072 8782623270
1678627 300 2.648454784899034 9063955680
1678927 300 2.595877085162423 8670254340
1679227 300 2.627262510974539 8670254340
1679527 300 2.658790166812994 8669434140
1679827 300 2.6007129060579457 8662052250
1680127 300 2.63356804214223 8655490560
1680427 300 2.6561826163301143 8655490560
1680727 300 2.589524143985953 8695680900
1681027 300 2.674340649692713 9587250360
1681327 300 2.6469850746268655 9240301080
1681627 300 2.6175434591747146 8610378930
1681927 300 2.6571782265144863 8611199160
1682227 300 2.656324846356453 8604637470
1682527 300 2.632525021949078 8545582260
1682827 300 2.6822581211589114 8446336710
1683127 300 2.647032484635645 8446336710
1683427 300 2.6046953467954346 8446336710
1683727 300 2.627878841088674 8767859490
1684027 300 2.6766637401229145 9477342090
1684327 300 2.5944547848990345 8611199160
1684627 300 2.54998419666374 8618581050
1684927 300 2.682210711150132 8618581050
1685227 300 2.5455750658472343 8617760850
1685527 300 2.606923617208077 8618581050
1685827 300 2.554061457418788 8612019360
1686127 300 2.659785776997366 8605457670
1686427 300 2.714733977172959 8919598530
1686727 300 2.6078718173836695 8932721910
1687027 300 2.5166549604916595 8644007610
1687327 300 2.6752414398595254 8525897190
1687627 300 2.705299385425812 8486527080
1687927 300 2.6224741000877962 8493908970
1688227 300 2.6145092186128185 8487347280
1688527 300 2.6797928007023706 8499650430
1688827 300 2.745028972783143 9339546630
1689127 300 2.721086918349429 9262446780
1689427 300 2.671970149253731 8540661000
1689727 300 2.6361281826163303 8474223900
1690027 300 2.565060579455663 8387281530
1690327 300 2.6163107989464445 8380719840
1690627 300 2.6094837576821774 8374158150
1690927 300 2.669172958735733 8511953610
1691227 300 2.716488147497805 9036888720
1691527 300 2.532774363476734 8657130990
1691827 300 2.511913959613696 8657130990
1692127 300 2.557285338015803 8624322540
1692427 300 1.5465987708516244 8520155730
1692727 300 1.330503950834065 8493908970
1693027 300 1.0531553994732221 8374978350
1693327 300 0.8738507462686567 9130392780
1693627 300 0.8062440737489026 9083640750
1693927 300 0.7758542581211589 8617760850
1694227 300 0.7913099209833186 8512773810
1694527 300 0.7832502194907816 8466842010
1694827 300 0.7588814749780509 8407786800
1695127 300 0.7692642669007903 8322484830
1695427 300 0.761062335381914 8388101730
1695727 300 0.8018823529411764 9470780400
1696027 300 0.8021194029850746 8788364760
1696327 300 0.7677471466198419 8402865540
1696627 300 0.7843880597014926 8396303850
1696927 300 0.7586918349429324 8396303850
1697227 300 0.7693590869183495 8395483620
1697527 300 0.7563687445127305 8395483620
1697827 300 0.7871378402107111 8415988920
1698127 300 0.791784021071115 8402865540
1698427 300 0.7776084284460054 8396303850
1698727 300 0.7541878841088675 8402865540
1699027 300 0.7494468832309044 8402045310
1699327 300 0.7803107989464442 8402865540
1699627 300 0.7927322212467077 8408607000
1699927 300 0.8397155399473222 9387118860
1700227 300 0.8361123792800702 9058214220
1700527 300 0.7669411764705883 8665333080
1700827 300 0.7682686567164181 8657951190
1701127 300 0.7631483757682178 8658771390
1701427 300 0.7439473222124671 8664512880
1701727 300 0.7411027216856892 8553784380
1702027 300 0.7745267778753293 8724388290
1702327 300 0.8539385425812116 9328063650
1702627 300 0.7501106233538193 8986855830
1702927 300 0.726595258999122 8704703220
1703227 300 0.748593503072871 8698141530
1703527 300 0.7359824407374891 8691579840
1703827 300 0.7492098331870062 8612839590
1704127 300 0.7582651448639157 8548042890
1704427 300 0.7597348551360843 8631704430
1704727 300 0.8015978928884987 9084460950
1705027 300 0.7733415276558385 8664512880
1705327 300 0.7530974539069359 8388101730
1705627 300 0.7596874451273046 8394663420
1705927 300 0.7330430201931519 8401225110
1706227 300 0.751153643546971 8393843220
1706527 300 0.754235294117647 8394663420
1706827 300 0.7836769095697981 8390562360
1707127 300 0.8737085162423177 8817072150
1707427 300 0.8483441615452152 9012282390
1707727 300 0.794486391571554 8685018150
1708027 300 0.8073819139596137 8657951190
1708327 300 0.7962405618964004 8507852550
1708627 300 0.7968568920105357 8389742160
1708927 300 0.7719666374012293 8383180470
1709227 300 0.7685531167690958 8383180470
1709527 300 0.8677348551360844 9433050690
1709827 300 0.8187129060579454 9786561660
1710127 300 0.7794100087796314 8645648010
1710427 300 0.7644758560140476 8632524630
1710727 300 0.7953397717295874 8488167480
1711027 300 0.7750956979806848 8468482410
1711327 300 0.7798841088674275 8343810330
1711627 300 0.7762335381913961 8324125260
1711927 300 0.7761861281826163 8304440190
1712227 300 0.8287164179104478 8652209700
1712527 300 0.8299964881474979 9177144810
1712827 300 0.800649692712906 8573469450
1713127 300 0.7780825285338016 8567727960
1713427 300 0.7736733977172958 8566907760
1713727 300 0.7840087796312556 8487347280
1714027 300 0.7737682177348553 8297878500
1714327 300 0.7848147497805091 8165824530
1714627 300 0.7840561896400351 8172386220
1714927 300 0.8290008779631255 8553784380
1715227 300 0.8237857769973662 8816251920
1715527 300 0.8028779631255487 8584952400
1715827 300 0.7769920983318701 8539020570
1716127 300 0.7756172080772608 8447156940
1716427 300 0.7561791044776119 8440595250
1716727 300 0.7815908691834943 8231441400
1717027 300 0.7727251975417033 8165004300
1717327 300 0.8137822651448641 8558705640
1717627 300 0.8204196663740124 9268188240
1717927 300 0.7831553994732222 8598895980
1718227 300 0.7642388059701494 8592334290
1718527 300 0.7870904302019316 8585772600
1718827 300 0.7978999122036875 8552143950
1719127 300 0.8146356453028972 8454538830
1719427 300 0.817385425812116 8407786800
1719727 300 0.8223160667251976 8309361480
1720027 300 0.8342633889376646 9241941510
1720327 300 0.800033362598771 8881048620
1720627 300 0.794486391571554 8612019360
1720927 300 0.8271992976294995 8612019360
1721227 300 0.8275785776997368 8441415450
1721527 300 0.8104161545215102 8316743370
1721827 300 0.8023090430201932 8231441400
1722127 300 0.8113643546971028 8185509600
1722427 300 0.8783072870939421 8730129780
1722727 300 0.8433187006145743 8690759640
1723027 300 0.8308024582967516 8585772600
1723327 300 0.8165794556628622 8565267330
1723627 300 0.804774363476734 8578390710
1723927 300 0.811601404741001 8571829020
1724227 300 0.8068604038630378 8480785590
1724527 300 0.8435557506584724 8335608210
1724827 300 0.9034345917471468 9419107110
1725127 300 0.8567831431079895 8973732450
1725427 300 0.8207989464442493 8422550610
1725727 300 0.8173380158033363 8428292070
1726027 300 1.0600772607550484 8415168690
1726327 300 2.5657717295873574 8389742160
1726627 300 2.7151606672519755 8369236890
1726927 300 2.724263388937665 8362675200
1727227 300 2.7660316066725197 8671074570
1727527 300 2.796990342405619 9269008470
1727827 300 2.805334503950834 9006540900
1728127 300 2.6965285338015805 8770320120
1728427 300 2.790874451273046 8776061580
1728727 300 2.7335557506584722 8677636260
1729027 300 2.7337928007023704 8612839590
1729327 300 2.659169446883231 8515234440
1729627 300 2.7196646180860404 8494729170
1729927 300 2.7789271290605795 9118089630
1730227 300 2.7373485513608427 9309198810
1730527 300 2.6350377524143984 8784263700
1730827 300 2.6835381913959613 8777702010
1731127 300 2.650635645302897 8784263700
1731427 300 2.65926426690079 8796566880
1731727 300 2.6866672519754173 8777702010
1732027 300 2.6880421422300262 8777702010
1732327 300 2.738344161545215 9059854620
1732627 300 2.660117647058824 8764578630
1732927 300 2.705726075504829 8666153310
1733227 300 2.6818788410886745 8653029930
1733527 300 2.644282704126427 8633344860
1733827 300 2.629964881474978 8580031140
1734127 300 2.703640035118525 8553784380
1734427 300 2.642338893766462 8560346070
1734727 300 2.814152765583845 9236200020
1735027 300 2.709661106233538 8935182540
1735327 300 2.6827322212467077 8567727960
1735627 300 2.6433345039508342 9414185820
1735927 300 2.6281158911325724 8797387080
1736227 300 2.6206725197541703 8796566880
1736527 300 2.594170324846356 8790005190
1736827 300 2.706579455662862 8790005190
1737127 300 2.785422300263389 9354310410
1737427 300 2.689511852502195 8658771390
1737727 300 2.6848656716417914 8645648010
1738027 300 2.6161685689201053 8554604580
1738327 300 2.647601404741001 8534919510
1738627 300 2.629870061457419 8534919510
1738927 300 2.6952958735733104 8528357820
1739227 300 2.6603546971027217 8515234440
1739527 300 2.7178156277436347 9046731240
1739827 300 2.629870061457419 9046731240
1740127 300 2.59113608428446 8488987710
1740427 300 2.63356804214223 8376618780
1740727 300 2.6271202809482004 8350372020
1741027 300 2.6513942054433715 8337248640
1741327 300 2.635985952589991 8330686950
1741627 300 2.7091395961369624 8330686950
1741927 300 2.693494293239684 8645648010
1742227 300 2.665617208077261 9400242240
1742527 300 2.598200175592625 8763758430
1742827 300 2.63617559262511 8751455250
1743127 300 2.6678928884986832 8653029930
1743427 300 2.668935908691835 8607098100
1743727 300 2.698804214223003 8620221480
1744027 300 2.6551870061457423 8619401280
1744327 300 2.6616821773485513 8619401280
1744627 300 2.7722423178226516 9387118860
1744927 300 2.6858138718173836 8816251920
1745227 300 2.6867620719929763 8514414240
1745527 300 2.679460930640913 8809690230
1745827 300 2.692877963125549 8475044100
1746127 300 2.646937664618086 8461920720
1746427 300 2.6592168568920105 8448797340
1746727 300 2.6754784899034236 8298698730
1747027 300 2.6485496049165937 8462740950
1747327 300 2.7323230904302016 8193711690
1747627 300 2.697713784021071 8186329800
1747927 300 2.7149236172080773 8186329800
1748227 300 2.6471747146619844 8186329800
1748527 300 2.634753292361721 8186329800
1748827 300 2.653669885864794 8186329800
1749127 300 2.6500667251975414 8206014870
1749427 300 2.680503950834065 8475044100
1749727 300 2.7225566286215983 9059034420
1750027 300 2.623659350307287 8239643520
1750327 300 2.7062949956101843 8233081830
1750627 300 2.5963511852502195 8226520140
1750927 300 2.6202932396839334 8226520140
1751227 300 2.6496400351185248 8225699940
1751527 300 2.6448516242317823 8225699940
1751827 300 2.5817963125548724 8225699940
1752127 300 2.6814521510096574 8500470660
1752427 300 2.7200438981562773 9151718280
1752727 300 2.667371378402107 8908935780
1753027 300 2.604173836698859 8764578630
1753327 300 2.5775294117647056 9342007260
1753627 300 2.5984846356453026 8783443500
1753927 300 2.632619841966638 8758016940
1754227 300 2.5055610184372257 8645648010
1754527 300 2.5921316944688324 8685838380
1754827 300 2.6630570676031606 8842498680
1755127 300 2.622331870061457 8528357820
1755427 300 2.6144618086040388 8442235680
1755727 300 2.5743529411764707 8415988920
1756027 300 2.5410711150131693 8415988920
1756327 300 2.568474100087797 8397944280
1756627 300 2.623801580333626 8396303850
1756927 300 2.6070184372256366 8443055880
1757227 300 2.63484811237928 9159100170
1757527 300 2.538036874451273 8718646800
1757827 300 2.6259350307287095 8443055880
1758127 300 2.583171202809482 8429932500
1758427 300 2.57572783143108 8429932500
1758727 300 2.5725513608428443 8357753910
1759027 300 2.5361878841088674 8304440190
1759327 300 2.599006145741879 8298698730
1759627 300 2.4544530289727833 8284755120
1759927 300 2.6181597892888497 8286395550
1760227 300 2.5710342405618967 8292137040
1760527 300 2.5682844600526775 8292137040
1760827 300 2.5809429323968396 8285575350
1761127 300 2.5532554872695346 8285575350
1761427 300 2.656988586479368 9250143600
1761727 300 2.5724091308165056 9099224760
1762027 300 2.6013766461808605 8810510460
1762327 300 2.5753011413520634 8803948770
1762627 300 2.5871062335381914 8811330660
1762927 300 2.5355241439859526 8823633840
1763227 300 2.5984846356453026 8810510460
1763527 300 2.6055961369622476 8863003950
1763827 300 2.6118542581211592 9565104660
1764127 300 2.5491782265144867 9118909830
1764427 300 2.572124670763828 8863003950
1764727 300 2.6353222124670763 8837577420
1765027 300 2.6491659350307284 8732590410
1765327 300 2.575443371378402 8739152100
1765627 300 2.476119402985075 8739152100
1765927 300 2.5022423178226516 8732590410
1766227 300 2.5555785776997366 8955687810
1766527 300 2.5862054433713784 9492926100
1766827 300 2.4990184372256365 8981114370
1767127 300 2.4818086040386302 8817072150
1767427 300 2.5307357330992097 8666153310
1767727 300 2.537657594381036 8495549400
1768027 300 2.5134310798946444 8417629320
1768327 300 2.4227831431079894 8410247430
1768627 300 2.560556628621598 8484066420
1768927 300 2.6448516242317823 9389579490
1769227 300 2.509733099209833 8955687810
1769527 300 2.5617892888498686 8745713790
1769827 300 2.5773871817383673 8765398830
1770127 300 2.576723441615452 8726028720
1770427 300 2.595640035118525 8640726750
1770727 300 2.576770851624232 8627603370
1771027 300 2.6421018437225636 8594794920
1771327 300 2.67595258999122 9172223550
1771627 300 2.693115013169447 8726028720
1771927 300 2.518172080772608 8358574140
1772227 300 2.514426690079017 8352012450
1772527 300 2.442790166812994 8338889070
1772827 300 2.459762949956102 8345450760
1773127 300 2.4859806848112385 8358574140
1773427 300 2.505229148375768 8502931290
1773727 300 2.5879596136962246 9257525520
1774027 300 2.550742756804214 8851521000
1774327 300 2.612802458296752 8661232020
1774627 300 2.5806584723441617 8909756010
1774927 300 2.5406918349429324 8482426020
1775227 300 2.5683318700614572 8476684530
1775527 300 2.5426356453028975 8443876080
1775827 300 2.553065847234416 8451258000
1776127 300 2.563258999122037 8436494190
1776427 300 2.5472818261633012 8306080620
1776727 300 2.547187006145742 8206835070
1777027 300 2.5574749780509216 8161723470
1777327 300 2.5365197541703246 8160903270
1777627 300 2.6056435469710273 8154341580
1777927 300 2.598247585601405 8147779890
1778227 300 2.610194907813872 8403685740
1778527 300 2.643144863915716 8449617570
1778827 300 2.609578577699737 8207655300
1779127 300 2.6344214223002633 8201093610
1779427 300 2.567857769973661 8207655300
1779727 300 2.5395539947322217 8201093610
1780027 300 2.485553994732221 8201093610
1780327 300 2.4547848990342405 8201093610
1780627 300 2.60275153643547 8581671540
1780927 300 2.5770553116769093 9264087210
1781227 300 1.191640035118525 8752275480
1781527 300 0.7576962247585601 8746533990
1781827 300 0.7435206321334504 8739972300
1782127 300 0.7341334503950835 8733410610
1782427 300 0.7397278314310799 8706343650
1782727 300 0.745891132572432 8621041680
1783027 300 0.7735311676909571 8804768970
1783327 300 0.8250184372256366 9441252810
1783627 300 0.7513432835820897 9047551470
1783927 300 0.7399648814749781 8844959310
1784227 300 0.7680316066725199 8831835930
1784527 300 0.7402967515364355 8753915880
1784827 300 0.744611062335382 8477504730
1785127 300 0.7323792800702371 8359394340
1785427 300 0.7231817383669886 8365135830
1785727 300 0.784577699736611 9139415100
1786027 300 0.7768498683055312 9100044990
1786327 300 0.7367410008779632 8758837140
1786627 300 0.741387181738367 9388759290
1786927 300 0.7210008779631256 8628423600
1787227 300 0.7241299385425812 8489807910
1787527 300 0.7076312554872695 8443876080
1787827 300 0.7185829675153643 8227340370
1788127 300 0.8174328358208955 8916317700
1788427 300 0.7881808604038631 8489807910
1788727 300 0.7308621597892888 8490628110
1789027 300 0.7195785776997367 8942564430
1789327 300 0.7371676909569799 8615300220
1789627 300 0.7341334503950835 8536559940
1789927 300 0.7118507462686567 8338889070
1790227 300 0.7228498683055311 8345450760
1790527 300 0.7557050043898156 8747354190
1790827 300 0.7603511852502195 8536559940
1791127 300 0.7040280948200176 8523436560
1791427 300 0.720811237928007 8516874870
1791727 300 0.7108551360842845 8456999460
1792027 300 0.7136523266022827 8293777470
1792327 300 0.7165917471466199 8274912600
1792627 300 0.7291079894644426 8299518930
1792927 300 0.7858103599648816 9015563220
1793227 300 0.744611062335382 8548863120
1793527 300 0.737025460930641 8292957240
1793827 300 0.7439947322212467 8299518930
1794127 300 0.7474556628621598 8292957240
1794427 300 0.7326637401229148 8301979560
1794727 300 0.7349868305531169 8315102940
1795027 300 0.745369622475856 8322484830
1795327 300 0.7741474978050921 8617760850
1795627 300 0.8084723441615452 9214874520
1795927 300 0.772772607550483 9011462190
1796227 300 0.7341334503950835 8716186170
1796527 300 0.7454170324846356 8492268540
1796827 300 0.7477401229148376 8493088740
1797127 300 0.7325689201053556 8479145160
1797427 300 0.7454170324846356 8492268540
1797727 300 0.7847199297629499 8723568090
1798027 300 0.832793678665496 9281311620
1798327 300 0.7728200175592627 8815431720
1798627 300 0.7351290605794557 8657951190
1798927 300 0.7534293239683935 8638266120
1799227 300 0.718630377524144 8605457670
1799527 300 0.7251729587357332 8452898400
1799827 300 0.7214275680421423 8395483620
1800127 300 0.7365513608428447 8435673990
1800427 300 0.8116488147497806 9353490210
1800727 300 0.740486391571554 8887610310
1801027 300 0.7218542581211589 8571829020
1801327 300 0.7393959613696226 8572649220
1801627 300 0.7322844600526779 8571829020
1801927 300 0.7556575943810361 8525897190
1802227 300 0.7558946444249343 8336428440
1802527 300 0.7690272168568921 8191251060
1802827 300 0.8015978928884987 9241121280
1803127 300 0.7652344161545216 9045911040
1803427 300 0.773009657594381 8757196740
1803727 300 0.7591185250219491 8743253130
1804027 300 0.7720140474100088 8723568090
1804327 300 0.7338964003511853 8579210910
1804627 300 0.7525285338015802 8428292070
1804927 300 0.7720140474100088 8369236890
1805227 300 0.787043020193152 8526717420
1805527 300 0.8166742756804215 8743253130
1805827 300 0.7778454784899034 8395483620
1806127 300 0.7606356453028972 8323305060
1806427 300 0.7684108867427569 8316743370
1806727 300 0.7656136962247586 8297058300
1807027 300 0.768790166812994 8283934920
1807327 300 0.7809271290605796 8290496610
1807627 300 0.7795048287971905 8297878500
1807927 300 0.8253028972783143 8625142740
1808227 300 0.8080456540825285 9406803930
1808527 300 0.7773239683933275 8790005190
1808827 300 0.7838665496049166 8692400040
1809127 300 0.8191870061457418 8605457670
1809427 300 0.7993696224758561 8579210910
1809727 300 0.787043020193152 8350372020
1810027 300 0.7531922739244953 8264249850
1810327 300 0.7859525899912203 8179768110
1810627 300 0.850050921861282 8311001880
1810927 300 0.8474907813871818 9525734550
1811227 300 0.8560719929762951 9447814500
1811527 300 2.2553784021071115 8857262490
1811827 300 2.594549604916594 8857262490
1812127 300 2.522581211589113 8856442290
1812427 300 2.559987708516242 8844139110
1812727 300 2.481571553994732 8843318910
1813027 300 2.5289815627743635 8843318910
1813327 300 2.4878296751536437 8837577420
1813627 300 2.516180860403863 9145976790
1813927 300 2.6094363476733977 9480622920
1814227 300 2.5919894644424932 9106606650
1814527 300 2.5095434591747146 8680917090
1814827 300 2.5260895522388056 8517695100
1815127 300 2.4977383669885866 8497189800
1815427 300 2.513573309920983 8497189800
1815727 300 2.4759771729587357 8464381380
1816027 300 2.4623230904302016 8365135830
1816327 300 2.437385425812116 8372517720
1816627 300 2.4816663740122915 8995878150
1816927 300 2.4239209833187005 9369894420
1817227 300 2.3853292361720806 8937643170
1817527 300 2.3725285338015802 8931081480
1817827 300 2.3543705004389817 8924519790
1818127 253 2.4111202809482 8911396410
1818380 47 1.7831273046532046 8904834720
1818427 137 1.7234381035996489 8826094470
1818564 3 1.71689552238806 5053123350
1818567 9 1.7076505706760314 5053123350
1818576 151 1.7636892010535559 5822481390
1818727 300 1.9081000877963126 8199453180
1819027 300 2.2132309043020193 8589873660
1819327 300 2.253102721685689 8550503520
1819627 300 2.2429569798068485 8969631420
1819927 300 2.095701492537313 8406146370
1820227 177 2.1714152765583847 8360214540
1820404 123 1.6871220368744513 8360214540
1820527 61 1.59988762071993 8282294490
1820588 4 1.6260105355575067 4799678130
1820592 1 1.585332748024583 4568378610
1820593 8 1.585332748024583 4568378610
1820601 1 1.585332748024583 4568378610
1820602 1 1.585332748024583 4568378610
1820603 224 1.7042370500438984 6248170950
1820827 300 2.062988586479368 8006703570
1821127 184 2.157334503950834 8020647150
1821311 116 1.486482879719052 8014085460
1821427 68 1.5026022827041263 7928783520
1821495 2 1.5715838454784898 4287046200
1821497 1 1.4814100087796316 4287046200
1821498 10 1.4814100087796316 4287046200
1821508 1 1.4814100087796316 4287866400
1821509 1 1.4814100087796316 4287866400
1821510 210 1.6046760316066728 5999646990
1821720 7 1.159401229148376 5999646990
1821727 179 1.5023652326602281 7672877640
1821906 4 1.4976242317822654 4096757220
1821910 2 1.4882370500438982 4096757220
1821912 10 1.4882370500438982 4096757220
1821922 105 1.567980684811238 4702893210
1822027 300 1.754776119402985 7958311110
1822327 300 2.0087989464442493 8381540040
1822627 300 1.896247585601405 7764741300
1822927 300 1.910707638279192 7673697870
1823227 300 1.8982388059701494 7685180820
1823527 300 1.8329078138718171 7692562710
1823827 300 1.8323863037752415 7684360590
1824127 300 1.8100087796312554 7690922280
1824427 300 1.8808393327480246 7993580190
1824727 300 1.86728007023705 8689119210
1825027 300 1.8041773485513608 8689119210
1825327 300 1.7504143985952592 8315102940
1825627 300 1.724860403863038 8092005510
1825927 300 1.6847989464442494 7888593180
1826227 300 1.7432080772607552 7750797690
1826527 300 1.7116330114135208 7783606140
1826827 300 1.7716066725197541 7777044450
1827127 300 1.759422300263389 8131375650
1827427 300 1.7386567164179105 8577570510
1827727 300 1.715710272168569 7829537970
1828027 300 1.7332519754170326 7829537970
1828327 300 1.7149043020193155 7837740090
1828627 300 1.7827480245829674 7830358170
1828927 300 1.6849411764705882 7830358170
1829227 300 1.677782265144864 7836919860
1829527 300 1.7101633011413522 7817234790
1829827 300 1.725998244073749 7823796480
1830127 300 1.7077928007023706 7817234790
1830427 300 1.6943757682177347 7810673100
1830727 300 1.7249078138718175 7830358170
1831027 300 1.7461474978050924 7830358170
1831327 300 1.9733836698858649 7817234790
1831627 300 1.7628358208955226 7810673100
1831927 300 2.070194907813872 8722747860
1832227 300 1.8266971027216856 9208312830
1832527 300 1.751978928884987 8669434140
1832827 300 1.637009657594381 8519335500
1833127 300 1.6725671641791047 8511953610
1833427 300 1.6324582967515364 8439775020
1833727 300 1.6231185250219493 8243744580
1834027 300 1.615580333625988 8119072500
1834327 300 1.6096540825285337 8124813960
1834627 300 1.6533187006145744 8977833510
1834927 300 1.6176663740122914 8859723120
1835227 300 1.5923494293239684 8485706850
1835527 300 1.6427462686567162 8479965390
1835827 300 1.6701966637401229 8708804280
1836127 300 1.6142054433713784 8282294490
1836427 300 1.621838454784899 7967333430
1836727 300 1.6500474100087796 7935345210
1837027 300 1.6788252853380161 7968153630
1837327 300 1.583768217734855 8460280320
1837627 300 1.6072835820895524 8348731590
1837927 300 1.5629552238805973 8191251060
1838227 300 1.1392519754170327 4202564430
1838527 69 1.1662282704126428 4202564430
1838596 231 1.4925987708516244 8157622410
1838827 107 1.0743002633889376 4091015730
1838934 193 1.5157348551360843 8157622410
1839127 300 1.543943810359965 7987018500
1839427 300 1.518626865671642 7966513230
1839727 300 1.6317945566286218 8669434140
1840027 300 1.5878928884986832 9593812050
1840327 300 1.5237471466198418 8834296590
1840627 300 1.5328972783143109 8767859490
1840927 300 1.5780316066725195 8670254340
1841227 300 1.5821562774363476 8578390710
1841527 300 1.6035856014047412 8506212120
1841827 300 1.6547884108867428 8250306270
1842127 300 1.6069517120280947 8185509600
1842427 300 1.6000772607550484 8205194670
1842727 300 1.608089552238806 9294435000
1843027 300 1.7799034240561897 8860543320
1843327 131 0.9537840210711152 4423201230
1843458 169 1.1810676031606673 8552964180
1843627 300 0.851188762071993 9037708920
1843927 300 0.7977576821773487 8722747860
1844227 300 0.7684108867427569 8571829020
1844527 300 0.7692168568920106 8289676410
1844827 300 0.7475978928884986 7987018500
1845127 300 0.7893661106233538 8177307480
1845427 282 0.5466742756804215 4446987360
1845709 18 0.8087093942054434 8446336710
1845727 300 0.7548990342405619 8315102940
1846027 300 0.7072519754170326 8321664630
1846327 300 0.7284916593503072 8112510810
1846627 300 0.7121826163301141 7987018500
1846927 300 0.709622475856014 7980456810
1847227 300 0.6977225636523267 7974715320
1847527 300 0.6693239683933274 7975535550
1847827 300 0.6965373134328359 7994400390
1848127 300 0.7088165057067604 8885969880
1848427 300 0.6920333625987709 8334788010
1848727 300 0.6831202809482002 8335608210
1849027 300 0.6780474100087797 8315923170
1849327 300 0.662971027216857 8087084250
1849627 300 0.7317155399473222 8349551820
1849927 300 0.7217594381035997 8631704430
1850227 300 0.6712677787532924 8361854970
1850527 300 0.6416365232660228 8250306270
1850827 300 0.6912273924495171 8210936130
1851127 300 0.658846356453029 8152701150
1851427 300 0.6486532045654083 8047714110
1851727 300 0.6587515364354697 8048534340
1852027 300 0.6518770851624232 8021467380
1852327 300 0.6793748902546093 8041972650
1852627 300 0.6844477611940298 8166644730
1852927 300 0.7410553116769096 8448797340
1853227 300 0.7132256365232661 8047714110
1853527 300 0.6959209833187007 8041152420
1853827 300 0.7004723441615452 8677636260
1854127 300 0.7148375768217735 8028029070
1854427 300 0.7025109745390694 8009164200
1854727 300 0.67671992976295 7996040820
1855027 300 0.6577559262510975 7981277010
1855327 300 0.6707462686567164 7974715320
1855627 300 0.6672379280070238 7973895120
1855927 300 0.7195785776997367 8519335500
1856227 300 0.7304828797190518 8046893910
1856527 300 0.6827884108867428 8006703570
1856827 300 0.6761510096575944 7987018500
1857127 300 0.7005197541703249 7973895120
1857427 300 0.6708410886742757 7967333430
1857727 300 0.6929815627743635 7973895120
1858027 300 0.6719789288849869 7974715320
1858327 300 0.6674275680421422 7967333430
1858627 300 0.6888568920105356 7987018500
1858927 300 0.6966321334503951 8014085460
1859227 300 0.7561791044776119 8788364760
1859527 300 0.7315258999122037 8257688160
1859827 300 0.690990342405619 8007523770
1860127 300 0.6898999122036875 7994400390
1860427 300 0.68828797190518 8007523770
1860727 300 0.6687550482879719 7993580190
1861027 300 0.6541527655838455 7987838700
1861327 300 0.673496049165935 7981277010
1861627 300 0.6535838454784899 7974715320
1861927 300 0.6676172080772608 7968153630
1862227 300 0.6960632133450395 8808049830
1862527 300 0.6488428446005268 8296238100
1862827 300 0.6378911325724319 7974715320
1863127 300 0.6394082528533802 7987838700
1863427 300 0.6181685689201054 7994400390
1863727 300 0.6119104477611941 7988658930
1864027 300 0.6086391571553995 7987018500
1864327 300 0.6090184372256366 7987018500
1864627 300 0.5849815627743635 7974715320
1864927 300 0.6161773485513609 8020647150
1865227 300 0.6412572431957858 8402865540
1865527 300 0.5755469710272169 8132195880
1865827 300 0.5699525899912204 7974715320
1866127 300 0.5776804214223002 7973895120
1866427 300 0.5706637401229149 7966513230
1866727 300 0.5764477611940299 7987018500
1867027 300 0.5821843722563652 7973074920
1867327 300 0.5667287093942055 7967333430
1867627 300 0.5662071992976294 7975535550
1867927 300 0.5535013169446883 7975535550
1868227 300 0.5625566286215979 7968973860
1868527 300 0.5956962247585602 8717006400
1868827 300 0.5721808604038632 8526717420
1869127 300 0.5516997366110623 7988658930
1869427 300 0.5593801580333626 7982097240
1869727 300 0.5498981562774364 7974715320
1870027 300 0.5540228270412644 7963232370
1870327 300 0.5523634767339772 7969794060
1870627 300 0.536196663740123 7963232370
1870927 300 0.5440193151887621 7963232370
1871227 300 0.551225636523266 8055916230
1871527 300 0.6039929762949956 9099224760
1871827 300 0.5566777875329236 8495549400
1872127 300 0.5363388937664619 8016546090
1872427 300 0.5542124670763828 8009164200
1872727 300 0.5353432835820896 8009164200
1873027 300 0.5376663740122914 8003422710
1873327 300 0.5400368744512731 7996861020
1873627 300 0.5257664618086041 7983737670
1873927 300 0.543260755048288 8002602510
1874227 300 0.5312660228270413 8014085460
1874527 300 0.5376189640035118 8001782310
1874827 300 0.5919034240561897 8666153310
1875127 300 0.5827058823529412 8771140320
1875427 300 0.5359596136962248 8009164200
1875727 300 0.5415065847234417 8016546090
1876027 300 0.550846356453029 8015725890
1876327 300 0.5201720807726076 7983737670
1876627 300 0.5179912203687446 7983737670
1876927 300 0.5480017559262511 7977175980
1877227 300 0.534395083406497 7969794060
1877527 300 0.5647848990342406 8186329800
1877827 300 0.6058419666374013 8493908970
1878127 300 0.5391834942932396 8041972650
1878427 300 0.5210254609306408 8041152420
1878727 300 0.5496611062335383 8015725890
1879027 300 0.666811237928007 8002602510
1879327 300 0.5084618086040387 8015725890
1879627 300 0.5644530289727832 8009164200
1879927 300 0.5714697102721686 8009984400
1880227 300 0.5550184372256366 8014905690
1880527 300 0.5804302019315188 8023107780
1880827 300 0.6039929762949956 8928620850
1881127 300 0.5958858647936787 9051652530
1881427 300 0.5668235294117647 8671074570
1881727 300 0.575404741000878 8666153310
1882027 300 0.5720860403863037 8324945490
1882327 300 0.5610869183494294 8095286370
1882627 300 0.5782967515364354 8009984400
1882927 300 0.5699051799824407 8029669470
1883227 300 0.5728920105355575 8029669470
1883527 300 0.5728920105355575 8029669470
1883827 300 0.552647936786655 8029669470
1884127 300 0.6205864793678666 8653029930
1884427 300 0.6076435469710273 9413365620
1884727 300 0.6038033362598771 9085281180
1885027 300 0.5868779631255487 8685018150
1885327 300 0.5933257243195786 8587413030
1885627 300 0.5807146619841967 8416809120
1885927 300 0.5882054433713785 8166644730
1886227 300 0.5695258999122037 8016546090
1886527 300 0.6104881474978052 8016546090
1886827 300 0.5836066725197542 8016546090
1887127 300 0.5957910447761194 8023107780
1887427 300 0.6286935908691835 8803128540
1887727 300 0.5941316944688323 8318383800
1888027 300 0.577064091308165 8035410960
1888327 300 0.5983511852502195 8048534340
1888627 300 0.598920105355575 8048534340
1888927 300 0.5824214223002634 8041972650
1889227 300 0.5844126426690079 8042792850
1889527 300 0.5952221246707639 8041972650
1889827 300 0.5854082528533802 8042792850
1890127 300 0.601622475856014 8134656510
1890427 300 0.6606005267778754 8731770180
1890727 300 0.59057594381036 8317563570
1891027 300 0.581330992098332 8061657720
1891327 300 0.5873046532045654 8049354540
1891627 300 0.5889165935030729 8048534340
1891927 300 0.5854556628621599 8068219410
1892227 300 0.5863090430201932 8055096030
1892527 300 0.5787708516242318 8055916230
1892827 300 0.6024284460052678 8068219410
1893127 300 0.5848867427568043 8049354540
1893427 300 0.6539157155399473 8876947560
1893727 300 0.600484635645303 8678456460
1894027 300 0.5781545215100966 8680096890
1894327 300 0.5877787532923617 8573469450
1894627 300 0.5748358208955224 8187150000
1894927 300 0.5901966637401229 8036231160
1895227 300 0.5985882352941176 8037051390
1895527 300 0.5917611940298508 8063298120
1895827 300 0.6009587357330992 8069859810
1896127 300 0.6036611062335382 8056736430
1896427 300 0.6917963125548727 8607918300
1896727 300 0.6265127304653205 8607918300
1897027 300 0.6347146619841966 8056736430
1897327 300 0.6413994732221248 8062477920
1897627 300 0.6276979806848113 8063298120
1897927 300 0.6248059701492538 8063298120
1898227 300 0.6164618086040387 8082983190
1898527 300 0.6114837576821774 8069859810
1898827 300 0.5921404741000879 8063298120
1899127 300 0.6095873573309921 8108409750
1899427 300 0.6699877085162423 8797387080
1899727 300 0.6046093064091309 8239643520
1900027 300 0.5879683933274803 8075601300
1900327 300 0.5848867427568043 8075601300
1900627 300 0.586071992976295 8075601300
1900927 300 0.6069323968393328 8095286370
1901227 300 0.6107251975417034 8096106570
1901527 300 0.5793397717295874 8089544880
1901827 300 0.5852186128182617 8096106570
1902127 300 0.5753573309920983 8096106570
1902427 300 0.6415891132572431 8804768970
1902727 300 0.6274609306409131 8365135830
1903027 300 0.5970711150131695 8115791640
1903327 300 0.6167462686567164 8109229950
1903627 300 0.6091132572431958 8122353330
1903927 300 0.6021439859525901 8123173530
1904227 300 0.5901966637401229 8122353330
1904527 300 0.599963125548727 8096106570
1904827 300 0.6047041264266901 8096106570
1905127 300 0.6240474100087796 8096106570
1905427 300 0.6946409130816505 8752275480
1905727 300 0.6508340649692713 8653850130
1906027 300 0.6181211589113258 8161723470
1906327 300 0.6450500438981563 8175667050
1906627 300 0.6559069359086919 8136296910
1906927 300 0.6508340649692713 8110050180
1907227 300 0.6416839332748026 8142858600
1907527 300 0.6499332748024583 8162543670
1907827 300 0.652398595258999 8142038400
