179113 300 1.0215329236172082 11577082530
179413 300 1.0383160667251974 12469472220
179713 300 1.0222914837576824 11992109340
180013 300 1.0460913081650571 11938795620
180313 300 1.0321527655838456 11774753400
180613 300 1.0649130816505707 11794438470
180913 300 1.038268656716418 12627772950
181213 300 1.121473222124671 12181578120
181513 300 1.0749640035118526 12182398320
181813 300 1.0728779631255487 12175016430
182113 300 1.0767181738366989 12169274940
182413 300 1.056 12110219760
182713 300 1.0626374012291482 11972424270
183013 300 1.08297629499561 12017535900
183313 300 1.122468832309043 12758186520
183613 300 1.0478928884986831 12273441750
183913 300 1.0663353819139596 12014255040
184213 300 1.0656716417910448 11995390200
184513 300 1.0614521510096577 11975705130
184813 300 1.0408762071992976 11968323210
185113 300 1.045854258121159 11961761550
185413 300 1.0456172080772608 11968323210
185713 300 1.1060649692712907 12965699940
186013 300 1.1060649692712907 13457826600
186313 300 1.0949236172080772 12571998600
186613 300 1.0318683055311677 12040501800
186913 300 1.0719771729587357 12033940110
187213 300 1.0595557506584723 12029018850
187513 300 1.0431992976294997 12042142230
187813 300 1.0243301141352064 12029839050
188113 300 1.0807954345917472 12048703920
188413 300 1.1667497805092184 12855791640
188713 300 1.1391097453906935 13086270960
189013 300 1.1019877085162424 12613009170
189313 300 1.0918419666374013 12448146720
189613 300 1.0743476733977175 12416158500
189913 300 1.0564741000877964 12278363010
190213 300 1.1085302897278315 12036400740
190513 300 1.089187006145742 12016715670
190813 300 1.1502036874451274 12554774160
191113 300 1.1049271290605795 12443225460
191413 300 1.100707638279192 11885481900
191713 300 1.0959192273924496 11872358520
192013 300 1.0716927129060578 11878920210
192313 300 1.1029833187006146 11852673450
192613 300 1.0760070237050043 11852673450
192913 300 1.105638279192274 11852673450
193213 300 1.1364073748902546 12726198300
193513 300 1.1417172958735735 13073967810
193813 300 1.1182019315188763 12594964500
194113 300 1.1285373134328358 12903363900
194413 300 1.1009920983318702 12410417010
194713 300 1.0951606672519754 12260318370
195013 300 1.1078665496049167 12239813100
195313 300 1.1702107111501319 12364485180
195613 300 1.1606338893766464 12377608560
195913 300 1.1842440737489026 12062647500
196213 300 1.1185812115891132 12056085810
196513 300 1.137497805092186 12049524120
196813 300 1.1449411764705884 12003592290
197113 300 1.1276365232660228 11807561850
197413 300 1.1426654960491658 11819865000
197713 300 1.1262142230026337 11819865000
198013 300 1.1533801580333625 12416978700
198313 300 1.1317137840210711 12384170250
198613 300 1.129675153643547 11846111760
198913 300 1.104595258999122 11826426690
199213 300 1.1465531167690957 11826426690
199513 300 1.1335153643546971 11819865000
199813 300 1.1139824407374892 11819865000
200113 300 1.1364547848990343 11833808610
200413 300 1.1366444249341527 11840370300
200713 300 1.1855715539947322 13073967810
201013 300 1.1872309043020195 13873673640
201313 300 1.2052941176470586 13696508040
201613 300 1.1917822651448637 12259498170
201913 300 1.1746198419666376 12280003440
202213 300 1.1778437225636524 12306250200
202513 300 1.1731501316944688 12286565130
202813 300 1.1447041264266902 12299688510
203113 300 1.1599701492537313 12285744930
203413 300 1.1496821773485513 12377608560
203713 300 1.2155346795434592 13053462510
204013 300 1.1900280948200175 13073967810
204313 300 1.1941527655838455 12889420290
204613 300 1.1845759438103602 12548212470
204913 300 1.1795978928884987 12371046870
205213 300 1.1857611940298507 12253756680
205513 300 1.1892695346795437 12253756680
205813 300 1.6862212467076385 12312811890
206113 300 1.4962019315188764 13114158150
206413 300 1.2177629499561018 12739321680
206713 300 1.2412309043020193 12311991690
207013 300 2.8977840210711148 12318553380
207313 300 2.9826479367866545 12364485180
207613 300 2.9127181738366987 12397293630
207913 300 2.095369622475856 12398113860
208213 300 2.949460930640913 12398113860
208513 300 2.9024776119402986 12982104150
208813 300 2.7646093064091306 12969801000
209113 300 2.5751589113257243 12424360590
209413 300 2.5688059701492536 12399754260
209713 300 2.6143195785776996 12399754260
210013 300 2.061187006145742 12398934060
210313 300 2.35584021071115 12405495750
210613 300 2.4938507462686568 12411237210
210913 300 2.555246707638279 12648278220
211213 300 2.368783143107989 12772950330
211513 300 1.5053046532045653 12458809470
211813 300 1.0976733977172959 12451427580
212113 300 1.0989060579455665 12436663770
212413 300 2.019655838454785 12443225460
212713 300 1.927348551360843 12451427580
213013 300 2.1128165057067605 12457989270
213313 300 2.266330114135206 14439619290
213613 300 1.5262598770851625 14380564110
213913 300 1.017550482879719 13238830230
214213 300 1.559589113257243 12753265260
214513 300 2.1745917471466196 12759006720
214813 300 2.1117260755048286 12745883370
215113 300 2.2584600526777874 12740141880
215413 300 2.190900790166813 12786073710
215713 300 2.204317822651449 12805758780
216013 300 2.2583652326602284 13212583470
216313 300 2.3083353819139596 14031974370
216613 300 2.2874749780509216 13421737320
216913 300 2.3002282704126427 13166651640
217213 300 1.4854872695346797 13028856180
217513 300 1.258630377524144 13022294490
217813 300 2.0239701492537314 13014912600
218113 300 2.1137647058823528 12870555450
218413 300 2.0508990342405617 12851690580
218713 300 2.000597014925373 13133843220
219013 300 1.4759104477611942 13592341230
219313 300 1.9712502194907813 12903363900
219613 300 2.0799613696224757 12850870380
219913 300 2.103476733977173 12843488490
220213 300 2.1308797190518 12844308690
220513 300 2.033641791044776 12844308690
220813 300 1.2650307287093943 12844308690
221113 300 1.0641545215100967 12832005510
221413 300 1.483258999122037 13290503520
221713 300 2.0465373134328355 13028856180
222013 300 2.105325724319578 12877937340
222313 300 2.114333625987708 12871375650
222613 300 1.2727111501316943 12864813960
222913 300 1.1366444249341527 12857432070
223213 300 2.045826163301141 12883678830
223513 300 2.1242423178226515 12891060720
223813 300 2.083754170324846 12877937340
224113 300 2.1284143985952593 13724395200
224413 300 2.110683055311677 14052479640
224713 300 2.1301685689201055 13619408190
225013 300 2.0366760316066723 13606284810
225313 300 1.9767497805092185 13429119210
225613 300 2.066828797190518 13257695100
225913 300 2.02928007023705 13245391920
226213 300 2.054359964881475 13244571720
226513 300 2.0911027216856892 13133022990
226813 300 2.1187901668129943 13238010030
227113 300 2.117462686567164 13618587990
227413 300 2.0512783143107987 13428299010
227713 300 2.1180790166812997 13429119210
228013 300 2.0787287093942055 13402052250
228313 300 1.9885548726953468 13251953610
228613 300 2.0829007901668133 13218324960
228913 300 2.1422581211589113 13101034770
229213 300 2.177246707638279 13080529500
229513 300 2.012022827041264 13113337920
229813 300 1.376396839332748 14950610820
230113 300 1.3829868305531168 15317245170
230413 300 2.0458735733099207 15192573090
230713 300 2.019608428446005 13625149650
231013 223 2.100632133450395 13606284810
231236 77 1.627906935908692 13580038050
231313 109 1.4559034240561899 13383187380
231422 4 1.451209833187006 8658771390
231426 1 1.4400210711150134 8658771390
231427 8 1.4400210711150134 8658771390
231435 1 1.4400210711150134 8658771390
231436 177 1.507912203687445 10163038560
231613 300 1.069417032484636 12858252270
231913 300 1.080036874451273 13370064000
232213 300 1.0513064091308166 13376625690
232513 300 1.044811237928007 13278200370
232813 300 1.0371782265144864 13219145160
233113 184 1.0687532923617207 13212583470
233297 116 0.8119332748024582 13199460090
233413 67 0.7628165057067603 13127281530
233480 3 0.7406760316066725 8251946700
233483 1 0.7406760316066725 8251946700
233484 7 0.7406760316066725 8251946700
233491 222 0.8054381035996487 10348406280
233713 300 0.9614644424934152 12976362690
234013 76 1.10615978928885 12988665840
234089 185 0.7781773485513608 12929610630
234274 5 0.7771343283582091 8015725890
234279 11 0.750774363476734 7995220620
234290 23 0.8116488147497806 8320024200
234313 247 0.8477752414398595 11198145000
234560 53 0.5737453906935909 11185021620
234613 131 0.7918788410886743 13389749070
234744 3 0.784198419666374 8593154520
234747 10 0.7779402985074626 8593154520
234757 156 0.8396681299385426 10187644920
234913 300 0.9351992976294995 12864813960
235213 300 0.9822774363476735 12687648360
235513 300 0.9777260755048289 12662221830
235813 300 0.9697611940298508 13560352980
236113 300 1.0286918349429324 13087091190
236413 300 1.0214855136084284 13087091190
236713 300 0.9517453906935909 13061664630
237013 300 0.9103090430201933 12930430860
237313 300 0.9031501316944688 12825443820
237613 300 0.9776786654960491 13139584680
237913 300 1.0047971905179982 13303626900
238213 300 0.9493274802458296 12950115930
238513 300 0.940556628621598 12923048970
238813 300 0.951982440737489 12798376860
239113 300 0.9233467954345919 12792635400
239413 300 0.9565338015803336 12779512020
239713 300 0.9000684811237928 12786073710
240013 300 0.9170412642669007 12779512020
240313 300 0.9646409130816506 13245391920
240613 300 0.9306005267778754 13488174420
240913 300 0.8859877085162424 12811500240
241213 300 0.8823845478489903 12785253480
241513 300 0.8958489903424057 12805758780
241813 300 0.8679244951712027 12812320470
242113 300 0.8790658472344162 12793455600
242413 300 0.8704372256365234 12825443820
242713 300 0.8808674275680423 12832005510
243013 300 0.9372853380158035 14354317350
243313 300 0.9451079894644425 15227021970
243613 300 0.9515083406496927 14452742670
243913 300 0.8832853380158034 13704710130
244213 300 0.9231097453906937 13304447130
244513 300 0.920502194907814 13114158150
244813 300 0.89528007023705 13114978350
245113 300 0.8839964881474978 13108416660
245413 300 0.8832379280070237 13108416660
245713 300 0.8610500438981562 13108416660
246013 300 0.8962756804214225 13908942720
246313 300 0.9072748024582968 14334632280
246613 300 0.81942405618964 13935189450
246913 300 0.8012186128182617 13835943930
247213 300 0.8233590869183494 13397130990
247513 300 0.8042054433713783 13351199160
247813 300 0.8122651448639158 13363502310
248113 300 0.8044899034240562 13337255580
248413 300 0.7885127304653206 13206842010
248713 300 0.8400948200175594 13497196740
249013 300 0.8514258121158912 14238667560
249313 300 0.8092783143107991 14121377400
249613 300 0.8134029850746268 13956514950
249913 300 0.8264407374890255 14219802720
250213 300 0.8176698858647937 13307727960
250513 300 0.8267726075504829 13201920720
250813 300 0.8351641791044777 13195359030
251113 300 0.8650798946444249 13235549400
251413 300 0.8773590869183494 13799854620
251713 300 0.8494345917471467 13609565640
252013 300 0.7968568920105357 13445523420
252313 300 0.7958612818261632 13294604580
252613 300 0.8113643546971028 13234729170
252913 300 0.8073345039508342 13221605790
253213 300 0.8038261633011413 13247852550
253513 300 0.8303283582089552 13234729170
253813 300 0.8686830553116769 13504578630
254113 300 0.8700579455662864 13523443500
254413 300 0.8250658472344161 13235549400
254713 300 0.8198981562774363 13222426020
255013 300 0.8389569798068481 13222426020
255313 300 0.795529411764706 13215864330
255613 300 0.8223160667251976 13210122840
255913 300 0.8052958735733099 13222426020
256213 300 0.9031027216856893 13944211800
256513 300 0.8268200175592627 14593818990
256813 300 0.8261088674275682 14016390360
257113 300 0.8012660228270414 13977020220
257413 300 0.8270570676031608 13642374090
257713 300 0.8058647936786656 13268357820
258013 300 0.8088042142230027 13242111090
258313 300 0.8359227392449519 13248672780
258613 300 0.8230272168568922 13307727960
258913 300 0.8965601404741003 15131877480
259213 300 0.8688726953467955 15624824340
259513 300 0.8636101843722563 14693064540
259813 300 0.8220316066725197 13695687810
260113 300 0.8473959613696225 13675182540
260413 300 0.8041106233538191 13689126120
260713 300 0.8757945566286215 13689126120
261013 300 0.8045373134328359 13676002740
261313 300 0.8052484635645304 13681744230
261613 300 0.8052010535557506 13675182540
261913 300 0.873044776119403 14725052760
262213 300 0.8244021071115014 14600380680
262513 300 0.7795522388059701 14219802720
262813 300 0.8045847234416155 14187814500
263113 300 0.800791922739245 14168129430
263413 300 0.7763283582089552 13715372880
263713 300 0.7942019315188763 13643194320
264013 300 0.7707339771729589 13649756010
264313 300 0.8015030728709394 13800674850
264613 300 0.8400000000000001 14437158660
264913 300 0.8121703248463564 14443720350
265213 300 0.7944389815627745 14384665140
265513 300 0.822647936786655 14135320980
265813 300 0.810937664618086 14030333940
266113 300 0.7811167690956979 13872033210
266413 300 0.7794100087796314 13840044990
266713 300 0.7839139596136963 13728496260
267013 300 0.8833801580333626 14574133920
267313 300 0.8509043020193153 14766063330
267613 300 0.8298542581211589 14391226830
267913 300 0.8339789288849869 14352676920
268213 300 0.8586321334503952 14746378260
268513 300 0.8471589113257243 13794113160
268813 300 0.8085671641791046 13669441050
269113 300 0.8051062335381916 13669441050
269413 300 0.8087093942054434 13682564430
269713 300 0.8465899912203687 13997525520
270013 300 0.869204565408253 13912223550
270313 300 0.8100368744512731 13702249500
270613 300 0.7791255487269535 13695687810
270913 300 0.7910728709394206 13689126120
271213 300 0.8099420544337138 13695687810
271513 300 0.8151097453906936 13689946350
271813 300 0.8150149253731345 13683384660
272113 300 0.8220316066725197 13688305920
272413 300 0.8205144863915715 13689946350
272713 300 0.9168042142230026 15519837330
273013 300 0.9123476733977173 16471282200
273313 300 0.9029604916593504 15834798390
273613 300 0.8617611940298507 14758681410
273913 300 0.8305654082528534 14653694400
274213 300 0.8170061457418789 14943228930
274513 300 0.841043020193152 14568392430
274813 300 0.8282423178226515 14437158660
275113 300 0.8374398595258999 14431417200
275413 300 0.901585601404741 14575774350
275713 300 0.9000684811237928 14661076290
276013 300 0.8604811237928008 14313306780
276313 300 0.8725706760316067 14234566530
276613 300 0.8670711150131694 14096771040
276913 300 0.8443143107989465 14076265770
277213 300 0.8164372256365233 14076265770
277513 300 0.8079034240561898 14082827460
277813 300 0.8097050043898156 14082827460
278113 300 0.8606707638279192 14660256090
278413 300 0.8366812993854259 14588077500
278713 300 0.8357330992098332 14069704080
279013 300 0.8069552238805972 14069704080
279313 300 0.801171202809482 14069704080
279613 300 0.808899034240562 14063142390
279913 300 0.8232642669007904 14056580700
280213 300 0.8174328358208955 14102512530
280513 300 0.7969517120280948 14102512530
280813 300 0.813260755048288 14089389150
281113 300 0.8141615452151009 14430596970
281413 300 0.7868059701492539 14102512530
281713 300 0.8087093942054434 14089389150
282013 300 0.784198419666374 14103332730
282313 300 0.8133555750658473 14208319770
282613 300 0.8489604916593504 14260813260
282913 300 0.8001281826163301 14109074220
283213 300 0.7946286215978928 14102512530
283513 300 0.835116769095698 14102512530
283813 300 0.8171483757682179 14082827460
284113 300 0.8092309043020193 14082827460
284413 300 0.7830605794556629 14076265770
284713 300 0.8057225636523268 14082827460
285013 300 0.8420860403863039 14811174930
285313 300 0.8428446005267779 14536404210
285613 300 0.8021194029850746 14104152960
285913 300 0.8177647058823531 14096771040
286213 300 0.8507620719929765 14103332730
286513 300 0.8600070237050045 14109074220
286813 300 0.834358208955224 14095950840
287113 300 0.8762212467076383 14095950840
287413 300 0.8746567164179104 14102512530
287713 300 0.847348551360843 14102512530
288013 300 0.8344530289727833 14103332730
288313 300 0.8303283582089552 14095950840
288613 300 0.8399051799824407 14338733340
288913 300 0.874988586479368 16537719300
289213 300 0.8517576821773487 16215376350
289513 300 0.8376769095697981 14943228930
289813 300 0.8250184372256366 14306745090
290113 300 0.8287638279192275 14332991850
290413 300 0.8453099209833187 14312486580
290713 300 0.8214152765583846 14305924890
291013 300 0.8329833187006147 14312486580
291313 300 0.8359701492537314 14293621710
291613 300 0.865838454784899 14627447640
291913 300 0.8644635645302897 15540342600
292213 300 0.8782124670763828 14969475660
292513 300 0.8631360842844602 14936667240
292813 300 0.8844705882352941 14793130290
293113 300 0.8889745390693592 14792310060
293413 300 0.879729587357331 14785748370
293713 300 0.8339315188762073 14654514600
294013 300 0.8226005267778753 14614324260
294313 300 0.8574942932396838 14568392430
294613 300 0.9192695346795436 15447658740
294913 300 0.8573046532045655 15244246380
295213 300 0.8181439859525901 15015407490
295513 300 0.8257295873573312 15264751680
295813 300 0.8484389815627745 14792310060
296113 300 0.8534644424934152 14760321840
296413 300 0.8867936786654961 14635649760
296713 300 0.8737085162423177 14590538130
297013 300 0.8975557506584725 14806253670
297313 300 0.894142230026339 14811174930
297613 300 0.8817682177348551 14805433440
297913 300 0.8745144863915716 14798871750
298213 300 0.8740403863037752 14654514600
298513 300 0.868825285338016 14555269050
298813 300 0.8840913081650571 14445360780
299113 300 0.8854661984196663 14478169230
299413 300 0.9123950834064971 14741456970
299713 300 0.9254802458296751 15207336900
300013 300 0.871906935908692 14840702520
300313 300 0.8572572431957859 14538864840
300613 300 0.8806777875329236 14538044640
300913 300 0.8587743634767341 14533123350
301213 300 0.9011589113257243 14519179770
301513 300 1.1611079894644427 14532303150
301813 300 0.9141966637401229 14558549910
302113 300 0.9401773485513609 14971936320
302413 300 1.0280280948200176 17013441750
302713 300 1.0477032484635644 17315279460
303013 300 0.9524091308165057 15609240330
303313 300 0.9268551360842845 15366457860
303613 300 0.9428323090430202 15182730570
303913 300 0.9732695346795434 15030991500
304213 300 0.9495171202809483 15036732990
304513 300 0.9401299385425812 15050676570
304813 300 0.9481896400351185 14926824690
305113 300 0.9495645302897278 14874331170
305413 300 0.9462458296751536 15149922120
305713 300 0.9843634767339773 15647790270
306013 300 1.4101527655838455 15648610470
306313 300 1.3589499561018439 15379581240
306613 300 0.9766356453028974 15347592990
306913 300 0.9461035996488147 15163045500
307213 300 0.9606110623353818 14894016240
307513 300 1.0217699736611063 14743097400
307813 300 0.9613222124670764 14723412330
308113 300 1.0029482001755925 14992441590
308413 300 0.9626022827041265 15576431880
308713 300 0.9301738366988588 15359896170
309013 300 0.8956119402985075 15287717580
309313 300 0.8864618086040386 15858584520
309613 300 0.8718121158911326 15143360430
309913 300 0.8711009657594381 14901398160
310213 300 0.8673081650570675 14737355940
310513 300 0.8601492537313433 14737355940
310813 300 0.9007796312554873 15301661160
311113 300 0.8537963125548726 15379581240
311413 300 0.8778805970149255 15057238260
311713 300 0.8541281826163302 14964554400
312013 300 0.8403318700614576 14893196040
312313 300 0.834358208955224 14907959850
312613 300 0.8456892010535557 14900577930
312913 300 0.9076540825285339 15108911550
313213 300 0.9387550482879718 15778203840
313513 300 0.90684811237928 15503433090
313813 300 0.8617137840210712 15391884390
314113 300 0.8741826163301141 15379581240
314413 300 0.888358208955224 15202415640
314713 300 0.8687304653204566 15097428600
315013 300 0.846969271290606 15084305220
315313 300 0.8742774363476734 14958812940
315613 300 0.903908691834943 15273774000
315913 300 0.861334503950834 15405007770
316213 300 0.8215575065847234 15195853950
316513 300 0.8135926251097455 15097428600
316813 300 0.8270570676031608 15044935080
317113 300 0.8423705004389815 14822657880
317413 300 0.8345004389815628 14763602670
317713 300 0.8079982440737489 14755400580
318013 300 0.9178946444249343 15345952560
318313 300 0.8898753292361721 15234403860
318613 300 0.8399051799824407 14742277200
318913 300 0.8573046532045655 14761142040
319213 300 0.8370131694468834 14756220780
319513 300 0.8279578577699738 14729974020
319813 300 0.8155364354697103 14743097400
320113 300 0.8191870061457418 14742277200
320413 300 0.8522791922739246 15509994780
320713 300 0.7916892010535557 15714227370
321013 300 0.7863318700614575 15399266280
321313 300 0.7960035118525022 15392704620
321613 300 0.8207989464442493 15353334480
321913 300 0.8418489903424057 15103990290
322213 300 0.865838454784899 14972756520
322513 300 0.8276733977172959 14867769510
322813 300 0.8595803336259877 14808714300
323113 300 0.826630377524144 14815275990
323413 300 0.8696786654960491 15149922120
323713 300 0.8229798068481123 15136798740
324013 300 0.8290956979806848 14815275990
324313 300 0.8296646180860405 14808714300
324613 300 0.7896979806848112 14808714300
324913 300 0.8201826163301142 14802152610
325213 300 0.8251132572431958 14795590920
325513 300 0.8220316066725197 14775085650
325813 300 0.8496716417910449 14894016240
326113 300 0.8145408252853381 15110551980
326413 300 0.8586321334503952 14769344160
326713 300 0.8555030728709394 14447821410
327013 300 0.8232168568920105 11861695770
327313 300 0.8335522388059701 11836269240
327613 300 0.8304231782265146 11836269240
327913 300 0.797188762071993 11836269240
328213 300 0.8464477611940298 12243914160
328513 300 0.8944741000877963 9901391220
328813 300 0.8717172958735733 8916317700
329113 300 0.8106532045654083 8765398830
329413 300 0.8107006145741879 8621041680
329713 300 0.8177647058823531 8508672780
330013 300 0.790503950834065 8443055880
330313 300 0.8246391571553996 8436494190
330613 300 0.8162949956101845 8449617570
330913 300 0.8671185250219492 9034428090
331213 300 0.8710535557506586 9165661860
331513 300 0.7956242317822653 8746533990
331813 300 0.9614170324846357 8746533990
332113 300 1.4271255487269539 9165661860
332413 300 0.8828112379280072 8524256790
332713 300 0.8339315188762073 8470122840
333013 300 0.7977102721685689 8456179260
333313 300 0.8189025460930641 8470122840
333613 300 0.8768375768217735 8817072150
333913 300 0.8878841088674276 8613659790
334213 300 1.079657594381036 8534919510
334513 300 1.3160438981562776 9008181330
334813 300 1.608089552238806 8339709270
335113 300 1.4896119402985075 8404505940
335413 300 1.453058823529412 8378259210
335713 300 1.02902370500439 8365135830
336013 300 0.8251606672519755 8942564430
336313 300 0.8329833187006147 8357753910
336613 300 0.7951501316944689 8358574140
336913 300 0.8099420544337138 8351192220
337213 300 0.795529411764706 8332327380
337513 300 0.7652344161545216 8318383800
337813 300 0.781496049165935 8325765690
338113 300 0.7740052677787532 8312642310
338413 300 0.7815908691834943 8351192220
338713 300 0.8309920983318702 8791645590
339013 300 0.7694539069359086 8352832650
339313 300 0.7539508340649693 8333147580
339613 300 0.7659929762949956 8338068870
339913 300 0.7430939420544338 8332327380
340213 300 0.7578384547848992 8339709270
340513 300 0.7478823529411766 8358574140
340813 300 0.7508691834942933 8339709270
341113 300 0.810937664618086 8871206070
341413 300 0.7781773485513608 8818712580
341713 300 0.7567006145741879 8333147580
342013 300 0.7742423178226514 8325765690
342313 300 0.7620105355575066 8326585890
342613 300 0.7454644424934153 8333147580
342913 300 0.7496365232660228 8327406120
343213 300 0.7521492537313434 8327406120
343513 300 0.7479771729587358 8372517720
343813 300 0.8371553994732223 9574127010
344113 300 0.8180017559262511 9659428950
344413 300 0.7848147497805091 9343647660
344713 300 0.8113643546971028 9344467890
345013 300 0.7744793678665496 9337906200
345313 300 0.7689798068481124 9074618430
345613 300 0.7766602282704127 9022945140
345913 300 0.7690272168568921 8845779540
346213 300 0.8432238805970149 9442893210
346513 300 0.7964302019315189 8990136690
346813 300 0.8028779631255487 8752275480
347113 300 0.8237857769973662 8732590410
347413 300 0.7816856892010536 8746533990
347713 300 0.8177172958735732 8766219060
348013 300 0.7641913959613695 8752275480
348313 300 0.7774661984196665 8772780750
348613 300 0.8163898156277438 9487184610
348913 300 0.7895557506584724 9028686600
349213 300 0.7702598770851625 8760477570
349513 300 0.7993222124670766 8773600950
349813 300 0.7827287093942055 9068056740
350113 300 0.7871378402107111 8771960520
350413 300 0.7916417910447762 8745713790
350713 300 0.7493046532045655 8746533990
351013 300 0.7476453028972784 8746533990
351313 300 0.8012660228270414 9014743020
351613 300 0.7994170324846356 8765398830
351913 300 0.7545671641791045 8766219060
352213 300 0.7676997366110624 8753095680
352513 300 0.7522440737489026 8733410610
352813 300 0.7713977172958736 8739972300
353113 300 0.7741949078138719 8759657370
353413 300 0.8062914837576821 8778522210
353713 300 0.8325092186128183 9500307990
354013 300 0.791784021071115 9034428090
354313 300 0.7841510096575944 8771960520
354613 300 0.7799315188762074 9362512530
354913 300 0.766846356453029 8785083900
355213 300 0.7578858647936787 8758837140
355513 300 0.7581703248463564 8752275480
355813 300 0.7957190517998244 8752275480
356113 300 0.8267251975417034 9297715860
356413 300 0.8131185250219491 8785904130
356713 300 0.7804530289727832 8791645590
357013 300 0.7935381913959613 8791645590
357313 300 0.8163898156277438 8791645590
357613 300 0.82587181738367 8791645590
357913 300 0.7957190517998244 8771960520
358213 300 0.7795522388059701 8758837140
358513 300 0.8166742756804215 8929441050
358813 300 0.8866988586479367 9350209350
359113 300 0.8406163301141353 8411887860
359413 300 0.7922581211589114 8260969020
359713 300 0.8141141352063214 8267530710
360013 300 0.808235294117647 8249486070
360313 300 0.7882756804214224 8242104150
360613 300 0.7859525899912203 8240463720
360913 300 0.8308024582967516 8241283950
361213 300 0.8545548726953469 8844959310
361513 300 0.8553134328358211 8667793710
361813 300 0.7782721685689201 8215037190
362113 300 0.8006022827041265 8831835930
362413 300 0.7901246707638281 8241283950
362713 300 0.794865671641791 8241283950
363013 300 0.8429394205443372 8234722260
363313 300 0.8620456540825285 8313462510
363613 300 0.8699157155399473 8682557520
363913 300 0.8457366110623354 8228980770
364213 300 0.8347848990342405 8215857390
364513 300 0.8454995610184373 8214216990
364813 300 0.8360649692712907 8227340370
365113 300 0.81942405618964 8233902030
365413 300 0.863420544337138 8247845640
365713 300 0.8408533801580335 8247025410
366013 300 0.8267726075504829 8227340370
366313 300 0.8606707638279192 8201093610
366613 300 0.8623301141352064 8207655300
366913 300 0.8466848112379279 8207655300
367213 300 0.8347848990342405 8207655300
367513 300 0.8221738366988588 8273272170
367813 300 0.8999736611062334 9270648900
368113 300 0.8246865671641791 9068056740
368413 300 0.8131185250219491 8818712580
368713 300 0.8292853380158034 9500307990
369013 300 0.8132133450395083 8771960520
369313 300 0.8597225636523267 8405326170
369613 300 0.8377243195785777 8214216990
369913 300 0.8651273046532046 8254407330
370213 300 0.9061369622475857 8863824180
370513 300 0.8760316066725197 8365956030
370813 300 0.8353538191395962 8358574140
371113 300 0.8444565408252853 8378259210
371413 300 0.8607655838454785 8320024200
371713 300 0.8514258121158912 8221598880
372013 300 0.8492449517120281 8233902030
372313 300 0.8624249341527657 8221598880
372613 300 0.8564986830553116 8214216990
372913 300 0.8548867427568042 8207655300
373213 300 0.8741352063213346 8208475500
373513 300 0.9026760316066726 8215037190
373813 300 0.8785917471466198 8234722260
374113 300 0.8766953467954347 8247845640
374413 300 0.8594381035996488 8241283950
374713 300 0.8290008779631255 8241283950
375013 300 0.900305531167691 9395320980
375313 300 0.8500983318700615 9488825040
375613 300 0.8353538191395962 8589053460
375913 300 0.8249236172080773 8562806700
376213 300 0.8509043020193153 8556245010
376513 300 0.8079982440737489 8529178050
376813 300 0.8193292361720808 8535739740
377113 300 0.8070500438981563 8529178050
377413 300 0.8227427568042142 8516874870
377713 300 0.872665496049166 8944204860
378013 300 0.8513784021071116 9403523100
378313 300 0.828052677787533 8799847710
378613 300 0.8157260755048288 8786724330
378913 300 0.8529429323968393 8794926450
379213 300 0.8555030728709394 8793286020
379513 300 0.825492537313433 8733410610
379813 300 0.8319877085162424 8675175630
380113 300 0.8813889376646181 8681737320
380413 300 0.9623652326602283 9082000320
380713 300 0.9061843722563653 8826094470
381013 300 0.8655065847234418 8622682110
381313 300 0.8718595258999122 9265727610
381613 300 0.8675452151009657 8628423600
381913 300 0.8528481123792802 8609558730
382213 300 0.8654591747146619 8602997040
382513 300 0.871764705882353 8602997040
382813 300 0.9261913959613697 9206672430
383113 300 0.9157137840210713 8609558730
383413 300 0.8437928007023706 8608738530
383713 300 0.8358279192273925 8595615150
384013 300 0.8478226514486391 8588233230
384313 300 0.8549815627743635 8589053460
384613 300 0.8782124670763828 8589873660
384913 300 0.9097875329236174 8595615150
385213 300 0.8931940298507463 8589873660
385513 300 0.9486163301141353 9331344510
385813 300 0.9319280070237052 8957328240
386113 300 0.8709113257243197 7737674310
386413 300 0.5888691834942933 3730122840
386713 5 0.5578156277436348 3742426020
386718 295 0.8230746268656717 7717169040
387013 300 0.8148252853380159 7723730730
387313 300 0.8144934152765584 7684360590
387613 300 0.8365864793678666 7644990480
387913 300 0.8615715539947322 7651552170
388213 300 0.8796347673397718 8399584680
388513 300 0.8451676909569799 8202734010
388813 300 0.7856681299385425 7592496960
389113 300 0.7631483757682178 7599058650
389413 300 0.784482879719052 7599058650
389713 300 0.798326602282704 7571991690
390013 300 0.7954345917471467 7578553380
390313 300 0.7778928884986831 7571991690
390613 300 0.8345952589991221 7749157290
390913 300 0.874324846356453 8149420290
391213 300 0.7970465320456541 7849223040
391513 300 0.8623301141352064 7789347630
391813 300 0.832793678665496 7749157290
392113 300 0.8115539947322212 7637608560
392413 300 0.7880860403863038 7567070400
392713 300 0.7713028972783142 7572811890
393013 300 0.8363968393327481 7573632090
393313 300 0.9012537313432837 8401225110
393613 300 0.8969394205443371 8406966600
393913 300 0.870342405618964 7987838700
394213 300 0.8649376646180861 7758179610
394513 300 0.8528955223880598 7724550960
394813 300 0.857352063213345 7678619130
395113 300 0.869963125548727 7619563920
395413 300 0.8583950834064971 7547385360
395713 300 0.890681299385426 7777044450
396013 300 0.8874100087796313 8105128890
396313 300 0.860054433713784 7809852900
396613 300 0.8318454784899034 7521138600
396913 300 0.8207515364354697 7514576910
397213 300 0.8304231782265146 7527700290
397513 300 0.8751308165057068 7521138600
397813 300 0.8495294117647058 7521138600
398113 300 0.8387673397717297 7521958800
398413 300 0.8751782265144865 7895154870
398713 300 0.7997014925373134 8301979560
399013 300 0.7722036874451272 8124813960
399313 300 0.8263933274802459 8124813960
399613 300 0.7991325724319579 8092005510
399913 300 0.7907884108867428 7980456810
400213 300 0.7884653204565408 7973895120
400513 300 0.811601404741001 7993580190
400813 300 0.8518050921861282 9352670010
401113 300 0.8362071992976295 9910413540
401413 300 0.8229323968393328 9279671220
401713 300 0.7616786654960492 9267368040
402013 300 0.7637172958735734 9725866050
402313 300 0.7732467076382792 9162381030
402613 300 0.8417541703248463 9109887510
402913 300 0.8198507462686568 9076258860
403213 300 0.7906935908691834 8958148440
403513 300 1.0586549604916593 9397781610
403813 300 1.069369622475856 9141875730
404113 300 0.7747164179104478 9128752350
404413 300 0.781780509218613 9115629000
404713 300 0.7583125548726954 9077079060
405013 300 0.7884653204565408 8925340020
405313 300 0.7616312554872697 8820352980
405613 300 0.8062440737489026 8846599740
405913 300 0.8928147497805092 9601193970
406213 300 0.8025460930640914 9385478430
406513 300 0.7814012291483758 9378916740
406813 300 0.7475030728709395 9857099820
407113 300 0.7754749780509218 9123010890
407413 300 0.7687427568042142 9037708920
407713 300 0.784482879719052 8834296590
408013 300 0.7904091308165058 8807229600
408313 300 0.8693942054433713 9424028370
408613 300 0.8393836698858649 8918778330
408913 300 0.7822546093064091 8938463400
409213 300 0.7696435469710273 8931901710
409513 300 0.8286690079016681 8918778330
409813 300 0.7811167690956979 8853161430
410113 300 0.7881808604038631 8800667910
410413 300 0.7884653204565408 8800667910
410713 300 0.8387673397717297 8846599740
411013 300 0.8322247585601406 9758674500
411313 300 0.7868059701492539 9529015380
411613 300 0.7521966637401231 9063135480
411913 300 0.7646180860403864 9056573790
412213 300 0.7910728709394206 9056573790
412513 300 0.7754749780509218 9004900500
412813 300 0.784198419666374 8905654950
413113 300 0.7802159789288851 8846599740
413413 300 0.759782265144864 8866284810
413713 300 0.8215100965759438 9686495910
414013 300 0.7674626865671642 9771797880
414313 300 0.731099209833187 9431410260
414613 300 0.7554205443371379 9405163500
414913 300 0.7366935908691835 9221436210
415213 300 0.6905162423178227 9011462190
415513 300 0.7371202809482001 8958968670
415813 300 0.7210008779631256 8846599740
416113 300 0.8028779631255487 9909593340
416413 300 0.7794100087796314 10257362850
416713 300 0.7588340649692714 9463398510
417013 300 0.7320474100087797 10099882320
417313 300 0.7561791044776119 9286232910
417613 300 0.7107603160667253 9082820550
417913 300 0.7169710272168569 9057393990
418213 300 0.6920807726075505 9037708920
418513 300 0.7169710272168569 8912216640
418813 300 0.7775136084284461 9561823830
419113 300 0.7551834942932397 9187807560
419413 300 0.7284916593503072 9195189450
419713 300 0.7365039508340651 9195189450
420013 300 0.7387322212467077 9089382240
420313 300 0.7357928007023706 8951586750
420613 300 0.7002827041264267 8931901710
420913 300 0.7216646180860404 8931901710
421213 300 0.7255048287971906 8977833510
421513 300 0.7805004389815627 9870223200
421813 300 0.7686005267778753 10126949280
422113 300 0.7542827041264268 9556082340
422413 300 0.7629587357330991 9562644030
422713 300 0.7149798068481124 9346108320
423013 300 0.7295820895522389 9095943930
423313 300 0.7577436347673399 9103325820
423613 300 0.7576962247585601 9162381030
423913 300 0.7752853380158035 9496206930
424213 300 0.7374995610184373 9259986150
424513 300 0.7374521510096577 9115629000
424813 300 0.7524337137840212 9069697170
425113 300 0.7162124670763828 8952406980
425413 300 0.6991448639157156 8925340020
425713 300 0.6888094820017561 8926160220
426013 300 0.6808446005267779 8919598530
426313 300 0.7527655838454784 9253424460
426613 300 0.6972484635645303 9240301080
426913 300 0.6789482001755927 8931901710
427213 300 0.6889517120280948 8938463400
427513 300 0.6951150131694469 8931901710
427813 300 0.6781422300263389 8945025090
428113 300 0.6796119402985075 8938463400
428413 300 0.687244951712028 9141875730
428713 300 0.7420983318700615 10204869330
429013 300 0.7027480245829675 9883346580
429313 300 0.6816979806848114 9640564110
429613 300 0.7017998244073749 9634002420
429913 300 0.6921281826163301 9562644030
430213 300 0.7273064091308165 9450275130
430513 300 0.7256470588235294 9351849780
430813 300 0.7713977172958736 9325603020
431113 300 0.8009341527655838 10034265420
431413 300 0.769928007023705 9561823830
431713 300 0.7357453906935909 9240301080
432013 300 0.6921281826163301 9233739390
432313 300 0.7125144863915716 9214874520
432613 300 0.7168287971905181 9148437420
432913 300 0.7093380158033362 9056573790
433213 300 0.7212853380158034 9069697170
433513 300 0.7808323090430203 9523273920
433813 300 0.7238454784899034 9141875730
434113 300 0.7189622475856015 9063135480
434413 300 0.712324846356453 9056573790
434713 300 0.7056874451273046 9070517370
435013 300 0.7178244073748903 9063955680
435313 300 0.7245092186128184 9069697170
435613 300 0.722612818261633 9063135480
435913 300 0.7833924495171204 9824291370
436213 300 0.7780825285338016 9384658230
436513 300 0.7216646180860404 9076258860
436813 300 0.7234661984196664 9069697170
437113 300 0.7089113257243196 9063135480
437413 300 0.7004249341527656 9050012100
437713 300 0.7237506584723441 9050012100
438013 300 0.7417190517998244 9174684180
438313 300 0.7786040386303776 9450275130
438613 300 0.7252203687445128 9069697170
438913 300 0.6947357330992099 9069697170
439213 300 0.703838454784899 9745551120
439513 300 0.6827410008779631 9083640750
439813 300 0.7019894644424934 9076258860
440113 300 0.6969165935030729 9077079060
440413 300 0.7234187884108868 9063135480
440713 300 0.7606356453028972 9410904990
441013 300 0.792542581211589 9312479640
441313 300 0.7473608428446006 9076258860
441613 300 0.7123722563652327 9076258860
441913 300 0.7281123792800703 9070517370
442213 300 0.7346075504828797 9057393990
442513 300 0.7106180860403863 9063135480
442813 300 0.6943090430201931 9069697170
443113 300 0.6885250219490782 9070517370
443413 300 0.7421931518876208 9360051900
443713 300 0.7578858647936787 9923536920
444013 300 0.714505706760316 9090202440
444313 300 0.7222809482001756 9083640750
444613 300 0.7622475856014048 10330361640
444913 300 0.719531167690957 8695680900
445213 300 0.7025109745390694 8689119210
445513 300 0.7022739244951712 8689119210
445813 300 0.6967269534679543 8715365970
446113 300 0.717208077260755 8730129780
446413 300 0.731620719929763 8801488140
446713 300 0.7448481123792801 9385478430
447013 300 0.7342756804214223 8329866750
447313 300 0.708342405618964 8328226320
447613 300 0.7131308165057069 8328226320
447913 300 0.7198630377524144 8926160220
448213 300 0.7255522388059702 8301979560
448513 300 0.7310043898156278 8309361480
448813 300 0.7376417910447761 8301979560
449113 300 0.7458437225636524 8354473080
449413 300 0.8131185250219491 8767859490
449713 300 0.7533345039508341 8288856180
450013 300 0.7393011413520632 8295417870
450313 300 0.7409604916593503 8277373230
450613 300 0.7394907813871817 8269991340
450913 300 0.7527181738366989 8277373230
451213 300 0.7398226514486392 8276553030
451513 300 0.7530026338893766 8275732800
451813 300 0.8225531167690958 8696501100
452113 53 0.3512502194907814 300000000
452166 237 0.544161545215101 4325596110
452403 10 0.6880035118525022 8413528290
452413 300 0.7090061457418788 8282294490
452713 300 0.7384951712028095 8288856180
453013 300 0.7266900790166813 8297058300
453313 300 0.6968217734855136 8289676410
453613 300 0.7031747146619842 8296238100
453913 300 0.7058770851624232 8290496610
454213 300 0.7407708516242318 8296238100
454513 300 0.8181439859525901 8828555100
454813 300 0.8082827041264267 9385478430
455113 300 0.7588340649692714 8972912250
455413 19 0.7779402985074626 8913036840
455432 1 0.5834170324846356 8788364760
455433 5 0.5979244951712028 8652209700
455438 4 0.5888691834942933 8398764480
455442 1 0.579766461808604 8381540040
455443 8 0.579766461808604 8381540040
455451 168 0.5863564530289728 8751455250
455619 2 0.5886321334503951 5044101030
455621 1 0.5726549604916594 5044101030
455622 8 0.5726549604916594 5044101030
455630 83 0.652398595258999 5672382750
455713 300 0.6396453028972784 8024748210
456013 300 0.7318577699736611 8487347280
456313 300 0.7655188762071993 8514414240
456613 300 0.7754275680421423 8507852550
456913 244 0.536196663740123 4368247080
457157 56 0.7558946444249343 8522616360
457213 275 0.8505250219490783 9074618430
457488 5 0.6052730465320457 8662052250
457493 3 0.6075013169446883 8401225110
457496 1 0.5993467954345917 8401225110
457497 9 0.5993467954345917 8401225110
457506 7 0.6578507462686567 8606277900
457513 161 0.5766374012291484 8910576210
457674 3 0.5638366988586481 5229468750
457677 1 0.5638366988586481 5229468750
457678 10 0.5638366988586481 5229468750
457688 1 0.5638366988586481 5229468750
457689 124 0.6306848112379281 6092330850
457813 300 0.7066830553116769 8005883370
458113 71 0.8565460930640915 8131375650
458184 51 0.5814258121158911 7786887000
458235 2 0.6010061457418788 7699124400
458237 10 0.5781545215100966 7699124400
458247 121 0.5858349429323968 8074781100
458368 3 0.5835592625109746 4229631420
458371 9 0.5696681299385425 4229631420
458380 33 0.6227673397717297 4745544210
458413 235 0.6540579455662863 6534424620
458648 5 0.4441738366988586 6404831280
458653 3 0.44512203687445134 6159588150
458656 1 0.43663564530289734 6159588150
458657 9 0.43663564530289734 6159588150
458666 47 0.453513608428446 6487672590
458713 119 0.5434503950834065 7709787150
458832 3 0.5303652326602283 3976186170
458835 10 0.5303652326602283 3976186170
458845 168 0.5975926251097454 5045741460
459013 300 0.7076312554872695 7396466490
459313 300 0.7427620719929763 7529340690
459613 300 0.7874223002633889 8703062790
459913 300 0.7719192273924494 8626783170
460213 300 0.7665618964003511 8108409750
460513 300 0.7422405618964004 7957490910
460813 300 0.7403441615452152 7851683670
461113 300 0.7395381913959613 7735213680
461413 300 0.7564161545215101 7722090300
461713 300 0.7691220368744514 7749157290
462013 300 0.8341211589113258 8471763270
462313 300 0.7928744512730466 8329046520
462613 300 0.7554679543459175 7758179610
462913 300 0.767225636523266 7764741300
463213 300 0.7672730465320455 7758179610
463513 300 0.76030377524144 7743415800
463813 300 0.7528604038630378 7736854110
464113 300 0.7868059701492539 8667793710
464413 300 0.7741474978050921 8156802210
464713 300 0.7757594381035997 8151060720
465013 300 0.7837717295873574 8124813960
465313 300 0.7861422300263389 7822976280
465613 300 0.7690746268656716 7836099660
465913 300 0.7916417910447762 7804111410
466213 300 0.8130711150131696 7786066770
466513 300 0.8301387181738369 7818055020
466813 300 0.8206567164179106 7811493330
467113 300 0.8166268656716418 7800010380
467413 300 0.7827287093942055 7805751840
467713 300 0.8793977172958737 8533279110
468013 300 0.8530377524143986 9025405770
468313 300 0.8010763827919228 8601356610
468613 300 0.8111747146619842 8515234440
468913 300 0.8365864793678666 8241283950
469213 300 0.8249236172080773 8019826950
469513 300 0.8491027216856892 7935345210
469813 300 0.8381035996488146 7823796480
470113 300 0.8371079894644424 7843481550
470413 300 0.845404741000878 7823796480
470713 300 0.8441246707638279 7817234790
471013 300 0.8675452151009657 8144499030
471313 300 0.8893538191395962 8414348490
471613 300 0.8403318700614576 8105949120
471913 300 0.8597225636523267 7838560290
472213 300 0.8459736611062336 7831178400
472513 300 0.8616189640035119 8441415450
472813 300 0.8357330992098332 7746696660
473113 300 0.8275785776997368 8514414240
473413 300 0.8294275680421423 7845942180
473713 300 0.8203722563652327 7838560290
474013 300 0.8286690079016681 7838560290
474313 300 0.8287164179104478 7825436910
474613 300 0.8009815627743635 7831998600
474913 300 0.8185706760316066 7825436910
475213 300 0.8995469710272169 7989479130
475513 300 0.9143863037752415 8989316490
475813 300 0.8771220368744512 8403685740
476113 300 0.8514258121158912 7714708410
476413 300 0.8459736611062336 7729472220
476713 300 0.8292853380158034 7708966920
477013 300 0.81686391571554 7709787150
477313 300 0.8480597014925373 7716348840
477613 300 0.8287164179104478 7703225460
477913 300 0.8376769095697981 7703225460
478213 300 0.8557401229148376 7768022130
478513 300 0.8923880597014926 8404505940
478813 300 0.8584899034240563 8332327380
479113 300 0.8616189640035119 7723730730
479413 300 0.8079508340649694 7722910530
479713 300 0.8290482879719053 7722910530
480013 300 0.8454521510096575 8117432070
480313 300 0.8195188762071993 7736033910
480613 300 0.8065759438103599 7730292420
480913 300 0.7862370500438982 7717169040
481213 300 0.8064337137840212 7703225460
481513 300 0.8406163301141353 7867267680
481813 300 0.8396681299385426 7866447480
482113 300 0.7956716417910449 7729472220
482413 300 0.8602440737489027 7742595600
482713 300 0.9245320456540826 7808212470
483013 300 0.8332677787532924 7775404020
483313 300 0.8107954345917472 7768842360
483613 300 0.826251097453907 7761460440
483913 300 0.8011237928007023 7749977490
484213 300 0.8018823529411764 7743415800
484513 300 0.8230746268656717 8201913810
484813 300 0.8341685689201055 8503751490
485113 300 0.8023090430201932 7781145510
485413 300 0.8138770851624232 7781145510
485713 300 0.784482879719052 7761460440
486013 300 0.7939648814749781 7761460440
486313 300 0.7838191395961369 7762280670
486613 300 0.8058647936786656 7762280670
486913 300 0.7968094820017559 7763100870
487213 300 0.8549815627743635 8340529500
487513 300 0.8276259877085163 8990136690
487813 300 0.8311817383669886 8046073710
488113 300 0.8134978050921862 7907458020
488413 300 0.8350219490781386 7900076130
488713 300 0.8134503950834064 7906637820
489013 300 0.8087093942054434 7926322890
489313 300 0.8175276558384549 7913199510
489613 300 0.8286690079016681 7906637820
489913 300 0.9242949956101845 8583311970
490213 300 0.8963230904302021 8366776230
490513 300 0.8857980684811239 7887772950
490813 300 0.8481545215100967 7887772950
491113 300 0.8749411764705883 7882031490
491413 300 0.848865671641791 7875469800
491713 300 0.8437928007023706 7882031490
492013 300 0.8252554872695348 7873829370
492313 300 0.8433187006145743 7875469800
492613 300 0.8885478489903423 8714545740
492913 300 0.8621878841088676 8222419080
493213 300 0.8407111501316944 7920581400
493513 300 0.8430816505706761 7921401600
493813 300 0.8433187006145743 7914839910
494113 300 0.8581580333625989 7907458020
494413 300 0.86958384547849 7907458020
494713 300 0.8334574187884111 7908278220
495013 300 0.8715750658472344 7902536760
495313 300 0.9686707638279193 8322484830
495613 300 0.8622827041264266 8171565990
495913 300 0.8623301141352064 7908278220
496213 300 0.9087919227392449 7942727100
496513 300 0.8864143985952591 7909918650
496813 300 0.8527058823529412 7915660140
497113 300 0.8443617208077261 7935345210
497413 300 0.8683985952589991 7894334640
497713 300 0.8892115891132574 8183048970
498013 300 0.9048568920105355 8760477570
498313 300 0.8476804214223004 7941086670
498613 300 0.8464951712028096 7922221830
498913 300 0.8568305531167691 7949288790
499213 300 0.8709113257243197 7942727100
499513 300 0.8447410008779632 7923042030
499813 300 0.8259666374012291 7935345210
500113 300 0.8377717295873575 8020647150
500413 300 0.8844231782265146 8695680900
500713 300 0.8315610184372256 8229801000
501013 300 0.7892238805970149 7914839910
501313 300 0.8444091308165058 7921401600
501613 300 0.8353064091308164 7908278220
501913 300 0.8242124670763828 7909098450
502213 300 0.853132572431958 7909918650
502513 300 0.853511852502195 7909918650
502813 300 0.915998244073749 8585772600
503113 300 0.8886900790166814 8257688160
503413 300 0.8474433713784022 7804931640
503713 300 0.8606707638279192 7803291210
504013 300 0.8861299385425814 7797549720
504313 300 0.8518999122036875 7790167830
504613 300 0.8572098331870062 7777044450
504913 300 0.8262985074626865 7764741300
505213 300 0.8220790166812995 7810673100
505513 300 0.9118735733099209 8480785590
505813 300 0.8779280070237051 8192891490
506113 300 0.8270570676031608 7765561500
506413 300 0.8287164179104478 7746696660
506713 300 0.8473011413520631 7753258320
507013 300 0.8208937664618086 7818055020
507313 300 0.8175750658472344 7804931640
507613 300 0.8424653204565409 7798369950
507913 300 0.833315188762072 7804931640
508213 300 0.8949956101843723 8054275800
508513 300 0.8636101843722563 8133016080
508813 300 0.8305179982440738 7818055020
509113 300 0.8271044776119404 7804931640
509413 300 0.8283845478489903 7799190150
509713 300 1.115784021071115 7812313530
510013 300 1.4779016681299386 7831998600
510313 300 1.5347936786654959 7844301780
510613 300 1.4933099209833185 7902536760
510913 300 1.5465987708516244 8158442610
511213 300 1.5252642669007903 8171565990
511513 300 1.5115153643546972 7917300570
511813 300 1.4829271290605797 7909918650
512113 300 1.4858191395961369 7895975070
512413 300 1.1303388937664618 7909098450
512713 300 0.7907884108867428 7896795270
513013 300 0.7728200175592627 7890233580
513313 300 0.7669885864793679 7877930430
513613 201 0.5917137840210711 3887603370
513814 7 0.5919034240561897 3887603370
513821 9 0.5917137840210711 3888423600
513830 1 0.5917137840210711 3888423600
513831 82 0.6056523266022827 4260799440
513913 94 0.621961369622476 4669264560
514007 1 0.621961369622476 4669264560
514008 205 0.7099543459174715 6193216800
514213 300 0.7878964003511851 7951749420
514513 300 0.7848147497805091 7768842360
514813 300 0.8019297629499562 7775404020
515113 300 0.7842932396839333 7801650780
515413 300 0.782539069359087 7774583820
515713 300 0.7872800702370502 7763100870
516013 300 0.7853836698858648 7770482760
516313 300 0.8097524143985952 7914839910
516613 300 0.8299016681299387 9089382240
516913 300 0.8025935030728709 8597255580
517213 300 0.800270412642669 8007523770
517513 300 0.784862159789289 8008344000
517813 300 0.8284793678665496 7995220620
518113 300 0.795529411764706 7988658930
518413 300 0.7966198419666375 7975535550
518713 300 0.7902194907813871 7962412170
519013 300 0.7966672519754171 7962412170
519313 300 0.8463055311676909 8552964180
519613 300 0.8176698858647937 8493908970
519913 300 0.7943915715539949 7961591970
520213 300 0.7741000877963126 7947648360
520513 300 0.8007445127304653 8748994620
520813 300 0.7774187884108867 7981277010
521113 300 0.822505706760316 7975535550
521413 300 0.7979947322212468 7962412170
521713 300 0.8073345039508342 7961591970
522013 300 0.8463529411764705 8552964180
522313 300 0.8298068481123794 7988658930
522613 300 0.787564530289728 7981277010
522913 300 0.787943810359965 7982097240
523213 300 0.7990851624231784 7988658930
523513 300 0.7830131694468834 8001782310
523813 300 0.7619157155399474 7995220620
524113 300 0.7666567164179106 7995220620
524413 300 0.7754275680421423 7982917440
524713 300 0.8311343283582091 8593154520
525013 300 0.8127392449517121 8645648010
525313 300 0.7708762071992977 8034590730
525613 300 0.7505373134328358 8035410960
525913 300 0.7622001755926251 8022287580
526213 300 0.7569850746268658 8009164200
526513 300 0.7503002633889376 8009164200
526813 300 0.7521966637401231 8015725890
527113 300 0.7935381913959613 8015725890
527413 300 0.8589165935030729 8376618780
527713 300 0.8372502194907814 8304440190
528013 300 0.785241439859526 8002602510
528313 300 0.8152045654082529 8002602510
528613 300 0.7968568920105357 8015725890
528913 300 0.7873274802458298 8016546090
529213 300 0.8052484635645304 8015725890
529513 300 0.7960509218612819 8022287580
529813 300 0.8311817383669886 8973732450
530113 300 0.8262036874451273 8888430510
530413 300 0.8113643546971028 7884492120
530713 300 0.8085671641791046 7831998600
531013 300 0.8093731343283583 7838560290
531313 300 0.8154416154521511 7851683670
531613 300 0.8199455662862162 7845121980
531913 300 0.8338841088674276 7826257110
532213 300 0.8041580333625988 7832818800
532513 300 0.8019771729587357 7826257110
532813 300 0.8839964881474978 8147779890
533113 300 0.8564986830553116 8515234440
533413 300 0.8376294995610185 8213396760
533713 300 0.8346900790166815 7865627250
534013 300 0.8518999122036875 8700602160
534313 300 0.8499561018437226 7859885790
534613 300 0.8175750658472344 7846762410
534913 300 0.8077611940298507 7840200720
535213 300 0.8482493415276559 7841020920
535513 300 0.8778331870061458 8465201580
535813 300 0.8793028972783143 7886952750
536113 300 0.8337892888498682 7880391060
536413 300 0.7985636523266022 7860705990
536713 300 0.8398577699736612 7854144300
537013 300 0.822126426690079 7854144300
537313 300 0.8168165057067603 7848402810
537613 300 0.8497190517998244 7841841120
537913 300 0.8516154521510098 8000141880
538213 300 0.8527532923617209 8236362690
538513 300 0.8706742756804215 7895975070
538813 300 0.8452151009657594 7841020920
539113 300 0.839336259877085 7850863470
539413 300 0.8121703248463564 7900076130
539713 300 0.8349745390693591 7906637820
540013 300 0.8400474100087796 7900896330
540313 300 0.8383406496927128 7914839910
540613 300 0.8550289727831433 8708804280
540913 300 0.843745390693591 8241283950
541213 300 0.8005074626865671 7938626040
541513 300 0.8236909569798069 7918940970
541813 300 0.8299490781387182 7899255900
542113 300 0.8337892888498682 7892694210
542413 300 0.8401422300263389 7860705990
542713 300 0.8571624231782267 7860705990
543013 300 0.8999736611062334 7905817590
543313 300 0.9580509218612818 8463561150
543613 300 0.8903968393327482 8457819690
543913 300 0.8122651448639158 7886952750
544213 300 0.8357805092186128 7878750630
544513 300 0.8198981562774363 7878750630
544813 300 0.8152993854258123 7872188940
545113 300 1.0044179104477613 7873009170
545413 300 2.874932396839333 7892694210
545713 300 2.9789973661106233 7925502660
546013 300 3.0 8751455250
546313 300 2.8927111501316944 8745713790
546613 300 2.715350307287094 8069859810
546913 300 2.6888481123792802 8075601300
547213 300 2.72739244951712 8685838380
547513 300 2.5789517120280947 8076421500
547813 300 2.6120913081650574 8075601300
548113 300 2.5946918349429327 8096106570
548413 300 2.595640035118525 8115791640
548713 300 2.6620614574187886 8752275480
549013 300 2.573784021071115 8121533130
549313 300 2.4520825285338015 8135476710
549613 300 2.487213345039508 8133836280
549913 300 2.46644776119403 8133836280
550213 300 2.5043757682177348 8803948770
550513 300 2.447815627743635 8154341580
550813 300 2.461043020193152 8146959660
551113 300 2.4353942054433713 8153521350
551413 300 2.419748902546093 8219138250
551713 300 2.431601404741001 8790005190
552013 300 2.37641615452151 8279013660
552313 300 2.3816312554872696 8286395550
552613 300 2.2826391571553994 8285575350
552913 300 2.3041633011413523 8298698730
553213 300 2.2560421422300267 8351192220
553513 300 2.2844407374890254 8350372020
553813 300 2.252628621597893 8343810330
554113 300 2.239970149253731 8352832650
554413 300 2.303784021071115 8904014520
554713 300 2.2732519754170326 8917137900
555013 300 2.2533397717295873 8359394340
555313 300 2.1942669007901667 8365956030
555613 300 2.1278928884986827 8418449550
555913 300 2.1316382791922734 8418449550
556213 300 2.0727550482879717 8418449550
556513 300 2.004579455662862 8431572930
556813 300 2.0107427568042144 8425011240
557113 300 1.992632133450395 8425011240
557413 300 2.152024582967515 8719467030
557713 300 2.0235434591747143 9232919190
558013 300 1.9702071992976296 8930261280
558313 300 2.001450395083406 8464381380
558613 300 1.9417611940298507 8463561150
558913 300 1.9167761194029849 8438134620
559213 300 1.8672326602282703 8392202790
559513 300 2.0027304653204565 8392202790
559813 300 1.9342230026338894 8582491770
560113 300 1.926827041264267 9028686600
560413 300 1.85955223880597 8398764480
560713 300 1.9673625987708516 8176487280
561013 300 1.9530921861281825 8865464610
561313 300 1.9437998244073746 8183048970
561613 300 1.977982440737489 8176487280
561913 300 1.853246707638279 8189610630
562213 300 1.8682756804214224 8254407330
562513 300 1.891316944688323 8713725540
562813 300 1.905445127304653 8195352120
563113 300 1.8380280948200176 8195352120
563413 300 1.8565654082528533 8195352120
563713 300 1.8249429323968391 8195352120
564013 300 1.8135645302897279 8175667050
564313 300 1.8309640035118524 8123173530
564613 300 1.8427690956979808 8129735220
564913 300 1.871025460930641 8129735220
565213 300 1.8400667251975418 8136296910
565513 300 1.9174398595259 8779342440
565813 300 1.9098542581211588 8706343650
566113 300 1.826270412642669 8136296910
566413 300 1.8124741000877962 8129735220
566713 300 1.8223353819139594 8128915020
567013 300 1.7953590869183496 8129735220
567313 300 1.8182107111501318 8142858600
567613 300 1.8229043020193152 8142858600
567913 300 1.832955223880597 8142858600
568213 300 1.9307146619841966 8963069730
568513 300 1.907388937664618 8445516510
568813 300 1.8419631255487268 8169925590
569113 300 1.8657155399473222 8228160570
569413 300 1.8291150131694467 8208475500
569713 300 1.846419666374012 8215037190
570013 300 1.3983476733977174 4181238960
570313 101 1.3722721685689199 4128745440
570414 1 1.3726040386303775 4128745440
570415 3 1.3726040386303775 4129565640
570418 11 1.3722721685689199 4129565640
570429 1 1.3722721685689199 4129565640
570430 173 1.3830342405618965 4484717070
570603 1 1.3830342405618965 4484717070
570604 9 1.5245057067603163 4604467890
570613 300 1.4982405618964005 6828060210
570913 300 1.8184003511852502 8347911390
571213 300 1.7285583845478487 8119072500
571513 300 1.7214468832309044 7979636610
571813 300 1.751078138718174 7973074920
572113 300 1.7115381913959613 7980456810
572413 300 1.737945566286216 7981277010
572713 300 1.7619350307287096 7987838700
573013 300 1.6876909569798069 7981277010
573313 300 1.7840280948200173 8940103800
573613 300 1.7238647936786653 8959788870
573913 300 1.685367866549605 8101027830
574213 300 1.7036207199297633 8134656510
574513 300 1.7076979806848114 8141218200
574813 300 1.7350061457418788 8140397970
575113 300 1.718270412642669 8141218200
575413 300 1.7008709394205443 8128094820
575713 300 1.7117752414398595 8095286370
576013 300 1.7294591747146622 8429932500
576313 300 1.7071764705882355 8961429300
576613 300 1.6740842844600528 8133836280
576913 300 1.6572063213345039 8101027830
577213 300 1.6387164179104479 9242761710
577513 300 1.6303248463564528 8522616360
577813 300 1.6087058823529414 8430752700
578113 300 1.5986075504828796 8338889070
578413 300 1.624446005267779 8377438980
578713 300 1.5950517998244074 9224717070
579013 300 1.5914486391571554 8325765690
579313 300 1.6229288849868304 8299518930
579613 300 1.5794064969271293 8299518930
579913 300 1.5782212467076384 8325765690
580213 300 1.6171448639157155 8365135830
580513 300 1.629945566286216 9192728820
580813 300 1.7094995610184371 9316580700
581113 300 1.6600983318700615 8805589200
581413 300 1.6307041264266902 8523436560
581713 300 1.6454012291483757 8536559940
582013 300 1.6454012291483757 8411887860
582313 300 1.67318349429324 8320024200
582613 300 1.662089552238806 8333967810
582913 300 1.6561158911325726 8360214540
583213 300 1.7725548726953468 9186987360
583513 300 1.7336786654960492 9193549050
583813 300 1.7038103599648815 8825274240
584113 300 1.6618999122036877 8799027510
584413 300 1.685083406496927 8621861910
584713 300 1.7085513608428449 8294597670
585013 300 1.7144302019315192 8104308690
585313 300 1.657443371378402 8123993760
585613 300 1.708741000877963 8143678830
585913 300 1.767908691834943 8583311970
586213 300 1.70528007023705 8320024200
586513 300 1.641513608428446 8136296910
586813 300 1.671761194029851 8136296910
587113 300 1.6292344161545214 8136296910
587413 300 1.5946251097453905 8136296910
587713 300 1.633548726953468 8116611870
588013 300 1.6679209833187008 8116611870
588313 300 1.7560561896400348 9095123700
588613 300 1.7620298507462686 9475701660
588913 300 1.6937120280948201 8977013310
589213 300 1.6576330114135207 8688299010
589513 300 1.7543020193151886 8642367180
589813 300 1.7012976294995608 8498010030
590113 300 1.662374012291484 8498010030
590413 300 1.645922739244952 8498010030
590713 300 1.6739420544337138 8385641100
591013 300 1.7637840210711149 9048371670
591313 300 1.741453906935909 8949946350
591613 300 1.641513608428446 8169105360
591913 300 1.6958454784899035 7953389850
592213 297 1.226486391571554 4017196740
592510 1 1.226486391571554 4018016940
592511 2 1.226486391571554 4018016940
592513 7 1.3286075504828798 4024578630
592520 4 1.3286075504828798 4023758430
592524 1 1.3286075504828798 4023758430
592525 176 1.3399859525899913 4376449200
592701 1 1.3399859525899913 4376449200
592702 111 1.413566286215979 5094954120
592813 300 1.474251097453907 7581014010
593113 300 1.6002669007901669 7808212470
593413 300 1.5685496049165935 7814774160
593713 300 1.5433748902546092 7815594390
594013 300 1.5430904302019317 7835279460
594313 300 1.4762423178226514 7882031490
594613 300 1.5072958735733097 7868908110
594913 300 1.5222774363476737 7862346420
595213 300 1.475673397717296 7895154870
595513 300 1.5346514486391571 8269171110
595813 300 1.5620070237050045 9010641960
596113 300 1.5033608428446006 8821993410
596413 300 1.4878103599648815 8467662210
596713 300 1.471453906935909 8454538830
597013 300 1.4892800702370503 8468482410
597313 300 1.488616330114135 8468482410
597613 300 1.522893766461809 8343810330
597913 300 1.4977190517998245 8265070080
598213 300 1.5265443371378402 8625962940
598513 300 1.441964881474978 8816251920
598813 300 0.9553959613696226 8468482410
599113 300 0.7768498683055312 8297878500
599413 300 0.7789833187006147 9026225970
599713 300 0.7711132572431959 8456179260
600013 300 0.7813538191395961 8423370810
600313 300 0.8060070237050044 8108409750
600613 300 0.7997489025460931 8055916230
600913 300 0.8258244073748902 8712085110
601213 300 0.8230746268656717 8226520140
601513 300 0.8113643546971028 8227340370
601813 300 0.8081878841088675 8089544880
602113 300 0.7949604916593503 8031309900
602413 300 0.7661826163301143 8029669470
602713 300 0.7813538191395961 8030489700
603013 300 0.7599244951712028 8029669470
603313 300 0.7718244073748904 8156802210
603613 300 0.8260140474100088 9192728820
603913 300 0.7814486391571555 8937643170
604213 300 0.7652818261633011 8694040470
604513 300 0.7777032484635644 8648108640
604813 300 0.7924003511852502 9145976790
605113 300 0.7730570676031608 8516054670
605413 300 0.7823494293239683 8516054670
605713 300 0.7716821773485514 8516054670
606013 300 0.7782721685689201 8516054670
606313 300 0.8433187006145743 9375635910
606613 300 0.8346426690079016 8488987710
606913 300 0.7984214223002634 8496369600
607213 300 0.7700702370500438 8430752700
607513 300 0.7970465320456541 8338889070
607813 300 0.772251097453907 8358574140
608113 300 0.7723459174714663 8338889070
608413 300 0.7727251975417033 8325765690
608713 300 0.8019771729587357 8253587100
609013 300 0.8323669885864795 8929441050
609313 300 0.8154890254609306 8280654090
609613 300 0.794486391571554 7964872800
609913 300 0.7387322212467077 7951749420
610213 300 0.7384003511852504 7958311110
610513 300 0.7540930640913082 7953389850
610813 300 0.762342405618964 7952569620
611113 300 0.7524337137840212 7959131310
611413 300 0.7508217734855136 7959131310
611713 300 0.7768972783143109 8260969020
612013 300 0.8081404741000879 8936822970
612313 300 0.7708287971905179 8891711340
612613 300 0.7334697102721687 8648108640
612913 300 0.7153116769095699 8627603370
613213 300 0.7653292361720807 9271469100
613513 300 0.7692168568920106 8347091190
613813 300 0.7672730465320455 8333147580
614113 300 0.748214223002634 8327406120
614413 300 0.7558946444249343 8320024200
614713 300 0.7796944688323092 8648108640
615013 300 0.7983740122914839 8812971090
615313 300 0.7722985074626867 8510313180
615613 300 0.7222809482001756 8352012450
615913 300 0.7197208077260755 8300339130
616213 300 0.7354609306409131 8299518930
616513 300 0.7516751536435471 8306080620
616813 300 0.7678419666374012 8247025410
617113 300 0.7758068481123793 8109229950
617413 300 0.7607778753292362 8017366320
617713 300 0.8088516242317823 8970451620
618013 300 0.8092783143107991 9002439840
618313 300 0.7834398595258999 8680917090
618613 300 0.7835346795434592 9336265770
618913 300 0.7557998244073749 8385641100
619213 300 0.7680316066725199 8188790430
619513 300 0.7685057067603163 8194531920
619813 300 0.7747638279192275 8214216990
620113 300 0.7913573309920985 8733410610
620413 300 0.8214152765583846 8005063140
620713 300 0.7756646180860405 8005063140
621013 300 0.7522440737489026 7998501450
621313 300 0.7915943810359964 8005063140
621613 300 0.775332748024583 8011624830
621913 300 0.771208077260755 8005063140
622213 300 0.7820175592625112 7998501450
622513 300 0.7599719051799825 7991939760
622813 300 0.8383880597014925 8575930080
623113 300 0.808899034240562 8576750280
623413 300 0.7809271290605796 7972254690
623713 300 0.7704969271290607 7972254690
624013 300 0.7796944688323092 7965693000
624313 300 0.7778454784899034 7959131310
624613 300 0.778414398595259 7959131310
624913 300 0.8100368744512731 7959131310
625213 300 0.794486391571554 8083803420
625513 300 0.8424179104477612 8379899610
625813 300 0.791025460930641 7965693000
626113 300 0.7884179104477613 7939446270
626413 300 0.794865671641791 7940266470
626713 300 0.7783195785776997 7946828160
627013 300 0.77571202809482 7946828160
627313 300 0.7553731343283583 7946828160
627613 300 0.7881334503950833 7972254690
627913 300 0.8242124670763828 9062315250
628213 300 0.8018823529411764 8923699590
628513 300 0.7584547848990342 8630064000
628813 300 0.7675575065847235 8596435350
629113 300 0.7863318700614575 8466021780
629413 300 0.7724881474978051 8367596460
629713 300 0.7601615452151009 8308541250
630013 300 0.7586444249341527 8301979560
630313 300 0.779315188762072 8361034770
630613 300 0.8207041264266902 9298536060
630913 300 0.8039209833187007 9272289300
631213 300 0.7952923617208079 8406146370
631513 300 0.7876593503072871 8393843220
631813 300 0.8082827041264267 8380719840
632113 300 0.7852888498683055 8379899610
632413 300 0.7861422300263389 8215857390
632713 300 0.790503950834065 8210936130
633013 300 0.8052010535557506 8269171110
633313 300 0.8463055311676909 9240301080
633613 300 0.8154416154521511 8945025090
633913 300 0.8139719051799825 8557885440
634213 300 0.8283371378402108 8511953610
634513 300 0.8134029850746268 8347911390
634813 300 0.8153467954345918 8321664630
635113 300 1.2137330992098332 8328226320
635413 300 2.206972783143108 8347911390
635713 300 2.3433239683933276 8374978350
636013 300 2.434114135206321 8919598530
636313 300 2.518883230904302 9109887510
636613 300 2.521395961369622 8827734900
636913 300 2.5429201053555746 8840858250
637213 300 2.4819982440737487 9556082340
637513 300 2.468486391571554 8827734900
637813 300 2.5080263388937665 8834296590
638113 300 2.518172080772608 8827734900
638413 300 2.485269534679544 8840858250
638713 300 2.511345039508341 8834296590
639013 300 2.565345039508341 9069697170
639313 300 2.657510096575944 9116449200
639613 300 2.5866795434591747 8696501100
639913 300 2.5526391571553995 8676816030
640213 300 2.677185250219491 8709624480
640513 300 2.5983424056189643 8616940620
640813 300 2.6194872695346794 8590693890
641113 300 2.6690781387181737 8591514090
641413 300 2.6205776997366113 8590693890
641713 300 2.6550921861281824 8584952400
642013 300 2.684486391571554 8780982840
642313 300 2.7624284460052673 9339546630
642613 300 2.6227585601404746 9162381030
642913 300 2.631434591747147 8920418730
643213 300 2.6025618964003514 8853981630
643513 300 2.210149253731343 8736691440
643813 300 1.3929429323968394 8716186170
644113 300 2.13851273046532 8591514090
644413 300 1.3879174714661984 8559525840
644713 300 1.7109218612818262 8507852550
645013 300 1.944653204565408 9360051900
645313 300 1.1424284460052676 8539840800
645613 300 0.974739244951712 8060837490
645913 300 1.1897910447761193 8060017290
646213 300 0.9361000877963127 8060017290
646513 300 0.9229675153643546 8066578980
646813 300 0.9523143107989466 8067399180
647113 300 0.9325443371378404 8067399180
647413 300 0.935531167690957 8080522560
647713 300 0.9320228270412642 8073960870
648013 300 0.9326865671641792 8886790080
648313 300 0.9401773485513609 8342990130
648613 300 0.9494697102721685 8336428440
648913 300 0.9472888498683056 8329866750
649213 300 1.0226233538191396 8277373230
649513 300 1.0333854258121158 8953227180
649813 300 1.0061246707638278 8388921930
650113 300 0.9458665496049166 8342990130
650413 300 0.9490430201931519 8336428440
650713 300 0.9700930640913081 8310181680
651013 300 0.942453028972783 8048534340
651313 300 0.9325917471466199 8021467380
651613 300 0.959046532045654 8021467380
651913 300 0.9320228270412642 8014905690
652213 300 0.999961369622476 8821993410
652513 300 0.9488533801580334 9117269400
652813 300 0.9500386303775241 8652209700
653113 300 0.9241053555750659 8631704430
653413 300 0.957766461808604 8638266120
653713 300 0.9447287093942055 8638266120
654013 300 0.9158560140474101 8632524630
654313 300 0.919980684811238 8566087530
654613 300 0.9473362598770851 8315923170
654913 300 0.998776119402985 9005720700
655213 300 0.9747866549604918 9104146020
655513 300 0.9659683933274803 8382360240
655813 300 0.9455346795434592 8348731590
656113 300 0.9502756804214223 8343810330
656413 300 0.9483792800702371 8212576560
656713 300 0.9581931518876209 8199453180
657013 300 0.9446338893766462 8186329800
657313 300 0.9421685689201054 8063298120
657613 300 0.9847427568042143 8974552680
657913 300 0.9776786654960491 9249323400
658213 300 0.9410307287093943 8665333080
658513 300 0.9334925373134328 8658771390
658813 300 0.9232045654082528 8652209700
659113 300 0.9467673397717298 8653029930
659413 300 0.9258595258999122 8527537620
659713 300 0.9379490781387181 8330686950
660013 300 0.9607532923617208 8317563570
660313 300 1.0755803336259877 8318383800
660613 300 2.6347058823529412 8540661000
660913 300 1.2390500438981562 9145156590
661213 300 2.743132572431958 8659591620
661513 300 2.531589113257243 8613659790
661813 300 2.752424934152766 8620221480
662113 300 2.764561896400351 8527537620
662413 300 2.7837155399473223 8507852550
662713 300 2.70425636523266 8515234440
663013 300 2.7702985074626865 8514414240
663313 300 2.062372256365233 4380550260
663613 41 1.9892186128182614 4997349000
663654 8 1.9894556628621596 4997349000
663662 9 1.9892186128182614 4998169230
663671 173 1.995618964003512 5377926960
663844 1 1.995618964003512 5377926960
663845 1 1.995618964003512 5377926960
663846 67 2.073845478489903 5971759800
663913 300 2.1804231782265147 7908278220
664213 300 1.6123090430201934 8217497820
664513 300 2.756075504828797 8224059510
664813 300 2.7319912203687444 8224059510
665113 300 2.7193327480245832 8237182890
665413 300 2.702454784899034 8238003090
665713 300 2.6967655838454787 8231441400
666013 300 2.7394345917471465 8231441400
666313 300 2.8046233538191396 8913857040
666613 300 2.437906935908692 8743253130
666913 300 1.4825478489903425 8100207630
667213 300 0.9341562774363478 8069039610
667513 300 0.9415996488147498 9009821760
667813 300 1.1890324846356455 8327406120
668113 300 1.2862230026338892 8274912600
668413 300 1.218900790166813 8162543670
668713 300 1.4194925373134328 8260969020
669013 300 0.9659209833187006 8844139110
669313 300 0.9017752414398595 8364315600
669613 300 0.888358208955224 8305260420
669913 300 0.8713854258121161 8292957240
670213 300 0.8643687445127304 8285575350
670513 300 0.8809148375768218 8232261630
670813 300 0.9061843722563653 8130555450
671113 300 0.92870412642669 8249486070
671413 300 0.8844231782265146 8498010030
671713 300 0.8816733977172958 8150240520
672013 300 0.8782124670763828 8155981980
672313 300 0.8706268656716417 8155981980
672613 300 0.9003529411764706 8142038400
672913 300 0.8813889376646181 8142858600
673213 300 0.8892589991220369 8135476710
673513 300 0.920739244951712 8202734010
673813 300 0.9214978050921863 9487184610
674113 300 0.9246268656716418 9015563220
674413 300 0.8600070237050045 8529998250
674713 300 0.8646532045654083 8503751490
675013 300 0.8790184372256367 8444696310
675313 300 0.874324846356453 8359394340
675613 300 0.8650798946444249 8366776230
675913 300 0.8650798946444249 8361034770
676213 300 0.8606233538191397 8366776230
676513 300 0.9373801580333626 9133673640
676813 300 0.8846602282704128 8634985290
677113 300 0.8456417910447762 8379899610
677413 300 1.272237050043898 8385641100
677713 300 1.7274205443371378 8386461300
678013 300 1.0724986830553118 8282294490
678313 300 0.9270921861281827 8177307480
678613 300 1.2562124670763828 8177307480
678913 300 2.405525899912204 8191251060
679213 300 2.6541913959613694 8578390710
679513 300 2.7200438981562773 9200930940
679813 300 2.645610184372256 8670254340
680113 300 2.6215733099209837 8656310760
680413 300 2.6483125548726956 8668613940
680713 300 2.667418788410887 8676816030
681013 300 2.737538191395961 8656310760
681313 300 2.695675153643547 8650569300
681613 300 2.7238841088674275 8526717420
681913 300 2.741805092186128 8650569300
682213 300 2.7843318700614574 9031147230
682513 300 2.718100087796312 8598075780
682813 300 2.811734855136084 8335608210
683113 300 2.7595364354697107 8302799790
683413 300 2.567051799824408 8289676410
683713 300 1.3051395961369625 8224879710
684013 300 2.3915399473222125 8146139460
684313 300 0.9623178226514486 8119892700
684613 300 1.8588884986830552 8402045310
684913 300 0.8773590869183494 8310181680
685213 300 0.8442194907813871 7989479130
685513 300 0.8211308165057067 7969794060
685813 300 0.8623301141352064 7969794060
686113 300 0.8802985074626866 7956670680
686413 300 0.8299490781387182 7950108990
686713 300 0.8636101843722563 7956670680
687013 300 0.8819578577699736 7969794060
687313 300 0.89528007023705 8954047410
687613 300 0.8597699736611063 8750635050
687913 300 0.8055329236172081 8540661000
688213 300 0.7795048287971905 8539840800
688513 300 0.8162475856014049 8501290860
688813 300 0.8046321334503952 8363495400
689113 300 0.8302809482001757 8192891490
689413 300 0.8370605794556629 8048534340
689713 300 0.8525162423178227 8041972650
690013 300 0.8935258999122038 8645648010
690313 300 0.8893064091308165 9052472730
690613 300 0.8754626865671643 8580031140
690913 300 0.856972783143108 8448797340
691213 300 0.8570201931518877 8396303850
691513 300 0.8295223880597016 8278193430
691813 300 0.8207989464442493 8271631770
692113 300 0.8165794556628622 8330686950
692413 300 0.9116839332748026 9288693540
692713 300 0.8354486391571555 8849060370
693013 300 0.8347848990342405 8461920720
693313 300 0.8568779631255486 8442235680
693613 300 0.8418489903424057 8436494190
693913 300 0.8397629499561019 8238823320
694213 300 0.8563090430201933 8087904480
694513 300 0.845784021071115 8035410960
694813 300 0.9248639157155399 8999979210
695113 300 0.8729499561018437 8868745440
695413 300 0.8497190517998244 8566907760
695713 300 0.8759841966637402 8468482410
696013 300 0.8283845478489903 8461920720
696313 300 0.8567357330992098 8343810330
696613 300 0.8461158911325726 8042792850
696913 300 0.8940948200175594 8174026620
697213 300 0.934630377524144 8777702010
697513 300 0.899025460930641 8580851340
697813 300 0.9032449517120281 8587413030
698113 300 0.9155241439859526 8338068870
698413 300 0.8920087796312555 8238823320
698713 300 0.8806777875329236 8160083040
699013 300 0.8806777875329236 7969794060
699313 300 0.8882633889376647 8022287580
699613 300 1.0004354697102724 8954867610
699913 300 0.955585601404741 8849880600
700213 300 0.9510342405618966 8587413030
700513 300 0.9649253731343284 8587413030
700813 300 0.9435434591747146 8580851340
701113 300 0.9007796312554873 8494729170
701413 300 0.9319754170324847 8441415450
701713 300 0.9370008779631256 8303619990
702013 300 0.9525513608428448 8657951190
702313 300 0.9251957857769975 8501290860
702613 300 0.9257172958735733 8003422710
702913 300 0.9626971027216856 7997681250
703213 300 0.9772045654082528 7991939760
703513 300 0.9711834942932398 7986198300
703813 300 0.9315961369622476 7984557870
704113 300 0.9550166812993854 8220778680
704413 300 1.03803160667252 9086921610
704713 300 0.9789587357330993 8568548190
705013 300 0.9399402985074627 8568548190
705313 300 0.9563915715539948 8561986500
705613 300 0.941694468832309 8489807910
705913 300 0.952266900790167 8378259210
706213 300 0.9434012291483758 8379079410
706513 300 0.9773467954345919 8372517720
706813 300 1.0045601404741 9146797020
707113 300 0.9908586479367868 8982754800
707413 300 0.9572449517120282 8530818480
707713 300 0.9479525899912203 8419269750
708013 300 0.973079894644425 9042630210
708313 300 0.9382809482001757 8406146370
708613 300 0.9372853380158035 8261789220
708913 300 0.9402247585601404 8234722260
709213 300 0.9511290605794557 8241283950
709513 300 0.9508920105355575 8772780750
709813 300 0.9471940298507463 8247845640
710113 300 0.9404143985952591 8241283950
710413 300 0.9246742756804214 8242104150
710713 300 0.9124899034240561 8242104150
711013 300 0.9187954345917473 8242104150
711313 300 0.9184635645302898 8235542460
711613 300 0.9494697102721685 8334788010
711913 300 0.9956470588235296 9022945140
712213 300 0.9595206321334503 8720287230
712513 300 0.9739806848112379 8476684530
712813 300 0.9758296751536435 8344630530
713113 300 0.9599947322212466 8300339130
713413 300 0.9182739244951711 8044433280
713713 300 0.9275188762071994 7900076130
714013 300 0.9537366110623353 7939446270
714313 300 1.0599824407374892 8615300220
714613 300 0.9863546971027217 8667793710
714913 300 0.9688129938542581 8529998250
715213 300 0.9674381035996489 9547060020
715513 300 0.9456769095697982 8516874870
715813 300 0.9667269534679543 8306900820
716113 300 0.9515083406496927 8090365110
716413 300 0.9464354697102723 8090365110
716713 300 0.9951255487269535 9048371670
717013 300 1.0179771729587357 8438134620
717313 300 0.975782265144864 8438134620
717613 300 0.9643090430201933 8379079410
