1459706 6 0.4580649692712906 4659422040
1459712 9 0.454935908691835 4659422040
1459721 90 0.5357225636523266 5255715510
1459811 300 0.5269517120280949 8735871240
1460111 300 0.5790553116769097 7985378070
1460411 297 0.5822317822651448 7822156080
1460708 3 0.48347673397717295 7822156080
1460711 3 0.44900965759438105 7416151560
1460714 2 0.44735030728709396 7356276150
1460716 1 0.43663564530289734 7356276150
1460717 7 0.43663564530289734 7356276150
1460724 1 0.43663564530289734 7356276150
1460725 168 0.4430834064969271 7749157290
1460893 3 0.434359964881475 4323955680
1460896 1 0.4284337137840211 4323955680
1460897 8 0.4284337137840211 4323955680
1460905 1 0.4284337137840211 4324775910
1460906 105 0.4921527655838455 5059685040
1461011 300 0.5149095697980686 7567070400
1461311 300 0.5725601404741001 7821335850
1461611 300 0.599204565408253 7918940970
1461911 300 0.644955223880597 8818712580
1462211 300 0.6265127304653205 8057556660
1462511 300 0.6015750658472344 8052635400
1462811 300 0.5892010535557507 8013265260
1463111 253 0.5968814749780509 7882851690
1463364 5 0.4495785776997366 7736854110
1463369 4 0.4484407374890255 7470285510
1463373 9 0.44208779631255485 7470285510
1463382 29 0.46934855136084286 7793448690
1463411 139 0.4386742756804214 7727011590
1463550 4 0.4312309043020194 4341180120
1463554 14 0.4266795434591747 4341180120
1463568 143 0.5628410886742757 5041640400
1463711 300 0.5086040386303776 7583474640
1464011 300 0.586830553116769 7806572070
1464311 300 0.5908604038630378 7780325310
1464611 300 0.570379280070237 7800010380
1464911 300 0.5634574187884109 7793448690
1465211 300 0.5905285338015803 7794268890
1465511 254 0.6597471466198419 8647288440
1465765 6 0.49480772607550483 9127932150
1465771 3 0.5025355575065847 8890891140
1465774 12 0.4854679543459175 8890891140
1465786 25 0.5137243195785777 9214874520
1465811 137 0.4417559262510975 8440595250
1465948 1 0.8183336259877085 4628254020
1465949 4 0.42995083406496926 4628254020
1465953 3 0.42995083406496926 4628254020
1465956 155 0.49006672519754174 5874974880
1466111 22 0.5682932396839333 7686821220
1466133 6 0.4299034240561897 7431735570
1466139 4 0.42776997366110625 7211919000
1466143 1 0.419710272168569 7211919000
1466144 11 0.419710272168569 7211919000
1466155 164 0.4252572431957858 7587575700
1466319 8 0.411603160667252 3919591620
1466327 7 0.411603160667252 3919591620
1466334 1 0.411603160667252 3919591620
1466335 76 0.4916312554872696 4500301080
1466411 300 0.4875539947322213 6901059000
1466711 300 0.576684811237928 7372680390
1467011 300 0.5786760316066725 7375141020
1467311 300 0.5915241439859527 7407949470
1467611 300 0.5707585601404741 7421893050
1467911 300 0.5706637401229149 7429274940
1468211 300 0.564737489025461 7435836630
1468511 300 0.5986830553116769 7803291210
1468811 300 0.6255171202809483 8794106220
1469111 300 0.5742669007901668 8309361480
1469411 300 0.5650693590869185 8238003090
1469711 300 0.5672028094820019 7918120770
1470011 300 0.5782493415276558 7713888210
1470311 300 0.5680087796312555 7525239660
1470611 300 0.5463898156277437 7519498170
1470911 300 0.5750728709394206 7545744930
1471211 300 0.582611062335382 7532621550
1471511 300 0.598540825285338 7532621550
1471811 300 0.6197330992098332 7690102080
1472111 300 0.6322493415276558 8405326170
1472411 300 0.5876839332748025 8411067630
1472711 300 0.5838437225636524 8266710480
1473011 300 0.5915241439859527 7715528610
1473311 300 0.5755943810359965 7553126820
1473611 300 0.5864986830553117 7578553380
1473911 300 0.5460105355575066 7585935270
1474211 300 0.5654960491659351 7573632090
1474511 300 0.5551606672519753 7567890630
1474811 300 0.5908129938542581 7653192570
1475111 300 0.6292625109745391 8329046520
1475411 300 0.5983511852502195 8321664630
1475711 300 0.5633625987708517 7639248990
1476011 300 0.5832748024582968 7619563920
1476311 300 0.5555399473222125 7580193780
1476611 300 0.5888217734855137 7567890630
1476911 300 0.576827041264267 7568710830
1477211 300 0.576684811237928 7608901170
1477511 300 0.5760684811237928 7628586240
1477811 300 0.5784389815627744 7660574490
1478111 300 0.6264653204565409 8782623270
1478411 300 0.6278876207199298 8743253130
1478711 300 0.5753573309920983 8139577770
1479011 300 0.5907181738366989 7988658930
1479311 300 0.6011483757682178 7877110200
1479611 300 0.5973081650570676 7778684880
1479911 300 0.5848867427568043 7647451110
1480211 300 0.5782967515364354 7641709620
1480511 300 0.5727971905179983 7635968160
1480811 300 0.5897699736611062 7655653200
1481111 300 0.5794345917471466 7675338270
1481411 300 0.6343827919227393 8384820900
1481711 300 0.5982563652326602 8082983190
1482011 300 0.5693362598770852 7695023340
1482311 300 0.5783441615452152 7681079760
1482611 300 0.5807620719929764 7687641450
1482911 300 0.5643582089552239 7674518070
1483211 300 0.5488551360842846 7667956380
1483511 300 0.5929464442493415 7681079760
1483811 300 0.6595575065847235 7727831790
1484111 300 0.6118630377524144 7728651990
1484411 300 0.642395083406497 8358574140
1484711 300 0.5779174714661984 8123173530
1485011 300 0.572702370500439 8017366320
1485311 300 0.5844600526777877 8018186520
1485611 300 0.5726075504828797 7912379280
1485911 300 0.5805724319578578 7813953960
1486211 300 0.579529411764706 7748337060
1486511 300 0.5914767339771729 7714708410
1486811 300 0.6007690956979808 7714708410
1487111 300 0.5971659350307287 7708146720
1487411 300 0.6470886742756805 8109229950
1487711 300 0.6321545215100967 8397944280
1488011 300 0.6056049165935031 7761460440
1488311 300 0.599820895522388 7742595600
1488611 300 0.599062335381914 8693220270
1488911 300 0.5675820895522389 7735213680
1489211 300 0.5756417910447762 7722910530
1489511 300 0.56227216856892 7723730730
1489811 300 0.601764705882353 7729472220
1490111 300 0.5824214223002634 7734393480
1490411 300 0.5925671641791046 7721270100
1490711 300 0.6471834942932397 8358574140
1491011 300 0.6473731343283582 8004242940
1491311 300 0.6263705004389816 7768022130
1491611 300 0.5944161545215101 7775404020
1491911 300 0.5976400351185249 8347091190
1492211 300 0.5891062335381914 7736854110
1492511 300 0.5781545215100966 7736854110
1492811 300 0.5693362598770852 7736854110
1493111 300 0.5853134328358209 7729472220
1493411 300 0.5884424934152765 7723730730
1493711 300 0.5685776997366111 7716348840
1494011 300 0.6317752414398595 8220778680
1494311 300 0.6233362598770852 7722090300
1494611 300 0.5734609306409131 7715528610
1494911 300 0.5700474100087797 7702405260
1495211 300 0.5754995610184372 7715528610
1495511 300 0.5851237928007024 7722090300
1495811 300 0.5652115891132572 7709787150
1496111 300 0.576684811237928 7710607350
1496411 300 0.5989675153643548 7704045660
1496711 300 0.5986830553116769 7697483970
1497011 300 0.6660052677787534 8321664630
1497311 300 0.627081650570676 8163363900
1497611 300 0.5858823529411765 7736854110
1497911 300 0.5918086040386303 7736854110
1498211 300 0.5787708516242318 7736854110
1498511 300 0.5858349429323968 7731932850
1498811 300 0.5852660228270413 7745056230
1499111 300 0.5846022827041264 7745056230
1499411 300 0.5805724319578578 7737674310
1499711 300 0.5913819139596137 7763100870
1500011 300 0.6307322212467077 8773600950
1500311 300 0.600721685689201 8767039260
1500611 300 0.5686725197541703 8525076990
1500911 300 0.5846022827041264 8492268540
1501211 300 0.6068849868305531 8169925590
1501511 300 0.586972783143108 7973895120
1501811 300 0.5835592625109746 7822976280
1502111 300 0.6126215978928885 7725371160
1502411 300 0.5971659350307287 7738494540
1502711 300 0.5988726953467954 7737674310
1503011 300 0.594700614574188 7738494540
1503311 300 0.6399297629499561 8165824530
1503611 300 0.6407831431079895 9005720700
1503911 300 0.6251378402107111 8520155730
1504211 300 0.6059841966637401 8380719840
1504511 300 0.6117208077260756 8046893910
1504811 300 0.5935627743634768 7927963290
1505111 300 0.603945566286216 7816414590
1505411 300 0.5899122036874451 7758179610
1505711 300 0.5987304653204566 7758999810
1506011 300 0.6068849868305531 7752438120
1506311 300 0.5938472344161545 7752438120
1506611 300 0.6591308165057068 8736691440
1506911 300 0.6575188762071993 8946665490
1507211 300 0.619638279192274 8224879710
1507511 300 0.6148024582967515 8218318020
1507811 300 0.634050921861282 8171565990
1508111 300 0.6127164179104478 8086264050
1508411 300 0.6081650570676032 8027208840
1508711 300 0.6026180860403864 8040332220
1509011 300 0.5820421422300264 8032950330
1509311 300 0.6002475856014048 7955030280
1509611 300 0.6279350307287095 7902536760
1509911 300 0.7022739244951712 8184689370
1510211 300 0.6294995610184372 7942727100
1510511 300 0.6052730465320457 7850863470
1510811 300 0.6208235294117648 7857425160
1511111 300 0.6105829675153643 7850043240
1511411 300 0.6197805092186128 7856604930
1511711 300 0.6385548726953468 7842661350
1512011 300 0.6159402985074627 7836099660
1512311 300 0.6202546093064092 7862346420
1512611 300 0.6245689201053556 7863166620
1512911 300 0.6745864793678666 8270811540
1513211 300 0.7010412642669008 8828555100
1513511 300 0.6393608428446005 8277373230
1513811 300 0.6410201931518876 8218318020
1514111 300 0.6318700614574189 8159262840
1514411 300 0.6415891132572431 7923042030
1514711 300 0.6365636523266023 7857425160
1515011 300 0.6228147497805092 7863986820
1515311 300 0.6505021949078139 7863166620
1515611 300 0.642632133450395 7856604930
1515911 300 0.6363266022827042 7889413380
1516211 300 0.6446233538191397 8158442610
1516511 300 0.6868182616330115 9051652530
1516811 300 0.6251378402107111 8624322540
1517111 300 0.6110570676031607 8612019360
1517411 300 0.6098244073748903 8572649220
1517711 300 0.6297366110623354 8238003090
1518011 300 0.6250430201931519 8047714110
1518311 300 0.6134275680421424 8047714110
1518611 300 0.6222932396839334 8007523770
1518911 300 0.6047989464442494 7909918650
1519211 300 0.6098244073748903 7896795270
1519511 300 0.6617383669885865 7982917440
1519811 300 0.6966321334503951 8974552680
1520111 300 0.6497910447761195 8849880600
1520411 300 0.6221035996488148 8659591620
1520711 300 0.620017559262511 8561166270
1521011 300 0.6251852502194908 8253587100
1521311 300 0.6250430201931519 7950929220
1521611 300 0.6301158911325724 7937805840
1521911 300 0.6357576821773485 7924682460
1522211 300 0.6252800702370501 7944367530
1522511 300 0.6185952589991222 7957490910
1522811 300 0.6480842844600527 8344630530
1523111 300 0.6809394205443372 9250143600
1523411 300 0.6420632133450395 8968811190
1523711 300 0.6190693590869184 8712905340
1524011 300 0.6394556628621598 8627603370
1524311 300 0.6177418788410887 8346270960
1524611 300 0.6175522388059702 7998501450
1524911 300 0.6057945566286216 7984557870
1525211 300 0.6056049165935031 7977175980
1525511 300 0.6140438981562775 7970614290
1525811 300 0.6153713784021071 7983737670
1526111 300 0.6536312554872695 8567727960
1526411 300 0.6419209833187007 9065596110
1526711 300 0.6386971027216857 8679276690
1527011 300 0.6128112379280071 8672715000
1527311 300 0.6257067603160668 9100044990
1527611 300 0.6284565408252853 8299518930
1527911 300 0.6177418788410887 7990299330
1528211 300 0.6094451273046533 7964052600
1528511 300 0.633387181738367 7997681250
1528811 300 0.6268446005267778 8003422710
1529111 300 0.6358999122036875 7984557870
1529411 300 0.6511185250219491 8284755120
1529711 300 0.6742071992976295 8246205210
1530011 300 0.6394556628621598 8015725890
1530311 300 0.6175522388059702 8002602510
1530611 300 0.6319174714661985 8003422710
1530911 300 0.5992519754170326 7991119560
1531211 300 0.6183107989464443 8004242940
1531511 300 0.6153713784021071 7998501450
1531811 300 0.6075013169446883 7985378070
1532111 300 0.6312537313432836 8005063140
1532411 300 0.6306848112379281 8011624830
1532711 300 0.6899947322212467 8785904130
1533011 300 0.6884302019315189 9040989780
