1147625 300 1.0377945566286217 11956020060
1147925 300 1.0454749780509218 11957660490
1148225 300 1.0566637401229149 11956020060
1148525 300 1.0478928884986831 11969143440
1148825 300 1.0392168568920108 11969143440
1149125 300 1.039406496927129 11963401950
1149425 300 1.0356136962247584 11976525330
1149725 300 1.0942598770851624 12580200720
1150025 300 1.0679473222124671 12489157290
1150325 300 1.078993854258121 12357103290
1150625 300 1.0908937664618088 12198802560
1150925 300 1.0871957857769972 12074950680
1151225 300 1.079041264266901 12081512370
1151525 300 1.089708516242318 12016715670
1151825 300 1.1068235294117645 11946177510
1152125 300 1.0889499561018439 11946177510
1152425 300 1.0930272168568922 11958480690
1152725 300 1.0951606672519754 11958480690
1153025 300 1.0737787532923617 11957660490
1153325 300 1.0851571553994734 11957660490
1153625 300 1.1370237050043897 12056906010
1153925 300 1.1849552238805972 12897622410
1154225 300 1.1392519754170327 12701591970
1154525 300 1.1394890254609304 12414518070
1154825 300 1.103836698858648 12303789570
1155125 300 1.1099525899912206 12167634510
1155425 300 1.0681843722563653 11989648710
1155725 300 1.1035522388059702 11838729870
1156025 300 1.1153099209833188 11814123540
1156325 300 1.0873380158033363 12142207980
1156625 300 1.1212835820895521 12759826950
1156925 300 1.0642019315188762 12727018500
1157225 300 1.0626848112379281 12425180820
1157525 300 1.0185460930640913 12371867100
1157825 300 1.0420614574187885 12175836630
1158125 300 1.0282651448639157 11979806190
1158425 300 1.0322475856014048 11960121120
1158725 300 1.0408762071992976 11828887350
1159025 300 1.107819139596137 13297885440
1159325 300 1.0919367866549605 13829382240
1159625 300 1.0744424934152765 13106776230
1159925 300 1.0525390693590868 12339058650
1160225 300 1.025799824407375 12345620340
1160525 300 1.0367515364354698 12339058650
1160825 300 1.0185460930640913 12293126820
1161125 300 1.0268902546093064 12102837840
1161425 300 1.0004828797190517 11997850830
1161725 300 1.0465179982440738 11886302100
1162025 300 1.0905144863915714 12581841120
1162325 300 1.0384582967515363 12895981980
1162625 300 1.050121158911326 12403855320
1162925 300 1.0225759438103599 12285744930
1163225 300 1.0285496049165936 12266059860
1163525 300 1.0111975417032484 12153690930
1163825 300 1.0118612818261634 12015895470
1164125 300 1.017692712906058 11859235140
1164425 300 1.087385425812116 11851853250
1164725 300 1.0605513608428445 12134005860
1165025 300 1.0557155399473221 12717175980
1165325 300 1.0060772607550486 12474393480
1165625 300 0.9861650570676033 12454708410
1165925 300 1.0147532923617208 12979643520
1166225 300 0.9737436347673397 12284104500
1166525 300 0.9966426690079018 12198802560
1166825 300 1.01617559262511 12133185660
1167125 300 1.0211536435469708 12139747350
1167425 300 0.9664899034240562 12795916230
1167725 300 0.9901949078138718 12126623970
1168025 300 0.9572923617208077 11904346770
1168325 300 0.9770623353819139 11844471360
1168625 300 0.9731273046532045 11844471360
1168925 300 0.990811237928007 11844471360
1169225 300 1.0273643546971027 12428461650
1169525 300 1.0172660228270414 12434203140
1169825 300 0.9957892888498684 11843651130
1170125 300 0.9740755048287972 11837909670
1170425 300 0.947762949956102 11838729870
1170725 300 0.9660632133450396 11837909670
1171025 300 0.9605636523266023 11831347980
1171325 300 0.9590939420544338 11837909670
1171625 300 0.9843634767339773 11837089440
1171925 300 0.9746444249341528 11844471360
1172225 300 1.010107111501317 13204381380
1172525 300 1.0139947322212466 13236369600
1172825 300 0.9828937664618087 11871538320
1173125 300 1.0288340649692713 11871538320
1173425 300 0.9639771729587359 11859235140
1173725 300 0.9847901668129938 11871538320
1174025 300 1.001383669885865 11884661700
1174325 300 0.9933713784021071 11872358520
1174625 300 1.0233819139596139 11872358520
1174925 300 1.0234767339771729 11884661700
1175225 300 1.0408762071992976 12784433280
1175525 300 1.0108182616330113 13007530710
1175825 300 1.0321053555750659 12489157290
1176125 300 0.7015627743634768 7347253830
1176425 8 0.6882405618964004 7347253830
1176433 292 0.9843160667251976 12370226670
1176725 300 0.9756874451273047 12317733150
1177025 96 0.4433678665496049 2074936830
1177121 176 0.6816505706760316 7186492470
1177297 28 0.9592361720807726 12324294840
1177325 300 0.9876347673397718 12330856530
1177625 300 1.0097752414398595 12337418220
1177925 136 0.7118033362598771 7738494540
1178061 164 1.002663740122915 13333974720
1178225 300 1.0433415276558384 12796736430
1178525 300 1.0359929762949955 12468651990
1178825 300 1.037130816505707 12468651990
1179125 300 1.0206321334503952 12462090300
1179425 300 1.0055083406496927 12469472220
1179725 300 1.0243301141352064 12462910530
1180025 300 1.0186409130816507 12331676760
1180325 300 1.0518279192273923 12462090300
1180625 300 1.064723441615452 12613009170
1180925 300 1.063585601404741 12389911740
1181225 300 1.050974539069359 12147129240
1181525 300 1.0271747146619843 12139747350
1181825 300 1.0006725197541704 12152870730
1182125 300 0.96985601404741 12153690930
1182425 300 0.9936084284460053 12160252620
1182725 300 1.012145741878841 12161072820
1183025 300 1.050263388937665 12883678830
1183325 300 1.0650553116769097 13073967810
1183625 300 1.0286444249341529 12509662560
1183925 300 1.0369411764705883 12509662560
1184225 300 1.0079736611062335 12509662560
1184525 300 0.9498964003511853 12509662560
1184825 300 0.9944143985952592 12496539180
1185125 300 0.9737436347673397 12339058650
1185425 300 0.9904793678665496 13329873660
1185725 300 1.0029956101843722 14025412680
1186025 300 1.0165548726953468 13434040470
1186325 300 1.0071676909569798 12489977490
1186625 300 1.0173608428446006 12489977490
1186925 300 1.0084003511852504 12484236000
1187225 300 0.9690026338893767 12471112620
1187525 300 0.9966900790166813 12477674310
1187825 300 1.0071202809482003 12477674310
1188125 300 0.9824670763827918 12457989270
1188425 300 1.027222124670764 12838567200
1188725 300 1.0397383669885865 12608908110
1189025 300 1.0520649692712905 11965862580
1189325 300 0.999961369622476 11874819150
1189625 300 1.003943810359965 11795258670
1189925 300 0.9832730465320457 11809202280
1190225 300 0.9901474978050923 11802640590
1190525 300 0.9675329236172082 11802640590
1190825 300 0.9879666374012291 11803460790
1191125 300 0.9928498683055312 11802640590
1191425 300 1.0488410886742758 12398934060
1191725 300 1.0259894644424934 12910745790
1192025 300 1.0138525021949079 12766388640
1192325 300 0.9578138718173836 12457989270
1192625 300 0.9877769973661108 12452247780
1192925 300 0.9893415276558384 12445686090
1193225 300 1.0047971905179982 12451427580
1193525 300 0.9425004389815629 12451427580
1193825 300 0.8919613696224759 12275082180
1194125 300 0.8908235294117648 12170095170
1194425 300 0.894521510096576 12176656860
1194725 300 0.8637524143985952 12176656860
1195025 300 0.8676874451273047 12176656860
1195325 300 0.8468744512730466 12176656860
1195625 300 0.8724284460052678 12320193780
1195925 300 0.9656839332748024 12523606140
1196225 300 0.9379016681299385 12019176300
1196525 300 0.9468147497805093 12019176300
1196825 300 0.9366690079016681 12019176300
1197125 300 0.9093608428446006 12024917790
1197425 300 0.9271395961369624 12018356100
1197725 300 0.9204547848990342 12025737990
1198025 300 0.9469095697980686 12039681600
1198325 300 1.002521510096576 12433382910
1198625 300 0.9544003511852504 12184038750
1198925 300 0.9379964881474978 12019176300
1199225 300 0.9228726953467955 12011794410
1199525 300 0.9242475856014047 11992109340
1199825 300 0.8951852502194908 11860875570
1200125 300 0.932070237050044 11860875570
1200425 300 0.9055680421422301 11860875570
1200725 300 0.9279929762949957 11868257460
1201025 300 0.9350096575943811 11867437260
1201325 300 0.9222563652326603 11862516000
1201625 300 0.9223511852502196 11862516000
1201925 300 0.9143863037752415 11862516000
1202225 300 0.8970816505706761 11901886110
1202525 300 0.9434012291483758 13771147230
1202825 300 0.9245794556628623 13922886300
1203125 300 0.8785917471466198 13246212120
1203425 300 0.8278630377524144 12590043240
1203725 300 0.8153467954345918 12557234790
1204025 300 0.8346900790166815 12465371160
1204325 300 0.8380561896400351 12307890630
1204625 300 0.8251132572431958 12288205560
1204925 300 0.831655838454785 12289025760
1205225 300 0.8424179104477612 12354642660
1205525 300 0.8816259877085163 12853331010
1205825 300 0.8570676031606673 12550673100
1206125 300 0.8456417910447762 12400574490
1206425 300 0.840900790166813 12401394690
1206725 300 0.8550289727831433 12334957590
1207025 300 0.8568305531167691 12229970580
1207325 300 0.8507146619841967 12189780210
1207625 300 0.8656014047410008 12249655620
1207925 300 0.8611448639157155 12630233580
1208225 300 0.7806900790166814 12655660140
1208525 300 0.7380210711150132 12406315950
1208825 300 0.7420035118525022 12393192570
1209125 300 0.7377366110623355 12229150350
1209425 300 0.7278753292361722 12117601650
1209725 300 0.7532396839332748 12151230300
1210025 300 0.7620579455662863 12138106920
1210325 300 0.7887971905179983 12544111410
1210625 300 0.7481194029850746 12130725030
1210925 300 0.7400597014925374 11986367880
1211225 300 0.7584073748902546 11979806190
1211525 300 0.7644284460052677 11973244500
1211825 300 0.7959086918349431 11973244500
1212125 300 0.7781773485513608 11973244500
1212425 300 0.8173380158033363 12111039960
1212725 300 0.8275785776997368 12393192570
1213025 300 0.7920684811237928 11979806190
1213325 300 0.7732941176470589 11992929570
1213625 300 0.7731518876207198 11992929570
1213925 300 0.7554205443371379 11986367880
1214225 300 0.759782265144864 11974064700
1214525 300 0.7551360842844601 11974064700
1214825 300 0.7870904302019316 12202903590
1215125 300 0.8017401229148375 13614486930
1215425 300 0.8081404741000879 13607105010
1215725 300 0.7701650570676032 12544111410
1216025 300 0.7569850746268658 12530988060
1216325 300 0.7617734855136085 12524426370
1216625 300 0.7690746268656716 12517864680
1216925 300 0.7434258121158912 12517864680
1217225 300 0.7481194029850746 12353002230
1217525 300 0.7991325724319579 12268520490
1217825 300 0.8195188762071993 12996047730
1218125 300 0.8026409130816508 12523606140
1218425 300 0.7646180860403864 12077411310
1218725 300 0.7714925373134329 12084793200
1219025 300 0.7787462686567165 12084793200
1219325 300 0.7627690956979808 12071669820
1219625 300 0.7638595258999124 12078231510
1219925 300 0.8010763827919228 12078231510
1220225 300 0.8207041264266902 12937812750
1220525 300 0.8263459174714664 13036238100
1220825 300 0.7934433713784023 12557234790
1221125 300 0.7936804214223004 12557234790
1221425 300 0.5747884108867427 7425173880
1221725 33 0.5973081650570676 7432555800
1221758 7 0.5974978050921862 7433376000
1221765 13 0.5973081650570676 7433376000
1221778 1 0.5973081650570676 7433376000
1221779 169 0.6045144863915715 7824616710
1221948 1 0.6045144863915715 7824616710
1221949 76 0.6563810359964881 8894172000
1222025 300 0.6629236172080772 11177639730
1222325 300 0.761441615452151 12023277360
1222625 300 0.8417541703248463 12614649570
1222925 300 0.8133081650570677 12490797690
1223225 300 0.7799315188762074 12038041170
1223525 300 0.7696909569798068 12446506290
1223825 300 0.77571202809482 12196341900
1224125 300 0.7719666374012293 12163533480
1224425 300 0.7771343283582091 11914189290
1224725 300 0.8003652326602283 11933874360
1225025 300 0.8216049165935031 12242273730
1225325 300 0.800270412642669 12124983540
1225625 300 0.7704021071115014 12636795270
1225925 300 0.7782247585601406 12400574490
1226225 300 0.7774661984196665 12275902380
1226525 300 0.7694539069359086 12170095170
1226825 300 0.7831553994732222 12058546440
1227125 300 0.819708516242318 12412877640
1227425 300 0.8361597892888499 12216847200
1227725 300 0.8248762071992977 12104478270
1228025 300 0.7973309920983318 11933874360
1228325 300 0.7759964881474979 11868257460
1228625 300 0.7855733099209835 11769832140
1228925 300 0.7869007901668129 11771472570
1229225 300 0.79756804214223 11876459580
1229525 300 0.8268200175592627 13497196740
1229825 300 0.8485812115891134 13621048620
1230125 300 0.8152993854258123 12774590730
1230425 300 0.7913099209833186 12446506290
1230725 300 0.8098472344161545 12321834210
1231025 300 0.7980421422300263 12236532270
1231325 300 0.8516154521510098 12250475850
1231625 300 0.8052958735733099 12131545230
1231925 300 0.8146830553116768 12085613400
1232225 300 0.8464951712028096 12800837490
1232525 300 0.8594855136084285 12316092720
1232825 300 0.8374872695346796 11968323210
1233125 300 0.8312291483757681 11961761550
1233425 300 0.8500983318700615 11969143440
1233725 300 0.8164372256365233 11956020060
1234025 300 0.8010289727831432 11969143440
1234325 300 0.8018823529411764 11864156400
1234625 300 0.8510939420544337 11837909670
1234925 300 0.894521510096576 12572818800
1235225 300 0.8495768217734856 12277542810
1235525 300 0.8418964003511852 11851853250
1235825 300 0.8469218612818261 11851853250
1236125 300 0.8430816505706761 11852673450
1236425 300 0.8512835820895523 11852673450
1236725 300 0.876505706760316 11852673450
1237025 300 0.8543178226514487 11851853250
1237325 300 0.8802510974539071 11962581750
1237625 300 0.8926251097453908 12225049290
1237925 300 0.8519947322212469 12009333780
1238225 300 0.8369183494293241 11845291560
1238525 300 0.8500983318700615 11837089440
1238825 300 0.8582528533801581 11831347980
1239125 300 0.8782124670763828 11843651130
1239425 300 0.8496716417910449 11837909670
1239725 300 0.890776119402985 11831347980
1240025 300 0.8669762949956101 11837909670
1240325 300 0.8759367866549607 11825606490
1240625 300 0.8484389815627745 11825606490
1240925 300 0.8749411764705883 11825606490
1241225 300 0.8846602282704128 11924031810
1241525 300 0.9096927129060579 12212746140
1241825 300 0.8793503072870938 11956840260
1242125 300 0.878449517120281 11846111760
1242425 300 0.8562616330114137 11819044800
1242725 300 0.8449306409130817 11844471360
1243025 300 0.8468744512730466 11844471360
1243325 300 0.888737489025461 11851033050
1243625 300 0.9135803336259877 11956020060
1243925 300 0.934393327480246 12559695420
1244225 300 0.8997366110623355 12120882480
1244525 300 0.866359964881475 11838729870
1244825 300 0.8468744512730466 11837089440
1245125 300 0.8739455662862159 11837909670
1245425 300 0.8659332748024583 11825606490
1245725 300 0.8673081650570675 11824786290
1246025 300 0.8749411764705883 11823966060
1246325 300 0.8830956979806849 11837089440
1246625 300 0.914054433713784 13596442290
1246925 300 0.9645935030728711 13872853410
1247225 300 0.9177524143985952 12974722260
1247525 300 0.8916294995610186 12455528610
1247825 300 0.9008270412642669 12456348840
1248125 300 0.8911079894644425 12455528610
1248425 300 0.892198419666374 12462090300
1248725 300 0.9141966637401229 12461270100
1249025 300 0.9080807726075504 12421899960
1249325 300 0.9296997366110625 12330036330
1249625 300 0.9578138718173836 12946835070
1249925 300 0.9315961369622476 12876296910
1250225 300 0.9135329236172082 12284924700
1250525 300 0.8957541703248464 12266059860
1250825 300 0.9021071115013171 12147949470
1251125 300 0.91457594381036 12129084600
1251425 300 0.9091712028094819 12128264400
1251725 300 0.90428797190518 12127444170
1252025 300 0.9211185250219491 12173376000
1252325 300 0.9723213345039508 12606447480
1252625 300 0.9466725197541704 12574459230
1252925 300 0.9085074626865672 12449787150
1253225 300 0.9102616330114135 12770489700
1253525 300 0.9066584723441616 12416158500
1253825 300 0.8878841088674276 12317733150
1254125 300 0.9021545215100966 12292306620
1254425 300 0.9124899034240561 12377608560
1254725 300 0.9472414398595259 12554774160
1255025 300 0.9294626865671644 12273441750
1255325 300 0.8994047410008781 12272621550
1255625 300 0.9088867427568043 12271801320
1255925 300 0.9065636523266023 12270981120
1256225 300 0.9179420544337139 12270981120
1256525 300 0.9209288849868306 12257857740
1256825 300 0.9317857769973661 12244734360
1257125 300 0.9751185250219492 12540010380
1257425 300 0.9308375768217736 12304609770
1257725 300 0.9153819139596138 12174196200
1258025 300 0.9320228270412642 12174196200
1258325 300 0.9070851624231782 12168454740
1258625 300 0.9157137840210713 12159432420
1258925 300 0.91457594381036 12160252620
1259225 300 0.9358630377524145 12161072820
1259525 300 0.9963107989464443 13399591620
1259825 300 0.9934187884108867 13826101380
1260125 300 0.9401299385425812 12638435700
1260425 300 0.900305531167691 12547392270
1260725 300 0.8989306409130817 13196179260
1261025 300 0.898883230904302 12526887000
1261325 300 0.8853713784021071 12527707200
1261625 300 0.9032449517120281 12513763620
1261925 300 0.9127269534679543 12409596810
1262225 300 0.9431641791044776 12961598880
1262525 300 0.9322124670763828 12371046870
1262825 300 0.896180860403863 12357923490
1263125 300 0.9024863915715541 12364485180
1263425 300 0.9067058823529411 12364485180
1263725 300 0.8807726075504829 12358743720
1264025 300 0.8751308165057068 12357923490
1264325 300 0.8917243195785777 12363664980
1264625 300 0.8940474100087796 12364485180
1264925 300 0.8672133450395083 12366125610
1265225 300 0.9056154521510096 12366125610
1265525 300 0.8977453906935908 12372687300
1265825 300 0.9121580333625989 12366125610
1266125 300 0.9226830553116768 12385810680
1266425 300 0.9961685689201054 13165831440
1266725 300 0.9446812993854259 12659761200
1267025 300 0.889496049165935 12371046870
1267325 300 0.8709113257243197 12364485180
1267625 300 0.882574187884109 12364485180
1267925 300 0.8807726075504829 12363664980
1268225 300 0.8890693590869183 12363664980
1268525 300 0.9309798068481124 12509662560
1268825 300 0.9488059701492537 12923048970
1269125 300 0.9053309920983319 12543291210
1269425 300 0.9028182616330114 12542471010
1269725 300 0.8574468832309043 12535909320
1270025 300 0.8865566286215979 12528527400
1270325 300 0.8818156277436349 12521965710
1270625 300 0.8902546093064091 12436663770
1270925 300 0.8898753292361721 12371867100
1271225 300 0.9453450395083407 12968980770
1271525 300 0.9429745390693592 12843488490
1271825 300 0.8971764705882352 12240633300
1272125 300 0.8881211589113258 12240633300
1272425 300 0.8942844600526778 12240633300
1272725 300 0.903908691834943 12248015220
1273025 300 0.8844705882352941 12175016430
1273325 300 0.8940000000000001 12109399530
1273625 300 0.8683511852502196 12129904800
1273925 300 0.9261913959613697 13658778330
1274225 300 0.9340614574187884 13632531570
1274525 300 0.9228726953467955 12556414590
1274825 300 0.9223037752414398 12549032700
1275125 300 0.9233467954345919 12549852900
1275425 300 0.940556628621598 12556414590
1275725 300 0.898741000877963 12555594390
1276025 300 0.8992151009657594 12556414590
1276325 300 0.8931940298507463 12556414590
1276625 300 0.9198858647936787 12622031490
1276925 300 0.9381387181738366 13311008820
1277225 300 0.8951378402107112 12857432070
1277525 300 0.8964653204565409 12444045660
1277825 300 0.8831431079894644 12248015220
1278125 300 0.8864143985952591 12274261980
1278425 300 0.890776119402985 12253756680
1278725 300 0.8677348551360844 12253756680
1279025 300 0.8832379280070237 12253756680
1279325 300 0.9004003511852503 12444045660
1279625 300 0.9728428446005268 12916487280
1279925 300 0.9014907813871819 12575279460
1280225 300 0.9087445127304654 12189780210
1280525 300 0.898646180860404 12150410100
1280825 300 0.8842809482001757 12439124400
1281125 300 0.8841861281826164 12143848410
1281425 300 0.8769798068481124 12137286720
1281725 300 0.8843283582089553 12137286720
1282025 300 0.922161545215101 12248015220
1282325 300 0.9457243195785777 12148769670
1282625 300 0.9296523266022827 12005232720
1282925 300 0.8858928884986832 12005232720
1283225 300 0.8886426690079017 12005232720
1283525 300 0.8963230904302021 11992109340
1283825 300 0.898361720807726 11986367880
1284125 300 0.9211659350307287 11986367880
1284425 300 0.8990728709394206 11992109340
1284725 300 0.8955645302897279 11992929570
1285025 300 0.9205496049165935 14027053110
1285325 300 0.9074644424934153 12032299680
1285625 300 0.9090289727831431 12024917790
1285925 300 0.8880263388937665 12024917790
1286225 300 0.9121580333625989 12051164550
1286525 300 0.9497067603160667 13685025090
1286825 300 0.9496593503072871 13087911390
1287125 300 0.9540684811237928 12038861370
1287425 300 0.9580035118525022 12025737990
1287725 300 0.910214223002634 12025737990
1288025 300 0.9391343283582089 12025737990
1288325 300 0.901585601404741 12025737990
1288625 300 0.9136277436347675 12025737990
1288925 300 0.9193643546971026 12025737990
1289225 300 0.9399402985074627 12071669820
1289525 300 0.9621755926251098 12805758780
1289825 300 0.9306005267778754 12313632090
1290125 300 0.8777857769973663 12025737990
1290425 300 0.9049991220368744 12013434840
1290725 300 0.8817208077260756 12012614610
1291025 300 0.9080807726075504 12012614610
1291325 300 0.8999736611062334 12012614610
1291625 300 0.9289411764705882 12143848410
1291925 300 0.9650201931518876 12760647150
1292225 300 0.9319280070237052 12537549720
1292525 300 0.8819578577699736 12535909320
1292825 300 0.8951852502194908 12412057440
1293125 300 0.8816733977172958 12326755470
1293425 300 0.8973661106233538 12222588660
1293725 300 0.8914398595259 12221768460
1294025 300 0.8888797190517999 12222588660
1294325 300 0.8922932396839334 12229150350
1294625 300 0.8991202809482002 12209465280
1294925 300 0.8902071992976296 12209465280
1295225 300 0.8921035996488147 12209465280
1295525 300 0.8786865671641791 12209465280
1295825 300 0.9060895522388059 12315272520
1296125 300 0.9313590869183495 13193718630
1296425 300 0.892198419666374 12865634190
1296725 300 0.874324846356453 12556414590
1297025 300 0.8714328358208956 12549852900
1297325 300 0.871906935908692 12864813960
1297625 300 0.8789236172080773 12570358170
1297925 300 0.9279929762949957 12570358170
1298225 300 0.9541158911325724 12524426370
1298525 300 0.9778208955223882 12524426370
1298825 300 1.0162230026338894 12542471010
1299125 300 0.9844582967515366 12412057440
1299425 300 0.9441123792800703 12406315950
1299725 300 0.9483318700614574 12412877640
1300025 300 0.9308375768217736 12366945810
1300325 300 0.9128691834942932 12261958800
1300625 300 0.9076066725197542 12261958800
1300925 300 0.9177998244073748 12457989270
1301225 300 0.9668217734855137 13843325820
1301525 300 0.9382809482001757 13738338810
1301825 300 0.9270921861281827 12655660140
1302125 300 0.910972783143108 12654839910
1302425 300 0.9297945566286215 13311829020
1302725 300 0.9095504828797192 12885319230
1303025 300 0.9036716417910449 12491617920
1303325 300 0.9281352063213346 12412877640
1303625 300 0.8930043898156279 12366945810
1303925 300 0.8943792800702371 12471112620
1304225 300 0.9196488147497806 12616290000
1304525 300 0.9395136084284461 12485056230
1304825 300 0.9077489025460932 12485876430
1305125 300 0.916377524143986 12485056230
1305425 300 0.8949956101843723 12485056230
1305725 300 0.8987884108867429 12380069190
1306025 300 0.8788762071992977 12353822460
1306325 300 0.9373327480245831 12471932850
1306625 300 0.9713731343283583 12746703570
1306925 300 0.9401299385425812 12385810680
1307225 300 0.9091712028094819 12385810680
1307525 300 0.9489007901668131 12372687300
1307825 300 0.9348674275680422 12281643870
1308125 300 0.9316435469710274 12202903590
1308425 300 0.9379490781387181 12202903590
1308725 300 0.9726057945566287 12373507500
1309025 300 0.9974012291483758 12958318020
1309325 300 0.9431641791044776 12663042030
1309625 300 0.9383283582089553 12590043240
1309925 300 0.9528358208955224 12477674310
1310225 300 0.9545425812115892 12477674310
1310525 300 0.960990342405619 12485056230
1310825 300 0.9439701492537315 12479314740
1311125 300 0.9616066725197541 12524426370
1311425 300 0.9929920983318701 13462747860
1311725 300 0.9958366988586479 13102675200
1312025 300 0.9645460930640914 12702412170
1312325 300 0.9700456540825285 12695850480
1312625 300 0.9296049165935032 12571178400
1312925 300 0.9225882352941178 12485876430
1313225 300 0.9235364354697104 12367766040
1313525 300 0.9592361720807726 12393192570
1313825 300 0.9886777875329237 12873016080
1314125 300 0.977441615452151 12663862230
1314425 300 0.9417892888498683 12663042030
1314725 300 0.9408884986830555 12544931640
1315025 300 0.9150974539069359 12505561500
1315325 300 0.9188428446005268 12498999810
1315625 300 0.9448235294117646 12361204350
1315925 300 0.9526935908691836 12269340690
1316225 300 0.998776119402985 13699788870
1316525 300 0.9947936786654962 14021311620
1316825 300 0.9685759438103599 12978003090
1317125 300 0.948521510096576 12262779000
1317425 300 0.9404618086040386 12262779000
1317725 300 0.9617014925373134 12256217310
1318025 300 0.96729587357331 12229970580
1318325 300 0.9724635645302898 12223408890
1318625 300 0.9813766461808604 12105298470
1318925 300 0.9743599648814749 12079051710
1319225 300 0.9962159789288849 12270160920
1319525 300 1.0067410008779631 12755725890
1319825 300 0.993798068481124 12381709620
1320125 300 0.9525513608428448 12125803770
1320425 300 0.9506549604916593 12105298470
1320725 300 0.9768726953467955 12112680390
1321025 300 0.9620333625987709 12111860160
1321325 300 0.9694293239683933 12092995320
1321625 300 0.9954574187884109 12092995320
1321925 300 1.0306830553116768 12368586240
1322225 300 1.0434363476733979 12906644730
1322525 300 1.0187831431079895 12119242080
1322825 300 0.9983494293239685 12119242080
1323125 300 1.0024266900790169 12453888210
1323425 300 1.0102019315188762 12092995320
1323725 300 1.0174556628621598 12099557010
1324025 300 1.0294978050921861 12111860160
1324325 300 1.055478489903424 12236532270
1324625 300 1.0463283582089553 12243914160
1324925 300 1.0138999122036876 12099557010
1325225 300 0.9875873573309921 12092995320
1325525 300 0.9901474978050923 12092175090
1325825 300 0.9725583845478489 12959138250
1326125 300 0.9668217734855137 12414518070
1326425 300 0.965873573309921 12407956380
1326725 300 0.9967848990342406 12415338270
1327025 300 0.9865443371378402 12585942180
1327325 300 1.011387181738367 12979643520
1327625 300 0.9942721685689202 12677805840
1327925 300 1.0065513608428447 12658120770
1328225 300 1.0004354697102724 12651559080
1328525 300 1.0219596136962248 12494078550
1328825 300 0.9964056189640036 12467011590
1329125 300 1.0082581211589114 12348901170
1329425 300 1.0041808604038631 12342339480
1329725 300 1.0622581211589113 13871213010
1330025 300 1.0696066725197542 13930268190
1330325 300 0.9968323090430202 12407956380
1330625 300 0.9907164179104477 12401394690
1330925 300 0.9873977172958737 12394833000
1331225 300 0.9894363476733977 12394833000
1331525 143 0.6943564530289728 7467004650
1331668 157 0.9659683933274803 12394833000
1331825 300 0.9649253731343284 12401394690
1332125 300 1.0008147497805093 12421899960
1332425 300 1.0541035996488148 13182235680
1332725 300 1.0098700614574188 12637615500
1333025 300 0.9801913959613697 12349721400
1333325 300 0.9795276558384549 12348901170
1333625 300 0.9778683055311678 12348901170
1333925 300 0.9741229148375767 12342339480
1334225 300 0.9991553994732223 12336598020
1334525 300 1.023713784021071 12447326520
1334825 300 1.0541510096575943 12611368740
1335125 300 1.0376997366110623 12230790780
1335425 300 1.0217699736611063 12230790780
1335725 300 1.0199209833187006 12217667400
1336025 300 1.0048920105355577 12217667400
1336325 300 1.0116716417910447 12190600440
1336625 300 1.0403546971027218 12145488810
1336925 300 1.059745390693591 12841848060
1337225 300 1.035329236172081 12349721400
1337525 300 0.9952677787532924 12113500590
1337825 300 0.9928498683055312 12106938900
1338125 300 0.9764934152765585 12100377210
1338425 300 0.9802388059701492 12093815520
1338725 300 0.9780579455662863 12092995320
1339025 300 0.9731273046532045 12112680390
1339325 300 1.0038489903424057 12926329800
1339625 300 0.9904793678665496 12427641450
1339925 300 0.9771097453906937 12152050500
1340225 300 0.9700456540825285 12146309040
1340525 300 0.9548744512730467 12153690930
1340825 300 0.9927550482879719 12147129240
1341125 300 0.9807603160667253 12139747350
1341425 300 1.0051764705882351 12252116280
1341725 300 1.0437208077260756 12494898750
1342025 300 0.9755452151009658 12134005860
1342325 300 0.9748340649692713 12126623970
1342625 300 0.9691448639157156 12126623970
1342925 300 0.9437805092186128 12126623970
1343225 300 0.953025460930641 12125803770
1343525 300 0.9304582967515366 12126623970
1343825 300 1.0065513608428447 13950773490
1344125 300 0.9855013169446883 14232926100
1344425 300 0.9340140474100089 12723737670
1344725 300 0.9247216856892011 12724557870
1345025 300 0.9531202809482001 12717996180
1345325 300 0.960990342405619 12665502660
1345625 300 0.9461510096575945 12567077340
1345925 300 0.9599947322212466 12455528610
1346225 300 0.9752133450395083 12526887000
1346525 300 1.0132361720807728 13235549400
1346825 300 0.9961685689201054 12920588310
1347125 300 0.965873573309921 12617930430
1347425 300 0.9484266900790167 12532628460
1347725 300 0.9413625987708516 12474393480
1348025 300 0.9246268656716418 12395653200
1348325 300 0.912537313432836 12245554590
1348625 300 0.9061843722563653 12120062280
1348925 300 0.9768252853380157 12402214890
1349225 300 0.974739244951712 12362844780
1349525 300 0.9714679543459176 12139747350
1349825 300 0.9656365232660228 12133185660
1350125 300 0.9422159789288849 12133185660
1350425 300 0.937190517998244 12126623970
1350725 300 0.93899209833187 12133185660
1351025 300 0.9261913959613697 12159432420
1351325 300 0.999961369622476 12895161780
1351625 300 0.9940825285338016 12704872800
1351925 300 0.9244372256365232 12153690930
1352225 300 0.9554433713784021 12153690930
1352525 300 0.9296523266022827 12153690930
1352825 300 0.91713608428446 12147129240
1353125 300 0.8929095697980686 12147129240
1353425 300 0.9363371378402109 12298048080
1353725 300 0.9993924495171203 12856611870
1354025 300 0.9379016681299385 12337418220
1354325 300 0.9083178226514486 12232431210
1354625 300 0.9195065847234416 12219307830
1354925 300 0.8929569798068481 12211925910
1355225 300 0.9625548726953468 12219307830
1355525 300 0.947857769973661 12219307830
1355825 300 0.9361000877963127 12350541600
1356125 300 0.9763037752414399 12934531920
1356425 300 0.9102616330114135 12717996180
1356725 300 0.9096927129060579 12718816380
1357025 300 0.9124899034240561 12717996180
1357325 300 0.9240105355575066 12723737670
1357625 300 0.9376646180860403 12717996180
1357925 300 0.9040509218612818 12789354540
1358225 300 0.9771571553994732 14501955330
1358525 300 0.9419315188762072 14332171650
1358825 300 0.9251957857769975 12843488490
1359125 300 0.9146233538191397 12841848060
1359425 300 0.9121580333625989 12828724680
1359725 300 0.910972783143108 12843488490
1360025 300 0.9049991220368744 12836926800
1360325 300 0.8928147497805092 12836926800
1360625 300 0.9148604038630379 12889420290
1360925 300 0.9452502194907814 13310188590
1361225 300 0.915618964003512 12831185310
1361525 300 0.9059473222124671 12495718980
1361825 300 0.9066584723441616 12796736430
1362125 300 0.884897278314311 12501460440
1362425 300 0.8851817383669887 12502280670
1362725 300 0.8800614574187884 12508842360
1363025 300 0.9173257243195785 12653199510
1363325 300 0.9123476733977173 12895161780
1363625 300 0.8812941176470588 12803298120
1363925 300 0.8596277436347675 12770489700
1364225 300 0.8737559262510975 12534268890
1364525 300 0.8789710272168569 12562156080
1364825 300 0.8830482879719053 12535909320
1365125 300 0.9049043020193153 12529347630
1365425 300 0.9870658472344163 13244571720
1365725 300 0.9182739244951711 13073967810
1366025 300 0.9051887620719931 12658940970
1366325 300 0.9267129060579455 12654019710
1366625 300 0.8766005267778754 12553953960
1366925 300 0.9002107111501316 12384170250
1367225 300 0.8940000000000001 12370226670
1367525 300 0.9236786654960492 12507201930
1367825 300 0.9594732221246708 12756546090
1368125 300 0.9040983318700615 12415338270
1368425 300 0.9099771729587358 12415338270
1368725 300 0.8940948200175594 12415338270
1369025 300 0.8675926251097456 12415338270
1369325 300 0.8798244073748902 12402214890
1369625 300 0.8965601404741003 12546572070
1369925 300 0.937854258121159 12738501450
1370225 300 0.8873625987708518 12503100870
1370525 300 0.8962756804214225 12377608560
1370825 300 0.903766461808604 12377608560
1371125 300 0.9033397717295875 12377608560
1371425 300 0.9342036874451273 12377608560
1371725 300 0.903387181738367 12371867100
1372025 300 0.89528007023705 12371867100
1372325 300 1.0334328358208955 13315109880
1372625 300 0.9675329236172082 13269178050
1372925 300 0.8908235294117648 12817241730
1373225 300 0.9114942932396839 12818061930
1373525 300 0.8880737489025461 12785253480
1373825 300 0.899025460930641 12626132520
1374125 300 0.8923406496927129 12540830580
1374425 300 0.8985513608428447 12540010380
1374725 300 0.9168990342405618 12789354540
1375025 300 0.9358630377524145 14625807210
1375325 300 0.9444442493415278 14324789730
1375625 300 0.9069903424056189 13596442290
1375925 300 0.8787813871817385 12874656510
1376225 300 0.8796347673397718 12874656510
1376525 300 0.8994047410008781 12802477920
1376825 300 0.8884056189640035 12586762410
1377125 300 0.9137225636523265 12540010380
1377425 300 0.9169464442493417 12572818800
1377725 300 0.9278981562774364 13118259210
1378025 300 0.8939525899912204 12797556660
1378325 300 0.8857506584723442 12803298120
1378625 300 0.8638472344161545 12750804630
1378925 300 0.8732344161545216 12638435700
1379225 300 0.8884056189640035 12559695420
1379525 300 0.9188902546093065 12644997390
1379825 300 0.9454872695346795 13327413030
1380125 300 0.9348674275680422 13111697520
1380425 300 0.8987884108867429 12830365110
1380725 300 0.8663125548726953 12706513230
1381025 300 0.8639420544337139 12516224250
1381325 300 0.8796821773485514 12424360590
1381625 300 0.8748937664618086 12338238420
1381925 300 0.9031975417032486 12252116280
1382225 300 0.9016330114135207 13281481200
1382525 300 0.9136277436347675 13052642310
1382825 300 0.9023441615452152 12795916230
1383125 300 0.883190517998244 13078068870
1383425 300 0.8729499561018437 12738501450
1383725 300 0.8900175592625109 12607267680
1384025 300 0.8626619841966638 12502280670
1384325 300 0.9187480245829674 12521965710
1384625 300 0.9678173836698859 12771309900
1384925 300 0.9551589113257244 12528527400
1385225 300 0.9312168568920106 12527707200
1385525 300 0.9568656716417911 12474393480
1385825 300 0.9276611062335383 12290666190
1386125 300 0.9438279192273924 12258677970
1386425 300 0.9210711150131694 12258677970
1386725 300 0.9595680421422301 12270981120
1387025 300 0.9664424934152767 13990143600
1387325 300 0.9737436347673397 13997525520
1387625 300 0.9367164179104477 12948475500
1387925 300 0.928988586479368 12345620340
1388225 300 0.6573292361720808 7336591080
1388525 205 0.6431062335381914 7335770880
1388730 95 0.9516505706760315 12343979910
1388825 300 0.9223511852502196 12339058650
1389125 300 0.9088393327480248 12331676760
1389425 300 0.9405092186128183 12357923490
1389725 300 1.0023792800702371 13139584680
1390025 300 0.9526461808604038 12640896330
1390325 300 0.9596154521510096 12358743720
1390625 300 0.9610377524143987 12339058650
1390925 300 0.9690026338893767 12339058650
1391225 300 0.9502756804214223 12338238420
1391525 300 0.9548270412642669 12332496960
1391825 300 0.9653520632133451 12430102080
1392125 300 1.0035171202809483 12679446270
1392425 300 0.9660632133450396 12318553380
1392725 300 0.9429745390693592 12311991690
1393025 300 0.9813766461808604 12311991690
1393325 300 0.9457243195785777 12305430000
1393625 300 0.9658261633011415 12306250200
1393925 300 1.0233345039508341 12306250200
1394225 300 0.9855961369622477 12306250200
1394525 300 1.005081650570676 13178954820
1394825 300 0.9819929762949957 13461107430
1395125 300 0.9544003511852504 12896802210
1395425 300 0.9455346795434592 12877937340
1395725 300 0.9623652326602283 12871375650
1396025 300 0.9709464442493416 12831185310
1396325 300 0.9537840210711152 12752445030
1396625 300 0.9491378402107112 12745883370
1396925 300 1.0312993854258121 13547229600
1397225 300 0.9872080772607551 13087091190
1397525 300 0.9777260755048289 12640896330
1397825 300 0.9657787532923618 12627772950
1398125 300 0.9700930640913081 12490797690
1398425 300 0.9591413520632135 12398113860
1398725 300 0.9554907813871818 12425180820
1399025 300 0.9567234416154523 12418619130
1399325 300 0.9929920983318701 12832005510
1399625 300 1.0020948200175592 12699951540
1399925 300 0.9560597014925373 12391552170
1400225 300 0.9669640035118525 12391552170
1400525 300 0.9986812993854259 12398113860
1400825 300 1.0032800702370501 12384990480
1401125 300 0.9837471466198421 12378428790
1401425 300 0.9681018437225637 12450607350
1401725 300 1.0422036874451273 13402872450
1402025 300 1.0020948200175592 13206021780
1402325 300 0.9843634767339773 12792635400
1402625 300 0.9583353819139597 12785253480
1402925 300 0.9776786654960491 12772950330
1403225 300 0.9653520632133451 12648278220
1403525 300 0.994177348551361 12497359380
1403825 300 0.9989657594381037 12392372370
1404125 300 0.9692396839332749 12412057440
1404425 300 1.0253731343283583 13901560800
1404725 300 1.032721685689201 14505236190
1405025 300 0.9946514486391573 13631711340
1405325 300 0.9730324846356452 12805758780
1405625 300 0.9780105355575066 12740141880
1405925 300 0.97886391571554 12745883370
1406225 300 0.9467673397717298 12667143090
1406525 300 0.9534047410008781 12483415800
1406825 300 0.9503705004389816 12444045660
1407125 300 0.9433538191395963 12444045660
1407425 300 1.01873573309921 13100214540
1407725 300 1.0255627743634768 13265076990
1408025 300 1.01740825285338 12759826950
1408325 300 0.9955522388059702 12746703570
1408625 300 0.9790535557506586 12740141880
1408925 300 1.0027585601404743 12739321680
1409225 300 0.9833204565408252 12733580190
1409525 300 0.9653520632133451 12641716530
1409825 300 0.9762089552238806 12713074920
1410125 300 1.027222124670764 13093652880
1410425 300 0.9794802458296752 12909925590
1410725 300 0.9772045654082528 12713895120
1411025 300 1.0101545215100967 12694210050
1411325 300 0.9708516242317824 12700771740
1411625 300 0.9936084284460053 12608087880
1411925 300 0.9275662862159789 12522785940
1412225 300 0.9959315188762072 12595784730
1412525 300 1.0303511852502194 13291323750
1412825 300 1.0270798946444248 12759826950
1413125 300 0.974739244951712 12438304200
1413425 300 0.968955223880597 12430922280
1413725 300 0.9659683933274803 12431742510
1414025 300 0.9594732221246708 12438304200
1414325 300 0.9502282704126428 12438304200
1414625 300 0.9758770851624232 12477674310
1414925 300 1.029924495171203 13468489350
1415225 300 1.0034697102721686 13166651640
1415525 300 0.9520772607550484 12891060720
1415825 300 0.9597576821773485 12884499030
1416125 300 0.9616066725197541 12884499030
1416425 300 0.9434486391571555 12799197090
1416725 300 0.9188428446005268 12576099660
1417025 300 0.9404143985952591 12517864680
1417325 300 1.0411606672519755 13999986150
1417625 300 1.0239508340649692 14006547840
1417925 300 0.9975908691834943 12543291210
1418225 300 0.9315487269534679 12543291210
1418525 300 0.9349622475856014 12562976280
1418825 300 0.8982669007901669 12549852900
1419125 300 0.8737559262510975 12418619130
1419425 300 0.8658858647936787 12372687300
1419725 300 0.8701527655838454 12359563920
1420025 300 0.9522194907813872 12635154870
1420325 300 0.9673906935908694 13246212120
1420625 300 0.9002581211589114 13167471870
1420925 300 0.8802036874451273 12872195880
1421225 300 0.9044776119402985 12885319230
1421525 300 0.8869359086918349 12799197090
1421825 300 0.8701527655838454 12727838700
1422125 300 0.8555978928884987 12675345210
1422425 300 0.8441246707638279 12628593180
1422725 300 0.9123950834064971 13185516510
1423025 300 0.8856084284460053 13447984080
1423325 300 0.9011589113257243 12956677620
1423625 300 0.8727129060579455 12956677620
1423925 300 0.8620456540825285 12898442610
1424225 300 0.8425127304653206 12695030280
1424525 300 0.8406637401229148 12668783520
1424825 300 0.8465899912203687 12595784730
1425125 300 0.8584424934152766 12491617920
1425425 300 0.8696786654960491 12380069190
1425725 300 0.8854661984196663 13036238100
1426025 300 0.8630412642669008 13002609420
1426325 300 0.8693942054433713 12392372370
1426625 300 0.8490079016681299 12385810680
1426925 300 0.8599122036874451 12372687300
1427225 300 0.8531799824407374 12366125610
1427525 300 0.8506198419666373 12353002230
1427825 300 0.8492449517120281 12353002230
1428125 300 0.8434609306409131 12353002230
1428425 300 0.8449780509218612 12366945810
1428725 300 0.9147181738366987 13022294490
1429025 300 0.8601492537313433 13120719840
1429325 300 0.8388147497805092 13002609420
1429625 300 0.8559771729587358 12943554240
1429925 300 0.8671185250219492 12766388640
1430225 300 0.8618560140474101 12713895120
1430525 300 0.8775961369622476 12667963290
1430825 300 0.8655065847234418 12668783520
1431125 300 0.8287164179104478 12655660140
1431425 300 0.8873151887620719 13941751140
1431725 300 0.9072748024582968 14322329100
1432025 300 0.8877892888498683 14880072660
1432325 300 0.8500035118525021 13042799790
1432625 300 0.8858454784899035 13028856180
1432925 300 0.8708639157155399 13015732800
1433225 300 0.8656488147497806 12871375650
1433525 300 0.8633257243195787 12845128890
1433825 300 0.8523740122914838 12694210050
1434125 300 0.852611062335382 12570358170
1434425 300 0.8892115891132574 13390569300
1434725 300 0.862899034240562 13646475150
1435025 300 0.8233116769095699 12917307480
1435325 300 0.8222686567164178 12891880920
1435625 300 0.808899034240562 12858252270
1435925 300 0.8100368744512731 12687648360
1436225 300 0.8045847234416155 12615469800
1436525 300 0.8155838454784899 12589223040
1436825 300 0.8337892888498682 12582661350
1437125 300 0.7895557506584724 13461927660
1437425 300 0.7849569798068481 12838567200
1437725 300 0.7804530289727832 12812320470
1438025 300 0.7863318700614575 12805758780
1438325 300 0.7973784021071115 12891880920
1438625 300 0.8390043898156279 13449624480
1438925 300 0.8150623353819141 12753265260
1439225 300 0.7826812993854259 12760647150
1439525 300 0.7942019315188763 12753265260
1439825 300 0.8076663740122916 12608908110
1440125 300 0.8098946444249342 12622851690
1440425 300 0.7940122914837576 12478494540
1440725 300 0.7977102721685689 12445686090
1441025 300 0.7868533801580334 12464550960
1441325 300 0.7956716417910449 12451427580
1441625 300 0.7956716417910449 12457989270
1441925 300 0.7741474978050921 12471932850
1442225 300 0.7848147497805091 12452247780
1442525 300 0.7722985074626867 12452247780
1442825 300 0.794865671641791 12452247780
1443125 300 0.801313432835821 12438304200
1443425 300 0.8166268656716418 12432562710
1443725 300 0.7785092186128183 12451427580
1444025 300 0.784577699736611 12452247780
1444325 300 0.7964302019315189 12444865890
1444625 300 0.7782247585601406 12451427580
1444925 300 0.8324618086040385 13953234120
1445225 300 0.8254451273046531 14697165570
1445525 300 0.8215575065847234 14499494700
1445825 300 0.8152045654082529 13042799790
1446125 300 0.7943915715539949 13042799790
1446425 300 0.7879912203687445 13626790080
1446725 300 0.7688375768217734 12851690580
1447025 300 0.7923055311676909 12845949120
1447325 300 0.7976628621597893 12793455600
1447625 300 0.7999385425812116 12609728310
1447925 300 0.8411852502194908 13232268540
1448225 300 0.8460210711150132 12695030280
1448525 300 0.7916417910447762 12681086670
1448825 300 0.7809271290605796 12570358170
1449125 300 0.7820175592625112 12465371160
1449425 300 0.7563213345039508 12380069190
1449725 300 0.7536663740122916 12380889420
1450025 300 0.7515803336259876 12400574490
1450325 300 0.7995118525021949 13391389500
1450625 300 0.7981369622475857 13305267330
