2108665 300 0.8148252853380159 7723730730
2108965 300 0.8144934152765584 7684360590
2109265 300 0.8365864793678666 7644990480
2109565 300 0.8615715539947322 7651552170
2109865 300 0.8796347673397718 8399584680
2110165 300 0.8451676909569799 8202734010
2110465 300 0.7856681299385425 7592496960
2110765 300 0.7631483757682178 7599058650
2111065 300 0.784482879719052 7599058650
2111365 300 0.798326602282704 7571991690
2111665 300 0.7954345917471467 7578553380
2111965 300 0.7778928884986831 7571991690
2112265 300 0.8345952589991221 7749157290
2112565 300 0.874324846356453 8149420290
2112865 300 0.7970465320456541 7849223040
2113165 300 0.8623301141352064 7789347630
2113465 300 0.832793678665496 7749157290
2113765 300 0.8115539947322212 7637608560
2114065 300 0.7880860403863038 7567070400
2114365 300 0.7713028972783142 7572811890
2114665 300 0.8363968393327481 7573632090
2114965 300 0.9012537313432837 8401225110
2115265 300 0.8969394205443371 8406966600
2115565 300 0.870342405618964 7987838700
2115865 300 0.8649376646180861 7758179610
2116165 300 0.8528955223880598 7724550960
2116465 300 0.857352063213345 7678619130
2116765 300 0.869963125548727 7619563920
2117065 300 0.8583950834064971 7547385360
2117365 300 0.890681299385426 7777044450
2117665 300 0.8874100087796313 8105128890
2117965 300 0.860054433713784 7809852900
2118265 300 0.8318454784899034 7521138600
2118565 300 0.8207515364354697 7514576910
2118865 300 0.8304231782265146 7527700290
2119165 300 0.8751308165057068 7521138600
2119465 300 0.8495294117647058 7521138600
2119765 300 0.8387673397717297 7521958800
2120065 300 0.8751782265144865 7895154870
2120365 300 0.7997014925373134 8301979560
2120665 300 0.7722036874451272 8124813960
2120965 300 0.8263933274802459 8124813960
2121265 300 0.7991325724319579 8092005510
2121565 300 0.7907884108867428 7980456810
2121865 300 0.7884653204565408 7973895120
2122165 300 0.811601404741001 7993580190
2122465 300 0.8518050921861282 9352670010
2122765 300 0.8362071992976295 9910413540
2123065 300 0.8229323968393328 9279671220
2123365 300 0.7616786654960492 9267368040
2123665 300 0.7637172958735734 9725866050
2123965 300 0.7732467076382792 9162381030
2124265 300 0.8417541703248463 9109887510
2124565 300 0.8198507462686568 9076258860
2124865 300 0.7906935908691834 8958148440
2125165 300 1.0586549604916593 9397781610
2125465 300 1.069369622475856 9141875730
2125765 300 0.7747164179104478 9128752350
2126065 300 0.781780509218613 9115629000
2126365 300 0.7583125548726954 9077079060
2126665 300 0.7884653204565408 8925340020
2126965 300 0.7616312554872697 8820352980
2127265 300 0.8062440737489026 8846599740
2127565 300 0.8928147497805092 9601193970
2127865 300 0.8025460930640914 9385478430
2128165 300 0.7814012291483758 9378916740
2128465 300 0.7475030728709395 9857099820
2128765 300 0.7754749780509218 9123010890
2129065 300 0.7687427568042142 9037708920
2129365 300 0.784482879719052 8834296590
2129665 300 0.7904091308165058 8807229600
2129965 300 0.8693942054433713 9424028370
2130265 300 0.8393836698858649 8918778330
2130565 300 0.7822546093064091 8938463400
2130865 300 0.7696435469710273 8931901710
2131165 300 0.8286690079016681 8918778330
2131465 300 0.7811167690956979 8853161430
2131765 300 0.7881808604038631 8800667910
2132065 300 0.7884653204565408 8800667910
2132365 300 0.8387673397717297 8846599740
2132665 300 0.8322247585601406 9758674500
2132965 300 0.7868059701492539 9529015380
2133265 300 0.7521966637401231 9063135480
2133565 300 0.7646180860403864 9056573790
2133865 300 0.7910728709394206 9056573790
2134165 300 0.7754749780509218 9004900500
2134465 300 0.784198419666374 8905654950
2134765 300 0.7802159789288851 8846599740
2135065 300 0.759782265144864 8866284810
2135365 300 0.8215100965759438 9686495910
2135665 300 0.7674626865671642 9771797880
2135965 300 0.731099209833187 9431410260
2136265 300 0.7554205443371379 9405163500
2136565 300 0.7366935908691835 9221436210
2136865 300 0.6905162423178227 9011462190
2137165 300 0.7371202809482001 8958968670
2137465 300 0.7210008779631256 8846599740
2137765 300 0.8028779631255487 9909593340
2138065 300 0.7794100087796314 10257362850
2138365 300 0.7588340649692714 9463398510
2138665 300 0.7320474100087797 10099882320
2138965 300 0.7561791044776119 9286232910
2139265 300 0.7107603160667253 9082820550
2139565 300 0.7169710272168569 9057393990
2139865 300 0.6920807726075505 9037708920
2140165 300 0.7169710272168569 8912216640
2140465 300 0.7775136084284461 9561823830
2140765 300 0.7551834942932397 9187807560
2141065 300 0.7284916593503072 9195189450
2141365 300 0.7365039508340651 9195189450
2141665 300 0.7387322212467077 9089382240
2141965 300 0.7357928007023706 8951586750
2142265 300 0.7002827041264267 8931901710
2142565 300 0.7216646180860404 8931901710
2142865 300 0.7255048287971906 8977833510
2143165 300 0.7805004389815627 9870223200
2143465 300 0.7686005267778753 10126949280
2143765 300 0.7542827041264268 9556082340
2144065 300 0.7629587357330991 9562644030
2144365 300 0.7149798068481124 9346108320
2144665 300 0.7295820895522389 9095943930
2144965 300 0.7577436347673399 9103325820
2145265 300 0.7576962247585601 9162381030
2145565 300 0.7752853380158035 9496206930
2145865 300 0.7374995610184373 9259986150
2146165 300 0.7374521510096577 9115629000
2146465 300 0.7524337137840212 9069697170
2146765 300 0.7162124670763828 8952406980
2147065 300 0.6991448639157156 8925340020
2147365 300 0.6888094820017561 8926160220
2147665 300 0.6808446005267779 8919598530
2147965 300 0.7527655838454784 9253424460
2148265 300 0.6972484635645303 9240301080
2148565 300 0.6789482001755927 8931901710
2148865 300 0.6889517120280948 8938463400
2149165 300 0.6951150131694469 8931901710
2149465 300 0.6781422300263389 8945025090
2149765 300 0.6796119402985075 8938463400
2150065 300 0.687244951712028 9141875730
2150365 300 0.7420983318700615 10204869330
2150665 300 0.7027480245829675 9883346580
2150965 300 0.6816979806848114 9640564110
2151265 300 0.7017998244073749 9634002420
2151565 300 0.6921281826163301 9562644030
2151865 300 0.7273064091308165 9450275130
2152165 300 0.7256470588235294 9351849780
2152465 300 0.7713977172958736 9325603020
2152765 300 0.8009341527655838 10034265420
2153065 300 0.769928007023705 9561823830
2153365 300 0.7357453906935909 9240301080
2153665 300 0.6921281826163301 9233739390
2153965 300 0.7125144863915716 9214874520
2154265 300 0.7168287971905181 9148437420
2154565 300 0.7093380158033362 9056573790
2154865 300 0.7212853380158034 9069697170
2155165 300 0.7808323090430203 9523273920
2155465 300 0.7238454784899034 9141875730
2155765 300 0.7189622475856015 9063135480
2156065 300 0.712324846356453 9056573790
2156365 300 0.7056874451273046 9070517370
2156665 300 0.7178244073748903 9063955680
2156965 300 0.7245092186128184 9069697170
2157265 300 0.722612818261633 9063135480
2157565 300 0.7833924495171204 9824291370
2157865 300 0.7780825285338016 9384658230
2158165 300 0.7216646180860404 9076258860
2158465 300 0.7234661984196664 9069697170
2158765 300 0.7089113257243196 9063135480
2159065 300 0.7004249341527656 9050012100
2159365 300 0.7237506584723441 9050012100
2159665 300 0.7417190517998244 9174684180
2159965 300 0.7786040386303776 9450275130
2160265 300 0.7252203687445128 9069697170
2160565 300 0.6947357330992099 9069697170
2160865 300 0.703838454784899 9745551120
2161165 300 0.6827410008779631 9083640750
2161465 300 0.7019894644424934 9076258860
2161765 300 0.6969165935030729 9077079060
2162065 300 0.7234187884108868 9063135480
2162365 300 0.7606356453028972 9410904990
2162665 300 0.792542581211589 9312479640
2162965 300 0.7473608428446006 9076258860
2163265 300 0.7123722563652327 9076258860
2163565 300 0.7281123792800703 9070517370
2163865 300 0.7346075504828797 9057393990
2164165 300 0.7106180860403863 9063135480
2164465 300 0.6943090430201931 9069697170
2164765 300 0.6885250219490782 9070517370
2165065 300 0.7421931518876208 9360051900
2165365 300 0.7578858647936787 9923536920
2165665 300 0.714505706760316 9090202440
2165965 300 0.7222809482001756 9083640750
2166265 300 0.7622475856014048 10330361640
2166565 300 0.719531167690957 8695680900
2166865 300 0.7025109745390694 8689119210
2167165 300 0.7022739244951712 8689119210
2167465 300 0.6967269534679543 8715365970
2167765 300 0.717208077260755 8730129780
2168065 300 0.731620719929763 8801488140
2168365 300 0.7448481123792801 9385478430
2168665 300 0.7342756804214223 8329866750
2168965 300 0.708342405618964 8328226320
2169265 300 0.7131308165057069 8328226320
2169565 300 0.7198630377524144 8926160220
2169865 300 0.7255522388059702 8301979560
2170165 300 0.7310043898156278 8309361480
2170465 300 0.7376417910447761 8301979560
2170765 300 0.7458437225636524 8354473080
2171065 300 0.8131185250219491 8767859490
2171365 300 0.7533345039508341 8288856180
2171665 300 0.7393011413520632 8295417870
2171965 300 0.7409604916593503 8277373230
2172265 300 0.7394907813871817 8269991340
2172565 300 0.7527181738366989 8277373230
2172865 300 0.7398226514486392 8276553030
2173165 300 0.7530026338893766 8275732800
2173465 300 0.8225531167690958 8696501100
2173765 53 0.3512502194907814 300000000
2173818 237 0.544161545215101 4325596110
2174055 10 0.6880035118525022 8413528290
2174065 300 0.7090061457418788 8282294490
2174365 300 0.7384951712028095 8288856180
2174665 300 0.7266900790166813 8297058300
2174965 300 0.6968217734855136 8289676410
2175265 300 0.7031747146619842 8296238100
2175565 300 0.7058770851624232 8290496610
2175865 300 0.7407708516242318 8296238100
2176165 300 0.8181439859525901 8828555100
2176465 300 0.8082827041264267 9385478430
2176765 300 0.7588340649692714 8972912250
2177065 19 0.7779402985074626 8913036840
2177084 1 0.5834170324846356 8788364760
2177085 5 0.5979244951712028 8652209700
2177090 4 0.5888691834942933 8398764480
2177094 1 0.579766461808604 8381540040
2177095 8 0.579766461808604 8381540040
2177103 168 0.5863564530289728 8751455250
2177271 2 0.5886321334503951 5044101030
2177273 1 0.5726549604916594 5044101030
2177274 8 0.5726549604916594 5044101030
2177282 83 0.652398595258999 5672382750
2177365 300 0.6396453028972784 8024748210
2177665 300 0.7318577699736611 8487347280
2177965 300 0.7655188762071993 8514414240
2178265 300 0.7754275680421423 8507852550
2178565 244 0.536196663740123 4368247080
2178809 56 0.7558946444249343 8522616360
2178865 275 0.8505250219490783 9074618430
2179140 5 0.6052730465320457 8662052250
2179145 3 0.6075013169446883 8401225110
2179148 1 0.5993467954345917 8401225110
2179149 9 0.5993467954345917 8401225110
2179158 7 0.6578507462686567 8606277900
2179165 161 0.5766374012291484 8910576210
2179326 3 0.5638366988586481 5229468750
2179329 1 0.5638366988586481 5229468750
2179330 10 0.5638366988586481 5229468750
2179340 1 0.5638366988586481 5229468750
2179341 124 0.6306848112379281 6092330850
2179465 300 0.7066830553116769 8005883370
2179765 71 0.8565460930640915 8131375650
2179836 51 0.5814258121158911 7786887000
2179887 2 0.6010061457418788 7699124400
2179889 10 0.5781545215100966 7699124400
2179899 121 0.5858349429323968 8074781100
2180020 3 0.5835592625109746 4229631420
2180023 9 0.5696681299385425 4229631420
2180032 33 0.6227673397717297 4745544210
2180065 235 0.6540579455662863 6534424620
2180300 5 0.4441738366988586 6404831280
2180305 3 0.44512203687445134 6159588150
2180308 1 0.43663564530289734 6159588150
2180309 9 0.43663564530289734 6159588150
2180318 47 0.453513608428446 6487672590
2180365 119 0.5434503950834065 7709787150
2180484 3 0.5303652326602283 3976186170
2180487 10 0.5303652326602283 3976186170
2180497 168 0.5975926251097454 5045741460
2180665 300 0.7076312554872695 7396466490
2180965 300 0.7427620719929763 7529340690
2181265 300 0.7874223002633889 8703062790
2181565 300 0.7719192273924494 8626783170
2181865 300 0.7665618964003511 8108409750
2182165 300 0.7422405618964004 7957490910
2182465 300 0.7403441615452152 7851683670
2182765 300 0.7395381913959613 7735213680
2183065 300 0.7564161545215101 7722090300
2183365 300 0.7691220368744514 7749157290
2183665 300 0.8341211589113258 8471763270
2183965 300 0.7928744512730466 8329046520
2184265 300 0.7554679543459175 7758179610
2184565 300 0.767225636523266 7764741300
2184865 300 0.7672730465320455 7758179610
2185165 300 0.76030377524144 7743415800
2185465 300 0.7528604038630378 7736854110
2185765 300 0.7868059701492539 8667793710
2186065 300 0.7741474978050921 8156802210
2186365 300 0.7757594381035997 8151060720
2186665 300 0.7837717295873574 8124813960
2186965 300 0.7861422300263389 7822976280
2187265 300 0.7690746268656716 7836099660
2187565 300 0.7916417910447762 7804111410
2187865 300 0.8130711150131696 7786066770
2188165 300 0.8301387181738369 7818055020
2188465 300 0.8206567164179106 7811493330
2188765 300 0.8166268656716418 7800010380
2189065 300 0.7827287093942055 7805751840
2189365 300 0.8793977172958737 8533279110
2189665 300 0.8530377524143986 9025405770
2189965 300 0.8010763827919228 8601356610
2190265 300 0.8111747146619842 8515234440
2190565 300 0.8365864793678666 8241283950
2190865 300 0.8249236172080773 8019826950
2191165 300 0.8491027216856892 7935345210
2191465 300 0.8381035996488146 7823796480
2191765 300 0.8371079894644424 7843481550
2192065 300 0.845404741000878 7823796480
2192365 300 0.8441246707638279 7817234790
2192665 300 0.8675452151009657 8144499030
2192965 300 0.8893538191395962 8414348490
2193265 300 0.8403318700614576 8105949120
2193565 300 0.8597225636523267 7838560290
2193865 300 0.8459736611062336 7831178400
2194165 300 0.8616189640035119 8441415450
2194465 300 0.8357330992098332 7746696660
2194765 300 0.8275785776997368 8514414240
2195065 300 0.8294275680421423 7845942180
2195365 300 0.8203722563652327 7838560290
2195665 300 0.8286690079016681 7838560290
2195965 300 0.8287164179104478 7825436910
2196265 300 0.8009815627743635 7831998600
2196565 300 0.8185706760316066 7825436910
2196865 300 0.8995469710272169 7989479130
2197165 300 0.9143863037752415 8989316490
2197465 300 0.8771220368744512 8403685740
2197765 300 0.8514258121158912 7714708410
2198065 300 0.8459736611062336 7729472220
2198365 300 0.8292853380158034 7708966920
2198665 300 0.81686391571554 7709787150
2198965 300 0.8480597014925373 7716348840
2199265 300 0.8287164179104478 7703225460
2199565 300 0.8376769095697981 7703225460
2199865 300 0.8557401229148376 7768022130
2200165 300 0.8923880597014926 8404505940
2200465 300 0.8584899034240563 8332327380
2200765 300 0.8616189640035119 7723730730
2201065 300 0.8079508340649694 7722910530
2201365 300 0.8290482879719053 7722910530
2201665 300 0.8454521510096575 8117432070
2201965 300 0.8195188762071993 7736033910
2202265 300 0.8065759438103599 7730292420
2202565 300 0.7862370500438982 7717169040
2202865 300 0.8064337137840212 7703225460
2203165 300 0.8406163301141353 7867267680
2203465 300 0.8396681299385426 7866447480
2203765 300 0.7956716417910449 7729472220
2204065 300 0.8602440737489027 7742595600
2204365 300 0.9245320456540826 7808212470
2204665 300 0.8332677787532924 7775404020
2204965 300 0.8107954345917472 7768842360
2205265 300 0.826251097453907 7761460440
2205565 300 0.8011237928007023 7749977490
2205865 300 0.8018823529411764 7743415800
2206165 300 0.8230746268656717 8201913810
2206465 300 0.8341685689201055 8503751490
2206765 300 0.8023090430201932 7781145510
2207065 300 0.8138770851624232 7781145510
2207365 300 0.784482879719052 7761460440
2207665 300 0.7939648814749781 7761460440
2207965 300 0.7838191395961369 7762280670
