1593380 300 0.8714328358208956 12549852900
1593680 300 0.871906935908692 12864813960
1593980 300 0.8789236172080773 12570358170
1594280 300 0.9279929762949957 12570358170
1594580 300 0.9541158911325724 12524426370
1594880 300 0.9778208955223882 12524426370
1595180 300 1.0162230026338894 12542471010
1595480 300 0.9844582967515366 12412057440
1595780 300 0.9441123792800703 12406315950
1596080 300 0.9483318700614574 12412877640
1596380 300 0.9308375768217736 12366945810
1596680 300 0.9128691834942932 12261958800
1596980 300 0.9076066725197542 12261958800
1597280 300 0.9177998244073748 12457989270
1597580 300 0.9668217734855137 13843325820
1597880 300 0.9382809482001757 13738338810
1598180 300 0.9270921861281827 12655660140
1598480 300 0.910972783143108 12654839910
1598780 300 0.9297945566286215 13311829020
1599080 300 0.9095504828797192 12885319230
1599380 300 0.9036716417910449 12491617920
1599680 300 0.9281352063213346 12412877640
1599980 300 0.8930043898156279 12366945810
1600280 300 0.8943792800702371 12471112620
1600580 300 0.9196488147497806 12616290000
1600880 300 0.9395136084284461 12485056230
1601180 300 0.9077489025460932 12485876430
1601480 300 0.916377524143986 12485056230
1601780 300 0.8949956101843723 12485056230
1602080 300 0.8987884108867429 12380069190
1602380 300 0.8788762071992977 12353822460
1602680 300 0.9373327480245831 12471932850
1602980 300 0.9713731343283583 12746703570
1603280 300 0.9401299385425812 12385810680
1603580 300 0.9091712028094819 12385810680
1603880 300 0.9489007901668131 12372687300
1604180 300 0.9348674275680422 12281643870
1604480 300 0.9316435469710274 12202903590
1604780 300 0.9379490781387181 12202903590
1605080 300 0.9726057945566287 12373507500
1605380 300 0.9974012291483758 12958318020
1605680 300 0.9431641791044776 12663042030
1605980 300 0.9383283582089553 12590043240
1606280 300 0.9528358208955224 12477674310
1606580 300 0.9545425812115892 12477674310
1606880 300 0.960990342405619 12485056230
1607180 300 0.9439701492537315 12479314740
1607480 300 0.9616066725197541 12524426370
1607780 300 0.9929920983318701 13462747860
1608080 300 0.9958366988586479 13102675200
1608380 300 0.9645460930640914 12702412170
1608680 300 0.9700456540825285 12695850480
1608980 300 0.9296049165935032 12571178400
1609280 300 0.9225882352941178 12485876430
1609580 300 0.9235364354697104 12367766040
1609880 300 0.9592361720807726 12393192570
1610180 300 0.9886777875329237 12873016080
1610480 300 0.977441615452151 12663862230
1610780 300 0.9417892888498683 12663042030
1611080 300 0.9408884986830555 12544931640
1611380 300 0.9150974539069359 12505561500
1611680 300 0.9188428446005268 12498999810
1611980 300 0.9448235294117646 12361204350
1612280 300 0.9526935908691836 12269340690
1612580 300 0.998776119402985 13699788870
1612880 300 0.9947936786654962 14021311620
1613180 300 0.9685759438103599 12978003090
1613480 300 0.948521510096576 12262779000
1613780 300 0.9404618086040386 12262779000
1614080 300 0.9617014925373134 12256217310
1614380 300 0.96729587357331 12229970580
1614680 300 0.9724635645302898 12223408890
1614980 300 0.9813766461808604 12105298470
1615280 300 0.9743599648814749 12079051710
1615580 300 0.9962159789288849 12270160920
1615880 300 1.0067410008779631 12755725890
1616180 300 0.993798068481124 12381709620
1616480 300 0.9525513608428448 12125803770
1616780 300 0.9506549604916593 12105298470
1617080 300 0.9768726953467955 12112680390
1617380 300 0.9620333625987709 12111860160
1617680 300 0.9694293239683933 12092995320
1617980 300 0.9954574187884109 12092995320
1618280 300 1.0306830553116768 12368586240
1618580 300 1.0434363476733979 12906644730
1618880 300 1.0187831431079895 12119242080
1619180 300 0.9983494293239685 12119242080
1619480 300 1.0024266900790169 12453888210
1619780 300 1.0102019315188762 12092995320
1620080 300 1.0174556628621598 12099557010
1620380 300 1.0294978050921861 12111860160
1620680 300 1.055478489903424 12236532270
1620980 300 1.0463283582089553 12243914160
1621280 300 1.0138999122036876 12099557010
1621580 300 0.9875873573309921 12092995320
1621880 300 0.9901474978050923 12092175090
1622180 300 0.9725583845478489 12959138250
1622480 300 0.9668217734855137 12414518070
1622780 300 0.965873573309921 12407956380
1623080 300 0.9967848990342406 12415338270
1623380 300 0.9865443371378402 12585942180
1623680 300 1.011387181738367 12979643520
1623980 300 0.9942721685689202 12677805840
1624280 300 1.0065513608428447 12658120770
1624580 300 1.0004354697102724 12651559080
1624880 300 1.0219596136962248 12494078550
1625180 300 0.9964056189640036 12467011590
1625480 300 1.0082581211589114 12348901170
1625780 300 1.0041808604038631 12342339480
1626080 300 1.0622581211589113 13871213010
1626380 300 1.0696066725197542 13930268190
1626680 300 0.9968323090430202 12407956380
1626980 300 0.9907164179104477 12401394690
1627280 300 0.9873977172958737 12394833000
1627580 300 0.9894363476733977 12394833000
1627880 143 0.6943564530289728 7467004650
1628023 157 0.9659683933274803 12394833000
1628180 300 0.9649253731343284 12401394690
1628480 300 1.0008147497805093 12421899960
1628780 300 1.0541035996488148 13182235680
1629080 300 1.0098700614574188 12637615500
1629380 300 0.9801913959613697 12349721400
1629680 300 0.9795276558384549 12348901170
1629980 300 0.9778683055311678 12348901170
1630280 300 0.9741229148375767 12342339480
1630580 300 0.9991553994732223 12336598020
1630880 300 1.023713784021071 12447326520
1631180 300 1.0541510096575943 12611368740
1631480 300 1.0376997366110623 12230790780
1631780 300 1.0217699736611063 12230790780
1632080 300 1.0199209833187006 12217667400
1632380 300 1.0048920105355577 12217667400
1632680 300 1.0116716417910447 12190600440
1632980 300 1.0403546971027218 12145488810
1633280 300 1.059745390693591 12841848060
1633580 300 1.035329236172081 12349721400
1633880 300 0.9952677787532924 12113500590
1634180 300 0.9928498683055312 12106938900
1634480 300 0.9764934152765585 12100377210
1634780 300 0.9802388059701492 12093815520
1635080 300 0.9780579455662863 12092995320
1635380 300 0.9731273046532045 12112680390
1635680 300 1.0038489903424057 12926329800
1635980 300 0.9904793678665496 12427641450
1636280 300 0.9771097453906937 12152050500
1636580 300 0.9700456540825285 12146309040
1636880 300 0.9548744512730467 12153690930
1637180 300 0.9927550482879719 12147129240
1637480 300 0.9807603160667253 12139747350
1637780 300 1.0051764705882351 12252116280
1638080 300 1.0437208077260756 12494898750
1638380 300 0.9755452151009658 12134005860
1638680 300 0.9748340649692713 12126623970
1638980 300 0.9691448639157156 12126623970
1639280 300 0.9437805092186128 12126623970
1639580 300 0.953025460930641 12125803770
1639880 300 0.9304582967515366 12126623970
1640180 300 1.0065513608428447 13950773490
1640480 300 0.9855013169446883 14232926100
1640780 300 0.9340140474100089 12723737670
1641080 300 0.9247216856892011 12724557870
1641380 300 0.9531202809482001 12717996180
1641680 300 0.960990342405619 12665502660
1641980 300 0.9461510096575945 12567077340
1642280 300 0.9599947322212466 12455528610
1642580 300 0.9752133450395083 12526887000
1642880 300 1.0132361720807728 13235549400
1643180 300 0.9961685689201054 12920588310
1643480 300 0.965873573309921 12617930430
1643780 300 0.9484266900790167 12532628460
1644080 300 0.9413625987708516 12474393480
1644380 300 0.9246268656716418 12395653200
1644680 300 0.912537313432836 12245554590
1644980 300 0.9061843722563653 12120062280
1645280 300 0.9768252853380157 12402214890
1645580 300 0.974739244951712 12362844780
1645880 300 0.9714679543459176 12139747350
1646180 300 0.9656365232660228 12133185660
1646480 300 0.9422159789288849 12133185660
1646780 300 0.937190517998244 12126623970
1647080 300 0.93899209833187 12133185660
1647380 300 0.9261913959613697 12159432420
1647680 300 0.999961369622476 12895161780
1647980 300 0.9940825285338016 12704872800
1648280 300 0.9244372256365232 12153690930
1648580 300 0.9554433713784021 12153690930
1648880 300 0.9296523266022827 12153690930
1649180 300 0.91713608428446 12147129240
1649480 300 0.8929095697980686 12147129240
1649780 300 0.9363371378402109 12298048080
1650080 300 0.9993924495171203 12856611870
1650380 300 0.9379016681299385 12337418220
1650680 300 0.9083178226514486 12232431210
1650980 300 0.9195065847234416 12219307830
1651280 300 0.8929569798068481 12211925910
1651580 300 0.9625548726953468 12219307830
1651880 300 0.947857769973661 12219307830
1652180 300 0.9361000877963127 12350541600
1652480 300 0.9763037752414399 12934531920
1652780 300 0.9102616330114135 12717996180
1653080 300 0.9096927129060579 12718816380
1653380 300 0.9124899034240561 12717996180
1653680 300 0.9240105355575066 12723737670
1653980 300 0.9376646180860403 12717996180
1654280 300 0.9040509218612818 12789354540
1654580 300 0.9771571553994732 14501955330
1654880 300 0.9419315188762072 14332171650
1655180 300 0.9251957857769975 12843488490
1655480 300 0.9146233538191397 12841848060
1655780 300 0.9121580333625989 12828724680
1656080 300 0.910972783143108 12843488490
1656380 300 0.9049991220368744 12836926800
1656680 300 0.8928147497805092 12836926800
1656980 300 0.9148604038630379 12889420290
1657280 300 0.9452502194907814 13310188590
1657580 300 0.915618964003512 12831185310
1657880 300 0.9059473222124671 12495718980
1658180 300 0.9066584723441616 12796736430
1658480 300 0.884897278314311 12501460440
1658780 300 0.8851817383669887 12502280670
1659080 300 0.8800614574187884 12508842360
1659380 300 0.9173257243195785 12653199510
1659680 300 0.9123476733977173 12895161780
1659980 300 0.8812941176470588 12803298120
1660280 300 0.8596277436347675 12770489700
1660580 300 0.8737559262510975 12534268890
1660880 300 0.8789710272168569 12562156080
1661180 300 0.8830482879719053 12535909320
1661480 300 0.9049043020193153 12529347630
1661780 300 0.9870658472344163 13244571720
1662080 300 0.9182739244951711 13073967810
1662380 300 0.9051887620719931 12658940970
1662680 300 0.9267129060579455 12654019710
1662980 300 0.8766005267778754 12553953960
1663280 300 0.9002107111501316 12384170250
1663580 300 0.8940000000000001 12370226670
1663880 300 0.9236786654960492 12507201930
1664180 300 0.9594732221246708 12756546090
1664480 300 0.9040983318700615 12415338270
1664780 300 0.9099771729587358 12415338270
1665080 300 0.8940948200175594 12415338270
1665380 300 0.8675926251097456 12415338270
1665680 300 0.8798244073748902 12402214890
1665980 300 0.8965601404741003 12546572070
1666280 300 0.937854258121159 12738501450
1666580 300 0.8873625987708518 12503100870
1666880 300 0.8962756804214225 12377608560
1667180 300 0.903766461808604 12377608560
1667480 300 0.9033397717295875 12377608560
1667780 300 0.9342036874451273 12377608560
1668080 300 0.903387181738367 12371867100
1668380 300 0.89528007023705 12371867100
1668680 300 1.0334328358208955 13315109880
1668980 300 0.9675329236172082 13269178050
1669280 300 0.8908235294117648 12817241730
1669580 300 0.9114942932396839 12818061930
1669880 300 0.8880737489025461 12785253480
1670180 300 0.899025460930641 12626132520
1670480 300 0.8923406496927129 12540830580
1670780 300 0.8985513608428447 12540010380
1671080 300 0.9168990342405618 12789354540
1671380 300 0.9358630377524145 14625807210
1671680 300 0.9444442493415278 14324789730
1671980 300 0.9069903424056189 13596442290
1672280 300 0.8787813871817385 12874656510
1672580 300 0.8796347673397718 12874656510
1672880 300 0.8994047410008781 12802477920
1673180 300 0.8884056189640035 12586762410
1673480 300 0.9137225636523265 12540010380
1673780 300 0.9169464442493417 12572818800
1674080 300 0.9278981562774364 13118259210
1674380 300 0.8939525899912204 12797556660
1674680 300 0.8857506584723442 12803298120
1674980 300 0.8638472344161545 12750804630
1675280 300 0.8732344161545216 12638435700
1675580 300 0.8884056189640035 12559695420
1675880 300 0.9188902546093065 12644997390
1676180 300 0.9454872695346795 13327413030
1676480 300 0.9348674275680422 13111697520
1676780 300 0.8987884108867429 12830365110
1677080 300 0.8663125548726953 12706513230
1677380 300 0.8639420544337139 12516224250
1677680 300 0.8796821773485514 12424360590
1677980 300 0.8748937664618086 12338238420
1678280 300 0.9031975417032486 12252116280
1678580 300 0.9016330114135207 13281481200
1678880 300 0.9136277436347675 13052642310
1679180 300 0.9023441615452152 12795916230
1679480 300 0.883190517998244 13078068870
1679780 300 0.8729499561018437 12738501450
1680080 300 0.8900175592625109 12607267680
1680380 300 0.8626619841966638 12502280670
1680680 300 0.9187480245829674 12521965710
1680980 300 0.9678173836698859 12771309900
1681280 300 0.9551589113257244 12528527400
1681580 300 0.9312168568920106 12527707200
1681880 300 0.9568656716417911 12474393480
1682180 300 0.9276611062335383 12290666190
1682480 300 0.9438279192273924 12258677970
1682780 300 0.9210711150131694 12258677970
1683080 300 0.9595680421422301 12270981120
1683380 300 0.9664424934152767 13990143600
1683680 300 0.9737436347673397 13997525520
1683980 300 0.9367164179104477 12948475500
1684280 300 0.928988586479368 12345620340
1684580 300 0.6573292361720808 7336591080
1684880 205 0.6431062335381914 7335770880
1685085 95 0.9516505706760315 12343979910
1685180 300 0.9223511852502196 12339058650
1685480 300 0.9088393327480248 12331676760
1685780 300 0.9405092186128183 12357923490
1686080 300 1.0023792800702371 13139584680
1686380 300 0.9526461808604038 12640896330
1686680 300 0.9596154521510096 12358743720
1686980 300 0.9610377524143987 12339058650
1687280 300 0.9690026338893767 12339058650
1687580 300 0.9502756804214223 12338238420
1687880 300 0.9548270412642669 12332496960
1688180 300 0.9653520632133451 12430102080
1688480 300 1.0035171202809483 12679446270
1688780 300 0.9660632133450396 12318553380
1689080 300 0.9429745390693592 12311991690
1689380 300 0.9813766461808604 12311991690
1689680 300 0.9457243195785777 12305430000
1689980 300 0.9658261633011415 12306250200
1690280 300 1.0233345039508341 12306250200
1690580 300 0.9855961369622477 12306250200
1690880 300 1.005081650570676 13178954820
1691180 300 0.9819929762949957 13461107430
1691480 300 0.9544003511852504 12896802210
1691780 300 0.9455346795434592 12877937340
1692080 300 0.9623652326602283 12871375650
1692380 300 0.9709464442493416 12831185310
1692680 300 0.9537840210711152 12752445030
1692980 300 0.9491378402107112 12745883370
1693280 300 1.0312993854258121 13547229600
1693580 300 0.9872080772607551 13087091190
1693880 300 0.9777260755048289 12640896330
1694180 300 0.9657787532923618 12627772950
1694480 300 0.9700930640913081 12490797690
1694780 300 0.9591413520632135 12398113860
1695080 300 0.9554907813871818 12425180820
1695380 300 0.9567234416154523 12418619130
1695680 300 0.9929920983318701 12832005510
1695980 300 1.0020948200175592 12699951540
1696280 300 0.9560597014925373 12391552170
1696580 300 0.9669640035118525 12391552170
1696880 300 0.9986812993854259 12398113860
1697180 300 1.0032800702370501 12384990480
1697480 300 0.9837471466198421 12378428790
1697780 300 0.9681018437225637 12450607350
1698080 300 1.0422036874451273 13402872450
1698380 300 1.0020948200175592 13206021780
1698680 300 0.9843634767339773 12792635400
1698980 300 0.9583353819139597 12785253480
1699280 300 0.9776786654960491 12772950330
1699580 300 0.9653520632133451 12648278220
1699880 300 0.994177348551361 12497359380
1700180 300 0.9989657594381037 12392372370
1700480 300 0.9692396839332749 12412057440
1700780 300 1.0253731343283583 13901560800
1701080 300 1.032721685689201 14505236190
1701380 300 0.9946514486391573 13631711340
1701680 300 0.9730324846356452 12805758780
1701980 300 0.9780105355575066 12740141880
1702280 300 0.97886391571554 12745883370
1702580 300 0.9467673397717298 12667143090
1702880 300 0.9534047410008781 12483415800
1703180 300 0.9503705004389816 12444045660
1703480 300 0.9433538191395963 12444045660
1703780 300 1.01873573309921 13100214540
1704080 300 1.0255627743634768 13265076990
1704380 300 1.01740825285338 12759826950
1704680 300 0.9955522388059702 12746703570
1704980 300 0.9790535557506586 12740141880
1705280 300 1.0027585601404743 12739321680
1705580 300 0.9833204565408252 12733580190
1705880 300 0.9653520632133451 12641716530
1706180 300 0.9762089552238806 12713074920
1706480 300 1.027222124670764 13093652880
1706780 300 0.9794802458296752 12909925590
1707080 300 0.9772045654082528 12713895120
1707380 300 1.0101545215100967 12694210050
1707680 300 0.9708516242317824 12700771740
1707980 300 0.9936084284460053 12608087880
1708280 300 0.9275662862159789 12522785940
1708580 300 0.9959315188762072 12595784730
1708880 300 1.0303511852502194 13291323750
1709180 300 1.0270798946444248 12759826950
1709480 300 0.974739244951712 12438304200
1709780 300 0.968955223880597 12430922280
1710080 300 0.9659683933274803 12431742510
1710380 300 0.9594732221246708 12438304200
1710680 300 0.9502282704126428 12438304200
1710980 300 0.9758770851624232 12477674310
1711280 300 1.029924495171203 13468489350
1711580 300 1.0034697102721686 13166651640
1711880 300 0.9520772607550484 12891060720
1712180 300 0.9597576821773485 12884499030
1712480 300 0.9616066725197541 12884499030
1712780 300 0.9434486391571555 12799197090
1713080 300 0.9188428446005268 12576099660
1713380 300 0.9404143985952591 12517864680
1713680 300 1.0411606672519755 13999986150
1713980 300 1.0239508340649692 14006547840
1714280 300 0.9975908691834943 12543291210
1714580 300 0.9315487269534679 12543291210
1714880 300 0.9349622475856014 12562976280
1715180 300 0.8982669007901669 12549852900
1715480 300 0.8737559262510975 12418619130
1715780 300 0.8658858647936787 12372687300
1716080 300 0.8701527655838454 12359563920
1716380 300 0.9522194907813872 12635154870
1716680 300 0.9673906935908694 13246212120
1716980 300 0.9002581211589114 13167471870
1717280 300 0.8802036874451273 12872195880
1717580 300 0.9044776119402985 12885319230
1717880 300 0.8869359086918349 12799197090
1718180 300 0.8701527655838454 12727838700
1718480 300 0.8555978928884987 12675345210
1718780 300 0.8441246707638279 12628593180
1719080 300 0.9123950834064971 13185516510
1719380 300 0.8856084284460053 13447984080
1719680 300 0.9011589113257243 12956677620
1719980 300 0.8727129060579455 12956677620
1720280 300 0.8620456540825285 12898442610
1720580 300 0.8425127304653206 12695030280
1720880 300 0.8406637401229148 12668783520
1721180 300 0.8465899912203687 12595784730
1721480 300 0.8584424934152766 12491617920
1721780 300 0.8696786654960491 12380069190
1722080 300 0.8854661984196663 13036238100
1722380 300 0.8630412642669008 13002609420
1722680 300 0.8693942054433713 12392372370
1722980 300 0.8490079016681299 12385810680
1723280 300 0.8599122036874451 12372687300
1723580 300 0.8531799824407374 12366125610
1723880 300 0.8506198419666373 12353002230
1724180 300 0.8492449517120281 12353002230
1724480 300 0.8434609306409131 12353002230
1724780 300 0.8449780509218612 12366945810
1725080 300 0.9147181738366987 13022294490
1725380 300 0.8601492537313433 13120719840
1725680 300 0.8388147497805092 13002609420
1725980 300 0.8559771729587358 12943554240
1726280 300 0.8671185250219492 12766388640
1726580 300 0.8618560140474101 12713895120
1726880 300 0.8775961369622476 12667963290
1727180 300 0.8655065847234418 12668783520
1727480 300 0.8287164179104478 12655660140
1727780 300 0.8873151887620719 13941751140
1728080 300 0.9072748024582968 14322329100
1728380 300 0.8877892888498683 14880072660
1728680 300 0.8500035118525021 13042799790
1728980 300 0.8858454784899035 13028856180
1729280 300 0.8708639157155399 13015732800
1729580 300 0.8656488147497806 12871375650
1729880 300 0.8633257243195787 12845128890
1730180 300 0.8523740122914838 12694210050
1730480 300 0.852611062335382 12570358170
1730780 300 0.8892115891132574 13390569300
1731080 300 0.862899034240562 13646475150
1731380 300 0.8233116769095699 12917307480
1731680 300 0.8222686567164178 12891880920
1731980 300 0.808899034240562 12858252270
1732280 300 0.8100368744512731 12687648360
1732580 300 0.8045847234416155 12615469800
1732880 300 0.8155838454784899 12589223040
1733180 300 0.8337892888498682 12582661350
1733480 300 0.7895557506584724 13461927660
1733780 300 0.7849569798068481 12838567200
1734080 300 0.7804530289727832 12812320470
1734380 300 0.7863318700614575 12805758780
1734680 300 0.7973784021071115 12891880920
1734980 300 0.8390043898156279 13449624480
1735280 300 0.8150623353819141 12753265260
1735580 300 0.7826812993854259 12760647150
1735880 300 0.7942019315188763 12753265260
1736180 300 0.8076663740122916 12608908110
1736480 300 0.8098946444249342 12622851690
1736780 300 0.7940122914837576 12478494540
1737080 300 0.7977102721685689 12445686090
1737380 300 0.7868533801580334 12464550960
1737680 300 0.7956716417910449 12451427580
1737980 300 0.7956716417910449 12457989270
1738280 300 0.7741474978050921 12471932850
1738580 300 0.7848147497805091 12452247780
1738880 300 0.7722985074626867 12452247780
1739180 300 0.794865671641791 12452247780
1739480 300 0.801313432835821 12438304200
1739780 300 0.8166268656716418 12432562710
1740080 300 0.7785092186128183 12451427580
1740380 300 0.784577699736611 12452247780
1740680 300 0.7964302019315189 12444865890
1740980 300 0.7782247585601406 12451427580
1741280 300 0.8324618086040385 13953234120
1741580 300 0.8254451273046531 14697165570
1741880 300 0.8215575065847234 14499494700
1742180 300 0.8152045654082529 13042799790
1742480 300 0.7943915715539949 13042799790
1742780 300 0.7879912203687445 13626790080
1743080 300 0.7688375768217734 12851690580
1743380 300 0.7923055311676909 12845949120
1743680 300 0.7976628621597893 12793455600
1743980 300 0.7999385425812116 12609728310
1744280 300 0.8411852502194908 13232268540
1744580 300 0.8460210711150132 12695030280
1744880 300 0.7916417910447762 12681086670
1745180 300 0.7809271290605796 12570358170
1745480 300 0.7820175592625112 12465371160
1745780 300 0.7563213345039508 12380069190
1746080 300 0.7536663740122916 12380889420
1746380 300 0.7515803336259876 12400574490
1746680 300 0.7995118525021949 13391389500
1746980 300 0.7981369622475857 13305267330
1747280 300 0.7375469710272169 13036238100
1747580 300 0.7579332748024583 13036238100
1747880 300 0.7741949078138719 12958318020
1748180 300 0.7402019315188763 12905004300
1748480 300 0.7444214223002634 12827084250
1748780 300 0.7609201053555752 12669603720
1749080 300 0.7433309920983319 12689288790
1749380 300 0.7728674275680422 13161730380
1749680 300 0.7539982440737488 13050181680
1749980 300 0.7330904302019315 12938632980
1750280 300 0.7294872695346796 12932071290
1750580 300 0.7443740122914838 12925509600
1750880 300 0.7617260755048287 12735220620
1751180 300 0.746033362598771 12472753050
1751480 300 0.7361246707638279 12387451110
1751780 300 0.8098472344161545 12833645940
1752080 300 0.8208937664618086 13206842010
1752380 300 0.7851466198419667 13029676410
1752680 300 0.776470588235294 13029676410
1752980 300 0.7787462686567165 13023114720
1753280 300 0.8189973661106235 12800017290
1753580 300 0.7651395961369623 12635975070
1753880 300 0.8033046532045655 12727838700
1754180 300 0.822647936786655 13029676410
1754480 300 0.791025460930641 12792635400
1754780 300 0.7798841088674275 12576099660
1755080 300 0.7648077260755048 15019508550
1755380 300 0.740628621597893 12853331010
1755680 300 0.7343705004389816 12853331010
1755980 300 0.7601141352063213 12845949120
1756280 300 0.7531448639157157 12859072500
1756580 300 0.7965250219490783 14584796670
1756880 300 0.7960035118525022 13922066100
1757180 300 0.8129288849868305 13009991340
1757480 300 0.7896505706760317 13004249850
1757780 300 0.7893187006145742 12983744580
1758080 300 0.7783669885864795 12761467380
1758380 300 0.7588340649692714 12695850480
1758680 300 0.7571273046532047 12590863470
1758980 300 0.7617734855136085 12608908110
1759280 300 0.7450851624231782 12576919860
1759580 300 0.7578858647936787 12562976280
1759880 300 0.7678419666374012 12576919860
1760180 300 0.80401580333626 13180595250
1760480 300 0.7882282704126427 13174853760
1760780 300 0.7640491659350307 12518684880
1761080 300 0.739585601404741 12518684880
1761380 300 0.7601141352063213 12512123190
1761680 300 0.7746690079016683 12505561500
1761980 300 0.7510588235294118 12479314740
1762280 300 0.7412449517120281 12478494540
1762580 300 0.7415768217734856 12544931640
1762880 300 0.8047269534679544 13476691440
1763180 300 0.7755223880597015 13601363550
1763480 300 0.7427146619841967 13134663420
1763780 300 0.7394907813871817 13128101730
1764080 300 0.7521018437225637 13049361480
1764380 300 0.7403441615452152 12996867960
1764680 300 0.7395381913959613 12996047730
1764980 300 0.7329956101843723 12872195880
1765280 300 0.7755697980684811 13443883020
1765580 300 0.7608252853380159 13437321330
1765880 300 0.7485460930640913 12761467380
1766180 300 0.7322370500438983 12781972650
1766480 300 0.7580280948200175 12773770530
1766780 300 0.7272115891132573 12748344000
1767080 300 0.770686567164179 12755725890
1767380 300 0.7719192273924494 12736040820
1767680 300 0.7980421422300263 12893521350
1767980 300 0.8064811237928008 13404512880
1768280 300 0.7838191395961369 13089551820
1768580 300 0.7457014925373134 13082990130
1768880 300 0.7799789288849869 13076428440
1769180 300 0.7299139596136962 12938632980
1769480 223 0.7653766461808604 12780332220
1769703 77 0.5557769973661106 12780332220
1769780 107 0.5472906057945566 12562976280
1769887 2 0.5288007023705005 8342990130
1769889 1 0.5288007023705005 8009164200
1769890 14 0.5288007023705005 8009164200
1769904 2 0.5288007023705005 8009164200
1769906 1 0.5288007023705005 8009164200
1769907 173 0.5892010535557507 9611856720
1770080 300 0.683025460930641 12281643870
1770380 300 0.8061018437225638 13319210910
1770680 300 0.7906935908691834 13456186170
1770980 300 0.7859525899912203 12852510810
1771280 300 0.811459174714662 12786893910
1771580 186 0.8296646180860405 12800017290
1771766 114 0.6122423178226515 12786893910
1771880 71 0.6308744512730466 12576919860
1771951 4 0.6187374890254609 7904997390
1771955 9 0.6087813871817385 7904997390
1771964 216 0.6591308165057068 9883346580
1772180 300 0.7854310798946444 12261958800
1772480 44 0.794865671641791 12302149140
1772524 184 0.5944161545215101 12229970580
1772708 2 0.5775381913959614 7578553380
1772710 1 0.5775381913959614 7512936480
1772711 8 0.5775381913959614 7512116280
1772719 61 0.6241422300263388 8370057090
1772780 211 0.6940245829675153 12558055020
1772991 89 0.48864442493415283 12551493330
1773080 95 0.6163195785776998 13404512880
1773175 5 0.6011483757682178 8789184960
1773180 1 0.5956014047410009 8739152100
1773181 8 0.5956014047410009 8739152100
1773189 1 0.5956014047410009 8739152100
1773190 190 0.6523037752414399 10556739900
1773380 300 0.7250307287093942 11672227020
1773680 300 0.8010289727831432 11705855670
1773980 300 0.8182862159789289 11700114180
1774280 300 0.7768024582967515 11718979050
1774580 300 0.7871378402107111 11712417360
1774880 300 0.8348323090430203 11731282200
1775180 300 0.829332748024583 11875639380
1775480 300 0.8276733977172959 12099557010
1775780 300 0.7806426690079018 11975705130
1776080 300 0.7505847234416154 11771472570
1776380 300 0.7472186128182617 11757528960
1776680 300 0.7510588235294118 11758349190
1776980 300 0.7830605794556629 11777214030
1777280 300 0.7531922739244953 11763270450
1777580 300 0.798231782265145 11848572390
1777880 300 0.8198981562774363 12617110200
1778180 300 0.7958138718173837 12361204350
1778480 300 0.7629587357330991 11810022480
1778780 300 0.7876593503072871 11790337410
1779080 300 0.7703546971027218 11791157610
1779380 300 0.7711606672519754 11797719300
1779680 300 0.7612045654082529 11869897890
1779980 300 0.761441615452151 11823966060
1780280 300 0.769169446883231 11837089440
1780580 300 0.8284319578577699 12795096030
1780880 300 0.8068129938542581 13162550610
1781180 300 0.8234064969271292 12447326520
1781480 300 0.7791729587357332 12060186870
1781780 300 0.8226953467954347 11876459580
1782080 300 0.827009657594381 11876459580
1782380 300 0.8512835820895523 11909268030
1782680 300 0.8888323090430201 11896144650
1782980 300 0.9284670763827918 11895324450
1783280 300 0.9901000877963126 12715535550
1783580 300 0.9519350307287093 12971441400
1783880 300 0.929367866549605 12971441400
1784180 300 0.8862247585601404 12650738880
1784480 300 0.8783546971027216 12565436910
1784780 300 0.8875048287971906 12126623970
1785080 300 0.8869833187006146 11949458370
1785380 300 0.8873625987708518 11942896680
1785680 300 0.8957541703248464 11962581750
1785980 300 0.9406040386303776 13589060370
1786280 300 0.9324021071115014 14002446780
1786580 300 0.9319754170324847 13583318910
1786880 300 0.9315013169446883 12749984400
1787180 300 0.9217348551360844 12742602510
1787480 300 0.9153819139596138 12663862230
1787780 300 0.9333028972783144 12250475850
1788080 300 0.8920087796312555 12001131660
1788380 300 0.890776119402985 11988008280
1788680 300 0.9296523266022827 12815601300
1788980 300 0.9306005267778754 13223246220
1789280 300 0.8984091308165059 12809859810
1789580 300 0.8932414398595259 12802477920
1789880 300 0.8936681299385426 13445523420
1790180 300 0.9012063213345038 12257857740
1790480 300 0.8971290605794556 12054445380
1790780 300 0.9328762071992978 12028198650
1791080 300 0.9063740122914838 12041322000
1791380 300 0.9473836698858649 12946835070
1791680 300 0.931169446883231 12435023340
1791980 300 0.938233538191396 12428461650
1792280 300 0.9029130816505708 12427641450
1792580 300 0.8852765583845479 12421899960
1792880 300 0.8767427568042142 12218487600
1793180 300 0.8867462686567165 12041322000
1793480 300 0.8813889376646181 12041322000
1793780 300 0.9012537313432837 12047883690
1794080 300 0.91457594381036 12047883690
1794380 300 0.8806303775241441 12047883690
1794680 300 0.8648428446005267 12041322000
1794980 300 0.8760790166812995 12041322000
1795280 300 0.8802036874451273 12047883690
1795580 300 0.9049517120280949 12113500590
1795880 300 0.9335399473222126 13091192220
1796180 300 0.861334503950834 13255234440
1796480 300 0.8733292361720808 12854971440
1796780 300 0.8682089552238805 12743422710
1797080 300 0.8469218612818261 12533448690
1797380 300 0.8665496049165935 12350541600
1797680 300 0.8816259877085163 12074130450
1797980 300 0.8624723441615453 12218487600
1798280 300 0.8963230904302021 12887779890
1798580 300 0.8775487269534681 12447326520
1798880 300 0.8339315188762073 12125803770
1799180 300 0.8840913081650571 12112680390
1799480 300 0.9004951712028095 12100377210
1799780 300 0.9095504828797192 12093815520
1800080 300 0.9077489025460932 12100377210
1800380 300 0.9274714661984196 12106118700
1800680 300 0.9824670763827918 13733417520
1800980 300 0.9755926251097453 13680924030
1801280 300 0.962791922739245 12552313530
1801580 300 0.9356259877085163 12192240870
1801880 300 0.9300790166812993 12165994110
1802180 300 0.9095978928884988 12165994110
1802480 300 0.898361720807726 12165994110
1802780 300 0.8975557506584725 12165173880
1803080 300 0.8798718173836699 12165994110
1803380 300 0.8964179104477611 12165994110
1803680 300 0.9368586479367867 12999328590
1803980 300 0.9258121158911327 13360221480
1804280 300 0.882953467954346 12914026620
1804580 300 0.8666444249341528 12874656510
1804880 300 0.9083178226514486 12717175980
1805180 300 0.9269499561018437 12717175980
1805480 300 1.3797155399473222 12606447480
1805780 300 1.1795030728709395 12565436910
1806080 300 0.9410307287093943 12329216100
1806380 300 0.9277085162423178 13064125260
1806680 300 0.9291308165057068 12631053810
1806980 300 0.8686356453028973 12257857740
1807280 300 0.9004003511852503 12257037540
1807580 300 0.9178472344161546 13110877290
1807880 300 0.903766461808604 12599065560
1808180 300 0.901443371378402 12599065560
1808480 300 0.8962756804214225 12440764830
1808780 300 0.8598647936786656 12329216100
1809080 300 0.9041931518876208 12925509600
1809380 300 0.8851817383669887 12617930430
1809680 300 0.8735662862159789 12617930430
1809980 300 0.8842335381913959 12512943390
1810280 300 0.8948533801580335 12243914160
1810580 300 0.8563564530289728 12250475850
1810880 300 0.8602440737489027 12270981120
1811180 300 0.8502405618964003 12243914160
1811480 300 0.8427023705004391 12251296050
1811780 300 0.8882159789288852 13117438980
1812080 300 0.8782598770851626 13300346070
1812380 300 0.8490079016681299 12972261630
1812680 300 0.9843634767339773 12959138250
1812980 300 0.8553134328358211 12624492120
1813280 300 0.8391940298507462 12480134970
1813580 300 0.866359964881475 12441585030
1813880 300 0.8112695346795435 12296407680
1814180 300 0.8096575943810361 12316912950
1814480 300 0.8263933274802459 12316912950
1814780 300 0.7972361720807726 14907959850
1815080 300 0.772251097453907 12743422710
1815380 300 1.3259051799824408 14803793040
1815680 300 0.8085197541703247 17231617920
1815980 300 0.817385425812116 14212420830
1816280 300 0.7988007023705004 13628430510
1816580 300 0.7961457418788411 13254414240
1816880 300 0.7790781387181738 13261796130
1817180 300 0.8201352063213345 13260975930
1817480 300 0.7822071992976295 13241290860
1817780 300 0.8171483757682179 14744737830
1818080 300 0.8241650570676032 15446838540
1818380 300 0.8181439859525901 14725052760
1818680 300 0.7946760316066727 13694867610
1818980 300 1.115641791044776 13707990990
1819280 300 0.8293801580333625 14324789730
1819580 300 0.8010289727831432 13662059160
1819880 300 0.8003178226514488 13648935780
1820180 300 0.7862370500438982 13616127330
1820480 300 0.8027831431079896 13478331870
1820780 300 0.827009657594381 13845786450
1821080 300 0.8310395083406498 13477511670
1821380 300 0.7971413520632135 13471770180
1821680 300 0.7888920105355577 13452085110
1821980 300 0.7919262510974538 13314289650
1822280 300 0.7926374012291484 13320851340
1822580 300 0.8186180860403864 13320851340
1822880 300 0.8038261633011413 13242111090
1823180 300 0.8068604038630378 13176494190
1823480 300 0.8451202809482004 14054940300
1823780 300 0.8242598770851626 14173050690
1824080 300 0.801692712906058 13753922820
1824380 300 0.7992748024582967 13740799440
1824680 300 0.8049165935030729 13621868820
1824980 300 0.7956716417910449 13563633840
1825280 300 0.8035417032484636 13360221480
1825580 300 0.7923055311676909 13143685740
1825880 300 0.8246391571553996 13150247430
1826180 300 0.8520895522388059 14036075430
1826480 300 0.8297594381035998 14324789730
1826780 300 0.8053906935908692 13780169550
1827080 300 0.8747989464442493 13793292930
1827380 300 0.901585601404741 13780169550
1827680 300 0.8835697980684812 13550510460
1827980 300 0.9054732221246707 13458646800
1828280 300 0.8732344161545216 13386468240
1828580 300 0.9214978050921863 14770984590
1828880 300 0.9404618086040386 14915341740
1829180 300 0.9077963125548727 14383844940
1829480 300 0.8997840210711151 13196179260
1829780 300 0.8960860403863039 13189617570
1830080 300 0.8747515364354698 13183055880
1830380 300 0.9011115013169448 13202740950
1830680 300 0.8813889376646181 13215044100
1830980 300 0.9045724319578579 13221605790
1831280 300 0.8862721685689202 14009828670
1831580 300 0.9042405618964003 13609565640
1831880 300 0.8539385425812116 13235549400
1832180 300 0.830091308165057 13215864330
1832480 300 0.8554082528533801 13202740950
1832780 300 0.8063388937664617 13189617570
1833080 300 0.7990377524143986 13209302640
1833380 300 0.808235294117647 13235549400
1833680 300 0.8318454784899034 13300346070
1833980 300 0.8475381913959613 14082007260
1834280 300 0.8401422300263389 13524263700
1834580 300 0.8110798946444249 13242111090
1834880 300 0.8033046532045655 13222426020
1835180 300 0.8088516242317823 13209302640
1835480 300 0.8050114135206322 13209302640
1835780 300 0.7960983318700614 13202740950
1836080 300 0.7724881474978051 13215864330
1836380 300 0.7743371378402107 13288042890
1836680 300 0.8217945566286216 13642374090
1836980 300 0.7947708516242317 13202740950
1837280 300 0.7655662862159789 13196179260
1837580 300 0.790646180860404 13189617570
1837880 300 0.7878015803336261 13169112300
1838180 300 0.7811641791044777 13162550610
1838480 300 0.8047269534679544 13155988920
1838780 300 0.810937664618086 13313469450
1839080 300 0.8271992976294995 13844966250
1839380 300 0.7701176470588236 13767046200
1839680 300 0.7823968393327481 13734237750
1839980 300 0.7796470588235296 13727676060
1840280 300 0.7612519754170326 13668620850
1840580 300 0.7748586479367866 13543948770
1840880 300 0.7802633889376646 13419276690
1841180 300 0.7817330992098331 13347098100
1841480 300 0.8052958735733099 13917965040
1841780 300 0.8088042142230027 13550510460
1842080 300 0.7743371378402107 13123180470
1842380 300 0.7829657594381036 13123180470
1842680 300 0.7580755048287974 13124820900
1842980 300 0.7532870939420544 13124820900
1843280 300 0.7612519754170326 13144505940
1843580 300 0.7652818261633011 13282301430
1843880 300 0.8244969271290608 14752119720
1844180 300 0.8345478489903424 14889915210
1844480 300 0.800033362598771 13242931290
1844780 300 0.8095153643546973 13228987710
1845080 300 0.7850517998244073 13222426020
1845380 300 0.7677945566286217 13215864330
1845680 300 0.7475030728709395 13209302640
1845980 300 0.7528604038630378 13196179260
1846280 300 0.7884653204565408 13321671540
1846580 300 0.8328410886742756 13551330660
1846880 300 0.7896979806848112 13328233230
1847180 300 0.753476733977173 13977020220
1847480 300 0.7333748902546093 13202740950
1847780 300 0.7500632133450394 13215864330
1848080 300 0.7414820017559263 13196179260
1848380 300 0.7566057945566287 13202740950
1848680 300 0.8031624231782266 13866291720
1848980 300 0.7788410886742758 13222426020
1849280 300 0.7380684811237928 13215864330
1849580 300 0.7679367866549606 13215864330
1849880 300 0.7251729587357332 13215044100
1850180 300 0.7292502194907814 13202740950
1850480 300 0.7323318700614574 13175673990
1850780 300 0.7589288849868305 13313469450
1851080 300 0.8017875329236173 13628430510
1851380 300 0.76030377524144 13254414240
1851680 300 0.7260737489025461 13254414240
1851980 300 0.7548516242317822 13904021430
1852280 300 0.8243546971027216 13280661000
1852580 300 0.8055803336259877 13260975930
1852880 300 0.8104635645302898 13235549400
1853180 300 0.8243546971027216 13340536410
1853480 300 0.8610500438981562 13668620850
1853780 300 0.8816259877085163 13248672780
1854080 300 0.8091360842844602 13255234440
1854380 300 0.803636523266023 13235549400
1854680 300 0.788702370500439 13235549400
1854980 300 0.7885601404741002 13242111090
1855280 300 0.8053906935908692 13235549400
1855580 300 0.8402844600526778 13221605790
1855880 300 0.893620719929763 13963896840
1856180 300 0.8472063213345041 13772787660
1856480 300 0.8234539069359087 13196179260
1856780 300 0.8182862159789289 13189617570
1857080 300 0.8195662862159789 13183055880
1857380 300 0.8063388937664617 13196179260
1857680 300 0.7967146619841967 13209302640
1857980 300 0.7868533801580334 13196179260
1858280 300 0.7448481123792801 13183876080
1858580 300 0.8315610184372256 14665997550
1858880 300 0.8585373134328359 15066260580
1859180 300 0.8256347673397718 15492770370
1859480 300 0.8189973661106235 13379906550
1859780 300 0.8015504828797192 13327413030
1860080 300 0.8028779631255487 13320851340
1860380 300 0.7889394205443372 13307727960
1860680 300 0.8100368744512731 13314289650
1860980 300 0.819044776119403 13301166270
1861280 300 0.8507620719929765 13438961730
1861580 300 0.8445513608428447 13702249500
1861880 300 0.8338366988586479 13282301430
1862180 300 0.8235013169446883 13274099310
1862480 300 0.8451202809482004 13280661000
1862780 300 0.8515206321334505 13267537620
1863080 300 0.8263459174714664 13260975930
1863380 300 0.8139719051799825 13255234440
1863680 300 0.8137822651448641 13288042890
1863980 300 0.8473959613696225 14286239820
1864280 300 0.8386251097453907 14208319770
1864580 300 0.8157260755048288 13873673640
1864880 300 0.8318454784899034 13873673640
1865180 300 0.8221738366988588 13873673640
1865480 300 0.8207989464442493 13794113160
1865780 300 0.8326988586479367 13590700800
1866080 300 0.8130711150131696 13577577420
1866380 300 0.8171483757682179 13563633840
1866680 300 0.8621878841088676 14278857930
1866980 300 0.8381035996488146 13734237750
1867280 300 0.8181439859525901 13419276690
1867580 300 0.8076189640035119 13753922820
1867880 300 0.7989903424056191 13419276690
1868180 300 0.8008393327480247 13419276690
1868480 300 0.7959561018437226 13432400040
1868780 300 0.8246865671641791 13517702010
1869080 300 0.8382458296751538 13629250710
1869380 300 0.8368709394205445 13438961730
1869680 300 0.8226953467954347 13425838380
1869980 300 0.8131185250219491 13425838380
1870280 300 0.8207041264266902 13438961730
1870580 300 0.8044424934152765 13432400040
1870880 300 1.1872783143107992 14213241030
1871180 300 0.8328884986830554 14751299520
1871480 300 0.8880737489025461 15013767060
1871780 300 0.8324618086040385 14568392430
1872080 300 0.8287638279192275 13694867610
1872380 300 0.8265355575065847 13688305920
1872680 300 0.8181439859525901 13681744230
1872980 300 0.8500035118525021 13675182540
1873280 300 0.865838454784899 13676002740
1873580 300 0.8390992098331871 13662879390
1873880 300 0.8655065847234418 13669441050
1874180 300 0.8875996488147497 15277054830
1874480 300 0.8944741000877963 15762619830
1874780 300 0.8920087796312555 14909600250
1875080 300 0.8107480245829677 13662879390
1875380 300 0.7662774363476733 13655497470
1875680 300 0.7662774363476733 13655497470
1875980 300 0.8088516242317823 13649756010
1876280 300 0.8087093942054434 13645654950
1876580 300 0.7965250219490783 13639093260
1876880 300 0.8046795434591747 13683384660
1877180 300 0.8430816505706761 14510157450
1877480 300 0.8099420544337138 13953234120
1877780 300 0.807097453906936 13631711340
1878080 300 0.7803582089552239 13625149650
1878380 300 0.7976154521510097 13618587990
1878680 300 0.8015504828797192 13618587990
1878980 300 0.7936804214223004 13619408190
1879280 300 0.800033362598771 13619408190
1879580 300 0.7950079016681298 13619408190
1879880 300 0.7922107111501319 13612846500
1880180 300 0.8073819139596137 13606284810
1880480 300 0.7814486391571555 13605464610
1880780 300 0.788702370500439 13598902920
1881080 300 0.8195662862159789 13566094470
1881380 300 0.8527058823529412 14346935430
1881680 300 0.8524214223002634 13907302290
1881980 300 0.831655838454785 13585779540
1882280 300 0.8390043898156279 13579217850
1882580 300 0.8003178226514488 13578397620
1882880 300 0.8024038630377526 13577577420
1883180 300 0.8185232660228271 13577577420
1883480 300 0.8175750658472344 13584139110
1883780 300 0.8586321334503952 13997525520
1884080 300 0.845025460930641 13714552680
1884380 300 0.8335522388059701 13576757220
1884680 300 0.8546022827041265 16641065910
1884980 300 0.7898402107111502 13616127330
1885280 300 0.7881334503950833 13623509250
1885580 300 0.8075715539947321 13616947560
1885880 300 0.8034468832309043 13611206070
1886180 300 0.8281474978050921 15166326330
1886480 300 0.8237857769973662 14411732130
1886780 300 0.8414223002633889 13644014520
1887080 300 0.8174802458296753 13644014520
1887380 300 0.8220790166812995 13636632630
1887680 300 0.8077611940298507 14476528800
1887980 300 0.8255399473222125 13872853410
1888280 300 0.842180860403863 13904841660
1888580 300 0.8107954345917472 13906482090
1888880 300 0.792163301141352 13900740600
1889180 300 0.863420544337138 14674199670
1889480 300 0.8631360842844602 14163208140
1889780 300 0.9168042142230026 14162387940
1890080 300 1.0607410008779632 14150084760
1890380 300 1.2769780509218611 14169769830
1890680 300 0.8368709394205445 14136141180
1890980 300 0.8588691834942932 14129579490
1891280 300 0.8698208955223882 14128759290
1891580 300 0.8955171202809482 14128759290
1891880 300 0.9501334503950835 14738996340
1892180 300 0.9348674275680422 14745558030
1892480 300 0.8792554872695348 14029513740
1892780 300 0.8423705004389815 13990143600
1893080 300 0.8377717295873575 13846606650
1893380 300 0.8253977172958736 13735878150
1893680 300 0.8410904302019316 13743260070
1893980 300 0.8261088674275682 13735878150
1894280 300 0.8256821773485513 13755563220
1894580 300 0.8308972783143109 13767866400
1894880 300 0.8275311676909571 13754743020
1895180 300 0.8610500438981562 14443720350
1895480 300 0.8413748902546093 14509337250
1895780 300 0.8016453028972782 13767866400
1896080 300 0.7932537313432836 13762124910
1896380 300 0.8143037752414399 13755563220
1896680 300 0.8154416154521511 13722754800
1896980 300 0.8151097453906936 13709631420
1897280 300 0.7975206321334505 13709631420
1897580 300 0.812881474978051 13703069730
1897880 300 0.8465425812115891 14595459420
1898180 300 0.8356856892010537 14490472380
1898480 300 0.8055803336259877 14221443150
1898780 300 0.7986584723441615 14194376160
1899080 300 0.8226005267778753 14030333940
1899380 300 0.8193292361720808 13945032000
1899680 300 0.804395083406497 13814618430
1899980 300 0.8218419666374013 13821180120
1900280 300 0.807476733977173 13841685390
1900580 300 0.8279578577699738 15554286180
1900880 300 0.8751308165057068 15626464770
1901180 300 0.8642739244951714 14668458210
1901480 300 0.8170061457418789 14320688700
1901780 300 0.8209885864793679 14327250360
1902080 300 0.8054381035996487 14319868470
1902380 300 0.8140667251975419 14313306780
1902680 300 1.002521510096576 14136141180
1902980 300 1.0238086040386305 13939290510
1903280 300 0.7841035996488148 13860550260
1903580 300 0.8440298507462688 14583156240
1903880 300 0.8383880597014925 14825938740
1904180 300 0.8002230026338895 14314127010
1904480 300 0.8148252853380159 14320688700
1904780 300 0.8162949956101845 14314127010
1905080 300 0.8263459174714664 14084467890
1905380 300 0.853511852502195 13835123700
1905680 300 0.8301861281826164 13756383450
1905980 300 0.8229798068481123 13762945140
1906280 300 0.8318928884986831 13769506830
1906580 300 0.8475381913959613 13756383450
1906880 300 0.8257295873573312 13769506830
1907180 300 0.7768972783143109 13776068520
1907480 300 0.7956716417910449 13762945140
1907780 300 0.8092783143107991 13749821760
1908080 300 0.7953397717295874 13782630210
1908380 300 0.8366812993854259 14602841310
1908680 300 0.852611062335382 14071344510
1908980 300 0.8251606672519755 13781809980
1909280 300 0.7996066725197543 13776068520
1909580 300 0.8120280948200176 13769506830
1909880 300 0.8093731343283583 13776068520
1910180 300 0.8233590869183494 13762945140
1910480 300 0.8071448639157155 13749821760
1910780 300 0.838198419666374 14353497120
1911080 300 0.8177647058823531 14353497120
1911380 300 0.8400000000000001 13736698380
1911680 300 0.8091360842844602 13742439840
1911980 300 0.811601404741001 13728496260
1912280 300 0.8408059701492538 13729316490
1912580 300 0.8189499561018436 13742439840
1912880 300 0.7882756804214224 13741619640
1913180 300 0.7899824407374891 13741619640
1913480 300 0.8039683933274802 13762124910
1913780 300 0.8324618086040385 14476528800
1914080 300 0.7983740122914839 14424855510
1914380 300 0.7751431079894646 13755563220
1914680 300 0.7942019315188763 13749821760
1914980 300 0.7864741000877964 13755563220
1915280 300 0.8022616330114136 13755563220
1915580 300 0.8188551360842846 13755563220
1915880 300 0.8056751536435469 13755563220
1916180 300 0.8138770851624232 13762945140
1916480 300 0.8240228270412644 15166326330
1916780 300 0.8214152765583846 15659273220
1917080 300 0.7969517120280948 14694704940
1917380 300 0.7961457418788411 13743260070
1917680 300 0.8056751536435469 13749821760
1917980 300 0.8082827041264267 13749821760
1918280 300 0.8123125548726953 13749001530
1918580 300 0.8270570676031608 13749821760
1918880 300 0.8257295873573312 13743260070
1919180 300 0.7941545215100967 13730136690
1919480 300 0.8293801580333625 14031974370
1919780 300 0.8379139596136963 14602841310
1920080 300 0.7785092186128183 14536404210
1920380 300 0.7728200175592627 14234566530
1920680 300 0.7957664618086042 14117276340
1920980 300 0.7960509218612819 14117276340
1921280 300 0.7677471466198419 14109894420
1921580 300 0.7769920983318701 14083647660
1921880 300 0.7910728709394206 13985222340
1922180 300 0.8195662862159789 14412552330
1922480 75 0.8187603160667253 14123838030
1922555 5 0.6109622475856015 13931088420
1922560 7 0.6068849868305531 13676002740
1922567 1 0.5996786654960493 13653857040
1922568 11 0.5996786654960493 13653857040
1922579 160 0.6075961369622476 14038536060
1922739 4 0.668091308165057 8995878150
1922743 1 0.5883476733977173 8861363550
1922744 8 0.5883476733977173 8861363550
1922752 28 0.6330553116769095 9337086000
1922780 300 0.6099666374012291 11864156400
1923080 300 0.7826812993854259 13308548190
1923380 300 0.786379280070237 13164191010
1923680 300 0.7539508340649693 13151887860
1923980 300 0.7689323968393328 13170752700
1924280 296 0.8082827041264267 13329053460
1924576 4 0.721332748024583 13245391920
1924580 2 0.7364091308165057 13633351770
1924582 3 0.7294398595259 13566914670
1924585 9 0.7132256365232661 13566914670
1924594 165 0.7195785776997367 13964717070
1924759 3 0.7418612818261634 8780982840
1924762 1 0.6487480245829675 8780982840
1924763 9 0.6487480245829675 8780982840
1924772 108 0.7139841966637401 10003097400
1924880 300 0.6602212467076383 12709794060
1925180 207 0.7827287093942055 13307727960
1925387 5 0.5739350307287094 13097753910
1925392 4 0.5769218612818262 12876296910
1925396 8 0.5646900790166813 12876296910
1925404 1 0.5646900790166813 12876296910
1925405 1 0.5655434591747148 12876296910
1925406 74 0.5765425812115891 13252773810
1925480 92 0.5810939420544338 13087911390
1925572 4 0.5585267778753292 8085443820
1925576 9 0.5585267778753292 7891053810
1925585 1 0.5585267778753292 7891053810
1925586 194 0.6108674275680421 9744730920
1925780 70 0.5409850746268656 7426814310
1925850 5 0.32123968393327484 7254569970
1925855 4 0.324179104477612 6960934410
1925859 9 0.3107620719929763 6960934410
1925868 3 0.31114135206321336 6960934410
1925871 162 0.3179683933274803 7365298470
1926033 2 0.4716242317822652 2782779000
1926035 1 0.30000000000000004 2391538320
1926036 8 0.30000000000000004 2391538320
1926044 1 0.32195083406496927 2704038750
1926045 35 0.37666198419666375 3254400390
1926080 140 0.32218788410886745 6153026460
1926220 160 0.3839157155399473 7619563920
1926380 300 0.6772414398595259 11553296400
1926680 300 0.7796470588235296 12014255040
1926980 300 0.7869956101843723 12028198650
1927280 300 0.7659929762949956 12038041170
1927580 300 0.7570798946444248 12038861370
1927880 300 0.7593555750658473 12065108130
1928180 300 0.7458437225636524 12065108130
1928480 300 0.7658033362598771 12083973000
1928780 300 0.814920105355575 13113337920
1929080 300 0.804774363476734 13179775020
1929380 300 0.7898402107111502 12459629670
1929680 300 0.7926848112379281 12212746140
1929980 300 0.7809745390693591 12173376000
1930280 300 0.7629113257243196 12205364220
1930580 300 0.7721088674275681 12244734360
1930880 300 0.7381633011413522 12218487600
1931180 300 0.8010763827919228 14095130640
1931480 300 0.8079982440737489 14613504060
1931780 300 0.8071448639157155 13767046200
1932080 300 0.7995592625109746 12913206420
1932380 300 0.7772291483757683 12893521350
1932680 300 0.8104161545215102 12737681250
1932980 300 0.7836294995610185 12692569620
1933280 300 0.7838665496049166 12366125610
1933580 300 0.8015504828797192 12320193780
1933880 300 0.7909306409130816 12345620340
1934180 300 0.8403792800702371 13441422390
1934480 300 0.8199455662862162 13342997040
1934780 300 0.7694539069359086 13060844430
1935080 300 0.7724881474978051 13119899610
1935380 300 0.7983740122914839 12556414590
1935680 300 0.7829657594381036 12366945810
1935980 300 0.7869956101843723 12360384120
1936280 300 0.8103687445127306 12504741300
1936580 300 0.8193766461808605 12859892700
1936880 300 0.7904565408252853 12775410960
1937180 300 0.7687427568042142 12754085460
1937480 300 0.7892238805970149 12477674310
1937780 300 0.7923055311676909 12386630880
1938080 300 0.769548726953468 12380069190
1938380 300 0.7178718173836699 12380069190
1938680 300 0.7584547848990342 12426001020
1938980 300 0.8004126426690078 13502118000
1939280 300 0.7630535557506585 13448804280
1939580 300 0.7381633011413522 13213403700
1939880 300 0.7555627743634767 13607105010
1940180 300 0.7768498683055312 13063305060
1940480 300 0.7693116769095698 12520325310
1940780 300 0.7540456540825287 12415338270
1941080 300 0.776375768217735 12604807050
1941380 300 0.8261562774363477 13056743370
1941680 300 0.8091834942932398 12918947910
1941980 300 0.7709236172080772 12663042030
1942280 300 0.7604934152765583 12466191360
1942580 300 0.7397752414398595 12439944600
1942880 300 0.7746690079016683 12439944600
1943180 300 0.7904091308165058 12445686090
1943480 300 0.811316944688323 12460449900
1943780 300 0.843982440737489 14305104660
1944080 300 0.8589640035118524 14836601460
1944380 300 0.8147304653204566 15204056040
1944680 300 0.7912151009657595 13944211800
1944980 300 0.7543301141352063 13294604580
1945280 300 0.7920684811237928 13288042890
1945580 300 0.7605882352941177 13286402490
1945880 300 0.7625320456540826 13115798580
1946180 300 0.7649973661106234 13076428440
1946480 300 0.7882756804214224 12801657720
1946780 300 0.8309446883230904 13490635050
1947080 300 0.822126426690079 13445523420
1947380 300 0.7655188762071993 13320851340
1947680 300 0.7580280948200175 13064945490
1947980 300 0.7749534679543459 12900903270
1948280 300 0.7674152765583847 12487516860
1948580 300 0.7713977172958736 12480955170
1948880 300 0.7777032484635644 12474393480
1949180 300 0.7795996488147499 12487516860
1949480 300 0.849908691834943 13504578630
1949780 300 0.8025935030728709 13484073360
1950080 300 0.7795522388059701 13222426020
1950380 300 0.7963353819139596 13366783170
1950680 300 0.7944389815627745 12986205210
1950980 300 0.7792203687445128 12737681250
1951280 300 0.782918349429324 12621211260
1951580 300 0.8015978928884987 12614649570
1951880 300 0.8417067603160668 12987845640
1952180 300 0.8131185250219491 12889420290
1952480 300 0.7847199297629499 12881218200
1952780 300 0.7809271290605796 12822162990
1953080 300 0.7888920105355577 12683547300
1953380 300 0.807476733977173 12533448690
1953680 300 0.7969991220368746 12512943390
1953980 300 0.8178121158911326 12526887000
1954280 300 0.860433713784021 13438961730
1954580 300 0.8146830553116768 13616947560
1954880 300 0.8070026338893767 13265076990
1955180 300 0.7932063213345041 13212583470
1955480 300 0.7840561896400351 12929610630
1955780 300 0.7807374890254609 12830365110
1956080 300 0.8181439859525901 12712254690
1956380 300 0.8260614574187883 12620391060
1956680 300 0.8373450395083406 12581020920
1956980 300 0.8676874451273047 13630891140
1957280 300 0.8576839332748025 13525904130
1957580 300 0.8434135206321336 13283941830
1957880 300 0.8501931518876208 13270818480
1958180 300 0.8391466198419667 13146146370
1958480 300 0.798326602282704 12932071290
1958780 300 0.8231220368744514 12683547300
1959080 300 0.8155364354697103 12590863470
1959380 300 0.8365864793678666 12610548510
1959680 300 0.8566883230904303 12990306270
1959980 300 0.866359964881475 14250150540
1960280 300 0.8768375768217735 13961436210
1960580 300 0.8444565408252853 12608908110
1960880 300 0.8193766461808605 12608087880
1961180 300 0.8297594381035998 12601526190
1961480 300 0.8303757682177348 12589223040
1961780 300 0.8325566286215978 12590043240
1962080 300 0.8615241439859526 12591683670
1962380 300 0.8669288849868305 12604807050
1962680 300 0.8756523266022829 13666980420
1962980 300 0.8779280070237051 13548870030
1963280 300 0.8581106233538192 13318390710
1963580 300 0.8645583845478491 13239650430
1963880 300 0.8657910447761195 12832005510
1964180 300 0.8786391571553995 12641716530
1964480 300 0.8869359086918349 12641716530
1964780 300 0.9239157155399472 12694210050
1965080 300 0.9547322212467075 13101034770
1965380 300 0.9392291483757682 12970621200
1965680 300 0.8973661106233538 12703232370
1965980 300 0.9108305531167692 12702412170
1966280 300 0.8864143985952591 12702412170
1966580 300 0.8867936786654961 12682727100
1966880 300 0.8843283582089553 12675345210
1967180 300 0.8673081650570675 12675345210
1967480 300 0.9094556628621597 13205201580
1967780 300 0.9176575943810361 13211763270
1968080 300 0.8884056189640035 12654019710
1968380 300 0.8629938542581211 12654839910
1968680 300 0.8735662862159789 12641716530
1968980 300 0.8763160667251975 12655660140
1969280 300 0.8426075504828797 12637615500
1969580 300 0.8733292361720808 12631053810
1969880 300 0.8780228270412644 12636795270
1970180 300 0.9479051799824408 13325772600
1970480 300 0.9341088674275679 13102675200
1970780 300 0.8843283582089553 12682727100
1971080 300 0.851188762071993 12676165410
1971380 300 0.8592484635645303 12668783520
1971680 300 0.8187129060579454 12695030280
1971980 300 0.8472537313432836 12688468590
1972280 300 0.8671659350307287 12688468590
1972580 300 0.8448358208955223 12690108990
1972880 300 0.8834275680421422 13242931290
1973180 300 0.9151448639157156 14377283250
1973480 300 0.8982194907813872 14306745090
1973780 300 0.8775487269534681 12817241730
1974080 300 0.8485338015803335 12803298120
1974380 300 0.9148604038630379 12804118350
1974680 300 0.8711009657594381 12804118350
1974980 300 0.9524091308165057 12797556660
1975280 300 0.9146233538191397 12816421500
1975580 300 0.8564038630377523 12816421500
1975880 300 0.8877418788410888 13085450760
1976180 300 0.8754626865671643 13656317700
1976480 300 0.8386725197541703 12849229950
1976780 300 0.8349271290605795 12836106570
1977080 300 0.8345952589991221 13637452830
1977380 300 0.8470166812993855 13164191010
1977680 300 0.8568305531167691 13157629320
1977980 300 0.8470640913081651 13151067630
1978280 300 0.8805355575065847 13203561150
1978580 300 0.934772607550483 13636632630
1978880 300 0.8925302897278315 13143685740
1979180 300 0.8564038630377523 12882038400
1979480 300 0.8541755926251097 13275739740
1979780 300 0.8257769973661107 12783613080
1980080 300 0.8195188762071993 12803298120
1980380 300 0.830755048287972 12803298120
1980680 300 0.8179543459174714 12790994970
1980980 300 0.8796347673397718 13060024200
1981280 300 0.8594855136084285 12797556660
1981580 300 0.8412800702370502 12810680040
1981880 300 0.8818630377524145 13452905340
1982180 300 0.8558823529411764 12823803420
1982480 300 0.8650798946444249 12817241730
1982780 300 0.8682089552238805 12796736430
1983080 300 0.8426549604916593 12795916230
1983380 300 0.8677348551360844 12856611870
1983680 300 0.8823371378402108 13322491770
1983980 300 0.9088393327480248 12804118350
1984280 300 0.8564512730465321 12804118350
1984580 300 0.8849446883230905 12790994970
1984880 300 0.8408533801580335 12790994970
1985180 300 0.8059596136962249 12790994970
1985480 300 0.8198981562774363 12797556660
1985780 300 0.8234064969271292 12817241730
1986080 300 0.8823845478489903 13834303500
1986380 300 0.8657910447761195 13794933360
1986680 300 0.8431290605794556 13499657370
1986980 300 0.84388762071993 15323806860
1987280 300 0.8412800702370502 13474230810
1987580 300 0.8239754170324847 13283941830
1987880 300 0.8444565408252853 13054282740
1988180 300 0.857352063213345 13021474290
1988480 300 0.8767427568042142 14517539340
1988780 300 0.8756049165935031 13139584680
1989080 300 0.8912976294995612 13152708060
1989380 300 0.8796821773485514 13152708060
1989680 300 0.8612870939420544 13146146370
1989980 300 0.9031501316944688 13146146370
1990280 300 0.8718595258999122 13047721050
1990580 300 0.848865671641791 12883678830
1990880 300 0.8189973661106235 12837747000
1991180 300 0.9057576821773485 13572656160
1991480 300 0.9173731343283582 13375805490
1991780 300 0.9080333625987709 12818061930
1992080 300 0.8728077260755048 12824623620
1992380 300 0.8621404741000878 12804938550
1992680 300 0.909834942932397 12791815170
1992980 300 0.8926251097453908 12772130100
1993280 300 0.8902071992976296 12752445030
1993580 300 0.975782265144864 13303626900
1993880 300 0.9424056189640035 13356120420
1994180 300 0.8851817383669887 12811500240
1994480 300 0.9119209833187008 12811500240
1994780 300 0.9000210711150133 12798376860
1995080 300 0.9012063213345038 12798376860
1995380 300 0.8945689201053555 12798376860
1995680 300 0.8685408252853382 12772130100
1995980 300 0.8898753292361721 12772130100
1996280 300 0.8903968393327482 13382367180
1996580 300 0.8355434591747146 13913863980
1996880 300 0.8381035996488146 13487354190
1997180 300 0.8052484635645304 13486533990
1997480 300 0.8390992098331871 13322491770
1997780 300 0.8299490781387182 13138764480
1998080 300 0.8154416154521511 13014092400
1998380 300 0.7923055311676909 12941913810
1998680 300 0.7842932396839333 12876296910
1998980 300 0.8477752414398595 13500477570
1999280 300 0.8102265144863916 13625149650
1999580 300 0.7914995610184373 13500477570
1999880 300 0.8600070237050045 13256874870
2000180 300 0.835116769095698 12994407330
2000480 300 0.8033520632133451 12869735220
2000780 300 0.80785601404741 12810680040
2001080 300 0.8435083406496928 12804118350
2001380 300 0.8807251975417032 13394670330
2001680 300 0.8283845478489903 13407793710
2001980 300 0.8343107989464442 12869735220
2002280 300 0.8107954345917472 12843488490
2002580 300 0.841659350307287 12850050180
2002880 300 0.8417067603160668 12844308690
2003180 300 0.8228375768217735 12836926800
2003480 300 0.7936804214223004 12830365110
2003780 300 0.8060070237050044 12823803420
2004080 300 0.8230272168568922 12823803420
2004380 300 0.8464951712028096 12831185310
2004680 300 0.8596277436347675 14189454900
2004980 300 0.8670237050043899 15134338110
2005280 300 0.8037787532923618 15265571880
2005580 300 0.7973784021071115 14268195180
2005880 300 0.8404266900790166 13533286020
2006180 300 0.857873573309921 13454545740
2006480 300 0.8075715539947321 13257695100
2006780 300 0.8242124670763828 13034597670
2007080 300 0.8364916593503072 12903363900
2007380 300 0.8543178226514487 12883678830
2007680 300 0.8715750658472344 13467669120
2007980 300 0.8890693590869183 13487354190
2008280 300 0.9069429323968393 13238010030
2008580 300 0.894900790166813 12818882130
2008880 300 0.889116769095698 12839387430
2009180 300 0.822790166812994 12826264050
2009480 300 0.8117910447761194 12826264050
2009780 300 0.8545548726953469 12957497820
2010080 300 0.8853239683933275 13174033560
2010380 300 0.8573994732221248 13016553030
2010680 300 0.8207515364354697 12838567200
2010980 300 0.8373450395083406 12832005510
2011280 300 0.8049640035118524 12818061930
2011580 300 0.811601404741001 12798376860
2011880 300 0.8207515364354697 12804938550
2012180 300 0.8077137840210712 12804938550
2012480 300 0.8563090430201933 13114978350
2012780 300 0.8525636523266023 13159269750
2013080 300 0.8187603160667253 12798376860
