2466028 300 0.9117313432835821 11734563060
2466328 300 0.9097875329236174 11604149490
2466628 300 0.9460561896400352 11597587800
2466928 300 0.972179104477612 12594964500
2467228 300 0.9683863037752416 12621211260
2467528 300 0.920881474978051 12286565130
2467828 300 0.9202651448639159 12280823670
2468128 300 0.9562967515364355 12274261980
2468428 300 0.9451079894644425 11939615850
2468728 300 0.9318805970149253 11794438470
2469028 300 0.9521246707638279 11801000160
2469328 300 0.9510342405618966 11793618270
2469628 300 0.9711834942932398 13199460090
2469928 300 0.9566760316066725 13553791290
2470228 300 0.9574820017559263 12307070400
2470528 300 0.9466725197541704 12299688510
2470828 300 0.9495171202809483 12286565130
2471128 300 0.9505601404741002 12102837840
2471428 300 0.9489482001755926 11755888560
2471728 300 0.9126321334503951 11636957940
2472028 300 0.9448235294117646 11650081320
2472328 300 0.9601369622475857 12423540390
2472628 300 0.9601369622475857 12115141020
2472928 300 0.918036874451273 11682069540
2473228 300 0.90172783143108 11663204700
2473528 300 0.9580509218612818 11657463210
2473828 300 0.923441615452151 11657463210
2474128 300 0.9558226514486391 11676328080
2474428 300 0.9181316944688322 11689451460
2474728 300 0.934393327480246 11676328080
2475028 300 0.9458665496049166 12504741300
2475328 300 0.9171834942932398 11967503010
2475628 300 0.8977928007023706 11718158850
2475928 300 0.926286215978929 11711597160
2476228 300 0.9196962247585602 11698473780
2476528 300 0.9027708516242318 11659103640
2476828 300 0.8990728709394206 11652541950
2477128 300 0.9320228270412642 11757528960
2477428 300 0.9624600526777876 12019996530
2477728 300 0.918700614574188 11802640590
2478028 300 0.901585601404741 11671406790
2478328 300 0.8773590869183494 11671406790
2478628 300 0.8763160667251975 11678788710
2478928 300 0.876505706760316 11670586590
2479228 300 0.8842335381913959 11671406790
2479528 300 0.917515364354697 11645160060
2479828 300 0.9390395083406498 12071669820
2480128 300 0.9309323968393328 11809202280
2480428 300 0.9032449517120281 11670586590
2480728 300 0.9276136962247585 14040176490
2481028 300 0.8975083406496926 11704215240
2481328 300 0.9083652326602284 11704215240
2481628 300 0.8942370500438983 11704215240
2481928 300 0.8888797190517999 11710776930
2482228 300 0.9165671641791044 13311829020
2482528 300 0.9118735733099209 12163533480
2482828 300 0.92870412642669 11770652340
2483128 300 0.8950904302019317 11770652340
2483428 300 0.8652221246707639 11770652340
2483728 300 0.8717172958735733 11770652340
2484028 300 0.8653643546971028 11770652340
2484328 300 0.8931466198419667 11771472570
2484628 300 0.8967497805092186 11763270450
2484928 300 0.8864143985952591 11815763970
2485228 300 0.9472414398595259 12629413380
2485528 300 0.9021071115013171 12071669820
2485828 300 0.8844231782265146 11757528960
2486128 300 0.8803459174714663 11750967270
2486428 300 0.8875996488147497 12249655620
2486728 300 0.8974609306409131 12065928360
2487028 300 0.9071799824407375 12065928360
2487328 300 0.9000210711150133 12051984750
2487628 300 0.9072748024582968 12177477060
2487928 300 0.9301738366988588 12517864680
2488228 300 0.9103564530289728 12380069190
2488528 300 0.8793028972783143 12373507500
2488828 300 0.8897330992098332 12373507500
2489128 300 0.910593503072871 12248835420
2489428 300 0.8910131694468831 12065108130
2489728 300 0.8890693590869183 12071669820
2490028 300 0.9199332748024583 12170915370
2490328 300 0.9263810359964881 12407136180
2490628 300 0.8754626865671643 12216026970
2490928 300 0.8845179982440738 12046243290
2491228 300 0.8883107989464443 12040501800
2491528 300 0.8793977172958737 12033940110
2491828 300 0.8804407374890254 12047063490
2492128 300 0.8926725197541704 12065928360
2492428 300 0.9027234416154523 12124983540
2492728 300 0.9306005267778754 13042799790
2493028 300 0.9063740122914838 12931251060
2493328 300 0.870721685689201 12412057440
2493628 300 0.8514258121158912 12286565130
2493928 300 0.8980298507462687 12105298470
2494228 300 0.9071799824407375 12091354890
2494528 300 0.9108305531167692 12091354890
2494828 300 0.9153819139596138 12084793200
2495128 300 0.9239631255487271 12079051710
2495428 300 0.9348674275680422 12774590730
2495728 300 0.9348200175592625 12905824530
2496028 300 0.9504179104477611 12407136180
2496328 300 0.9256698858647938 12399754260
2496628 300 0.9113994732221246 12399754260
2496928 300 0.9051413520632134 12393192570
2497228 300 0.9435434591747146 12255397110
2497528 300 0.9224934152765585 12216847200
2497828 300 0.9378068481123794 12178297260
2498128 300 0.9745496049165936 13457826600
2498428 300 0.9502756804214223 13299525840
2498728 300 0.9047620719929762 11875639380
2499028 300 0.901443371378402 11764090650
2499328 300 0.9166619841966639 11777214030
2499628 300 0.950844600526778 11770652340
2499928 300 0.9156663740122915 11764090650
2500228 300 0.9020597014925372 11764090650
2500528 300 0.9315013169446883 11764910880
2500828 300 0.963929762949956 12407956380
2501128 300 0.9837945566286216 12394833000
2501428 300 0.9064214223002635 11745225810
2501728 300 0.9135329236172082 11745225810
2502028 300 0.9363371378402109 11745225810
2502328 300 0.934393327480246 11743585380
2502628 300 0.9249113257243196 11744405580
2502928 300 0.9229675153643546 11737843890
2503228 300 0.9415048287971906 11815763970
2503528 300 0.9817559262510975 12491617920
2503828 300 0.9338244073748903 12406315950
2504128 300 0.9542581211589114 12354642660
2504428 300 0.9606584723441617 12649918650
2504728 300 0.9808077260755049 12222588660
2505028 300 0.9969271290605795 12059366670
2505328 300 0.971942054433714 12052804980
2505628 300 1.0093011413520632 12097916580
2505928 300 1.0315838454784898 12197982330
2506228 300 1.0537243195785777 11724720510
2506528 300 0.9820403863037753 11750967270
2506828 300 1.0109130816505707 11770652340
2507128 300 0.9971167690956981 11764090650
2507428 300 0.9923757682177349 11757528960
2507728 300 0.9774890254609307 11757528960
2508028 300 1.023998244073749 11796899100
2508328 300 1.0259894644424934 12578560290
2508628 300 1.0402124670763828 12059366670
2508928 300 0.9909060579455663 11757528960
2509228 300 0.9975434591747147 11750967270
2509528 300 0.9913327480245832 11745225810
2509828 300 1.0206795434591747 11737843890
2510128 300 0.9986812993854259 11758349190
2510428 300 1.0064565408252852 11759169390
2510728 300 1.005745390693591 11759169390
2511028 300 1.0489833187006146 11798539530
2511328 300 1.0735417032484635 12814781100
2511628 300 1.028359964881475 12611368740
2511928 300 0.9834152765583846 12376788360
2512228 300 1.0450008779631257 12370226670
2512528 300 1.0051290605794558 12258677970
2512828 300 1.008684811237928 12206184450
2513128 300 1.0017155399473223 12068388990
2513428 300 1.0051290605794558 12225869520
2513728 300 1.0443371378402106 13662879390
2514028 300 1.0497892888498686 13714552680
2514328 300 1.0034223002633889 12316912950
2514628 300 1.0097278314310798 12270981120
2514928 300 1.005982440737489 12272621550
2515228 300 1.0248042142230025 12272621550
2515528 300 1.0081158911325723 12212746140
2515828 300 1.0399754170324846 11969963640
2516128 300 1.0541035996488148 11956020060
2516428 300 1.0377945566286217 11956020060
2516728 300 1.0454749780509218 11957660490
2517028 300 1.0566637401229149 11956020060
2517328 300 1.0478928884986831 11969143440
2517628 300 1.0392168568920108 11969143440
2517928 300 1.039406496927129 11963401950
2518228 300 1.0356136962247584 11976525330
2518528 300 1.0942598770851624 12580200720
2518828 300 1.0679473222124671 12489157290
2519128 300 1.078993854258121 12357103290
2519428 300 1.0908937664618088 12198802560
2519728 300 1.0871957857769972 12074950680
2520028 300 1.079041264266901 12081512370
2520328 300 1.089708516242318 12016715670
2520628 300 1.1068235294117645 11946177510
2520928 300 1.0889499561018439 11946177510
2521228 300 1.0930272168568922 11958480690
2521528 300 1.0951606672519754 11958480690
2521828 300 1.0737787532923617 11957660490
2522128 300 1.0851571553994734 11957660490
2522428 300 1.1370237050043897 12056906010
2522728 300 1.1849552238805972 12897622410
2523028 300 1.1392519754170327 12701591970
2523328 300 1.1394890254609304 12414518070
2523628 300 1.103836698858648 12303789570
2523928 300 1.1099525899912206 12167634510
2524228 300 1.0681843722563653 11989648710
2524528 300 1.1035522388059702 11838729870
2524828 300 1.1153099209833188 11814123540
2525128 300 1.0873380158033363 12142207980
2525428 300 1.1212835820895521 12759826950
2525728 300 1.0642019315188762 12727018500
2526028 300 1.0626848112379281 12425180820
2526328 300 1.0185460930640913 12371867100
2526628 300 1.0420614574187885 12175836630
2526928 300 1.0282651448639157 11979806190
2527228 300 1.0322475856014048 11960121120
2527528 300 1.0408762071992976 11828887350
2527828 300 1.107819139596137 13297885440
2528128 300 1.0919367866549605 13829382240
2528428 300 1.0744424934152765 13106776230
2528728 300 1.0525390693590868 12339058650
2529028 300 1.025799824407375 12345620340
2529328 300 1.0367515364354698 12339058650
2529628 300 1.0185460930640913 12293126820
2529928 300 1.0268902546093064 12102837840
2530228 300 1.0004828797190517 11997850830
2530528 300 1.0465179982440738 11886302100
2530828 300 1.0905144863915714 12581841120
2531128 300 1.0384582967515363 12895981980
2531428 300 1.050121158911326 12403855320
2531728 300 1.0225759438103599 12285744930
2532028 300 1.0285496049165936 12266059860
2532328 300 1.0111975417032484 12153690930
2532628 300 1.0118612818261634 12015895470
2532928 300 1.017692712906058 11859235140
2533228 300 1.087385425812116 11851853250
2533528 300 1.0605513608428445 12134005860
2533828 300 1.0557155399473221 12717175980
2534128 300 1.0060772607550486 12474393480
2534428 300 0.9861650570676033 12454708410
2534728 300 1.0147532923617208 12979643520
2535028 300 0.9737436347673397 12284104500
2535328 300 0.9966426690079018 12198802560
2535628 300 1.01617559262511 12133185660
2535928 300 1.0211536435469708 12139747350
2536228 300 0.9664899034240562 12795916230
2536528 300 0.9901949078138718 12126623970
2536828 300 0.9572923617208077 11904346770
2537128 300 0.9770623353819139 11844471360
2537428 300 0.9731273046532045 11844471360
2537728 300 0.990811237928007 11844471360
2538028 300 1.0273643546971027 12428461650
2538328 300 1.0172660228270414 12434203140
2538628 300 0.9957892888498684 11843651130
2538928 300 0.9740755048287972 11837909670
2539228 300 0.947762949956102 11838729870
2539528 300 0.9660632133450396 11837909670
2539828 300 0.9605636523266023 11831347980
2540128 300 0.9590939420544338 11837909670
2540428 300 0.9843634767339773 11837089440
2540728 300 0.9746444249341528 11844471360
2541028 300 1.010107111501317 13204381380
2541328 300 1.0139947322212466 13236369600
2541628 300 0.9828937664618087 11871538320
2541928 300 1.0288340649692713 11871538320
2542228 300 0.9639771729587359 11859235140
2542528 300 0.9847901668129938 11871538320
2542828 300 1.001383669885865 11884661700
2543128 300 0.9933713784021071 11872358520
2543428 300 1.0233819139596139 11872358520
2543728 300 1.0234767339771729 11884661700
2544028 300 1.0408762071992976 12784433280
2544328 300 1.0108182616330113 13007530710
2544628 300 1.0321053555750659 12489157290
2544928 300 0.7015627743634768 7347253830
2545228 8 0.6882405618964004 7347253830
2545236 292 0.9843160667251976 12370226670
2545528 300 0.9756874451273047 12317733150
2545828 96 0.4433678665496049 2074936830
2545924 176 0.6816505706760316 7186492470
2546100 28 0.9592361720807726 12324294840
2546128 300 0.9876347673397718 12330856530
2546428 300 1.0097752414398595 12337418220
2546728 136 0.7118033362598771 7738494540
2546864 164 1.002663740122915 13333974720
2547028 300 1.0433415276558384 12796736430
2547328 300 1.0359929762949955 12468651990
2547628 300 1.037130816505707 12468651990
2547928 300 1.0206321334503952 12462090300
2548228 300 1.0055083406496927 12469472220
2548528 300 1.0243301141352064 12462910530
2548828 300 1.0186409130816507 12331676760
2549128 300 1.0518279192273923 12462090300
2549428 300 1.064723441615452 12613009170
2549728 300 1.063585601404741 12389911740
2550028 300 1.050974539069359 12147129240
2550328 300 1.0271747146619843 12139747350
2550628 300 1.0006725197541704 12152870730
2550928 300 0.96985601404741 12153690930
2551228 300 0.9936084284460053 12160252620
2551528 300 1.012145741878841 12161072820
2551828 300 1.050263388937665 12883678830
2552128 300 1.0650553116769097 13073967810
2552428 300 1.0286444249341529 12509662560
2552728 300 1.0369411764705883 12509662560
2553028 300 1.0079736611062335 12509662560
2553328 300 0.9498964003511853 12509662560
2553628 300 0.9944143985952592 12496539180
2553928 300 0.9737436347673397 12339058650
2554228 300 0.9904793678665496 13329873660
2554528 300 1.0029956101843722 14025412680
2554828 300 1.0165548726953468 13434040470
2555128 300 1.0071676909569798 12489977490
2555428 300 1.0173608428446006 12489977490
2555728 300 1.0084003511852504 12484236000
2556028 300 0.9690026338893767 12471112620
2556328 300 0.9966900790166813 12477674310
2556628 300 1.0071202809482003 12477674310
2556928 300 0.9824670763827918 12457989270
2557228 300 1.027222124670764 12838567200
2557528 300 1.0397383669885865 12608908110
2557828 300 1.0520649692712905 11965862580
2558128 300 0.999961369622476 11874819150
2558428 300 1.003943810359965 11795258670
2558728 300 0.9832730465320457 11809202280
2559028 300 0.9901474978050923 11802640590
2559328 300 0.9675329236172082 11802640590
2559628 300 0.9879666374012291 11803460790
2559928 300 0.9928498683055312 11802640590
2560228 300 1.0488410886742758 12398934060
2560528 300 1.0259894644424934 12910745790
2560828 300 1.0138525021949079 12766388640
2561128 300 0.9578138718173836 12457989270
2561428 300 0.9877769973661108 12452247780
2561728 300 0.9893415276558384 12445686090
2562028 300 1.0047971905179982 12451427580
2562328 300 0.9425004389815629 12451427580
2562628 300 0.8919613696224759 12275082180
2562928 300 0.8908235294117648 12170095170
2563228 300 0.894521510096576 12176656860
2563528 300 0.8637524143985952 12176656860
2563828 300 0.8676874451273047 12176656860
2564128 300 0.8468744512730466 12176656860
2564428 300 0.8724284460052678 12320193780
2564728 300 0.9656839332748024 12523606140
2565028 300 0.9379016681299385 12019176300
2565328 300 0.9468147497805093 12019176300
2565628 300 0.9366690079016681 12019176300
2565928 300 0.9093608428446006 12024917790
2566228 300 0.9271395961369624 12018356100
2566528 300 0.9204547848990342 12025737990
2566828 300 0.9469095697980686 12039681600
2567128 300 1.002521510096576 12433382910
2567428 300 0.9544003511852504 12184038750
2567728 300 0.9379964881474978 12019176300
2568028 300 0.9228726953467955 12011794410
2568328 300 0.9242475856014047 11992109340
2568628 300 0.8951852502194908 11860875570
2568928 300 0.932070237050044 11860875570
2569228 300 0.9055680421422301 11860875570
2569528 300 0.9279929762949957 11868257460
2569828 300 0.9350096575943811 11867437260
2570128 300 0.9222563652326603 11862516000
2570428 300 0.9223511852502196 11862516000
2570728 300 0.9143863037752415 11862516000
2571028 300 0.8970816505706761 11901886110
2571328 300 0.9434012291483758 13771147230
2571628 300 0.9245794556628623 13922886300
2571928 300 0.8785917471466198 13246212120
2572228 300 0.8278630377524144 12590043240
2572528 300 0.8153467954345918 12557234790
2572828 300 0.8346900790166815 12465371160
2573128 300 0.8380561896400351 12307890630
2573428 300 0.8251132572431958 12288205560
2573728 300 0.831655838454785 12289025760
2574028 300 0.8424179104477612 12354642660
2574328 300 0.8816259877085163 12853331010
2574628 300 0.8570676031606673 12550673100
2574928 300 0.8456417910447762 12400574490
2575228 300 0.840900790166813 12401394690
2575528 300 0.8550289727831433 12334957590
2575828 300 0.8568305531167691 12229970580
2576128 300 0.8507146619841967 12189780210
2576428 300 0.8656014047410008 12249655620
2576728 300 0.8611448639157155 12630233580
2577028 300 0.7806900790166814 12655660140
2577328 300 0.7380210711150132 12406315950
2577628 300 0.7420035118525022 12393192570
2577928 300 0.7377366110623355 12229150350
2578228 300 0.7278753292361722 12117601650
2578528 300 0.7532396839332748 12151230300
2578828 300 0.7620579455662863 12138106920
2579128 300 0.7887971905179983 12544111410
2579428 300 0.7481194029850746 12130725030
2579728 300 0.7400597014925374 11986367880
2580028 300 0.7584073748902546 11979806190
2580328 300 0.7644284460052677 11973244500
2580628 300 0.7959086918349431 11973244500
2580928 300 0.7781773485513608 11973244500
2581228 300 0.8173380158033363 12111039960
2581528 300 0.8275785776997368 12393192570
2581828 300 0.7920684811237928 11979806190
2582128 300 0.7732941176470589 11992929570
2582428 300 0.7731518876207198 11992929570
2582728 300 0.7554205443371379 11986367880
2583028 300 0.759782265144864 11974064700
2583328 300 0.7551360842844601 11974064700
2583628 300 0.7870904302019316 12202903590
2583928 300 0.8017401229148375 13614486930
2584228 300 0.8081404741000879 13607105010
2584528 300 0.7701650570676032 12544111410
2584828 300 0.7569850746268658 12530988060
2585128 300 0.7617734855136085 12524426370
2585428 300 0.7690746268656716 12517864680
2585728 300 0.7434258121158912 12517864680
2586028 300 0.7481194029850746 12353002230
2586328 300 0.7991325724319579 12268520490
2586628 300 0.8195188762071993 12996047730
2586928 300 0.8026409130816508 12523606140
2587228 300 0.7646180860403864 12077411310
2587528 300 0.7714925373134329 12084793200
2587828 300 0.7787462686567165 12084793200
2588128 300 0.7627690956979808 12071669820
2588428 300 0.7638595258999124 12078231510
2588728 300 0.8010763827919228 12078231510
2589028 300 0.8207041264266902 12937812750
2589328 300 0.8263459174714664 13036238100
2589628 300 0.7934433713784023 12557234790
2589928 300 0.7936804214223004 12557234790
2590228 300 0.5747884108867427 7425173880
2590528 33 0.5973081650570676 7432555800
2590561 7 0.5974978050921862 7433376000
2590568 13 0.5973081650570676 7433376000
2590581 1 0.5973081650570676 7433376000
2590582 169 0.6045144863915715 7824616710
2590751 1 0.6045144863915715 7824616710
2590752 76 0.6563810359964881 8894172000
2590828 300 0.6629236172080772 11177639730
2591128 300 0.761441615452151 12023277360
2591428 300 0.8417541703248463 12614649570
2591728 300 0.8133081650570677 12490797690
2592028 300 0.7799315188762074 12038041170
2592328 300 0.7696909569798068 12446506290
2592628 300 0.77571202809482 12196341900
2592928 300 0.7719666374012293 12163533480
2593228 300 0.7771343283582091 11914189290
2593528 300 0.8003652326602283 11933874360
2593828 300 0.8216049165935031 12242273730
2594128 300 0.800270412642669 12124983540
2594428 300 0.7704021071115014 12636795270
2594728 300 0.7782247585601406 12400574490
2595028 300 0.7774661984196665 12275902380
2595328 300 0.7694539069359086 12170095170
2595628 300 0.7831553994732222 12058546440
2595928 300 0.819708516242318 12412877640
2596228 300 0.8361597892888499 12216847200
2596528 300 0.8248762071992977 12104478270
2596828 300 0.7973309920983318 11933874360
2597128 300 0.7759964881474979 11868257460
2597428 300 0.7855733099209835 11769832140
2597728 300 0.7869007901668129 11771472570
2598028 300 0.79756804214223 11876459580
2598328 300 0.8268200175592627 13497196740
2598628 300 0.8485812115891134 13621048620
2598928 300 0.8152993854258123 12774590730
2599228 300 0.7913099209833186 12446506290
2599528 300 0.8098472344161545 12321834210
2599828 300 0.7980421422300263 12236532270
2600128 300 0.8516154521510098 12250475850
