1376344 300 0.9294626865671644 8213396760
1376644 300 0.9902897278314311 8370877290
1376944 300 1.0320105355575067 8489807910
1377244 300 0.9859280070237051 8225699940
1377544 300 0.9663476733977173 8239643520
1377844 300 0.9538788410886743 8239643520
1378144 300 0.94415978928885 8239643520
1378444 300 1.025515364354697 8239643520
1378744 300 1.1046426690079019 8278193430
1379044 300 1.1611553994732222 8973732450
1379344 300 1.1923511852502195 8251946700
1379644 300 0.991474978050922 8251946700
1379944 300 1.0505478489903424 8251946700
1380244 300 1.097294117647059 8251126470
1380544 300 1.1959069359086918 8251946700
1380844 300 1.1102844600526778 8251946700
1381144 300 1.2847058823529411 8311001880
1381444 300 1.52142405618964 8954867610
1381744 300 1.3815645302897277 8265070080
1382044 300 1.3173239683933275 8265070080
1382344 300 1.4863880597014925 8271631770
1382644 300 1.3960245829675153 8297878500
1382944 300 1.661330992098332 8297878500
1383244 300 1.5977541703248463 8298698730
1383544 300 1.8538156277436348 8456179260
1383844 300 2.0959385425812114 10076916420
1384144 300 1.989929762949956 9145976790
1384444 300 1.923508340649693 8430752700
1384744 300 1.9934381035996487 8443876080
1385044 300 2.0246812993854255 8450437770
1385344 300 2.04596839332748 8449617570
1385644 300 2.0830904302019313 8449617570
1385944 300 2.0963178226514487 8443055880
1386244 300 2.0927620719929765 8449617570
1386544 300 2.1985812115891132 9204211800
1386844 300 2.169945566286216 8836757220
1387144 300 1.8558542581211588 8469302640
1387444 300 1.9190517998244072 8475864330
1387744 300 2.1541580333625987 8469302640
1388044 300 2.168855136084284 8482426020
1388344 300 2.1988182616330114 8475044100
1388644 300 2.2387374890254614 8468482410
1388944 300 2.2222388059701492 8567727960
1389244 300 2.1967322212467075 9145156590
1389544 300 2.2238981562774365 8495549400
1389844 300 2.206071992976295 8502111090
1390144 300 2.214321334503951 8502111090
1390444 300 2.1774363476733978 8515234440
1390744 300 2.233190517998244 8534919510
1391044 300 2.234043898156277 8541481200
1391344 300 2.2121878841088676 8548042890
1391644 300 2.2036066725197543 8935182540
1391944 300 2.218446005267779 8534099310
1392244 300 2.2327164179104475 8534099310
1392544 300 2.2270746268656714 8540661000
1392844 300 2.1864442493415277 8534099310
1393144 300 2.219251975417033 8541481200
1393444 300 2.2173555750658474 8553784380
1393744 300 2.239638279192274 8567727960
1394044 300 2.202231782265145 9361692330
1394344 300 2.205882352941176 8580851340
1394644 300 2.2209587357330993 8574289650
1394944 300 2.206166812993854 8575109880
1395244 300 2.2272642669007903 8575109880
1395544 300 2.229113257243196 8574289650
1395844 300 2.178953467954346 8573469450
1396144 300 2.2473187006145743 8573469450
1396444 300 2.19644776119403 8573469450
1396744 300 2.204934152765584 10371372180
1397044 300 2.2177348551360843 9893189130
1397344 300 2.2139894644424936 8600536410
1397644 300 2.179285338015803 8600536410
1397944 300 2.2125197541703248 8600536410
1398244 300 2.2092010535557502 8600536410
1398544 300 2.170087796312555 8601356610
1398844 300 2.229113257243196 8601356610
1399144 300 2.2457067603160668 8607098100
1399444 300 2.23622475856014 8666153310
1399744 300 2.193129060579456 9611036490
1400044 300 2.2028007023705003 9078719490
1400344 300 2.2166918349429325 9072157800
1400644 300 2.2247515364354697 9072978000
1400944 300 2.2318630377524147 9079539690
1401244 300 2.2266005267778755 9079539690
1401544 300 2.2296821773485513 9079539690
1401844 300 2.239069359086918 9072978000
1402144 300 2.2352765583845478 9093483300
1402444 300 2.1853538191395963 9853818990
1402744 300 2.2224758560140474 9113168340
1403044 300 2.218446005267779 9113168340
1403344 300 2.2091062335381917 9113168340
1403644 300 2.208537313432836 9113168340
1403944 300 2.2230921861281825 9112348140
1404244 300 2.1995768217734852 9112348140
1404544 300 2.256089552238806 9113168340
1404844 300 2.2574170324846357 9171403350
1405144 300 2.1966848112379282 9420747510
1405444 300 2.2174503950834064 9106606650
1405744 300 2.1998138718173834 9100044990
1406044 300 2.2386900790166813 9100044990
1406344 300 2.2286391571553996 9100044990
1406644 300 2.191991220368745 9100044990
1406944 300 2.2096751536435466 9100044990
1407244 300 2.2590289727831427 9158279970
1407544 300 2.234612818261633 9939120930
1407844 300 2.222807726075505 9125471520
1408144 300 2.2284969271290604 9125471520
1408444 300 2.225604916593503 9125471520
1408744 300 2.185401229148376 9125471520
1409044 300 2.218967515364355 9125471520
1409344 300 2.2138946444249337 9126291720
1409644 300 2.2263634767339773 9126291720
1409944 300 2.220484635645303 9164841660
1410244 300 2.2250834064969274 9807887160
1410544 300 2.2011887620719928 9112348140
1410844 300 2.2592186128182616 9112348140
1411144 300 2.195926251097454 9118909830
1411444 300 2.241202809482002 9105786450
1411744 300 2.2465601404741 9099224760
1412044 300 2.208774363476734 9106606650
1412344 300 2.2305829675153643 9107426880
1412644 300 2.2319578577699737 9107426880
1412944 300 2.1942669007901667 10268025600
1413244 300 2.2144635645302895 10504246380
1413544 300 2.2038437225636525 9145976790
1413844 300 2.2543353819139593 9152538480
1414144 300 2.2269323968393326 9139415100
1414444 300 2.259692712906058 9145156590
1414744 300 2.230345917471466 9059854620
1415044 300 2.215222124670764 8995057950
1415344 300 2.250068481123793 8844139110
1415644 300 2.2523915715539946 8825274240
1415944 300 2.2181141352063216 9598733340
1416244 300 2.2120456540825284 8785904130
1416544 300 2.239116769095698 8798207280
1416844 300 2.274010535557507 8805589200
1417144 300 2.2530079016681297 8832656160
1417444 300 2.3020772607550484 8838397620
1417744 300 2.2544776119402985 8837577420
1418044 300 2.272540825285338 8837577420
1418344 300 2.287095697980685 8922879390
1418644 300 2.2745794556628622 9224717070
1418944 300 2.275148375768218 8942564430
1419244 300 2.2862423178226514 8942564430
1419544 300 2.2610676031606673 8936822970
1419844 300 2.2774714661984197 8938463400
1420144 300 2.26718349429324 8937643170
1420444 300 2.2759543459174716 8938463400
1420744 300 2.272683055311677 9004080270
1421044 300 2.287854258121159 9337906200
1421344 300 2.2596453028972783 8951586750
1421644 300 2.2650500438981567 8950766550
1421944 300 2.3051115013169445 8944204860
1422244 300 2.272920105355575 8943384660
1422544 300 2.2678946444249344 8944204860
1422844 300 2.2633432835820897 8944204860
1423144 300 2.284914837576822 8865464610
1423444 300 2.2966725197541704 8859723120
1423744 300 2.2888024582967517 9312479640
1424044 300 2.2840614574187885 8951586750
1424344 300 2.2737734855136087 8951586750
1424644 300 2.2751957857769973 8951586750
1424944 300 2.2934486391571554 8945025090
1425244 300 2.261494293239684 8899093260
1425544 300 2.2702177348551364 8879408190
1425844 300 2.288849868305531 8879408190
1426144 300 2.286574187884109 8881048620
1426444 300 2.2779929762949958 8880228390
1426744 300 2.2779929762949958 8880228390
1427044 300 2.2653345039508337 8881048620
1427344 300 2.2984741000877964 8853981630
1427644 300 2.2755750658472342 8840858250
1427944 300 2.270028094820018 8841678480
1428244 300 2.2747690956979807 8841678480
1428544 300 2.2784196663740124 8841678480
1428844 300 2.2377892888498687 8846599740
1429144 300 2.274247585601405 8846599740
1429444 300 2.2643863037752414 8848240170
1429744 300 2.266851624231782 8847419940
1430044 300 2.267420544337138 8847419940
1430344 300 2.280742756804214 8847419940
1430644 300 2.2852467076382794 8847419940
1430944 300 2.2726356453028975 8846599740
1431244 300 2.267515364354697 8847419940
1431544 300 2.2866215978928888 8847419940
1431844 300 2.3388674275680423 10651884390
1432144 300 2.235418788410887 11124325980
1432444 300 2.2347550482879717 9470780400
1432744 300 2.255330992098332 9397781610
1433044 300 2.246702370500439 9398601810
1433344 300 2.2820702370500436 9397781610
1433644 300 2.27358384547849 9398601810
1433944 300 2.2556628621597894 9405163500
1434244 300 2.282354697102722 9399422040
1434544 300 2.228686567164179 9398601810
1434844 300 2.3007497805092187 9536397300
1435144 300 2.2880438981562774 10158937530
1435444 300 2.2920737489025464 9424848570
1435744 300 2.2555680421422304 9385478430
1436044 300 2.3135030728709394 9392040120
1436344 300 2.30700790166813 9384658230
1436644 300 2.2578437225636523 9384658230
1436944 300 2.2327164179104475 9384658230
1437244 300 2.295582089552239 9312479640
1437544 300 2.2381211589113255 9234559590
1437844 300 2.300038630377524 9497027160
1438144 300 2.260309043020193 9372355050
1438444 300 2.2917892888498685 9260806350
1438744 300 2.2925952589991216 9273929730
1439044 300 2.2439999999999998 9273929730
1439344 300 2.295345039508341 9273929730
1439644 300 2.285531167690957 9280491420
1439944 300 2.2670412642669007 9273929730
1440244 300 2.2691747146619843 9255064890
1440544 300 2.3041158911325725 9969468750
1440844 300 2.277945566286216 9542138760
1441144 300 2.2946338893766463 9241121280
1441444 300 2.280553116769096 9241941510
1441744 300 2.283445127304653 9241941510
1442044 267 2.2591237928007026 9248503200
1442311 1 2.2591237928007026 9248503200
1442312 32 2.3217998244073748 9793123350
1442344 300 2.0789657594381037 12483415800
1442644 300 1.0337172958735734 16755075270
1442944 300 0.9744073748902546 14018850990
1443244 300 0.9845057067603161 14018850990
1443544 300 0.9890096575943812 14018850990
1443844 300 0.991095697980685 14012289300
1444144 300 0.9960263388937666 13894178910
1444444 300 1.015274802458297 13835123700
1444744 300 0.9926602282704126 13854808770
1445044 300 1.027316944688323 15908617380
1445344 300 0.9807603160667253 13913863980
1445644 300 1.0230500438981562 13873673640
1445944 300 1.0415399473222124 13880235330
1446244 300 1.015274802458297 13847426880
1446544 300 1.0306356453028973 13828562010
1446844 300 1.0309675153643547 13822000320
1447144 300 1.023998244073749 13815438630
1447444 300 1.021390693590869 13815438630
1447744 300 1.0330061457418789 13926987360
1448044 300 1.0738735733099212 14503595760
1448344 300 1.0415399473222124 14123838030
1448644 300 1.053060579455663 13835123700
1448944 300 1.0163178226514487 13822000320
1449244 300 1.0306356453028973 13835123700
1449544 300 0.9732221246707639 13881055530
1449844 300 0.9299841966637402 13861370460
1450144 300 0.9651150131694469 13854808770
1450444 300 1.0006251097453907 13848247080
1450744 300 1.01873573309921 14623346580
1451044 300 1.0067410008779631 14110714650
1451344 300 1.0055557506584725 13822000320
1451644 300 0.9908586479367868 13822000320
1451944 300 1.0074047410008777 13822000320
1452244 300 0.9789113257243195 13822000320
1452544 300 0.9883933274802459 13822000320
1452844 300 1.0085899912203686 13822000320
1453144 300 1.0318683055311677 13849067310
1453444 300 1.053202809482002 14917802370
1453744 300 1.0486040386303777 14602841310
1454044 300 1.0161281826163302 14294441940
1454344 300 1.0073099209833187 14287880250
1454644 300 1.036324846356453 14300183400
1454944 300 1.0083055311676912 14150904990
1455244 300 1.0215329236172082 13775248290
1455544 300 1.007878841088674 13691586750
1455844 300 1.005081650570676 13709631420
1456144 300 1.0293081650570677 13683384660
1456444 300 0.9824196663740123 13565274240
1456744 300 1.0151799824407375 13572656160
1457044 300 0.9951255487269535 13572656160
1457344 300 1.0017629499561018 13572656160
1457644 300 0.9861176470588235 13565274240
1457944 300 1.04315188762072 15034272360
1458244 300 1.0294503950834066 15946347090
1458544 300 1.018071992976295 15218819850
1458844 300 1.0302089552238805 14214881460
1459144 300 1.0201580333625988 14220622920
1459444 300 1.017171202809482 14214061230
1459744 300 1.0224337137840211 14188634700
1460044 300 1.044953467954346 14031154170
1460344 300 1.0322949956101843 13834303500
1460644 300 1.0182616330114136 13729316490
1460944 300 1.1197190517998243 14037715860
1461244 300 1.1370711150131696 13755563220
1461544 300 1.0934539069359086 13611206070
1461844 300 1.0902774363476733 13611206070
1462144 300 1.090087796312555 13624329450
1462444 300 1.0850149253731345 13611206070
1462744 300 1.0718349429323968 13604644380
1463044 300 1.0864372256365233 13663699590
1463344 300 1.1465531167690957 14662716720
1463644 300 1.1062546093064092 14461764990
1463944 300 1.0644389815627744 14254251600
1464244 300 1.0552888498683055 14241948420
1464544 300 1.0696066725197542 13966357500
1464844 300 1.048556628621598 13899920400
1465144 300 1.0278858647936786 13880235330
1465444 300 1.101513608428446 13781809980
1465744 300 1.1118964003511853 13799854620
1466044 300 1.1292010535557506 14726693190
1466344 300 1.0762914837576822 14686502850
1466644 300 1.0776663740122916 14208319770
1466944 300 1.0535346795434593 14082827460
1467244 300 1.0572326602282702 13964717070
1467544 300 1.0106760316066725 13952413890
1467844 300 1.0449060579455662 13904841660
1468144 300 1.0627322212467076 13747361130
1468444 300 1.0397383669885865 13616127330
1468744 300 1.0799894644424937 15420591780
1469044 300 1.059745390693591 16130074380
1469344 300 1.0808902546093064 15946347090
1469644 300 1.0227181738366988 14358418410
1469944 300 0.9898156277436347 14358418410
1470244 300 1.0246619841966638 14325609960
1470544 300 1.006503950834065 14162387940
1470844 300 0.9880614574187885 14031154170
1471144 300 0.9897208077260755 13834303500
1471444 300 0.9553485513608428 13722754800
1471744 300 0.9780579455662863 14069704080
1472044 300 1.073494293239684 14621706150
1472344 300 1.0739209833187005 13762124910
1472644 300 0.9869236172080774 13767046200
1472944 300 0.9989657594381037 13799854620
1473244 300 1.006646180860404 13780169550
1473544 300 1.0031852502194907 13773607890
1473844 300 0.9931343283582089 13753922820
1474144 300 0.9854539069359088 13760484510
1474444 300 1.0175978928884986 14036075430
1474744 300 1.0445267778753293 14331351420
1475044 300 1.036988586479368 14055760500
1475344 300 1.020110623353819 13786731240
1475644 300 0.9991079894644426 13785090840
1475944 300 1.0123827919227393 13759664280
1476244 300 0.9974486391571553 13759664280
1476544 300 0.98270412642669 13766225970
1476844 300 0.9192695346795436 13766225970
1477144 300 0.9226356453028973 13766225970
1477444 300 0.9800491659350309 14218982520
1477744 300 0.9554433713784021 13910583120
1478044 300 0.9112572431957857 13772787660
1478344 300 0.8860825285338015 14625807210
1478644 300 0.8903968393327482 14040996690
1478944 300 0.8996417910447763 14041816920
1479244 300 0.890918349429324 14061501960
1479544 300 0.9012537313432837 14054940300
1479844 300 0.9478103599648815 14658615660
1480144 300 0.8997366110623355 14205859140
1480444 300 0.8837120280948201 14199297450
1480744 300 0.8670711150131694 14206679340
1481044 300 0.9189850746268656 14128759290
1481344 300 0.838577699736611 14068883880
1481644 300 0.9059947322212467 14062322190
1481944 300 0.9146707638279192 13826101380
1482244 300 0.8960860403863039 13747361130
1482544 300 0.9275662862159789 14036075430
1482844 300 0.9552063213345039 14935026810
1483144 300 0.8812467076382793 14357598180
1483444 300 0.8673555750658474 14337092910
1483744 300 0.8959438103599648 14316587640
1484044 300 0.8709587357330992 14199297450
1484344 300 0.897603160667252 14082827460
1484644 300 0.8789710272168569 14035255230
1484944 300 0.8530851624231781 13931088420
1485244 300 1.3389429323968394 13852348140
1485544 300 0.887978928884987 14055760500
1485844 300 0.8966075504828798 15794608050
1486144 300 0.8784969271290606 15886471680
1486444 300 0.8992625109745391 14456023530
1486744 300 0.8711483757682179 14442900150
1487044 300 0.8695364354697104 14442900150
1487344 300 0.8823371378402108 14396968320
1487644 300 0.9063266022827041 14232926100
1487944 300 0.8522791922739246 14173870890
1488244 300 0.8282897278314312 14180432580
1488544 300 0.8791606672519755 14036895630
1488844 300 0.9490430201931519 14377283250
1489144 300 0.9067058823529411 14436338460
1489444 300 0.9116365232660227 13858909830
1489744 300 0.8653643546971028 13845786450
1490044 300 0.8127392449517121 13819539690
1490344 300 0.876884986830553 13812978000
1490644 300 0.8766479367866551 13806416310
1490944 300 0.8755100965759438 13826101380
1491244 300 0.8519947322212469 13831842870
1491544 300 0.8654117647058824 14081187030
1491844 300 0.8678296751536437 14141062440
1492144 300 0.8590588235294118 13852348140
1492444 300 0.8563090430201933 13858909830
1492744 300 0.8666444249341528 13865471520
1493044 300 0.8322721685689202 13858909830
1493344 240 0.8719543459174715 13858909830
1493584 60 0.6504073748902546 13858909830
1493644 125 0.6483213345039509 13773607890
1493769 3 0.7168762071992977 8812971090
1493772 2 0.6275557506584724 8812971090
1493774 9 0.6275557506584724 8812971090
1493783 161 0.706161545215101 10515729360
1493944 300 0.792163301141352 13314289650
1494244 300 0.9101668129938542 14082007260
1494544 300 0.8756049165935031 14089389150
1494844 300 0.865838454784899 13595622060
1495144 300 0.8654591747146619 13596442290
1495444 189 0.9192695346795436 14351036490
1495633 111 0.6400245829675154 13878594900
1495744 72 0.6555750658472344 13840044990
1495816 4 0.6356628621597893 9175504410
1495820 2 0.6356628621597893 9017203650
1495822 11 0.6356628621597893 9017203650
1495833 211 0.6970114135206322 11297390550
1496044 300 0.7662774363476733 13466028720
1496344 23 0.9093608428446006 13505398830
1496367 186 0.6290254609306409 13400411820
1496553 4 0.6226725197541703 8393843220
1496557 9 0.6093503072870939 8393843220
1496566 1 0.6093503072870939 8393843220
1496567 77 0.6661474978050921 9591351420
1496644 140 0.7557050043898156 12389091510
1496784 160 0.5295592625109745 12382529820
1496944 24 0.6308270412642669 13156809120
1496968 5 0.5854556628621599 8301159360
1496973 1 0.5854556628621599 8301159360
1496974 10 0.5854556628621599 8301159360
1496984 260 0.685585601404741 11260481040
1497244 300 0.8543178226514487 12783613080
1497544 300 0.8308972783143109 12783613080
1497844 300 0.8183336259877085 12803298120
1498144 300 0.7999859525899913 12809859810
1498444 300 0.8237857769973662 12796736430
1498744 300 0.8499561018437226 12809859810
1499044 300 0.846969271290606 12836106570
1499344 300 0.8278156277436349 12822983190
1499644 300 0.8397155399473222 12836106570
1499944 300 0.7983740122914839 12842668260
1500244 300 0.7866163301141352 12836106570
1500544 300 0.8012660228270414 12875476710
1500844 300 0.8064811237928008 12914846850
1501144 300 0.7799315188762074 12901723470
1501444 300 0.787043020193152 12908285160
1501744 300 0.7599719051799825 12901723470
1502044 300 0.7767550482879719 12875476710
1502344 300 0.7780825285338016 13551330660
1502644 300 0.8195662862159789 15034272360
1502944 300 0.7914521510096575 14325609960
1503244 300 0.7704969271290607 13006710480
1503544 300 0.7832502194907816 12987025410
1503844 300 0.7939174714661985 12960778680
1504144 300 0.803636523266023 12973902030
1504444 300 0.7933485513608429 12972261630
1504744 300 0.7846725197541703 12939453180
1505044 300 0.7850517998244073 12947655300
1505344 300 0.8024512730465321 12947655300
1505644 300 0.8444565408252853 13610385870
1505944 300 0.804774363476734 13676002740
1506244 300 0.8079982440737489 13026395550
1506544 300 0.7936330114135206 12979643520
1506844 300 0.7905513608428446 12973902030
1507144 300 0.782918349429324 13572656160
1507444 300 0.4953292361720808 7702405260
1507744 112 0.5639315188762072 7722090300
1507856 6 0.5641211589113257 7722090300
1507862 1 0.5640263388937665 7722910530
1507863 4 0.5639315188762072 7722910530
1507867 1 0.5639315188762072 7722910530
1507868 175 0.5717067603160668 8110870380
1508043 1 0.5717067603160668 8110870380
1508044 300 0.6121000877963125 10853656320
1508344 300 0.7517699736611062 13137944280
1508644 300 0.8207989464442493 13439781960
1508944 300 0.8122651448639158 13308548190
1509244 300 0.7788884986830553 13052642310
1509544 300 0.7714451273046532 12968160570
1509844 300 0.7781773485513608 12987025410
1510144 300 0.737025460930641 12973902030
1510444 300 0.7683160667251976 12987025410
1510744 300 0.7495891132572432 12986205210
1511044 300 0.7684108867427569 12980463720
1511344 300 0.810937664618086 13658778330
1511644 300 0.8178121158911326 13831022640
1511944 300 0.7887497805092187 13680103800
1512244 300 0.8120755048287971 13627610310
1512544 300 0.798326602282704 13199460090
1512844 300 0.8299016681299387 13036238100
1513144 300 0.7834872695346795 13042799790
1513444 300 0.8091360842844602 13037058300
1513744 300 0.7763283582089552 13030496610
1514044 300 0.7969517120280948 13043619990
1514344 300 0.7999385425812116 13050181680
1514644 300 0.7652818261633011 13029676410
1514944 300 0.7429043020193152 13056743370
1515244 300 0.7475030728709395 13056743370
1515544 300 0.7705917471466199 13037058300
1515844 300 0.7788410886742758 13036238100
1516144 300 0.7872326602282704 13043619990
1516444 300 0.7761861281826163 13042799790
1516744 300 0.7765654082528534 13055923170
1517044 300 0.7587392449517121 13069046520
1517344 300 0.7607304653204565 13049361480
1517644 300 0.7757594381035997 13063305060
1517944 300 0.7773713784021072 13056743370
1518244 300 0.7564161545215101 13043619990
1518544 300 0.7958138718173837 13057563570
1518844 300 0.7838191395961369 13057563570
1519144 300 0.7527655838454784 13051001880
1519444 300 0.7331852502194909 13043619990
1519744 300 0.7834398595258999 13050181680
1520044 300 0.7774661984196665 13043619990
1520344 300 0.7681738366988587 15884831280
1520644 300 0.7767550482879719 13556251920
1520944 300 0.7685057067603163 13543128540
1521244 300 0.7786514486391571 13543128540
1521544 300 0.7940597014925372 14356777980
1521844 300 0.7327585601404742 15098248830
1522144 300 0.7669885864793679 13084630530
1522444 300 0.7706391571553995 13091192220
1522744 300 0.7751431079894646 13084630530
1523044 300 0.7747638279192275 13070686950
1523344 300 0.736883230904302 13064125260
1523644 300 0.7942019315188763 13063305060
1523944 300 0.7989429323968393 13069866750
1524244 300 0.7880860403863038 13076428440
1524544 300 0.7806426690079018 13063305060
1524844 300 0.7578858647936787 13102675200
1525144 300 0.7740526777875331 13161730380
1525444 300 0.7940597014925372 13135483620
1525744 300 0.8215100965759438 13517702010
1526044 300 0.8321299385425813 15487028880
1526344 300 0.822126426690079 15774922980
1526644 300 0.8293801580333625 13917965040
1526944 300 0.8453099209833187 13694047410
1527244 300 0.8113643546971028 13522623270
1527544 300 0.8227427568042142 13404512880
1527844 300 0.8391466198419667 13318390710
1528144 300 0.8150149253731345 13195359030
1528444 300 0.804774363476734 13228167480
1528744 300 0.7885601404741002 13248672780
1529044 300 0.8186654960491659 13228987710
1529344 300 0.8630412642669008 13745720700
1529644 300 0.867640035118525 15668295540
1529944 300 0.8843757682177348 15537061770
1530244 300 0.831655838454785 15117113670
1530544 300 0.8500035118525021 13811337600
1530844 300 0.7914521510096575 13680924030
1531144 300 0.8511413520632134 14094310410
1531444 300 0.8077611940298507 13687485720
1531744 300 0.828574187884109 13398771390
1532044 300 0.8444091308165058 13385648010
1532344 300 0.8773116769095699 13313469450
1532644 300 0.922825285338016 13753102590
1532944 300 0.8751308165057068 13602183750
1533244 300 0.857731343283582 13594801860
1533544 300 0.8915346795434593 13437321330
1533844 300 0.8384354697102722 13357760850
1534144 300 0.8524214223002634 13220785590
1534444 300 0.8434135206321336 13221605790
1534744 300 0.8942844600526778 13221605790
1535044 300 0.9342985074626866 13569375300
1535344 300 0.9441123792800703 14080366830
1535644 300 0.9032923617208076 13286402490
1535944 300 0.8465899912203687 13267537620
1536244 300 0.873044776119403 13259335500
1536544 300 0.8527532923617209 13254414240
1536844 300 0.8914398595259 13221605790
1537144 300 0.8597225636523267 13221605790
1537444 300 0.8944741000877963 13220785590
1537744 300 0.9415048287971906 14159927310
1538044 300 0.9043353819139597 14572493490
1538344 300 0.8907287093942055 14001626550
1538644 300 0.8477752414398595 13989323400
1538944 300 0.8933836698858648 13771967460
1539244 300 0.86830377524144 13615307130
1539544 300 0.8736136962247587 13608745440
1539844 300 0.9053309920983319 13346277900
1540144 300 0.9180842844600527 13241290860
1540444 300 0.922161545215101 14297722770
1540744 300 0.9184635645302898 14186174070
1541044 300 0.900305531167691 13943391570
1541344 300 0.8905390693590869 13942571370
1541644 300 0.895659350307287 13942571370
1541944 300 0.8997840210711151 13758844080
1542244 300 0.9020597014925372 13530005190
1542544 300 0.9195539947322213 13418456460
1542844 300 0.9042405618964003 13418456460
1543144 300 0.8897805092186127 13431579840
1543444 300 0.9647831431079896 15085125450
1543744 300 0.9548744512730467 15131057250
1544044 300 0.9158086040386303 13281481200
1544344 300 0.9189376646180861 13301166270
1544644 300 0.9315487269534679 13320851340
1544944 300 0.9276611062335383 13314289650
1545244 300 0.9257172958735733 13314289650
1545544 300 0.9119209833187008 13314289650
1545844 300 0.8985513608428447 13307727960
1546144 300 0.9042405618964003 13320851340
1546444 300 0.9504653204565408 13314289650
1546744 300 0.9658261633011415 13878594900
1547044 300 0.9447287093942055 13812978000
1547344 300 0.95572783143108 13682564430
1547644 300 0.9386602282704126 13531645590
1547944 300 0.9487111501316945 13491455250
1548244 300 0.9223511852502196 13478331870
1548544 300 0.9534521510096576 13366783170
1548844 300 0.9703301141352063 13398771390
1549144 300 0.9926602282704126 13799034420
1549444 300 1.006503950834065 14428956540
1549744 300 0.9686707638279193 13884336390
1550044 300 0.9347251975417032 13529184960
1550344 300 0.8949956101843723 13452085110
1550644 300 0.9392765583845479 13326592830
1550944 300 0.9902423178226516 13320851340
1551244 300 1.0170763827919227 13314289650
1551544 300 1.068231782265145 13444703220
1551844 300 1.0655768217734853 13930268190
1552144 300 1.0437208077260756 13727676060
1552444 300 0.9992502194907814 13681744230
1552744 300 1.0061720807726076 13498016940
1553044 300 0.9975908691834943 13406153310
1553344 300 1.015748902546093 13314289650
1553644 300 1.0096330114135208 13294604580
1553944 300 1.0352818261633012 13281481200
1554244 300 1.0196365232660227 13877774700
1554544 300 1.0013362598770852 13826101380
1554844 300 0.9943195785776998 13701429300
1555144 300 0.9712309043020194 13688305920
1555444 300 0.953546971027217 13524263700
1555744 300 0.9697611940298508 13340536410
1556044 300 0.9798595258999122 13347098100
1556344 300 0.9925654082528536 13346277900
1556644 300 0.9510342405618966 13549690230
1556944 300 1.0006251097453907 15368098260
1557244 300 1.0862949956101844 15564128730
1557544 300 0.9952203687445127 14693064540
1557844 300 0.9643564530289729 14030333940
1558144 300 0.9592835820895521 13983581910
1558444 300 0.9803336259877086 13977020220
1558744 300 1.02902370500439 13845786450
1559044 300 1.033622475856014 13701429300
1559344 300 0.9527410008779631 13478331870
1559644 300 0.9924705882352942 13484893560
1559944 300 1.015132572431958 13583318910
1560244 300 1.0008621597892888 14502775560
1560544 300 1.0018103599648815 14424035280
1560844 300 1.0008147497805093 14161567740
1561144 300 0.9670114135206322 14161567740
1561444 300 0.9718472344161546 14147624130
1561744 300 0.9459139596136963 13983581910
1562044 300 0.9793854258121159 13648935780
1562344 300 0.9583827919227392 13622689020
1562644 300 0.97502370500439 13621868820
1562944 300 0.9815188762071994 13877774700
1563244 300 1.001241439859526 14173050690
1563544 300 0.9874451273046533 13995885090
1563844 300 0.9701878841088674 13995064890
1564144 300 0.9754503950834065 13988503200
1564444 300 0.9833204565408252 13712912250
1564744 300 0.9967848990342406 13529184960
1565044 300 0.968955223880597 13542308340
1565344 300 0.9831782265144864 13524263700
1565644 300 0.969998244073749 13543948770
1565944 300 1.0060772607550486 14554448850
1566244 300 1.0611676909569798 14436338460
1566544 300 1.020395083406497 14194376160
1566844 300 0.9914275680421422 14180432580
1567144 300 0.9755926251097453 14483090490
1567444 300 0.9866865671641792 13912223550
1567744 300 0.9718472344161546 13715372880
1568044 300 0.9324969271290605 13617767760
1568344 300 0.9761141352063214 13506219060
1568644 300 0.9571501316944688 13505398830
1568944 300 1.0042756804214223 13905661860
1569244 300 0.9758770851624232 13866291720
1569544 300 0.9411729587357331 13853168340
1569844 300 0.9334451273046532 13853168340
1570144 300 0.8992151009657594 13708811190
1570444 300 0.9601843722563653 13696508040
1570744 300 0.9475733099209833 13695687810
1571044 300 0.9788165057067605 13577577420
1571344 300 0.9475258999122038 13564454040
1571644 300 0.9528358208955224 13892538480
1571944 300 0.9977330992098333 15565769160
1572244 300 1.0086374012291484 15585454230
1572544 300 0.9986338893766462 14221443150
1572844 300 1.0329113257243194 14228004840
1573144 300 0.9545899912203687 14221443150
1573444 300 0.9544003511852504 14490472380
1573744 300 0.9768252853380157 14031154170
1574044 300 0.9480000000000002 14004907410
1574344 300 1.0198261633011416 13853988570
1574644 300 0.9857383669885865 13703069730
1574944 300 0.9614170324846357 13716193110
1575244 300 0.9697611940298508 13958975580
1575544 300 1.048935908691835 13689946350
1575844 300 1.0479877085162423 13683384660
1576144 300 1.044052677787533 13676822970
1576444 300 1.0070728709394206 13676822970
1576744 300 0.9902897278314311 13703069730
1577044 300 0.9847901668129938 13696508040
1577344 300 1.0020474100087797 13689126120
1577644 300 0.9524091308165057 13721934570
1577944 300 0.9353415276558383 14129579490
1578244 300 0.8833801580333626 14359238610
1578544 300 0.8474433713784022 14090209350
1578844 300 0.9118261633011414 14090209350
1579144 300 0.96729587357331 13998345720
1579444 300 0.984647936786655 13840865190
1579744 300 0.9856435469710272 13749821760
1580044 300 0.9560597014925373 13618587990
1580344 300 0.9370008779631256 13624329450
1580644 300 1.034665496049166 14359238610
1580944 300 0.9934661984196664 14667637980
1581244 300 0.9764460052677787 14234566530
1581544 300 0.9419315188762072 14228004840
1581844 300 0.9683388937664618 14175511320
1582144 300 0.9620807726075504 13899920400
1582444 300 0.9123950834064971 13873673640
1582744 300 0.9201229148375769 13663699590
1583044 300 0.9750711150131695 13545589200
1583344 300 0.9976856892010535 13735878150
1583644 300 1.009348551360843 14397788520
1583944 300 0.98915188762072 14232926100
1584244 300 0.9939402985074628 14226364410
1584544 300 0.9326391571553996 14200117650
1584844 300 0.9645460930640914 13957335150
1585144 300 0.9147181738366987 13799854620
1585444 300 0.8955645302897279 13675182540
1585744 300 0.9213081650570676 13676822970
1586044 300 0.9518876207199297 14050839240
1586344 300 0.9920438981562776 15606779700
1586644 300 0.9998191395961369 15947167320
1586944 300 0.9361949078138718 14260813260
1587244 300 0.9577190517998245 14247689910
1587544 300 0.9683863037752416 14786568600
1587844 300 0.9238208955223882 13925346930
1588144 300 0.9150026338893767 13676002740
1588444 300 0.8780228270412644 13617767760
1588744 300 0.9106883230904301 13617767760
1589044 300 0.9904793678665496 14305924890
1589344 300 0.9430219490781387 13926167130
1589644 300 0.8547919227392451 13939290510
1589944 300 0.8881685689201053 13926167130
1590244 300 0.8653169446883231 13834303500
1590544 300 0.8751782265144865 13671081480
1590844 300 0.8871255487269536 13651396410
1591144 300 0.8834749780509219 13657958100
1591444 300 0.8849446883230905 13651396410
1591744 300 0.9010166812993855 13644014520
1592044 300 0.9460561896400352 14602021110
1592344 300 0.8906338893766461 14523280830
1592644 300 0.878449517120281 14241128220
1592944 300 0.8714802458296751 14201758080
1593244 300 0.8700105355575067 14503595760
1593544 300 0.8719543459174715 14155826250
1593844 300 0.8769798068481124 14004907410
1594144 300 0.8539859525899913 13789191900
1594444 300 0.879208077260755 13782630210
1594744 300 0.8986935908691835 13781809980
1595044 300 0.9038612818261633 14313306780
1595344 300 0.9245320456540826 13991784030
1595644 300 0.856972783143108 13972919190
1595944 300 0.8490553116769095 14241128220
1596244 300 0.8491027216856892 13840865190
1596544 300 0.8455943810359965 13788371670
1596844 300 0.8194714661984198 13670261280
1597144 300 0.8696312554872695 13676822970
1597444 300 0.8517576821773487 14024592480
1597744 300 0.8650798946444249 13703889930
1598044 300 0.8496242317822651 13703889930
1598344 300 0.8590588235294118 13723575000
1598644 300 0.8691097453906936 13716193110
1598944 300 0.8732818261633012 13716193110
1599244 300 0.8560719929762951 13716193110
1599544 300 0.8771694468832311 13709631420
1599844 300 0.900684811237928 15199134780
1600144 300 0.9172309043020194 15953729010
1600444 300 0.8766479367866551 15126956220
1600744 300 0.8579683933274802 14378923680
1601044 300 0.8543652326602283 14405170440
1601344 300 0.8705794556628622 14405990640
1601644 300 0.8561668129938542 14301003630
1601944 300 0.8601018437225636 14248510110
1602244 300 0.8709113257243197 14248510110
1602544 300 0.889116769095698 14136961410
1602844 300 0.8709113257243197 14091029580
1603144 300 0.9168516242317823 14340373740
1603444 300 0.9132484635645304 14772625020
1603744 300 0.8756997366110625 14405170440
1604044 300 0.8390043898156279 14248510110
1604344 300 0.8646532045654083 14241128220
1604644 300 0.8818630377524145 14096771040
1604944 300 0.8629464442493416 13828562010
1605244 300 0.875747146619842 13782630210
1605544 300 0.9072273924495171 13808876940
1605844 300 0.9668217734855137 14399428950
1606144 300 0.9063266022827041 14504415960
1606444 300 0.8768375768217735 14378923680
1606744 300 0.8777857769973663 14371541760
1607044 300 0.8614293239683934 14346115230
1607344 300 0.8516628621597894 14208319770
1607644 300 0.8523266022827041 13972098960
1607944 300 0.8868884986830554 13861370460
1608244 300 0.8839964881474978 14196016590
1608544 300 0.8380087796312556 13828562010
1608844 300 0.8573046532045655 13749821760
1609144 300 0.8399051799824407 13749821760
1609444 300 0.8555030728709394 13749821760
1609744 300 0.8228375768217735 13749821760
1610044 300 0.8615715539947322 13749821760
1610344 300 0.8834749780509219 13743260070
1610644 300 0.9161878841088675 14346935430
1610944 300 0.9210711150131694 14497854300
1611244 300 0.8970342405618965 14386305570
1611544 300 0.882052677787533 14386305570
1611844 300 0.8963230904302021 14189454900
1612144 300 0.848107111501317 14005727610
1612444 300 0.8547445127304654 13874493840
1612744 300 0.8788762071992977 13828562010
1613044 300 0.892198419666374 13827741810
1613344 300 0.944776119402985 14247689910
1613644 300 0.9223037752414398 14038536060
1613944 300 0.9122054433713784 13854808770
1614244 300 0.906611062335382 13841685390
1614544 300 0.9001633011413521 13841685390
1614844 300 0.9292730465320457 13835123700
1615144 300 0.9183213345039509 13835123700
1615444 300 0.8802510974539071 13874493840
1615744 300 0.9683863037752416 15081844590
1616044 300 0.9611325724319579 15692081670
1616344 300 0.9809973661106233 16262948580
1616644 300 0.9458191395961371 14576594550
1616944 300 0.9431167690956981 14458484160
1617244 300 0.918700614574188 14451922470
1617544 300 0.931169446883231 14445360780
1617844 300 0.9087919227392449 14333812050
1618144 300 0.9278507462686567 14143523100
1618444 300 0.9212133450395084 14123838030
1618744 300 0.9889622475856014 14806253670
1619044 300 0.9380913081650571 14727513390
1619344 300 0.9415048287971906 14235386730
1619644 300 0.8924354697102722 14235386730
1619944 300 0.8998788410886744 14097591270
1620244 300 0.8925302897278315 14051659440
1620544 300 0.898883230904302 13959795810
1620844 300 0.9050939420544337 13867932150
1621144 300 0.9062317822651449 13789191900
1621444 300 0.9515557506584724 14373182190
1621744 300 0.9099297629499561 14471607540
1622044 300 0.9154767339771731 14366620500
1622344 300 0.8912502194907813 14661896520
1622644 300 0.8831431079894644 14097591270
1622944 300 0.8991676909569799 14051659440
1623244 300 0.94415978928885 13940110740
1623544 300 0.9504653204565408 13986042540
1623844 300 0.9572449517120282 14274756870
1624144 300 0.9816611062335383 14091029580
1624444 300 0.9081281826163302 14084467890
1624744 300 0.9390869183494294 13959795810
1625044 300 0.9049991220368744 13940110740
1625344 300 0.9170886742756805 13920425670
1625644 300 0.9296523266022827 13828562010
1625944 300 0.9405092186128183 13972919190
1626244 300 0.9814714661984196 14438799090
1626544 300 0.9551115013169447 14465045850
1626844 300 0.9701878841088674 14340373740
1627144 300 0.9780579455662863 14248510110
1627444 300 0.93899209833187 14064782820
1627744 300 0.9468147497805093 13926987360
1628044 300 0.907891132572432 13841685390
1628344 300 0.9088393327480248 13874493840
1628644 300 0.9516979806848112 15803630370
1628944 300 0.9499438103599649 15836438820
1629244 300 0.9569130816505707 15298380330
1629544 300 0.9611799824407375 14379743880
1629844 300 0.939371378402107 14366620500
1630144 300 0.9675329236172082 14373182190
1630444 300 0.9460087796312554 14320688700
1630744 300 0.97502370500439 14156646450
1631044 300 0.9620807726075504 14156646450
1631344 300 0.9916646180860403 14163208140
1631644 300 1.0294503950834066 15055597830
1631944 300 0.9805232660228271 14668458210
1632244 300 0.891819139596137 14287880250
1632544 300 0.8482967515364355 14294441940
1632844 300 0.8884056189640035 14176331520
1633144 300 0.8683511852502196 13861370460
1633444 300 0.8529903424056191 13867932150
1633744 300 0.8672133450395083 13848247080
1634044 300 0.855171202809482 13848247080
1634344 300 0.9112098331870062 14189454900
1634644 300 0.9574820017559263 15003104340
1634944 300 0.9049517120280949 14543786100
1635244 300 0.9009218612818262 14465045850
1635544 300 0.9035768217734854 14465045850
1635844 300 0.9146233538191397 14314127010
1636144 300 0.9136277436347675 14050839240
1636444 300 0.9515557506584724 13907302290
1636744 300 0.9213081650570676 13873673640
1637044 300 0.92358384547849 13899920400
1637344 300 0.9851220368744513 14248510110
1637644 300 0.9937032484635646 14622526380
1637944 300 0.9563441615452151 14451922470
1638244 300 0.9810447761194031 14445360780
1638544 300 0.9959315188762072 14405990640
1638844 300 0.9938454784899035 14268195180
1639144 300 0.9644986830553117 14169769830
1639444 300 0.9681492537313434 14169769830
1639744 300 0.979622475856014 14130399720
1640044 300 1.0069780509218613 14589717930
1640344 300 0.9694293239683933 14589717930
1640644 300 0.9889622475856014 14360058810
1640944 300 1.0120983318700616 14222263350
1641244 300 0.9595680421422301 14064782820
1641544 300 0.9736014047410009 14031974370
1641844 300 0.9832256365232661 13986042540
1642144 300 0.9939402985074628 13900740600
1642444 300 1.0466128182616332 14642211450
1642744 300 1.0112923617208076 14898117300
1643044 300 0.9866391571553994 14445360780
1643344 300 0.9859280070237051 14438799090
1643644 300 0.9869236172080774 14392867260
1643944 300 0.9598999122036875 14190275130
1644244 300 0.9745496049165936 14045917950
1644544 300 0.94415978928885 14039356290
1644844 300 0.962791922739245 14032794600
1645144 300 0.9963582089552239 15878269590
1645444 300 1.0093959613696226 16430271660
1645744 300 0.9652098331870063 15661733850
1646044 300 0.932070237050044 14539685040
1646344 300 0.9607058823529412 14533123350
1646644 300 0.9801913959613697 14506056390
1646944 300 0.9369534679543459 14335452480
1647244 300 0.936289727831431 14256712230
1647544 300 0.9425004389815629 14255892000
1647844 300 0.9453924495171204 14204218710
1648144 300 1.002663740122915 14663536920
1648444 300 1.1467427568042141 14583976440
1648744 300 1.509050043898156 14546246730
1649044 300 1.072214223002634 14520000000
1649344 300 0.9584776119402986 14447821410
1649644 300 0.9574820017559263 14276397300
1649944 300 0.9729376646180862 14256712230
1650244 300 1.0097752414398595 14256712230
1650544 300 1.007546971027217 14702907060
1650844 300 0.9968797190518 14663536920
1651144 300 0.9711360842844601 14419934220
1651444 300 0.9551115013169447 14413372530
1651744 300 0.8885952589991222 14302644030
1652044 300 0.9035768217734854 14144343300
1652344 300 0.9602317822651448 14145163500
1652644 300 0.9761141352063214 14054120070
1652944 300 0.9885829675153643 14008188240
1653244 300 0.9918068481123794 14256712230
1653544 300 0.9582879719051799 14807073870
1653844 300 0.9345829675153643 14551168020
1654144 300 0.9771097453906937 14544606330
1654444 300 0.9700930640913081 14380564110
1654744 300 0.9586672519754171 14275577070
1655044 300 0.969618964003512 14150904990
1655344 300 1.005081650570676 14013109530
1655644 300 0.9456769095697982 13999986150
1655944 300 0.9497541703248464 14243588850
1656244 300 1.0332906057945568 14741456970
1656544 300 1.0299719051799825 14722592130
1656844 300 1.0045601404741 14428136340
1657144 300 1.0059350307287094 14427316140
1657444 300 0.9730324846356452 14426495910
1657744 300 0.9803336259877086 14420754450
1658044 300 0.9257172958735733 14191095330
1658344 300 0.9550166812993854 14164028370
1658644 300 0.9647831431079896 14347755660
1658944 300 1.0065513608428447 16080041520
1659244 300 0.9835100965759439 16414687650
1659544 300 0.9809499561018438 14675840100
1659844 300 0.9540684811237928 14669278410
1660144 300 0.9342036874451273 14662716720
1660444 300 0.933729587357331 14616784890
1660744 300 0.9052835820895524 14531482950
1661044 300 0.8918665496049165 14531482950
1661344 300 0.9012537313432837 14478989430
1661644 300 0.9293204565408253 14209960200
1661944 300 0.9882510974539069 14898937530
1662244 300 0.9450131694468832 14420754450
1662544 300 0.9073696224758561 14159107110
1662844 300 0.8866514486391572 14152545420
1663144 300 0.889116769095698 14145983730
1663444 300 0.845025460930641 14145983730
1663744 300 0.8735188762071994 14139422040
1664044 300 0.8783546971027216 14145983730
1664344 300 0.8843757682177348 14132860350
1664644 300 0.9574345917471467 14420754450
1664944 300 0.9354363476733977 14303464260
1665244 300 0.8810570676031606 14106613590
1665544 300 0.86958384547849 14093490210
1665844 300 0.8836646180860404 14118916740
1666144 300 0.9069429323968393 14127118860
1666444 300 0.8770272168568919 14113175280
1666744 300 0.870721685689201 14126298660
1667044 300 0.8927673397717297 14184533640
1667344 300 0.9014907813871819 14854646130
1667644 300 0.8645583845478491 14710288950
1667944 300 0.8689675153643548 14678300730
1668244 300 0.8528955223880598 15274594200
1668544 300 0.8876470588235295 14546246730
1668844 300 0.8915820895522388 14408451270
1669144 300 0.8475856014047409 14402709810
1669444 300 0.8713854258121161 14415833160
1669744 300 0.8630412642669008 15084305220
1670044 300 0.8862247585601404 14539685040
1670344 300 0.8572098331870062 14514258510
1670644 300 0.8325566286215978 14389586430
1670944 300 0.8528007023705004 14355957750
1671244 300 0.8260140474100088 14263273920
1671544 300 0.8503827919227394 14074625340
1671844 300 0.8682089552238805 14061501960
1672144 300 0.8358279192273925 14218982520
1672444 300 0.9004477611940298 12374327730
1672744 300 0.8667392449517122 8338889070
1673044 300 0.8382932396839333 7805751840
1673344 300 0.8139244951712028 8429932500
1673644 300 0.8281949078138717 7780325310
1673944 300 0.811316944688323 7772943390
1674244 300 0.8233116769095699 7760640240
1674544 300 0.8852291483757682 7780325310
1674844 300 0.9124424934152766 8272451970
1675144 300 0.8640842844600527 7774583820
1675444 300 0.8252554872695348 7767201930
1675744 300 0.8315136084284461 7782785940
1676044 300 0.7913099209833186 7768842360
1676344 300 0.7895557506584724 8607918300
1676644 300 0.7740526777875331 8121533130
1676944 300 0.762484635645303 8142038400
1677244 300 0.7761861281826163 8128915020
1677544 300 0.7911202809482003 8128915020
1677844 300 0.8232168568920105 8699781960
1678144 300 0.827009657594381 8240463720
1678444 300 0.8235961369622475 8174846850
1678744 300 0.8076189640035119 8181408540
1679044 300 0.8077137840210712 8076421500
1679344 300 0.8285267778753294 8069859810
1679644 300 0.7978525021949079 8069859810
1679944 300 0.8033520632133451 8056736430
1680244 300 0.8182388059701493 8063298120
1680544 300 0.8099894644424934 8089544880
1680844 300 0.8643687445127304 8778522210
1681144 300 0.8080456540825285 8411067630
1681444 300 0.8102265144863916 8371697520
1681744 300 0.8276259877085163 8365135830
1682044 300 0.8265829675153645 8358574140
1682344 300 0.834737489025461 8155981980
1682644 300 0.8345478489903424 7985378070
1682944 300 0.8666444249341528 7932884580
1683244 300 0.8787813871817385 8555424810
1683544 300 0.8348323090430203 8502931290
1683844 300 0.8412800702370502 8286395550
1684144 300 0.8536066725197543 8286395550
1684444 300 0.8364442493415277 8168285160
1684744 300 0.8300438981562775 8057556660
1685044 300 0.8488182616330113 8037871590
1685344 300 0.8606233538191397 8031309900
1685644 300 0.875747146619842 8056736430
1685944 300 0.9172309043020194 9081180120
1686244 300 0.879729587357331 9218975580
1686544 300 0.879729587357331 8425011240
1686844 300 0.8748937664618086 8424191010
1687144 300 0.836254609306409 8423370810
1687444 300 0.8579209833187007 9027046200
1687744 300 0.8672133450395083 8069859810
1688044 300 0.8630886742756805 8018186520
1688344 300 0.8640842844600527 8024748210
1688644 300 0.8494820017559263 7972254690
1688944 300 0.8955171202809482 8621861910
1689244 300 0.8830482879719053 8182228740
1689544 300 0.8803933274802459 8182228740
1689844 300 0.834073748902546 8182228740
1690144 300 0.8427497805092186 8057556660
1690444 300 0.8382458296751538 7918940970
1690744 300 0.8323669885864795 7918940970
1691044 300 0.8539859525899913 7926322890
1691344 300 0.8637524143985952 7932884580
1691644 300 0.8711009657594381 8241283950
1691944 300 0.8509517120280948 8804768970
1692244 300 0.8278156277436349 8627603370
1692544 300 0.8371079894644424 8397944280
1692844 300 0.8381035996488146 8391382590
1693144 300 0.8315136084284461 8365956030
1693444 300 0.8167690956979807 8228160570
1693744 300 0.8299016681299387 8030489700
1694044 300 0.8185706760316066 7918940970
1694344 300 0.8230272168568922 7820515650
1694644 300 0.8629938542581211 8568548190
1694944 300 0.8463055311676909 8305260420
1695244 300 0.8317032484635645 7833639030
1695544 300 0.8489604916593504 7834459230
1695844 300 0.8396207199297631 7834459230
1696144 300 0.8325566286215978 7827077340
1696444 300 0.8333625987708517 7820515650
1696744 300 0.8420386303775242 7834459230
1697044 300 0.8818630377524145 7821335850
1697344 300 0.9098823529411765 8346270960
1697644 300 0.8821000877963127 8050994970
1697944 300 0.8412800702370502 7899255900
1698244 300 0.8830008779631255 7900076130
1698544 300 0.8401896400351185 7886952750
1698844 300 0.8106057945566287 7873829370
1699144 300 0.8052010535557506 7880391060
1699444 300 0.8239754170324847 7893514440
1699744 300 0.853891132572432 8956508040
1700044 300 0.87342405618964 9179605440
1700344 300 0.9024863915715541 8411887860
1700644 300 0.8789236172080773 8365956030
1700944 300 0.8674503950834065 8274092400
1701244 300 0.8705320456540826 8995878150
1701544 300 0.8631360842844602 8136296910
1701844 300 0.8389095697980685 7991939760
1702144 300 0.8674978050921862 7932884580
1702444 300 0.8673081650570675 7926322890
1702744 300 0.8985513608428447 8556245010
1703044 300 0.8899701492537314 8050994970
1703344 300 0.8785443371378403 8057556660
1703644 300 0.8755100965759438 8050994970
1703944 300 0.8947111501316944 8044433280
1704244 300 0.8941896400351185 7998501450
1704544 300 0.8667392449517122 7808212470
1704844 300 0.9094556628621597 7768842360
1705144 300 0.8884056189640035 7814774160
1705444 300 0.9428797190517999 8772780750
1705744 300 0.9195065847234416 8785904130
1706044 300 0.8994047410008781 8379079410
1706344 300 0.8932888498683056 8372517720
1706644 300 0.9135803336259877 8241283950
1706944 300 0.9007322212467077 8110050180
1707244 300 0.909834942932397 8044433280
1707544 300 0.9417892888498683 8103488490
1707844 300 0.9461984196663741 8300339130
1708144 300 0.9401299385425812 8201913810
1708444 300 0.9542107111501317 7978816380
1708744 300 0.9427374890254611 8589873660
1709044 300 0.9685285338015804 7860705990
1709344 300 0.9361949078138718 7841020920
1709644 300 0.9383283582089553 7834459230
1709944 300 0.9563441615452151 7821335850
1710244 300 1.0157963125548728 8182228740
1710544 300 1.0096330114135208 8162543670
1710844 300 0.991095697980685 7821335850
1711144 300 0.9818981562774365 7808212470
1711444 300 0.984647936786655 8654670330
1711744 300 0.9708990342405619 8077241730
1712044 300 0.9607058823529412 8070680040
1712344 300 0.9998191395961369 8057556660
1712644 300 1.0002458296751535 8057556660
1712944 300 1.0450482879719052 8602997040
1713244 300 1.0154644424934154 8340529500
1713544 300 1.024472344161545 8241283950
1713844 300 0.9989657594381037 8234722260
1714144 300 1.018593503072871 8235542460
1714444 300 0.9915223880597015 8209295700
1714744 300 0.9814714661984196 8084623620
1715044 300 1.0007199297629499 7979636610
1715344 300 1.0032800702370501 8011624830
1715644 300 1.067425812115891 8772780750
1715944 300 1.0166496927129063 8904014520
1716244 300 1.009064091308165 8359394340
1716544 300 0.9963107989464443 8359394340
1716844 300 1.016033362598771 8339709270
1717144 300 1.0219596136962248 8169105360
1717444 300 0.9924705882352942 7939446270
1717744 300 1.0070728709394206 7932884580
1718044 300 1.0489833187006146 8910576210
1718344 300 1.0471343283582089 8766219060
1718644 300 0.998017559262511 8359394340
1718944 300 0.9952677787532924 8995878150
1719244 300 1.0102019315188762 8260969020
1719544 300 1.001857769973661 8254407330
1719844 300 0.9933713784021071 8267530710
1720144 300 1.0429148375768218 8203554240
1720444 300 1.0443845478489904 8767859490
1720744 300 1.0073099209833187 8262609420
1721044 300 1.0096804214223003 8256047730
1721344 300 1.0244249341527656 8242924380
1721644 300 1.0135206321334502 8059197090
1721944 300 1.0373204565408254 7809852900
1722244 300 1.0446215978928886 7790167830
1722544 300 1.0387901668129937 7809852900
1722844 300 1.1140772607550482 8065758780
1723144 300 1.1206198419666376 8643187380
1723444 300 1.0360403863037755 8380719840
1723744 300 1.0384582967515363 8381540040
1724044 300 1.0603617208077263 8381540040
1724344 300 1.2431747146619843 8356113510
1724644 300 1.903880597014925 8230621200
1724944 300 1.4162212467076385 8079702360
1725244 300 1.083118525021949 8014085460
1725544 300 1.1019402985074627 8525076990
1725844 300 1.0890447761194033 9063955680
1726144 300 1.0753432835820895 8406966600
1726444 300 1.0441474978050924 8400404910
1726744 300 1.0637278314310799 8250306270
1727044 300 1.0594135206321336 8124813960
1727344 300 1.0482247585601405 8071500240
1727644 300 1.0764337137840212 7953389850
1727944 300 1.128774363476734 7979636610
1728244 300 1.1577418788410887 8538200370
1728544 300 1.188036874451273 9173863980
1728844 300 1.1358858647936787 9173863980
1729144 300 1.087006145741879 8485706850
1729444 300 1.0640597014925373 8361034770
1729744 300 1.0898507462686569 8360214540
1730044 300 1.0716453028972786 8360214540
1730344 300 1.0723090430201931 8288035980
1730644 300 1.0726883230904303 8261789220
1730944 300 1.102698858647937 8196172320
1731244 300 1.1121808604038632 8425831440
1731544 300 1.1045478489903426 8963889930
1731844 300 1.1102844600526778 8648928870
1732144 300 1.0816962247585602 8280654090
1732444 300 1.075058823529412 8976193110
1732744 300 1.085062335381914 8326585890
1733044 300 1.122468832309043 8221598880
1733344 300 1.104595258999122 8024748210
1733644 300 1.0603617208077263 7867267680
1733944 300 1.1476435469710273 8169925590
1734244 300 1.1132712906057947 8201913810
1734544 300 1.0936909569798068 7894334640
1734844 300 1.1180122914837576 7894334640
1735144 300 1.0851571553994734 7894334640
1735444 300 1.0458068481123792 7900896330
1735744 300 0.9976856892010535 7887772950
1736044 300 1.0124776119402985 7894334640
1736344 300 1.080036874451273 7894334640
1736644 300 1.0664776119402988 7887772950
1736944 300 1.1133661106233537 8366776230
1737244 300 1.0567111501316946 8675175630
1737544 300 1.0490307287093943 8438134620
1737844 300 1.0519227392449517 8431572930
1738144 300 1.0289288849868305 8360214540
1738444 300 1.0275065847234415 8301159360
1738744 300 1.0125724319578577 8150240520
1739044 300 1.0393116769095698 8032130100
1739344 300 1.0661457418788411 8137117140
1739644 300 1.0913204565408252 8438954820
1739944 300 1.083260755048288 8005883370
1740244 300 1.0256101843722565 8005063140
1740544 300 1.0104389815627743 7998501450
1740844 300 1.0076892010535559 7985378070
1741144 300 1.0208691834942933 7985378070
1741444 300 0.9809025460930643 7991119560
1741744 300 0.997638279192274 7998501450
1742044 300 1.0349025460930639 8005063140
1742344 300 1.0450956979806847 8767039260
1742644 300 1.010770851624232 8983575000
1742944 300 1.0873380158033363 8479145160
1743244 300 1.0073573309920985 8465201580
1743544 300 0.9961211589113257 8471763270
1743844 300 0.974881474978051 8465201580
1744144 300 1.0391220368744514 8465201580
1744444 300 0.9906690079016681 8458639890
1744744 300 1.0093011413520632 8458639890
1745044 300 1.0278858647936786 8844959310
1745344 300 1.0614521510096577 9246862770
1745644 300 0.9798595258999122 8748174420
1745944 300 0.998396839332748 8400404910
1746244 300 1.0011940298507462 8951586750
1746544 300 1.0083055311676912 8223239310
1746844 300 1.0164600526777874 8117432070
1747144 300 0.987729587357331 8097747000
1747444 300 0.9856435469710272 8091185310
1747744 300 1.007262510974539 8091185310
1748044 300 1.029260755048288 8740792500
1748344 300 1.0482247585601405 8229801000
1748644 300 1.0035171202809483 8223239310
1748944 300 0.9726057945566287 8104308690
1749244 300 0.9599473222124671 8092005510
1749544 300 0.9795750658472345 8111690580
1749844 300 0.9497067603160667 8099387430
1750144 300 0.9617963125548727 8040332220
1750444 300 0.9845057067603161 7968153630
1750744 300 1.0082107111501317 8676816030
1751044 300 0.9558700614574189 8965530360
1751344 300 0.9651150131694469 8493088740
1751644 300 0.9079385425812115 8487347280
1751944 300 0.9154767339771731 8485706850
1752244 300 0.9083652326602284 8420089980
1752544 300 0.9239157155399472 7993580190
1752844 300 0.9236312554872695 7948468590
1753144 300 0.9850746268656716 8020647150
1753444 300 0.983604916593503 8821173210
1753744 300 0.9793854258121159 8263429650
1754044 300 0.9348200175592625 7980456810
1754344 300 0.9468621597892888 7980456810
1754644 300 0.9256698858647938 7973895120
1754944 300 0.9516505706760315 7966513230
