859086 300 0.7747638279192275 8214216990
859386 300 0.7913573309920985 8733410610
859686 300 0.8214152765583846 8005063140
859986 300 0.7756646180860405 8005063140
860286 300 0.7522440737489026 7998501450
860586 300 0.7915943810359964 8005063140
860886 300 0.775332748024583 8011624830
861186 300 0.771208077260755 8005063140
861486 300 0.7820175592625112 7998501450
861786 300 0.7599719051799825 7991939760
862086 300 0.8383880597014925 8575930080
862386 300 0.808899034240562 8576750280
862686 300 0.7809271290605796 7972254690
862986 300 0.7704969271290607 7972254690
863286 300 0.7796944688323092 7965693000
863586 300 0.7778454784899034 7959131310
863886 300 0.778414398595259 7959131310
864186 300 0.8100368744512731 7959131310
864486 300 0.794486391571554 8083803420
864786 300 0.8424179104477612 8379899610
865086 300 0.791025460930641 7965693000
865386 300 0.7884179104477613 7939446270
865686 300 0.794865671641791 7940266470
865986 300 0.7783195785776997 7946828160
866286 300 0.77571202809482 7946828160
866586 300 0.7553731343283583 7946828160
866886 300 0.7881334503950833 7972254690
867186 300 0.8242124670763828 9062315250
867486 300 0.8018823529411764 8923699590
867786 300 0.7584547848990342 8630064000
868086 300 0.7675575065847235 8596435350
868386 300 0.7863318700614575 8466021780
868686 300 0.7724881474978051 8367596460
868986 300 0.7601615452151009 8308541250
869286 300 0.7586444249341527 8301979560
869586 300 0.779315188762072 8361034770
869886 300 0.8207041264266902 9298536060
870186 300 0.8039209833187007 9272289300
870486 300 0.7952923617208079 8406146370
870786 300 0.7876593503072871 8393843220
871086 300 0.8082827041264267 8380719840
871386 300 0.7852888498683055 8379899610
871686 300 0.7861422300263389 8215857390
871986 300 0.790503950834065 8210936130
872286 300 0.8052010535557506 8269171110
872586 300 0.8463055311676909 9240301080
872886 300 0.8154416154521511 8945025090
873186 300 0.8139719051799825 8557885440
873486 300 0.8283371378402108 8511953610
873786 300 0.8134029850746268 8347911390
874086 300 0.8153467954345918 8321664630
874386 300 1.2137330992098332 8328226320
874686 300 2.206972783143108 8347911390
874986 300 2.3433239683933276 8374978350
875286 300 2.434114135206321 8919598530
875586 300 2.518883230904302 9109887510
875886 300 2.521395961369622 8827734900
876186 300 2.5429201053555746 8840858250
876486 300 2.4819982440737487 9556082340
876786 300 2.468486391571554 8827734900
877086 300 2.5080263388937665 8834296590
877386 300 2.518172080772608 8827734900
877686 300 2.485269534679544 8840858250
877986 300 2.511345039508341 8834296590
878286 300 2.565345039508341 9069697170
878586 300 2.657510096575944 9116449200
878886 300 2.5866795434591747 8696501100
879186 300 2.5526391571553995 8676816030
879486 300 2.677185250219491 8709624480
879786 300 2.5983424056189643 8616940620
880086 300 2.6194872695346794 8590693890
880386 300 2.6690781387181737 8591514090
880686 300 2.6205776997366113 8590693890
880986 300 2.6550921861281824 8584952400
881286 300 2.684486391571554 8780982840
881586 300 2.7624284460052673 9339546630
881886 300 2.6227585601404746 9162381030
882186 300 2.631434591747147 8920418730
882486 300 2.6025618964003514 8853981630
882786 300 2.210149253731343 8736691440
883086 300 1.3929429323968394 8716186170
883386 300 2.13851273046532 8591514090
883686 300 1.3879174714661984 8559525840
883986 300 1.7109218612818262 8507852550
884286 300 1.944653204565408 9360051900
884586 300 1.1424284460052676 8539840800
884886 300 0.974739244951712 8060837490
885186 300 1.1897910447761193 8060017290
885486 300 0.9361000877963127 8060017290
885786 300 0.9229675153643546 8066578980
886086 300 0.9523143107989466 8067399180
886386 300 0.9325443371378404 8067399180
886686 300 0.935531167690957 8080522560
886986 300 0.9320228270412642 8073960870
887286 300 0.9326865671641792 8886790080
887586 300 0.9401773485513609 8342990130
887886 300 0.9494697102721685 8336428440
888186 300 0.9472888498683056 8329866750
888486 300 1.0226233538191396 8277373230
888786 300 1.0333854258121158 8953227180
889086 300 1.0061246707638278 8388921930
889386 300 0.9458665496049166 8342990130
889686 300 0.9490430201931519 8336428440
889986 300 0.9700930640913081 8310181680
890286 300 0.942453028972783 8048534340
890586 300 0.9325917471466199 8021467380
890886 300 0.959046532045654 8021467380
891186 300 0.9320228270412642 8014905690
891486 300 0.999961369622476 8821993410
891786 300 0.9488533801580334 9117269400
892086 300 0.9500386303775241 8652209700
892386 300 0.9241053555750659 8631704430
892686 300 0.957766461808604 8638266120
892986 300 0.9447287093942055 8638266120
893286 300 0.9158560140474101 8632524630
893586 300 0.919980684811238 8566087530
893886 300 0.9473362598770851 8315923170
894186 300 0.998776119402985 9005720700
894486 300 0.9747866549604918 9104146020
894786 300 0.9659683933274803 8382360240
895086 300 0.9455346795434592 8348731590
895386 300 0.9502756804214223 8343810330
895686 300 0.9483792800702371 8212576560
895986 300 0.9581931518876209 8199453180
896286 300 0.9446338893766462 8186329800
896586 300 0.9421685689201054 8063298120
896886 300 0.9847427568042143 8974552680
897186 300 0.9776786654960491 9249323400
897486 300 0.9410307287093943 8665333080
897786 300 0.9334925373134328 8658771390
898086 300 0.9232045654082528 8652209700
898386 300 0.9467673397717298 8653029930
898686 300 0.9258595258999122 8527537620
898986 300 0.9379490781387181 8330686950
899286 300 0.9607532923617208 8317563570
899586 300 1.0755803336259877 8318383800
899886 300 2.6347058823529412 8540661000
900186 300 1.2390500438981562 9145156590
900486 300 2.743132572431958 8659591620
900786 300 2.531589113257243 8613659790
901086 300 2.752424934152766 8620221480
901386 300 2.764561896400351 8527537620
901686 300 2.7837155399473223 8507852550
901986 300 2.70425636523266 8515234440
902286 300 2.7702985074626865 8514414240
902586 300 2.062372256365233 4380550260
902886 41 1.9892186128182614 4997349000
902927 8 1.9894556628621596 4997349000
902935 9 1.9892186128182614 4998169230
902944 173 1.995618964003512 5377926960
903117 1 1.995618964003512 5377926960
903118 1 1.995618964003512 5377926960
903119 67 2.073845478489903 5971759800
903186 300 2.1804231782265147 7908278220
903486 300 1.6123090430201934 8217497820
903786 300 2.756075504828797 8224059510
904086 300 2.7319912203687444 8224059510
904386 300 2.7193327480245832 8237182890
904686 300 2.702454784899034 8238003090
904986 300 2.6967655838454787 8231441400
905286 300 2.7394345917471465 8231441400
905586 300 2.8046233538191396 8913857040
905886 300 2.437906935908692 8743253130
906186 300 1.4825478489903425 8100207630
906486 300 0.9341562774363478 8069039610
906786 300 0.9415996488147498 9009821760
907086 300 1.1890324846356455 8327406120
907386 300 1.2862230026338892 8274912600
907686 300 1.218900790166813 8162543670
907986 300 1.4194925373134328 8260969020
908286 300 0.9659209833187006 8844139110
908586 300 0.9017752414398595 8364315600
908886 300 0.888358208955224 8305260420
909186 300 0.8713854258121161 8292957240
909486 300 0.8643687445127304 8285575350
909786 300 0.8809148375768218 8232261630
910086 300 0.9061843722563653 8130555450
910386 300 0.92870412642669 8249486070
910686 300 0.8844231782265146 8498010030
910986 300 0.8816733977172958 8150240520
911286 300 0.8782124670763828 8155981980
911586 300 0.8706268656716417 8155981980
911886 300 0.9003529411764706 8142038400
912186 300 0.8813889376646181 8142858600
912486 300 0.8892589991220369 8135476710
912786 300 0.920739244951712 8202734010
913086 300 0.9214978050921863 9487184610
913386 300 0.9246268656716418 9015563220
913686 300 0.8600070237050045 8529998250
913986 300 0.8646532045654083 8503751490
914286 300 0.8790184372256367 8444696310
914586 300 0.874324846356453 8359394340
914886 300 0.8650798946444249 8366776230
915186 300 0.8650798946444249 8361034770
915486 300 0.8606233538191397 8366776230
915786 300 0.9373801580333626 9133673640
916086 300 0.8846602282704128 8634985290
916386 300 0.8456417910447762 8379899610
916686 300 1.272237050043898 8385641100
916986 300 1.7274205443371378 8386461300
917286 300 1.0724986830553118 8282294490
917586 300 0.9270921861281827 8177307480
917886 300 1.2562124670763828 8177307480
918186 300 2.405525899912204 8191251060
918486 300 2.6541913959613694 8578390710
918786 300 2.7200438981562773 9200930940
919086 300 2.645610184372256 8670254340
919386 300 2.6215733099209837 8656310760
919686 300 2.6483125548726956 8668613940
919986 300 2.667418788410887 8676816030
920286 300 2.737538191395961 8656310760
920586 300 2.695675153643547 8650569300
920886 300 2.7238841088674275 8526717420
921186 300 2.741805092186128 8650569300
921486 300 2.7843318700614574 9031147230
921786 300 2.718100087796312 8598075780
922086 300 2.811734855136084 8335608210
922386 300 2.7595364354697107 8302799790
922686 300 2.567051799824408 8289676410
922986 300 1.3051395961369625 8224879710
923286 300 2.3915399473222125 8146139460
923586 300 0.9623178226514486 8119892700
923886 300 1.8588884986830552 8402045310
924186 300 0.8773590869183494 8310181680
924486 300 0.8442194907813871 7989479130
924786 300 0.8211308165057067 7969794060
925086 300 0.8623301141352064 7969794060
925386 300 0.8802985074626866 7956670680
925686 300 0.8299490781387182 7950108990
925986 300 0.8636101843722563 7956670680
926286 300 0.8819578577699736 7969794060
926586 300 0.89528007023705 8954047410
926886 300 0.8597699736611063 8750635050
927186 300 0.8055329236172081 8540661000
927486 300 0.7795048287971905 8539840800
927786 300 0.8162475856014049 8501290860
928086 300 0.8046321334503952 8363495400
928386 300 0.8302809482001757 8192891490
928686 300 0.8370605794556629 8048534340
928986 300 0.8525162423178227 8041972650
929286 300 0.8935258999122038 8645648010
929586 300 0.8893064091308165 9052472730
929886 300 0.8754626865671643 8580031140
930186 300 0.856972783143108 8448797340
930486 300 0.8570201931518877 8396303850
930786 300 0.8295223880597016 8278193430
931086 300 0.8207989464442493 8271631770
931386 300 0.8165794556628622 8330686950
931686 300 0.9116839332748026 9288693540
931986 300 0.8354486391571555 8849060370
932286 300 0.8347848990342405 8461920720
932586 300 0.8568779631255486 8442235680
932886 300 0.8418489903424057 8436494190
933186 300 0.8397629499561019 8238823320
933486 300 0.8563090430201933 8087904480
933786 300 0.845784021071115 8035410960
934086 300 0.9248639157155399 8999979210
934386 300 0.8729499561018437 8868745440
934686 300 0.8497190517998244 8566907760
934986 300 0.8759841966637402 8468482410
935286 300 0.8283845478489903 8461920720
935586 300 0.8567357330992098 8343810330
935886 300 0.8461158911325726 8042792850
936186 300 0.8940948200175594 8174026620
936486 300 0.934630377524144 8777702010
936786 300 0.899025460930641 8580851340
937086 300 0.9032449517120281 8587413030
937386 300 0.9155241439859526 8338068870
937686 300 0.8920087796312555 8238823320
937986 300 0.8806777875329236 8160083040
938286 300 0.8806777875329236 7969794060
938586 300 0.8882633889376647 8022287580
938886 300 1.0004354697102724 8954867610
939186 300 0.955585601404741 8849880600
939486 300 0.9510342405618966 8587413030
939786 300 0.9649253731343284 8587413030
940086 300 0.9435434591747146 8580851340
940386 300 0.9007796312554873 8494729170
940686 300 0.9319754170324847 8441415450
940986 300 0.9370008779631256 8303619990
941286 300 0.9525513608428448 8657951190
941586 300 0.9251957857769975 8501290860
941886 300 0.9257172958735733 8003422710
942186 300 0.9626971027216856 7997681250
942486 300 0.9772045654082528 7991939760
942786 300 0.9711834942932398 7986198300
943086 300 0.9315961369622476 7984557870
943386 300 0.9550166812993854 8220778680
943686 300 1.03803160667252 9086921610
943986 300 0.9789587357330993 8568548190
944286 300 0.9399402985074627 8568548190
944586 300 0.9563915715539948 8561986500
944886 300 0.941694468832309 8489807910
945186 300 0.952266900790167 8378259210
945486 300 0.9434012291483758 8379079410
945786 300 0.9773467954345919 8372517720
946086 300 1.0045601404741 9146797020
946386 300 0.9908586479367868 8982754800
946686 300 0.9572449517120282 8530818480
946986 300 0.9479525899912203 8419269750
947286 300 0.973079894644425 9042630210
947586 300 0.9382809482001757 8406146370
947886 300 0.9372853380158035 8261789220
948186 300 0.9402247585601404 8234722260
948486 300 0.9511290605794557 8241283950
948786 300 0.9508920105355575 8772780750
949086 300 0.9471940298507463 8247845640
949386 300 0.9404143985952591 8241283950
949686 300 0.9246742756804214 8242104150
949986 300 0.9124899034240561 8242104150
950286 300 0.9187954345917473 8242104150
950586 300 0.9184635645302898 8235542460
950886 300 0.9494697102721685 8334788010
951186 300 0.9956470588235296 9022945140
951486 300 0.9595206321334503 8720287230
951786 300 0.9739806848112379 8476684530
952086 300 0.9758296751536435 8344630530
952386 300 0.9599947322212466 8300339130
952686 300 0.9182739244951711 8044433280
952986 300 0.9275188762071994 7900076130
953286 300 0.9537366110623353 7939446270
953586 300 1.0599824407374892 8615300220
953886 300 0.9863546971027217 8667793710
954186 300 0.9688129938542581 8529998250
954486 300 0.9674381035996489 9547060020
954786 300 0.9456769095697982 8516874870
955086 300 0.9667269534679543 8306900820
955386 300 0.9515083406496927 8090365110
955686 300 0.9464354697102723 8090365110
955986 300 0.9951255487269535 9048371670
956286 300 1.0179771729587357 8438134620
956586 300 0.975782265144864 8438134620
956886 300 0.9643090430201933 8379079410
957186 300 1.0043705004389816 8280654090
957486 300 0.9649727831431081 8267530710
957786 300 0.9518876207199297 8267530710
958086 300 0.9476681299385427 8260969020
958386 300 0.9916172080772608 8274092400
958686 300 1.040307287093942 8746533990
958986 300 1.0044179104477613 8247845640
959286 300 0.9939402985074628 7965693000
959586 300 0.9980649692712906 7985378070
959886 300 0.9749288849868306 7959131310
960186 300 0.986307287093942 7965693000
960486 300 0.97502370500439 7972254690
960786 300 0.9881562774363477 8110870380
961086 300 0.9955522388059702 8767039260
961386 300 1.4917928007023704 8596435350
961686 300 2.807278314310799 8608738530
961986 300 2.9900438981562774 8589053460
962286 300 2.9684723441615453 8569368390
962586 300 2.984212467076383 8562806700
962886 300 2.944056189640035 8556245010
963186 300 2.786086040386304 8575930080
963486 300 2.7584934152765586 9376456110
963786 300 2.7964214223002637 8825274240
964086 300 2.7542739244951715 8564447130
964386 300 2.8047181738366986 9378096540
964686 300 2.7187638279192274 8557885440
964986 300 2.752519754170325 8557885440
965286 300 2.73635294117647 8557885440
965586 300 2.7730956979806844 8656310760
965886 300 2.735262510974539 8918778330
966186 300 2.7340298507462686 8563626900
966486 300 2.7169148375768217 8562806700
966786 300 2.653575065847235 8563626900
967086 300 2.664147497805092 8557065210
967386 300 2.7560280948200173 8557885440
967686 300 2.691597892888499 8557885440
967986 300 2.7226988586479366 8696501100
968286 300 2.763187006145742 9063955680
968586 300 2.7373959613696224 8708804280
968886 300 2.737585601404741 8629243800
969186 300 2.7151606672519755 8558705640
969486 300 2.6618244073748905 8557885440
969786 300 2.6413432835820894 8557065210
970086 300 2.6918823529411764 8597255580
970386 300 2.7549850746268656 9606115230
970686 300 2.733081650570676 9501128220
970986 300 2.73128007023705 8524256790
971286 300 2.7079543459174715 8531638680
971586 300 2.683585601404741 9352670010
971886 300 2.665901668129939 8662872450
972186 300 2.701601404741001 8650569300
972486 300 2.656324846356453 8571829020
972786 300 2.634611062335382 8550503520
973086 300 2.6798402107111503 8931081480
973386 300 2.824914837576822 8492268540
973686 300 2.7764618086040387 8491448340
973986 300 2.7884091308165058 8386461300
974286 300 2.7025970149253733 8333147580
974586 300 2.761148375768218 8210936130
974886 300 2.6604021071115014 8183869170
975186 300 2.7204231782265147 8296238100
975486 300 2.7492484635645305 8590693890
975786 300 2.7236470588235293 8183869170
976086 300 2.6619192273924495 8191251060
976386 300 2.680219490781387 8176487280
976686 300 2.702359964881475 8169925590
976986 300 2.68505531167691 8176487280
977286 300 2.694774363476734 8169925590
977586 300 2.7651308165057067 8051815170
977886 300 2.796089552238806 9042630210
978186 300 2.696812993854258 8840038050
978486 300 2.7919174714661983 8616940620
978786 300 2.7764618086040387 8603817240
979086 300 2.7174837576821775 8597255580
979386 300 2.705441615452151 8597255580
979686 300 2.7174837576821775 8465201580
979986 300 2.7031659350307287 8301159360
980286 300 2.76859174714662 9278850990
980586 300 2.7025970149253733 8937643170
980886 300 2.697097453906936 8596435350
981186 300 2.728862159789289 8484886650
981486 300 2.7169148375768217 8445516510
981786 300 2.6502563652326607 8294597670
982086 300 2.654475856014048 8202734010
982386 300 2.6028937664618086 8196992550
982686 300 2.622237050043898 8196172320
982986 300 2.6502089552238806 8550503520
983286 300 2.6126602282704128 8307721050
983586 300 2.5932221246707634 8189610630
983886 300 2.5967304653204564 8183048970
984186 300 2.5999069359086917 8183048970
984486 300 2.5618841088674276 8176487280
984786 300 2.5920842844600527 8123993760
985086 300 2.5966356453028974 8032130100
985386 300 2.55903950834065 8025568410
985686 300 2.661113257243196 8026388640
985986 300 2.6051220368744517 8021467380
986286 300 2.6563722563652328 8021467380
986586 300 2.617353819139596 8021467380
986886 300 2.6448990342405616 8105128890
987186 300 2.707385425812116 9213234120
987486 300 2.654665496049166 8511133410
987786 300 2.677991220368745 8097747000
988086 300 2.629585601404741 8091185310
988386 300 2.6148410886742757 8812971090
988686 300 2.536093064091308 8078061930
988986 300 2.599859525899912 8084623620
989286 300 2.5654398595259 8078061930
989586 300 2.5822230026338895 8072320470
989886 300 2.6698841088674277 8644007610
990186 300 2.6415803336259875 8092825740
990486 300 2.580990342405619 8092005510
990786 300 2.613798068481124 8945025090
991086 300 2.6785601404741 8373337920
991386 300 2.6511571553994733 8366776230
991686 300 2.6030359964881478 8366776230
991986 300 2.6983301141352065 8366776230
992286 300 2.650777875329236 9114808770
992586 300 2.67595258999122 8663692680
992886 300 2.6609710272168567 8662872450
993186 300 2.649497805092186 9254244660
993486 300 2.5563371378402104 8663692680
993786 300 2.6511571553994733 8650569300
994086 300 2.5524969271290607 8656310760
994386 300 2.5515961369622477 8760477570
994686 300 2.6041264266900788 9003260070
994986 300 2.6758103599648817 8655490560
995286 300 2.5531132572431954 8655490560
995586 300 2.628779631255487 8657951190
995886 300 2.541497805092186 8657951190
996186 300 2.5455276558384545 8651389500
996486 300 2.6046479367866553 8656310760
996786 300 2.669315188762072 8782623270
997086 300 2.648454784899034 9063955680
997386 300 2.595877085162423 8670254340
997686 300 2.627262510974539 8670254340
997986 300 2.658790166812994 8669434140
998286 300 2.6007129060579457 8662052250
998586 300 2.63356804214223 8655490560
998886 300 2.6561826163301143 8655490560
999186 300 2.589524143985953 8695680900
999486 300 2.674340649692713 9587250360
999786 300 2.6469850746268655 9240301080
1000086 300 2.6175434591747146 8610378930
1000386 300 2.6571782265144863 8611199160
1000686 300 2.656324846356453 8604637470
1000986 300 2.632525021949078 8545582260
1001286 300 2.6822581211589114 8446336710
1001586 300 2.647032484635645 8446336710
1001886 300 2.6046953467954346 8446336710
1002186 300 2.627878841088674 8767859490
1002486 300 2.6766637401229145 9477342090
1002786 300 2.5944547848990345 8611199160
1003086 300 2.54998419666374 8618581050
1003386 300 2.682210711150132 8618581050
1003686 300 2.5455750658472343 8617760850
1003986 300 2.606923617208077 8618581050
1004286 300 2.554061457418788 8612019360
1004586 300 2.659785776997366 8605457670
1004886 300 2.714733977172959 8919598530
1005186 300 2.6078718173836695 8932721910
1005486 300 2.5166549604916595 8644007610
1005786 300 2.6752414398595254 8525897190
1006086 300 2.705299385425812 8486527080
1006386 300 2.6224741000877962 8493908970
1006686 300 2.6145092186128185 8487347280
1006986 300 2.6797928007023706 8499650430
1007286 300 2.745028972783143 9339546630
1007586 300 2.721086918349429 9262446780
1007886 300 2.671970149253731 8540661000
1008186 300 2.6361281826163303 8474223900
1008486 300 2.565060579455663 8387281530
1008786 300 2.6163107989464445 8380719840
1009086 300 2.6094837576821774 8374158150
1009386 300 2.669172958735733 8511953610
1009686 300 2.716488147497805 9036888720
1009986 300 2.532774363476734 8657130990
1010286 300 2.511913959613696 8657130990
1010586 300 2.557285338015803 8624322540
1010886 300 1.5465987708516244 8520155730
1011186 300 1.330503950834065 8493908970
1011486 300 1.0531553994732221 8374978350
1011786 300 0.8738507462686567 9130392780
1012086 300 0.8062440737489026 9083640750
1012386 300 0.7758542581211589 8617760850
1012686 300 0.7913099209833186 8512773810
1012986 300 0.7832502194907816 8466842010
1013286 300 0.7588814749780509 8407786800
1013586 300 0.7692642669007903 8322484830
1013886 300 0.761062335381914 8388101730
1014186 300 0.8018823529411764 9470780400
1014486 300 0.8021194029850746 8788364760
1014786 300 0.7677471466198419 8402865540
1015086 300 0.7843880597014926 8396303850
1015386 300 0.7586918349429324 8396303850
1015686 300 0.7693590869183495 8395483620
1015986 300 0.7563687445127305 8395483620
1016286 300 0.7871378402107111 8415988920
1016586 300 0.791784021071115 8402865540
1016886 300 0.7776084284460054 8396303850
1017186 300 0.7541878841088675 8402865540
1017486 300 0.7494468832309044 8402045310
1017786 300 0.7803107989464442 8402865540
1018086 300 0.7927322212467077 8408607000
1018386 300 0.8397155399473222 9387118860
1018686 300 0.8361123792800702 9058214220
1018986 300 0.7669411764705883 8665333080
1019286 300 0.7682686567164181 8657951190
1019586 300 0.7631483757682178 8658771390
1019886 300 0.7439473222124671 8664512880
1020186 300 0.7411027216856892 8553784380
1020486 300 0.7745267778753293 8724388290
1020786 300 0.8539385425812116 9328063650
1021086 300 0.7501106233538193 8986855830
1021386 300 0.726595258999122 8704703220
1021686 300 0.748593503072871 8698141530
1021986 300 0.7359824407374891 8691579840
1022286 300 0.7492098331870062 8612839590
1022586 300 0.7582651448639157 8548042890
1022886 300 0.7597348551360843 8631704430
1023186 300 0.8015978928884987 9084460950
1023486 300 0.7733415276558385 8664512880
1023786 300 0.7530974539069359 8388101730
1024086 300 0.7596874451273046 8394663420
1024386 300 0.7330430201931519 8401225110
1024686 300 0.751153643546971 8393843220
1024986 300 0.754235294117647 8394663420
1025286 300 0.7836769095697981 8390562360
1025586 300 0.8737085162423177 8817072150
1025886 300 0.8483441615452152 9012282390
1026186 300 0.794486391571554 8685018150
1026486 300 0.8073819139596137 8657951190
1026786 300 0.7962405618964004 8507852550
1027086 300 0.7968568920105357 8389742160
1027386 300 0.7719666374012293 8383180470
1027686 300 0.7685531167690958 8383180470
1027986 300 0.8677348551360844 9433050690
1028286 300 0.8187129060579454 9786561660
1028586 300 0.7794100087796314 8645648010
1028886 300 0.7644758560140476 8632524630
1029186 300 0.7953397717295874 8488167480
1029486 300 0.7750956979806848 8468482410
1029786 300 0.7798841088674275 8343810330
1030086 300 0.7762335381913961 8324125260
1030386 300 0.7761861281826163 8304440190
1030686 300 0.8287164179104478 8652209700
1030986 300 0.8299964881474979 9177144810
1031286 300 0.800649692712906 8573469450
1031586 300 0.7780825285338016 8567727960
1031886 300 0.7736733977172958 8566907760
1032186 300 0.7840087796312556 8487347280
1032486 300 0.7737682177348553 8297878500
1032786 300 0.7848147497805091 8165824530
1033086 300 0.7840561896400351 8172386220
1033386 300 0.8290008779631255 8553784380
1033686 300 0.8237857769973662 8816251920
1033986 300 0.8028779631255487 8584952400
1034286 300 0.7769920983318701 8539020570
1034586 300 0.7756172080772608 8447156940
1034886 300 0.7561791044776119 8440595250
1035186 300 0.7815908691834943 8231441400
1035486 300 0.7727251975417033 8165004300
1035786 300 0.8137822651448641 8558705640
1036086 300 0.8204196663740124 9268188240
1036386 300 0.7831553994732222 8598895980
1036686 300 0.7642388059701494 8592334290
1036986 300 0.7870904302019316 8585772600
1037286 300 0.7978999122036875 8552143950
1037586 300 0.8146356453028972 8454538830
1037886 300 0.817385425812116 8407786800
1038186 300 0.8223160667251976 8309361480
1038486 300 0.8342633889376646 9241941510
1038786 300 0.800033362598771 8881048620
1039086 300 0.794486391571554 8612019360
1039386 300 0.8271992976294995 8612019360
1039686 300 0.8275785776997368 8441415450
1039986 300 0.8104161545215102 8316743370
1040286 300 0.8023090430201932 8231441400
1040586 300 0.8113643546971028 8185509600
1040886 300 0.8783072870939421 8730129780
1041186 300 0.8433187006145743 8690759640
1041486 300 0.8308024582967516 8585772600
1041786 300 0.8165794556628622 8565267330
1042086 300 0.804774363476734 8578390710
1042386 300 0.811601404741001 8571829020
1042686 300 0.8068604038630378 8480785590
1042986 300 0.8435557506584724 8335608210
1043286 300 0.9034345917471468 9419107110
1043586 300 0.8567831431079895 8973732450
1043886 300 0.8207989464442493 8422550610
1044186 300 0.8173380158033363 8428292070
1044486 300 1.0600772607550484 8415168690
1044786 300 2.5657717295873574 8389742160
1045086 300 2.7151606672519755 8369236890
1045386 300 2.724263388937665 8362675200
1045686 300 2.7660316066725197 8671074570
1045986 300 2.796990342405619 9269008470
1046286 300 2.805334503950834 9006540900
1046586 300 2.6965285338015805 8770320120
1046886 300 2.790874451273046 8776061580
1047186 300 2.7335557506584722 8677636260
1047486 300 2.7337928007023704 8612839590
1047786 300 2.659169446883231 8515234440
1048086 300 2.7196646180860404 8494729170
1048386 300 2.7789271290605795 9118089630
1048686 300 2.7373485513608427 9309198810
1048986 300 2.6350377524143984 8784263700
1049286 300 2.6835381913959613 8777702010
1049586 300 2.650635645302897 8784263700
1049886 300 2.65926426690079 8796566880
1050186 300 2.6866672519754173 8777702010
1050486 300 2.6880421422300262 8777702010
1050786 300 2.738344161545215 9059854620
1051086 300 2.660117647058824 8764578630
1051386 300 2.705726075504829 8666153310
1051686 300 2.6818788410886745 8653029930
1051986 300 2.644282704126427 8633344860
1052286 300 2.629964881474978 8580031140
1052586 300 2.703640035118525 8553784380
1052886 300 2.642338893766462 8560346070
1053186 300 2.814152765583845 9236200020
1053486 300 2.709661106233538 8935182540
1053786 300 2.6827322212467077 8567727960
1054086 300 2.6433345039508342 9414185820
1054386 300 2.6281158911325724 8797387080
1054686 300 2.6206725197541703 8796566880
1054986 300 2.594170324846356 8790005190
1055286 300 2.706579455662862 8790005190
1055586 300 2.785422300263389 9354310410
1055886 300 2.689511852502195 8658771390
1056186 300 2.6848656716417914 8645648010
1056486 300 2.6161685689201053 8554604580
1056786 300 2.647601404741001 8534919510
1057086 300 2.629870061457419 8534919510
1057386 300 2.6952958735733104 8528357820
1057686 300 2.6603546971027217 8515234440
1057986 300 2.7178156277436347 9046731240
1058286 300 2.629870061457419 9046731240
1058586 300 2.59113608428446 8488987710
1058886 300 2.63356804214223 8376618780
1059186 300 2.6271202809482004 8350372020
1059486 300 2.6513942054433715 8337248640
1059786 300 2.635985952589991 8330686950
1060086 300 2.7091395961369624 8330686950
1060386 300 2.693494293239684 8645648010
1060686 300 2.665617208077261 9400242240
1060986 300 2.598200175592625 8763758430
1061286 300 2.63617559262511 8751455250
1061586 300 2.6678928884986832 8653029930
1061886 300 2.668935908691835 8607098100
1062186 300 2.698804214223003 8620221480
1062486 300 2.6551870061457423 8619401280
1062786 300 2.6616821773485513 8619401280
1063086 300 2.7722423178226516 9387118860
1063386 300 2.6858138718173836 8816251920
1063686 300 2.6867620719929763 8514414240
1063986 300 2.679460930640913 8809690230
1064286 300 2.692877963125549 8475044100
1064586 300 2.646937664618086 8461920720
1064886 300 2.6592168568920105 8448797340
1065186 300 2.6754784899034236 8298698730
1065486 300 2.6485496049165937 8462740950
1065786 300 2.7323230904302016 8193711690
1066086 300 2.697713784021071 8186329800
1066386 300 2.7149236172080773 8186329800
1066686 300 2.6471747146619844 8186329800
1066986 300 2.634753292361721 8186329800
1067286 300 2.653669885864794 8186329800
1067586 300 2.6500667251975414 8206014870
1067886 300 2.680503950834065 8475044100
1068186 300 2.7225566286215983 9059034420
1068486 300 2.623659350307287 8239643520
1068786 300 2.7062949956101843 8233081830
1069086 300 2.5963511852502195 8226520140
1069386 300 2.6202932396839334 8226520140
1069686 300 2.6496400351185248 8225699940
1069986 300 2.6448516242317823 8225699940
1070286 300 2.5817963125548724 8225699940
1070586 300 2.6814521510096574 8500470660
1070886 300 2.7200438981562773 9151718280
1071186 300 2.667371378402107 8908935780
1071486 300 2.604173836698859 8764578630
1071786 300 2.5775294117647056 9342007260
1072086 300 2.5984846356453026 8783443500
1072386 300 2.632619841966638 8758016940
1072686 300 2.5055610184372257 8645648010
1072986 300 2.5921316944688324 8685838380
1073286 300 2.6630570676031606 8842498680
1073586 300 2.622331870061457 8528357820
1073886 300 2.6144618086040388 8442235680
1074186 300 2.5743529411764707 8415988920
1074486 300 2.5410711150131693 8415988920
1074786 300 2.568474100087797 8397944280
1075086 300 2.623801580333626 8396303850
1075386 300 2.6070184372256366 8443055880
1075686 300 2.63484811237928 9159100170
1075986 300 2.538036874451273 8718646800
1076286 300 2.6259350307287095 8443055880
1076586 300 2.583171202809482 8429932500
1076886 300 2.57572783143108 8429932500
1077186 300 2.5725513608428443 8357753910
1077486 300 2.5361878841088674 8304440190
1077786 300 2.599006145741879 8298698730
1078086 300 2.4544530289727833 8284755120
1078386 300 2.6181597892888497 8286395550
1078686 300 2.5710342405618967 8292137040
1078986 300 2.5682844600526775 8292137040
1079286 300 2.5809429323968396 8285575350
1079586 300 2.5532554872695346 8285575350
1079886 300 2.656988586479368 9250143600
1080186 300 2.5724091308165056 9099224760
1080486 300 2.6013766461808605 8810510460
1080786 300 2.5753011413520634 8803948770
1081086 300 2.5871062335381914 8811330660
1081386 300 2.5355241439859526 8823633840
1081686 300 2.5984846356453026 8810510460
1081986 300 2.6055961369622476 8863003950
1082286 300 2.6118542581211592 9565104660
1082586 300 2.5491782265144867 9118909830
1082886 300 2.572124670763828 8863003950
1083186 300 2.6353222124670763 8837577420
1083486 300 2.6491659350307284 8732590410
1083786 300 2.575443371378402 8739152100
1084086 300 2.476119402985075 8739152100
1084386 300 2.5022423178226516 8732590410
1084686 300 2.5555785776997366 8955687810
1084986 300 2.5862054433713784 9492926100
1085286 300 2.4990184372256365 8981114370
1085586 300 2.4818086040386302 8817072150
1085886 300 2.5307357330992097 8666153310
1086186 300 2.537657594381036 8495549400
1086486 300 2.5134310798946444 8417629320
1086786 300 2.4227831431079894 8410247430
1087086 300 2.560556628621598 8484066420
1087386 300 2.6448516242317823 9389579490
1087686 300 2.509733099209833 8955687810
1087986 300 2.5617892888498686 8745713790
1088286 300 2.5773871817383673 8765398830
1088586 300 2.576723441615452 8726028720
1088886 300 2.595640035118525 8640726750
1089186 300 2.576770851624232 8627603370
1089486 300 2.6421018437225636 8594794920
1089786 300 2.67595258999122 9172223550
1090086 300 2.693115013169447 8726028720
1090386 300 2.518172080772608 8358574140
1090686 300 2.514426690079017 8352012450
1090986 300 2.442790166812994 8338889070
1091286 300 2.459762949956102 8345450760
1091586 300 2.4859806848112385 8358574140
1091886 300 2.505229148375768 8502931290
1092186 300 2.5879596136962246 9257525520
1092486 300 2.550742756804214 8851521000
1092786 300 2.612802458296752 8661232020
1093086 300 2.5806584723441617 8909756010
1093386 300 2.5406918349429324 8482426020
1093686 300 2.5683318700614572 8476684530
1093986 300 2.5426356453028975 8443876080
1094286 300 2.553065847234416 8451258000
1094586 300 2.563258999122037 8436494190
1094886 300 2.5472818261633012 8306080620
1095186 300 2.547187006145742 8206835070
1095486 300 2.5574749780509216 8161723470
1095786 300 2.5365197541703246 8160903270
1096086 300 2.6056435469710273 8154341580
1096386 300 2.598247585601405 8147779890
1096686 300 2.610194907813872 8403685740
1096986 300 2.643144863915716 8449617570
1097286 300 2.609578577699737 8207655300
1097586 300 2.6344214223002633 8201093610
1097886 300 2.567857769973661 8207655300
1098186 300 2.5395539947322217 8201093610
1098486 300 2.485553994732221 8201093610
1098786 300 2.4547848990342405 8201093610
1099086 300 2.60275153643547 8581671540
1099386 300 2.5770553116769093 9264087210
1099686 300 1.191640035118525 8752275480
1099986 300 0.7576962247585601 8746533990
1100286 300 0.7435206321334504 8739972300
1100586 300 0.7341334503950835 8733410610
1100886 300 0.7397278314310799 8706343650
1101186 300 0.745891132572432 8621041680
1101486 300 0.7735311676909571 8804768970
1101786 300 0.8250184372256366 9441252810
1102086 300 0.7513432835820897 9047551470
1102386 300 0.7399648814749781 8844959310
1102686 300 0.7680316066725199 8831835930
1102986 300 0.7402967515364355 8753915880
1103286 300 0.744611062335382 8477504730
1103586 300 0.7323792800702371 8359394340
1103886 300 0.7231817383669886 8365135830
1104186 300 0.784577699736611 9139415100
1104486 300 0.7768498683055312 9100044990
1104786 300 0.7367410008779632 8758837140
1105086 300 0.741387181738367 9388759290
1105386 300 0.7210008779631256 8628423600
1105686 300 0.7241299385425812 8489807910
1105986 300 0.7076312554872695 8443876080
1106286 300 0.7185829675153643 8227340370
1106586 300 0.8174328358208955 8916317700
1106886 300 0.7881808604038631 8489807910
1107186 300 0.7308621597892888 8490628110
1107486 300 0.7195785776997367 8942564430
1107786 300 0.7371676909569799 8615300220
1108086 300 0.7341334503950835 8536559940
1108386 300 0.7118507462686567 8338889070
1108686 300 0.7228498683055311 8345450760
1108986 300 0.7557050043898156 8747354190
1109286 300 0.7603511852502195 8536559940
1109586 300 0.7040280948200176 8523436560
1109886 300 0.720811237928007 8516874870
1110186 300 0.7108551360842845 8456999460
1110486 300 0.7136523266022827 8293777470
1110786 300 0.7165917471466199 8274912600
1111086 300 0.7291079894644426 8299518930
1111386 300 0.7858103599648816 9015563220
1111686 300 0.744611062335382 8548863120
1111986 300 0.737025460930641 8292957240
1112286 300 0.7439947322212467 8299518930
1112586 300 0.7474556628621598 8292957240
1112886 300 0.7326637401229148 8301979560
1113186 300 0.7349868305531169 8315102940
1113486 300 0.745369622475856 8322484830
1113786 300 0.7741474978050921 8617760850
1114086 300 0.8084723441615452 9214874520
1114386 300 0.772772607550483 9011462190
1114686 300 0.7341334503950835 8716186170
1114986 300 0.7454170324846356 8492268540
1115286 300 0.7477401229148376 8493088740
1115586 300 0.7325689201053556 8479145160
1115886 300 0.7454170324846356 8492268540
1116186 300 0.7847199297629499 8723568090
1116486 300 0.832793678665496 9281311620
1116786 300 0.7728200175592627 8815431720
1117086 300 0.7351290605794557 8657951190
1117386 300 0.7534293239683935 8638266120
1117686 300 0.718630377524144 8605457670
1117986 300 0.7251729587357332 8452898400
1118286 300 0.7214275680421423 8395483620
1118586 300 0.7365513608428447 8435673990
1118886 300 0.8116488147497806 9353490210
1119186 300 0.740486391571554 8887610310
1119486 300 0.7218542581211589 8571829020
1119786 300 0.7393959613696226 8572649220
1120086 300 0.7322844600526779 8571829020
1120386 300 0.7556575943810361 8525897190
1120686 300 0.7558946444249343 8336428440
1120986 300 0.7690272168568921 8191251060
1121286 300 0.8015978928884987 9241121280
1121586 300 0.7652344161545216 9045911040
1121886 300 0.773009657594381 8757196740
1122186 300 0.7591185250219491 8743253130
1122486 300 0.7720140474100088 8723568090
1122786 300 0.7338964003511853 8579210910
1123086 300 0.7525285338015802 8428292070
1123386 300 0.7720140474100088 8369236890
1123686 300 0.787043020193152 8526717420
1123986 300 0.8166742756804215 8743253130
1124286 300 0.7778454784899034 8395483620
1124586 300 0.7606356453028972 8323305060
1124886 300 0.7684108867427569 8316743370
1125186 300 0.7656136962247586 8297058300
1125486 300 0.768790166812994 8283934920
1125786 300 0.7809271290605796 8290496610
1126086 300 0.7795048287971905 8297878500
1126386 300 0.8253028972783143 8625142740
1126686 300 0.8080456540825285 9406803930
1126986 300 0.7773239683933275 8790005190
1127286 300 0.7838665496049166 8692400040
1127586 300 0.8191870061457418 8605457670
1127886 300 0.7993696224758561 8579210910
1128186 300 0.787043020193152 8350372020
1128486 300 0.7531922739244953 8264249850
1128786 300 0.7859525899912203 8179768110
1129086 300 0.850050921861282 8311001880
1129386 300 0.8474907813871818 9525734550
1129686 300 0.8560719929762951 9447814500
1129986 300 2.2553784021071115 8857262490
1130286 300 2.594549604916594 8857262490
1130586 300 2.522581211589113 8856442290
1130886 300 2.559987708516242 8844139110
1131186 300 2.481571553994732 8843318910
1131486 300 2.5289815627743635 8843318910
1131786 300 2.4878296751536437 8837577420
1132086 300 2.516180860403863 9145976790
1132386 300 2.6094363476733977 9480622920
1132686 300 2.5919894644424932 9106606650
1132986 300 2.5095434591747146 8680917090
1133286 300 2.5260895522388056 8517695100
1133586 300 2.4977383669885866 8497189800
1133886 300 2.513573309920983 8497189800
1134186 300 2.4759771729587357 8464381380
1134486 300 2.4623230904302016 8365135830
1134786 300 2.437385425812116 8372517720
1135086 300 2.4816663740122915 8995878150
1135386 300 2.4239209833187005 9369894420
1135686 300 2.3853292361720806 8937643170
1135986 300 2.3725285338015802 8931081480
1136286 300 2.3543705004389817 8924519790
1136586 253 2.4111202809482 8911396410
1136839 47 1.7831273046532046 8904834720
1136886 137 1.7234381035996489 8826094470
1137023 3 1.71689552238806 5053123350
1137026 9 1.7076505706760314 5053123350
1137035 151 1.7636892010535559 5822481390
1137186 300 1.9081000877963126 8199453180
1137486 300 2.2132309043020193 8589873660
1137786 300 2.253102721685689 8550503520
1138086 300 2.2429569798068485 8969631420
1138386 300 2.095701492537313 8406146370
1138686 177 2.1714152765583847 8360214540
1138863 123 1.6871220368744513 8360214540
1138986 61 1.59988762071993 8282294490
1139047 4 1.6260105355575067 4799678130
1139051 1 1.585332748024583 4568378610
1139052 8 1.585332748024583 4568378610
1139060 1 1.585332748024583 4568378610
1139061 1 1.585332748024583 4568378610
1139062 224 1.7042370500438984 6248170950
1139286 300 2.062988586479368 8006703570
1139586 184 2.157334503950834 8020647150
1139770 116 1.486482879719052 8014085460
1139886 68 1.5026022827041263 7928783520
1139954 2 1.5715838454784898 4287046200
1139956 1 1.4814100087796316 4287046200
1139957 10 1.4814100087796316 4287046200
1139967 1 1.4814100087796316 4287866400
1139968 1 1.4814100087796316 4287866400
1139969 210 1.6046760316066728 5999646990
1140179 7 1.159401229148376 5999646990
1140186 179 1.5023652326602281 7672877640
1140365 4 1.4976242317822654 4096757220
1140369 2 1.4882370500438982 4096757220
1140371 10 1.4882370500438982 4096757220
1140381 105 1.567980684811238 4702893210
1140486 300 1.754776119402985 7958311110
1140786 300 2.0087989464442493 8381540040
1141086 300 1.896247585601405 7764741300
1141386 300 1.910707638279192 7673697870
1141686 300 1.8982388059701494 7685180820
1141986 300 1.8329078138718171 7692562710
1142286 300 1.8323863037752415 7684360590
1142586 300 1.8100087796312554 7690922280
1142886 300 1.8808393327480246 7993580190
1143186 300 1.86728007023705 8689119210
1143486 300 1.8041773485513608 8689119210
1143786 300 1.7504143985952592 8315102940
1144086 300 1.724860403863038 8092005510
1144386 300 1.6847989464442494 7888593180
1144686 300 1.7432080772607552 7750797690
1144986 300 1.7116330114135208 7783606140
1145286 300 1.7716066725197541 7777044450
1145586 300 1.759422300263389 8131375650
1145886 300 1.7386567164179105 8577570510
1146186 300 1.715710272168569 7829537970
1146486 300 1.7332519754170326 7829537970
1146786 300 1.7149043020193155 7837740090
1147086 300 1.7827480245829674 7830358170
1147386 300 1.6849411764705882 7830358170
1147686 300 1.677782265144864 7836919860
1147986 300 1.7101633011413522 7817234790
1148286 300 1.725998244073749 7823796480
1148586 300 1.7077928007023706 7817234790
1148886 300 1.6943757682177347 7810673100
1149186 300 1.7249078138718175 7830358170
1149486 300 1.7461474978050924 7830358170
1149786 300 1.9733836698858649 7817234790
1150086 300 1.7628358208955226 7810673100
1150386 300 2.070194907813872 8722747860
1150686 300 1.8266971027216856 9208312830
1150986 300 1.751978928884987 8669434140
1151286 300 1.637009657594381 8519335500
1151586 300 1.6725671641791047 8511953610
1151886 300 1.6324582967515364 8439775020
1152186 300 1.6231185250219493 8243744580
1152486 300 1.615580333625988 8119072500
1152786 300 1.6096540825285337 8124813960
1153086 300 1.6533187006145744 8977833510
1153386 300 1.6176663740122914 8859723120
1153686 300 1.5923494293239684 8485706850
1153986 300 1.6427462686567162 8479965390
1154286 300 1.6701966637401229 8708804280
1154586 300 1.6142054433713784 8282294490
1154886 300 1.621838454784899 7967333430
1155186 300 1.6500474100087796 7935345210
1155486 300 1.6788252853380161 7968153630
1155786 300 1.583768217734855 8460280320
1156086 300 1.6072835820895524 8348731590
1156386 300 1.5629552238805973 8191251060
1156686 300 1.1392519754170327 4202564430
1156986 69 1.1662282704126428 4202564430
1157055 231 1.4925987708516244 8157622410
1157286 107 1.0743002633889376 4091015730
1157393 193 1.5157348551360843 8157622410
1157586 300 1.543943810359965 7987018500
1157886 300 1.518626865671642 7966513230
1158186 300 1.6317945566286218 8669434140
1158486 300 1.5878928884986832 9593812050
1158786 300 1.5237471466198418 8834296590
1159086 300 1.5328972783143109 8767859490
1159386 300 1.5780316066725195 8670254340
1159686 300 1.5821562774363476 8578390710
1159986 300 1.6035856014047412 8506212120
1160286 300 1.6547884108867428 8250306270
1160586 300 1.6069517120280947 8185509600
1160886 300 1.6000772607550484 8205194670
1161186 300 1.608089552238806 9294435000
1161486 300 1.7799034240561897 8860543320
1161786 131 0.9537840210711152 4423201230
1161917 169 1.1810676031606673 8552964180
1162086 300 0.851188762071993 9037708920
1162386 300 0.7977576821773487 8722747860
1162686 300 0.7684108867427569 8571829020
1162986 300 0.7692168568920106 8289676410
1163286 300 0.7475978928884986 7987018500
1163586 300 0.7893661106233538 8177307480
1163886 282 0.5466742756804215 4446987360
1164168 18 0.8087093942054434 8446336710
1164186 300 0.7548990342405619 8315102940
1164486 300 0.7072519754170326 8321664630
1164786 300 0.7284916593503072 8112510810
1165086 300 0.7121826163301141 7987018500
1165386 300 0.709622475856014 7980456810
1165686 300 0.6977225636523267 7974715320
1165986 300 0.6693239683933274 7975535550
1166286 300 0.6965373134328359 7994400390
1166586 300 0.7088165057067604 8885969880
1166886 300 0.6920333625987709 8334788010
1167186 300 0.6831202809482002 8335608210
1167486 300 0.6780474100087797 8315923170
1167786 300 0.662971027216857 8087084250
1168086 300 0.7317155399473222 8349551820
1168386 300 0.7217594381035997 8631704430
1168686 300 0.6712677787532924 8361854970
1168986 300 0.6416365232660228 8250306270
1169286 300 0.6912273924495171 8210936130
1169586 300 0.658846356453029 8152701150
1169886 300 0.6486532045654083 8047714110
1170186 300 0.6587515364354697 8048534340
1170486 300 0.6518770851624232 8021467380
1170786 300 0.6793748902546093 8041972650
1171086 300 0.6844477611940298 8166644730
1171386 300 0.7410553116769096 8448797340
1171686 300 0.7132256365232661 8047714110
1171986 300 0.6959209833187007 8041152420
1172286 300 0.7004723441615452 8677636260
1172586 300 0.7148375768217735 8028029070
1172886 300 0.7025109745390694 8009164200
1173186 300 0.67671992976295 7996040820
1173486 300 0.6577559262510975 7981277010
1173786 300 0.6707462686567164 7974715320
1174086 300 0.6672379280070238 7973895120
1174386 300 0.7195785776997367 8519335500
1174686 300 0.7304828797190518 8046893910
1174986 300 0.6827884108867428 8006703570
1175286 300 0.6761510096575944 7987018500
1175586 300 0.7005197541703249 7973895120
1175886 300 0.6708410886742757 7967333430
1176186 300 0.6929815627743635 7973895120
1176486 300 0.6719789288849869 7974715320
1176786 300 0.6674275680421422 7967333430
1177086 300 0.6888568920105356 7987018500
1177386 300 0.6966321334503951 8014085460
1177686 300 0.7561791044776119 8788364760
1177986 300 0.7315258999122037 8257688160
1178286 300 0.690990342405619 8007523770
1178586 300 0.6898999122036875 7994400390
1178886 300 0.68828797190518 8007523770
1179186 300 0.6687550482879719 7993580190
1179486 300 0.6541527655838455 7987838700
1179786 300 0.673496049165935 7981277010
1180086 300 0.6535838454784899 7974715320
1180386 300 0.6676172080772608 7968153630
1180686 300 0.6960632133450395 8808049830
1180986 300 0.6488428446005268 8296238100
1181286 300 0.6378911325724319 7974715320
1181586 300 0.6394082528533802 7987838700
1181886 300 0.6181685689201054 7994400390
1182186 300 0.6119104477611941 7988658930
1182486 300 0.6086391571553995 7987018500
1182786 300 0.6090184372256366 7987018500
1183086 300 0.5849815627743635 7974715320
1183386 300 0.6161773485513609 8020647150
1183686 300 0.6412572431957858 8402865540
1183986 300 0.5755469710272169 8132195880
1184286 300 0.5699525899912204 7974715320
1184586 300 0.5776804214223002 7973895120
1184886 300 0.5706637401229149 7966513230
1185186 300 0.5764477611940299 7987018500
1185486 300 0.5821843722563652 7973074920
1185786 300 0.5667287093942055 7967333430
1186086 300 0.5662071992976294 7975535550
1186386 300 0.5535013169446883 7975535550
1186686 300 0.5625566286215979 7968973860
1186986 300 0.5956962247585602 8717006400
1187286 300 0.5721808604038632 8526717420
1187586 300 0.5516997366110623 7988658930
1187886 300 0.5593801580333626 7982097240
1188186 300 0.5498981562774364 7974715320
1188486 300 0.5540228270412644 7963232370
1188786 300 0.5523634767339772 7969794060
1189086 300 0.536196663740123 7963232370
1189386 300 0.5440193151887621 7963232370
1189686 300 0.551225636523266 8055916230
1189986 300 0.6039929762949956 9099224760
1190286 300 0.5566777875329236 8495549400
1190586 300 0.5363388937664619 8016546090
1190886 300 0.5542124670763828 8009164200
1191186 300 0.5353432835820896 8009164200
1191486 300 0.5376663740122914 8003422710
1191786 300 0.5400368744512731 7996861020
1192086 300 0.5257664618086041 7983737670
1192386 300 0.543260755048288 8002602510
1192686 300 0.5312660228270413 8014085460
1192986 300 0.5376189640035118 8001782310
1193286 300 0.5919034240561897 8666153310
1193586 300 0.5827058823529412 8771140320
1193886 300 0.5359596136962248 8009164200
1194186 300 0.5415065847234417 8016546090
1194486 300 0.550846356453029 8015725890
1194786 300 0.5201720807726076 7983737670
1195086 300 0.5179912203687446 7983737670
1195386 300 0.5480017559262511 7977175980
1195686 300 0.534395083406497 7969794060
1195986 300 0.5647848990342406 8186329800
1196286 300 0.6058419666374013 8493908970
1196586 300 0.5391834942932396 8041972650
1196886 300 0.5210254609306408 8041152420
1197186 300 0.5496611062335383 8015725890
1197486 300 0.666811237928007 8002602510
1197786 300 0.5084618086040387 8015725890
1198086 300 0.5644530289727832 8009164200
1198386 300 0.5714697102721686 8009984400
1198686 300 0.5550184372256366 8014905690
1198986 300 0.5804302019315188 8023107780
1199286 300 0.6039929762949956 8928620850
1199586 300 0.5958858647936787 9051652530
1199886 300 0.5668235294117647 8671074570
1200186 300 0.575404741000878 8666153310
1200486 300 0.5720860403863037 8324945490
1200786 300 0.5610869183494294 8095286370
1201086 300 0.5782967515364354 8009984400
1201386 300 0.5699051799824407 8029669470
1201686 300 0.5728920105355575 8029669470
1201986 300 0.5728920105355575 8029669470
1202286 300 0.552647936786655 8029669470
1202586 300 0.6205864793678666 8653029930
1202886 300 0.6076435469710273 9413365620
1203186 300 0.6038033362598771 9085281180
1203486 300 0.5868779631255487 8685018150
1203786 300 0.5933257243195786 8587413030
1204086 300 0.5807146619841967 8416809120
1204386 300 0.5882054433713785 8166644730
1204686 300 0.5695258999122037 8016546090
1204986 300 0.6104881474978052 8016546090
1205286 300 0.5836066725197542 8016546090
1205586 300 0.5957910447761194 8023107780
1205886 300 0.6286935908691835 8803128540
1206186 300 0.5941316944688323 8318383800
1206486 300 0.577064091308165 8035410960
1206786 300 0.5983511852502195 8048534340
1207086 300 0.598920105355575 8048534340
1207386 300 0.5824214223002634 8041972650
1207686 300 0.5844126426690079 8042792850
1207986 300 0.5952221246707639 8041972650
1208286 300 0.5854082528533802 8042792850
1208586 300 0.601622475856014 8134656510
1208886 300 0.6606005267778754 8731770180
1209186 300 0.59057594381036 8317563570
1209486 300 0.581330992098332 8061657720
1209786 300 0.5873046532045654 8049354540
1210086 300 0.5889165935030729 8048534340
1210386 300 0.5854556628621599 8068219410
1210686 300 0.5863090430201932 8055096030
1210986 300 0.5787708516242318 8055916230
1211286 300 0.6024284460052678 8068219410
1211586 300 0.5848867427568043 8049354540
1211886 300 0.6539157155399473 8876947560
1212186 300 0.600484635645303 8678456460
1212486 300 0.5781545215100966 8680096890
1212786 300 0.5877787532923617 8573469450
1213086 300 0.5748358208955224 8187150000
1213386 300 0.5901966637401229 8036231160
1213686 300 0.5985882352941176 8037051390
1213986 300 0.5917611940298508 8063298120
1214286 300 0.6009587357330992 8069859810
1214586 300 0.6036611062335382 8056736430
1214886 300 0.6917963125548727 8607918300
1215186 300 0.6265127304653205 8607918300
1215486 300 0.6347146619841966 8056736430
1215786 300 0.6413994732221248 8062477920
1216086 300 0.6276979806848113 8063298120
1216386 300 0.6248059701492538 8063298120
1216686 300 0.6164618086040387 8082983190
1216986 300 0.6114837576821774 8069859810
1217286 300 0.5921404741000879 8063298120
1217586 300 0.6095873573309921 8108409750
1217886 300 0.6699877085162423 8797387080
1218186 300 0.6046093064091309 8239643520
1218486 300 0.5879683933274803 8075601300
1218786 300 0.5848867427568043 8075601300
1219086 300 0.586071992976295 8075601300
1219386 300 0.6069323968393328 8095286370
1219686 300 0.6107251975417034 8096106570
1219986 300 0.5793397717295874 8089544880
1220286 300 0.5852186128182617 8096106570
1220586 300 0.5753573309920983 8096106570
1220886 300 0.6415891132572431 8804768970
1221186 300 0.6274609306409131 8365135830
1221486 300 0.5970711150131695 8115791640
1221786 300 0.6167462686567164 8109229950
1222086 300 0.6091132572431958 8122353330
1222386 300 0.6021439859525901 8123173530
1222686 300 0.5901966637401229 8122353330
1222986 300 0.599963125548727 8096106570
1223286 300 0.6047041264266901 8096106570
1223586 300 0.6240474100087796 8096106570
1223886 300 0.6946409130816505 8752275480
1224186 300 0.6508340649692713 8653850130
1224486 300 0.6181211589113258 8161723470
1224786 300 0.6450500438981563 8175667050
1225086 300 0.6559069359086919 8136296910
1225386 300 0.6508340649692713 8110050180
1225686 300 0.6416839332748026 8142858600
1225986 300 0.6499332748024583 8162543670
1226286 300 0.652398595258999 8142038400
1226586 300 0.6264179104477612 8123173530
1226886 300 0.6399297629499561 8255227530
1227186 300 0.6950676031606673 8794106220
1227486 300 0.6448604038630379 8294597670
1227786 300 0.6235258999122038 8156802210
1228086 300 0.6252800702370501 8149420290
1228386 300 0.6354258121158911 8149420290
1228686 300 0.6671431079894645 8155161780
1228986 300 0.663729587357331 8162543670
1229286 300 0.6224354697102722 8148600090
1229586 300 0.6253748902546092 8128915020
1229886 300 0.625801580333626 8109229950
1230186 300 0.7072993854258122 8988496260
