1768140 300 0.8364916593503072 12903363900
1768440 300 0.8543178226514487 12883678830
1768740 300 0.8715750658472344 13467669120
1769040 300 0.8890693590869183 13487354190
1769340 300 0.9069429323968393 13238010030
1769640 300 0.894900790166813 12818882130
1769940 300 0.889116769095698 12839387430
1770240 300 0.822790166812994 12826264050
1770540 300 0.8117910447761194 12826264050
1770840 300 0.8545548726953469 12957497820
1771140 300 0.8853239683933275 13174033560
1771440 300 0.8573994732221248 13016553030
1771740 300 0.8207515364354697 12838567200
1772040 300 0.8373450395083406 12832005510
1772340 300 0.8049640035118524 12818061930
1772640 300 0.811601404741001 12798376860
1772940 300 0.8207515364354697 12804938550
1773240 300 0.8077137840210712 12804938550
1773540 300 0.8563090430201933 13114978350
1773840 300 0.8525636523266023 13159269750
1774140 300 0.8187603160667253 12798376860
1774440 300 0.8092309043020193 13119899610
1774740 300 0.8341685689201055 12818061930
1775040 300 0.8325566286215978 12826264050
1775340 300 0.8000807726075506 12827084250
1775640 300 0.8018823529411764 12950936130
1775940 300 0.8598173836698858 12970621200
1776240 300 0.8672133450395083 12819702360
1776540 300 0.8307076382791923 12825443820
1776840 300 0.851188762071993 12826264050
1777140 300 0.8363494293239684 12827904480
1777440 300 0.8053906935908692 12819702360
1777740 300 0.8018823529411764 12833645940
1778040 300 0.8106057945566287 12853331010
1778340 300 0.8557875329236173 14533123350
1778640 300 0.8471115013169448 14762782470
1778940 300 0.8451676909569799 13411074570
1779240 300 0.8168165057067603 12865634190
1779540 300 0.8061018437225638 12859072500
1779840 300 0.8271992976294995 12852510810
1780140 300 0.8287638279192275 12840207630
1780440 300 0.619638279192274 7557227880
1780740 131 0.6556698858647938 7563789570
1780871 6 0.6557172958735733 7564609770
1780877 13 0.6556698858647938 7564609770
1780890 1 0.6556698858647938 7564609770
1780891 149 0.6630184372256366 7935345210
1781040 21 0.5923301141352064 8022287580
1781061 279 0.665910447761194 10679771580
1781340 300 0.8900175592625109 12937812750
1781640 300 0.8393836698858649 12635975070
1781940 300 0.8427023705004391 12533448690
1782240 300 0.8125496049165934 12545751840
1782540 300 0.8026409130816508 12539190150
1782840 300 0.8376294995610185 12546572070
1783140 300 0.8346426690079016 12547392270
1783440 300 0.8707690956979808 13151067630
1783740 300 0.8512361720807726 13196999460
1784040 300 0.8119332748024582 12573639030
1784340 300 0.8445513608428447 12567077340
1784640 300 0.8147304653204566 12560515650
1784940 300 0.8400000000000001 12593324100
1785240 300 0.822647936786655 12626132520
1785540 300 0.8425601404741002 12606447480
1785840 300 0.8485338015803335 12613009170
1786140 300 0.8236909569798069 12580200720
1786440 300 0.8131659350307286 12571998600
1786740 300 0.8252554872695348 12585121980
1787040 300 0.7842932396839333 12585121980
1787340 300 0.8001281826163301 12571998600
1787640 300 0.8353538191395962 12565436910
1787940 300 0.8374398595258999 12559695420
1788240 300 0.833315188762072 12559695420
1788540 300 0.8060070237050044 12579380490
1788840 300 0.8153467954345918 12579380490
1789140 300 0.8098472344161545 12571178400
1789440 300 0.8446935908691835 13352019360
1789740 300 0.825350307287094 13720294140
1790040 300 0.7890342405618965 13228167480
1790340 300 0.7862370500438982 13201100520
1790640 300 0.7637172958735734 12958318020
1790940 300 0.7795048287971905 12761467380
1791240 300 0.7915469710272168 12603986820
1791540 300 0.8037313432835822 12578560290
1791840 300 0.804395083406497 14213241030
1792140 300 0.8225531167690958 14227184610
1792440 300 0.7708287971905179 12690108990
1792740 300 0.7386374012291484 12670423920
1793040 300 0.7510114135206322 12657300570
1793340 300 0.7506321334503951 12637615500
1793640 300 0.7592133450395084 12644177190
1793940 300 0.7607778753292362 12636795270
1794240 300 0.7647129060579457 12637615500
1794540 300 0.8291905179982442 13228167480
1794840 300 0.8070500438981563 13228167480
1795140 300 0.7987058823529412 12637615500
1795440 300 0.742809482001756 12644177190
1795740 300 0.7343705004389816 12631053810
1796040 300 0.7351290605794557 12604807050
1796340 300 0.7513432835820897 12598245360
1796640 300 0.7537611940298506 12597425160
1796940 300 0.7686005267778753 12617110200
1797240 300 0.7991799824407374 13425018150
1797540 300 0.8396207199297631 12978823320
1797840 300 0.6986233538191396 12715535550
1798140 300 0.7621053555750659 13359401280
1798440 300 0.7772765583845479 12735220620
1798740 300 0.7549464442493415 12736861020
1799040 300 0.7708762071992977 12730299330
1799340 300 0.770449517120281 12730299330
1799640 300 0.7975206321334505 13005890280
1799940 300 0.8070026338893767 12992766900
1800240 300 0.8022142230026339 12756546090
1800540 300 0.7642388059701494 12776231160
1800840 300 0.7785566286215979 12769669470
1801140 300 0.7617734855136085 12769669470
1801440 300 0.7802633889376646 12769669470
1801740 300 0.7785566286215979 12770489700
1802040 300 0.789745390693591 12874656510
1802340 300 0.8335996488147499 13419276690
1802640 300 0.8087568042142229 13406973510
1802940 300 0.7821123792800702 13210122840
1803240 300 0.8116488147497806 13072327380
1803540 300 0.7934433713784023 12822162990
1803840 300 0.7987532923617209 12723737670
1804140 300 0.8134503950834064 12677805840
1804440 300 0.8372976294995611 12690929220
1804740 300 0.8615715539947322 13471770180
1805040 300 0.8482967515364355 13064945490
1805340 300 0.8463055311676909 12665502660
1805640 300 0.8111747146619842 12685187730
1805940 300 0.8299964881474979 15400906710
1806240 300 0.8261562774363477 13000148790
1806540 266 0.6002949956101844 7622024550
1806806 4 0.6002949956101844 7622024550
1806810 11 0.6002949956101844 7623664980
1806821 1 0.6002949956101844 7623664980
1806822 18 0.6436277436347674 7920581400
1806840 154 0.6097769973661107 7991939760
1806994 146 0.6806075504828797 9456836820
1807140 300 0.7521018437225637 12152870730
1807440 300 0.8416119402985075 15204876270
1807740 300 0.809420544337138 12763928010
1808040 300 0.8317980684811238 12711434490
1808340 300 0.8296172080772607 12619570860
1808640 300 0.8850395083406498 12613009170
1808940 300 0.871906935908692 12613009170
1809240 300 0.8732818261633012 12626132520
1809540 300 0.9029130816505708 14156646450
1809840 300 0.8953748902546094 14734075080
1810140 300 0.8833327480245831 13979480850
1810440 300 0.9053309920983319 12923869170
1810740 300 0.8967971905179983 12916487280
1811040 300 0.9013485513608428 12923048970
1811340 300 0.9127269534679543 12903363900
1811640 300 0.935531167690957 12699951540
1811940 300 0.8955171202809482 12581841120
1812240 300 0.9298893766461809 12581841120
1812540 300 0.9681018437225637 13206021780
1812840 300 0.9585250219490781 13192898400
1813140 300 0.9344407374890255 12576099660
1813440 300 0.8863195785776997 12569537970
1813740 300 0.8888323090430201 12589223040
1814040 300 0.8969394205443371 12603986820
1814340 300 0.8879315188762071 12576099660
1814640 300 0.8992151009657594 12576099660
1814940 300 0.9300790166812993 12582661350
1815240 300 0.9743599648814749 13402872450
1815540 300 0.9245794556628623 13730956890
1815840 300 0.9293204565408253 13324132200
1816140 300 0.9239631255487271 13180595250
1816440 300 0.9250061457418788 13128101730
1816740 300 0.9368586479367867 13135483620
1817040 300 0.9410781387181738 12996867960
1817340 300 0.9176575943810361 12944374440
1817640 300 0.9442546093064091 12958318020
1817940 300 0.9711834942932398 13771147230
1818240 300 0.9399402985074627 13252773810
1818540 300 0.9280877963125549 12937812750
1818840 300 0.9106883230904301 12938632980
1819140 300 0.8884056189640035 12931251060
1819440 300 0.862899034240562 12904184100
1819740 300 0.9327813871817385 12747523770
1820040 300 0.9227304653204567 12733580190
1820340 300 0.8980772607550483 12735220620
1820640 300 0.9278033362598771 12991126470
1820940 300 0.9155241439859526 13260155730
1821240 300 0.8694890254609307 12814781100
1821540 300 0.8785443371378403 12808219410
1821840 300 0.8588691834942932 12808219410
1822140 300 0.8599596136962246 12808219410
1822440 300 0.8459262510974539 12808219410
1822740 300 0.8364916593503072 12781152420
1823040 300 0.8727129060579455 13542308340
1823340 300 0.8905864793678666 13740799440
1823640 300 0.8564512730465321 13516881810
1823940 300 0.850050921861282 13320851340
1824240 300 0.8465425812115891 13149427230
1824540 300 0.863420544337138 12978823320
1824840 300 0.8583950834064971 12828724680
1825140 300 0.857352063213345 12802477920
1825440 300 0.8659332748024583 12809859810
1825740 300 0.8909657594381036 13643194320
1826040 300 0.870342405618964 13899100170
1826340 300 0.8524214223002634 13399591620
1826640 300 0.8537963125548726 13215864330
1826940 300 0.836254609306409 13188797340
1827240 300 0.8281949078138717 12925509600
1827540 300 0.8388147497805092 12715535550
1827840 300 0.8446935908691835 12663042030
1828140 300 0.8397155399473222 12663862230
1828440 300 0.8929569798068481 13128921930
1828740 300 0.8902071992976296 13227347280
1829040 300 0.8852291483757682 12958318020
1829340 300 0.8828586479367867 12905824530
1829640 300 0.8698208955223882 12886959660
1829940 300 0.8804407374890254 12827904480
1830240 300 0.874324846356453 12683547300
1830540 300 0.8795399473222125 12631053810
1830840 300 0.8827638279192274 12637615500
1831140 300 0.9124899034240561 13340536410
1831440 300 0.8548867427568042 13228987710
1831740 300 0.8564038630377523 12663862230
1832040 300 0.8494820017559263 12665502660
1832340 300 0.8338841088674276 12658940970
1832640 300 0.8384828797190518 12652379280
1832940 300 0.6226725197541703 7544104500
1833240 32 0.5995364354697102 7543284300
1833272 268 0.8343107989464442 12650738880
1833540 300 0.8281949078138717 12650738880
1833840 300 0.8610026338893767 12651559080
1834140 300 0.8816259877085163 13492275480
1834440 300 0.8682563652326603 13459467030
1834740 300 0.8396681299385426 13020654090
1835040 300 0.8315610184372256 12960778680
1835340 300 0.8224582967515365 12921408540
1835640 300 0.8430816505706761 12868915020
1835940 300 0.857636523266023 12822983190
1836240 300 0.8417541703248463 12829544880
1836540 300 0.8906338893766461 13466028720
1836840 300 0.881910447761194 13531645590
1837140 300 0.8519947322212469 13000969020
1837440 300 0.844503950834065 12889420290
1837740 300 0.825350307287094 13892538480
1838040 300 0.8345478489903424 12980463720
1838340 133 0.3183476733977173 2480121120
1838473 57 0.5144828797190518 7613822460
1838530 110 0.8208463564530291 12941913810
1838640 300 0.8200403863037752 12935352120
1838940 300 0.8118384547848989 12836926800
1839240 300 0.8474907813871818 13578397620
1839540 300 0.8334100087796312 13073147580
1839840 300 0.8185706760316066 13052642310
1840140 300 0.8091834942932398 13053462510
1840440 300 0.7900772607550482 12915667050
1840740 300 0.8117910447761194 12718816380
1841040 300 0.5993467954345917 7570351260
1841340 44 0.6020491659350307 7570351260
1841384 256 0.7960983318700614 12712254690
1841640 300 0.7972361720807726 12731119560
1841940 300 0.8773116769095699 14044277550
1842240 300 0.8701053555750659 15074462700
1842540 300 0.8400000000000001 14464225620
1842840 300 0.8329359086918349 13394670330
1843140 300 0.8135452151009659 13315930080
1843440 300 0.8061492537313433 13315109880
1843740 300 0.8025460930640914 13320851340
1844040 300 0.7775610184372256 13314289650
1844340 300 0.7920210711150132 13223246220
1844640 300 0.8401896400351185 12927970230
1844940 300 0.8673081650570675 13625149650
1845240 300 0.8190921861281826 14017210590
1845540 300 0.8013608428446005 13486533990
1845840 300 0.7935381913959613 13486533990
1846140 300 0.8158208955223881 13361861910
1846440 300 0.795244951712028 13224886650
1846740 300 0.7892238805970149 12856611870
1847040 300 0.7876593503072871 12830365110
1847340 300 0.8189025460930641 12830365110
1847640 300 0.8445513608428447 13126461300
1847940 300 0.8619508340649694 13525083900
1848240 300 0.8252080772607551 13185516510
1848540 300 0.8415171202809482 12863173530
1848840 300 0.86830377524144 14943228930
1849140 300 0.828574187884109 12876296910
1849440 300 0.833172958735733 12882858600
1849740 300 0.8189025460930641 12876296910
1850040 300 0.8243072870939421 12863993760
1850340 300 0.8476804214223004 13361861910
1850640 300 0.8707690956979808 14136961410
1850940 300 0.8874574187884108 12883678830
1851240 300 0.8585373134328359 12877117140
1851540 300 0.8202774363476734 12877117140
1851840 300 0.8472063213345041 12877117140
1852140 300 0.8235961369622475 12871375650
1852440 300 0.8327462686567165 12863173530
1852740 300 0.8323669885864795 12863173530
1853040 300 0.822505706760316 12863993760
1853340 300 0.8666918349429323 13447163850
1853640 300 0.8605285338015803 13519342440
1853940 300 0.8660280948200176 12915667050
1854240 148 0.84772783143108 12903363900
1854388 152 0.833315188762072 12903363900
1854540 300 0.81686391571554 12882858600
1854840 300 0.8373924495171203 12882858600
1855140 300 0.8331255487269535 12882858600
1855440 300 0.8279104477611939 12877117140
1855740 300 0.83871992976295 12850050180
1856040 204 0.879208077260755 13860550260
1856244 96 0.8503827919227394 13578397620
1856340 284 0.8286215978928885 13841685390
1856624 16 0.8354486391571555 13743260070
1856640 53 0.8467322212467078 13506219060
1856693 247 0.8380087796312556 13506219060
1856940 300 0.8216997366110624 13506219060
1857240 300 0.8466848112379279 13500477570
1857540 300 0.8281949078138717 13369243800
1857840 300 0.8370605794556629 13198639890
1858140 300 0.8561194029850746 13165831440
1858440 300 0.8490079016681299 13172393130
1858740 300 0.869963125548727 13552971090
1859040 300 0.8462107111501316 13080529500
1859340 300 0.8386725197541703 12962419080
1859640 300 0.8054855136084286 12962419080
1859940 300 0.8131185250219491 12976362690
1860240 300 0.8197559262510975 12976362690
1860540 300 0.8286690079016681 12976362690
1860840 300 0.8314661984196663 12977182890
1861140 300 0.8675452151009657 13541488140
1861440 300 0.8618560140474101 13154348490
1861740 300 0.7972361720807726 12988665840
1862040 300 0.8026409130816508 12969801000
1862340 300 0.7907884108867428 12839387430
1862640 300 0.7905513608428446 12826264050
1862940 300 0.79244776119403 12826264050
1863240 300 0.8106057945566287 12825443820
1863540 300 0.817385425812116 12840207630
1863840 300 0.8520895522388059 14723412330
1864140 300 0.8443617208077261 14775905850
1864440 300 0.8507146619841967 14022131850
1864740 300 0.8245917471466198 12893521350
1865040 300 0.8495768217734856 12893521350
1865340 300 0.8214626865671643 12886139460
1865640 300 0.8028305531167691 12886139460
1865940 300 0.7964776119402985 12878757570
1866240 300 0.8105109745390695 12873016080
1866540 300 0.8129288849868305 12872195880
1866840 300 0.8552186128182617 13154348490
1867140 300 0.8584899034240563 13534926450
1867440 300 0.8015504828797192 13088731590
1867740 300 0.7850992098331872 12859072500
1868040 300 0.7907884108867428 12853331010
1868340 300 0.8073819139596137 12846769320
1868640 300 0.8001281826163301 12840207630
1868940 300 0.7913573309920985 12833645940
1869240 300 0.8205618964003512 12846769320
1869540 300 0.8462581211589114 13640733690
1869840 300 0.8423705004389815 13214223900
1870140 300 0.7863318700614575 12859892700
1870440 300 0.7861896400351185 12859892700
1870740 300 0.7865689201053557 12859072500
1871040 300 0.7851466198419667 12859892700
1871340 300 0.7988955223880597 12859892700
1871640 300 0.7904565408252853 12853331010
1871940 300 0.8436979806848113 13411074570
1872240 300 0.8314187884108868 13397951190
1872540 300 0.816721685689201 12827084250
1872840 300 0.8112221246707638 12827084250
1873140 300 0.8030676031606673 12813960870
1873440 300 0.7986584723441615 12807399180
1873740 300 0.815963125548727 12807399180
1874040 300 0.8281000877963126 12807399180
1874340 300 0.7962405618964004 12802477920
1874640 300 0.831276558384548 12795096030
1874940 300 0.8057699736611063 12787714110
1875240 300 0.8080930640913082 12781972650
1875540 300 0.7951027216856892 12781972650
1875840 300 0.8151097453906936 12775410960
1876140 300 0.8111747146619842 12775410960
1876440 300 0.8090412642669009 12775410960
1876740 300 0.805153643546971 12775410960
1877040 300 0.8103687445127306 12775410960
1877340 300 0.8155838454784899 12775410960
1877640 300 0.7878489903424056 12787714110
1877940 300 0.8248287971905179 12776231160
1878240 300 0.8181439859525901 12775410960
1878540 300 0.8029253731343284 12774590730
1878840 300 0.8055329236172081 12774590730
1879140 300 0.7960509218612819 12775410960
1879440 300 0.7783195785776997 12775410960
1879740 300 0.8065285338015803 12775410960
1880040 300 0.7976628621597893 12775410960
1880340 300 0.7741474978050921 12775410960
1880640 300 0.7997963125548728 12774590730
1880940 300 0.7833924495171204 12774590730
1881240 300 0.8032572431957858 12774590730
1881540 300 0.7850992098331872 12768849270
1881840 300 0.788323090430202 12769669470
1882140 300 0.8130711150131696 13817899290
1882440 300 0.8030676031606673 14395327890
1882740 300 0.8229323968393328 12853331010
1883040 300 0.8151097453906936 12853331010
1883340 300 0.830755048287972 12853331010
1883640 300 0.8769323968393329 13988503200
1883940 300 0.9005899912203688 14073805140
1884240 300 0.9113994732221246 12945194670
1884540 300 0.8616189640035119 12932071290
1884840 300 0.8382458296751538 12932891490
1885140 300 0.8729499561018437 12933711690
1885440 300 0.8395258999122037 12919768110
1885740 300 0.8466374012291484 12926329800
1886040 300 0.8476804214223004 12920588310
1886340 300 0.9083652326602284 13215044100
1886640 300 0.9186532045654083 13595622060
1886940 300 0.8579209833187007 13129742160
1887240 300 0.8794925373134328 12900083040
1887540 300 0.876505706760316 12893521350
1887840 300 0.8685882352941178 12893521350
1888140 300 0.8913450395083407 12900083040
1888440 300 0.897982440737489 12900083040
1888740 300 0.9298419666374012 13044440190
1889040 300 0.9655417032484637 13333154520
1889340 300 0.9143863037752415 12939453180
1889640 300 0.8949482001755926 12965699940
1889940 300 0.9179894644424934 12958318020
1890240 300 0.9242949956101845 12951756330
1890540 300 0.91713608428446 12958318020
1890840 300 0.9177050043898157 12959138250
1891140 300 0.9144811237928008 12978003090
1891440 300 0.9805706760316067 13791652530
1891740 300 0.9441123792800703 13233908970
1892040 300 0.8901123792800703 12932891490
1892340 300 0.9214029850746269 12932891490
1892640 300 0.9549218612818262 12932891490
1892940 300 0.9191747146619843 12932891490
1893240 300 0.937854258121159 12939453180
1893540 300 0.9564863915715541 12939453180
1893840 300 0.9411729587357331 12932891490
1894140 300 1.054482879719052 14633189130
1894440 300 1.037130816505707 14902218360
1894740 300 1.0019525899912205 13924526730
1895040 300 0.9598999122036875 12965699940
1895340 300 0.9567234416154523 12959138250
1895640 300 0.9602791922739247 12959138250
1895940 300 0.9690974539069359 12953396760
1896240 300 0.9578612818261634 12952576560
1896540 300 0.9341088674275679 12952576560
1896840 300 0.9451553994732222 12959138250
1897140 300 0.982846356453029 13765405770
1897440 300 0.9903845478489904 13240470660
1897740 300 0.9913801580333627 12958318020
1898040 300 0.9990131694468832 12958318020
1898340 300 0.9866391571553994 12952576560
1898640 300 1.0139947322212466 12953396760
1898940 300 1.0154644424934154 12959138250
1899240 300 1.0143266022827042 13083810330
1899540 300 1.0619736611062336 13372524630
1899840 300 1.0085425812115894 12965699940
1900140 300 1.0207743634767341 12965699940
1900440 300 1.0532502194907813 13562813610
1900740 300 1.0416821773485516 12972261630
1901040 300 1.0266057945566287 12978823320
1901340 300 1.014990342405619 12972261630
1901640 300 1.048414398595259 12978823320
1901940 300 1.064628621597893 13516881810
1902240 300 1.0644389815627744 12972261630
1902540 300 1.0183564530289728 12972261630
1902840 300 1.0385531167690956 12972261630
1903140 300 1.0158437225636523 13622689020
1903440 300 1.045996488147498 12979643520
1903740 300 1.0178823529411765 12986205210
1904040 300 1.0082581211589114 12978823320
1904340 300 1.0438156277436348 12978823320
1904640 300 1.0779034240561898 13543128540
1904940 300 1.0425355575065849 12985385010
1905240 300 1.0450008779631257 12991946700
1905540 300 0.9952203687445127 15176989080
1905840 300 1.0426303775241441 13005070080
1906140 300 1.0294503950834066 13005070080
1906440 300 1.0682791922739243 13005070080
1906740 300 1.0819332748024584 13059204000
1907040 300 1.09587181738367 14574954120
1907340 300 1.1140772607550482 13005890280
1907640 300 1.06244776119403 12992766900
1907940 300 1.0334328358208955 12999328590
1908240 300 1.0889499561018439 13005070080
1908540 300 1.0554310798946447 12992766900
1908840 300 1.070412642669008 13005890280
1909140 300 1.0560474100087798 12992766900
1909440 300 1.0869113257243197 12999328590
1909740 300 1.1180122914837576 13595622060
1910040 300 1.0911782265144865 13490635050
1910340 300 1.0604565408252855 13000148790
1910640 300 1.0523020193151886 12986205210
1910940 300 1.0818858647936787 12986205210
1911240 300 1.0593661106233538 12979643520
1911540 300 1.0965829675153644 12985385010
1911840 300 1.0659561018437225 12985385010
1912140 300 1.093785776997366 13024755120
1912440 300 1.1233222124670765 13733417520
1912740 300 1.099332748024583 13510320120
1913040 300 1.110426690079017 13012451970
1913340 300 1.097009657594381 13005890280
1913640 300 1.0782827041264267 12993587100
1913940 300 1.0226233538191396 13006710480
1914240 300 1.039027216856892 13000148790
1914540 300 1.0531079894644426 13006710480
1914840 300 1.0526338893766463 13039518930
1915140 300 1.0988586479367866 13787551470
1915440 300 1.0825970149253732 13275739740
1915740 300 1.0661931518876206 13000148790
1916040 300 1.1012765583845479 13288042890
1916340 300 1.03803160667252 12986205210
1916640 300 1.059603160667252 12986205210
1916940 300 1.0258946444249342 12987025410
1917240 300 1.0719771729587357 13118259210
1917540 300 1.1057805092186128 13130562360
1917840 300 1.0996646180860403 12992766900
1918140 300 1.06244776119403 12986205210
1918440 300 1.0784249341527656 12987025410
1918740 300 1.076196663740123 12987845640
1919040 300 1.078235294117647 12987025410
1919340 300 1.0659561018437225 12986205210
1919640 300 1.0839719051799825 12992766900
1919940 300 1.14854433713784 14869409910
1920240 300 1.110237050043898 15026890440
1920540 300 1.1004231782265146 13904841660
1920840 300 1.0429148375768218 13073147580
1921140 300 1.0491255487269533 13078889070
1921440 300 1.0680421422300261 13072327380
1921740 300 1.072451273046532 13065765690
1922040 300 1.0355662862159791 13051822110
1922340 300 1.015369622475856 13052642310
1922640 300 1.0670939420544339 13058383800
1922940 300 1.1174433713784022 13807236540
1923240 300 1.093785776997366 13393850130
1923540 300 1.0388375768217735 13025575350
1923840 300 1.0247568042142232 13024755120
1924140 300 1.0366093064091308 13024755120
1924440 300 1.0441000877963125 12998508390
1924740 300 1.0254679543459178 12992766900
1925040 300 1.0203002633889378 12992766900
1925340 300 1.0588920105355575 13019833860
1925640 300 1.0733046532045654 13812978000
1925940 300 1.069511852502195 13313469450
1926240 300 1.061404741000878 13031316810
1926540 300 1.0132361720807728 13425018150
1926840 300 1.021675153643547 13024755120
1927140 300 1.0695592625109747 13025575350
1927440 300 1.0479877085162423 13025575350
1927740 300 1.0785197541703249 13137124050
1928040 300 1.0822177348551363 13248672780
1928340 300 1.1559402985074625 13016553030
1928640 300 1.0890921861281826 13022294490
1928940 300 1.095350307287094 13889257650
1929240 300 1.0304460052677786 13061664630
1929540 300 1.043673397717296 13055102940
1929840 300 1.0355188762071994 13054282740
1930140 300 1.0600772607550484 13054282740
1930440 300 1.0782827041264267 13388928870
1930740 300 1.0834503950834065 13278200370
1931040 300 1.121473222124671 13073967810
1931340 300 1.0541035996488148 13067406120
1931640 300 1.0673784021071115 13808876940
1931940 300 0.9823722563652326 13074788010
1932240 300 1.0430570676031607 13068226320
1932540 300 1.0030904302019314 13060844430
1932840 300 1.0671413520632134 13073967810
1933140 300 1.0117190517998247 13676822970
1933440 300 1.076196663740123 13060024200
1933740 300 1.0392168568920108 13060024200
1934040 300 1.0789464442493415 13053462510
1934340 300 1.0561422300263388 13054282740
1934640 300 1.058702370500439 13054282740
1934940 300 1.1475013169446882 14655334830
1935240 300 1.1373081650570676 15100709460
1935540 300 1.0716927129060578 14248510110
1935840 300 1.063206321334504 13094473080
1936140 300 1.0679947322212469 13087911390
1936440 300 1.071313432835821 13087911390
1936740 300 1.046375768217735 13081349700
1937040 300 1.056379280070237 13087091190
1937340 300 0.9998191395961369 13087911390
1937640 300 1.0357559262510976 13106776230
1937940 300 1.0669991220368744 13867932150
1938240 300 1.00844776119403 13303626900
1938540 300 1.0098226514486393 13041979560
1938840 300 1.0030904302019314 13048541250
1939140 300 1.0038489903424057 13041979560
1939440 300 1.014990342405619 13048541250
1939740 300 1.0033748902546094 13068226320
1940040 300 1.0325794556628622 13140404910
1940340 300 1.0307304653204565 13901560800
1940640 300 1.024472344161545 13370064000
1940940 300 0.9979701492537315 13094473080
1941240 300 1.0389323968393327 13094473080
1941540 300 1.0354714661984197 13087091190
1941840 300 1.0043230904302018 13094473080
1942140 300 1.0225285338015804 13087091190
1942440 300 1.0539613696224759 13243751490
1942740 300 1.1186760316066726 13508679690
1943040 300 1.066714661984197 13088731590
1943340 300 1.0673784021071115 13068226320
1943640 300 1.0742054433713786 13055102940
1943940 300 1.0375100965759438 13055102940
1944240 300 1.0485092186128182 13055102940
1944540 300 1.0607884108867427 13055102940
1944840 300 1.0578964003511855 13055102940
1945140 300 1.0970570676031608 13461927660
1945440 300 1.0687058823529414 13172393130
1945740 300 1.041966637401229 13047721050
1946040 300 1.0523020193151886 13047721050
1946340 300 1.0357085162423179 13034597670
1946640 300 1.0143740122914837 13036238100
1946940 300 1.0392168568920108 13035417870
1947240 300 1.0619736611062336 13075608210
1947540 300 1.1124179104477614 13862190690
1947840 300 1.0953977172958735 13363502310
1948140 300 1.0671413520632134 13074788010
1948440 300 1.0378419666374012 13357760850
1948740 238 0.7822071992976295 7845942180
1948978 6 0.7822071992976295 7846762410
1948984 7 0.7822071992976295 7846762410
1948991 1 0.7822071992976295 7846762410
1948992 48 0.7984214223002634 8211756330
1949040 300 0.7525759438103601 8219958450
1949340 300 0.75001580333626 8219958450
1949640 300 0.7741474978050921 8338068870
1949940 300 0.8239280070237051 8227340370
1950240 300 0.7573643546971028 8221598880
1950540 300 0.7544723441615452 8228160570
1950840 300 0.7647129060579457 8227340370
1951140 300 0.7496365232660228 8227340370
1951440 300 0.7791729587357332 8227340370
1951740 300 0.7886075504828797 8227340370
1952040 300 0.7806426690079018 8233081830
1952340 300 0.8244021071115014 10182723630
1952640 300 0.7894135206321335 9547880250
1952940 300 0.7953871817383671 8248665840
1953240 300 0.8053906935908692 8248665840
1953540 300 0.7901246707638281 8249486070
1953840 300 0.7711606672519754 8242104150
1954140 300 0.8106532045654083 8228160570
1954440 300 0.7785092186128183 8228160570
1954740 300 0.8213678665496049 8221598880
1955040 300 0.8126444249341528 8221598880
1955340 300 0.8006971027216856 8221598880
1955640 300 0.7762335381913961 8221598880
1955940 300 0.809799824407375 8274092400
1956240 300 0.8684460052677787 9022945140
1956540 300 0.8176224758560142 8224059510
1956840 300 0.7850043898156278 8223239310
1957140 300 0.8180965759438104 8222419080
1957440 300 0.7998437225636524 8223239310
1957740 300 0.7752853380158035 8216677620
1958040 300 0.7957190517998244 8215857390
1958340 300 0.7926374012291484 8215857390
1958640 300 0.8228849868305532 9043450410
1958940 300 0.7943915715539949 8235542460
1959240 300 0.7857629499561019 8222419080
1959540 300 0.785241439859526 8215857390
1959840 300 0.7683634767339771 8196172320
1960140 300 0.8199455662862162 8189610630
1960440 300 0.8215100965759438 8188790430
1960740 300 0.8153467954345918 8189610630
1961040 300 0.8610500438981562 8320024200
1961340 300 0.8299490781387182 8445516510
1961640 300 0.8063863037752415 8215857390
1961940 300 0.8186654960491659 8215857390
1962240 300 0.8084723441615452 8208475500
1962540 300 0.7807374890254609 8208475500
1962840 300 0.776470588235294 8208475500
1963140 300 0.767604916593503 8209295700
1963440 300 0.7813064091308166 8217497820
1963740 300 0.8514258121158912 10049029230
1964040 300 0.8417541703248463 9944042220
1964340 300 0.8268674275680422 8224059510
1964640 300 0.8096101843722563 8217497820
1964940 300 0.8049640035118524 8217497820
1965240 300 0.7877067603160668 8217497820
1965540 300 0.787943810359965 8210936130
1965840 300 0.8112695346795435 8204374440
1966140 300 0.806718173836699 8237182890
1966440 300 0.8573994732221248 9050832300
1966740 300 0.8108428446005267 8237182890
1967040 300 0.8196136962247587 8205194670
1967340 300 0.8077611940298507 8205194670
1967640 300 0.7971413520632135 8205194670
1967940 300 0.803494293239684 8205194670
1968240 300 0.7888920105355577 8205194670
1968540 300 0.8134029850746268 8342990130
1968840 300 0.8173380158033363 8487347280
1969140 300 0.7973784021071115 8219138250
1969440 300 0.7711606672519754 8225699940
1969740 300 0.8057699736611063 8225699940
1970040 300 0.7811167690956979 8219138250
1970340 300 0.7926848112379281 8219138250
1970640 300 0.795529411764706 8225699940
1970940 300 0.82971202809482 8251946700
1971240 300 0.8673555750658474 8994237750
1971540 300 0.8430342405618965 8351192220
1971840 300 0.825492537313433 8219138250
1972140 300 0.8422282704126427 9013102590
1972440 300 0.8097050043898156 8218318020
1972740 300 0.8260140474100088 8212576560
1973040 300 0.8271518876207199 8212576560
1973340 300 0.8623301141352064 8251946700
1973640 300 0.8786865671641791 8441415450
1973940 300 0.8615241439859526 8218318020
1974240 300 0.8147304653204566 8219138250
1974540 300 0.822505706760316 8901553890
1974840 300 0.8336470588235294 8225699940
1975140 300 0.8346426690079016 8225699940
1975440 300 0.8430816505706761 8218318020
1975740 300 0.8672133450395083 8211756330
1976040 300 0.8518525021949077 8533279110
1976340 300 0.8728551360842844 8211756330
1976640 300 0.8586795434591747 8206014870
1976940 300 0.7993696224758561 8198632980
1977240 300 0.8296172080772607 8200273380
1977540 300 0.8464951712028096 8199453180
1977840 300 0.8622827041264266 8200273380
1978140 300 0.876126426690079 8200273380
1978440 300 0.8648902546093065 8226520140
1978740 300 0.9222563652326603 10017861210
1979040 300 0.886035118525022 9132033210
1979340 300 0.8866514486391572 8246205210
1979640 300 0.847348551360843 8233902030
1979940 300 0.8510465320456542 8883509250
1980240 300 0.8646057945566286 8233081830
1980540 300 0.8694416154521509 8232261630
1980840 300 0.8588217734855136 8233081830
1981140 300 0.8895434591747146 8239643520
1981440 300 0.9146233538191397 8528357820
1981740 300 0.923441615452151 8239643520
1982040 300 0.8878841088674276 8240463720
1982340 300 0.8952326602282705 8232261630
1982640 300 0.8548393327480247 8233081830
1982940 300 0.8868884986830554 8239643520
1983240 300 0.8681141352063214 8239643520
1983540 300 0.9196488147497806 8292137040
1983840 300 0.9545899912203687 8994237750
1984140 300 0.9179420544337139 8219958450
1984440 300 0.9058525021949078 8219138250
1984740 300 0.9260491659350308 8219138250
1985040 300 0.9312168568920106 8219958450
1985340 300 0.9408884986830555 8213396760
1985640 300 0.9294626865671644 8213396760
1985940 300 0.9902897278314311 8370877290
1986240 300 1.0320105355575067 8489807910
1986540 300 0.9859280070237051 8225699940
1986840 300 0.9663476733977173 8239643520
1987140 300 0.9538788410886743 8239643520
1987440 300 0.94415978928885 8239643520
1987740 300 1.025515364354697 8239643520
1988040 300 1.1046426690079019 8278193430
1988340 300 1.1611553994732222 8973732450
1988640 300 1.1923511852502195 8251946700
1988940 300 0.991474978050922 8251946700
1989240 300 1.0505478489903424 8251946700
1989540 300 1.097294117647059 8251126470
1989840 300 1.1959069359086918 8251946700
1990140 300 1.1102844600526778 8251946700
1990440 300 1.2847058823529411 8311001880
1990740 300 1.52142405618964 8954867610
1991040 300 1.3815645302897277 8265070080
1991340 300 1.3173239683933275 8265070080
1991640 300 1.4863880597014925 8271631770
1991940 300 1.3960245829675153 8297878500
1992240 300 1.661330992098332 8297878500
1992540 300 1.5977541703248463 8298698730
1992840 300 1.8538156277436348 8456179260
1993140 300 2.0959385425812114 10076916420
1993440 300 1.989929762949956 9145976790
1993740 300 1.923508340649693 8430752700
1994040 300 1.9934381035996487 8443876080
1994340 300 2.0246812993854255 8450437770
1994640 300 2.04596839332748 8449617570
1994940 300 2.0830904302019313 8449617570
1995240 300 2.0963178226514487 8443055880
1995540 300 2.0927620719929765 8449617570
1995840 300 2.1985812115891132 9204211800
1996140 300 2.169945566286216 8836757220
1996440 300 1.8558542581211588 8469302640
1996740 300 1.9190517998244072 8475864330
1997040 300 2.1541580333625987 8469302640
1997340 300 2.168855136084284 8482426020
1997640 300 2.1988182616330114 8475044100
1997940 300 2.2387374890254614 8468482410
1998240 300 2.2222388059701492 8567727960
1998540 300 2.1967322212467075 9145156590
1998840 300 2.2238981562774365 8495549400
1999140 300 2.206071992976295 8502111090
1999440 300 2.214321334503951 8502111090
1999740 300 2.1774363476733978 8515234440
2000040 300 2.233190517998244 8534919510
2000340 300 2.234043898156277 8541481200
2000640 300 2.2121878841088676 8548042890
2000940 300 2.2036066725197543 8935182540
2001240 300 2.218446005267779 8534099310
2001540 300 2.2327164179104475 8534099310
2001840 300 2.2270746268656714 8540661000
2002140 300 2.1864442493415277 8534099310
2002440 300 2.219251975417033 8541481200
2002740 300 2.2173555750658474 8553784380
2003040 300 2.239638279192274 8567727960
2003340 300 2.202231782265145 9361692330
2003640 300 2.205882352941176 8580851340
2003940 300 2.2209587357330993 8574289650
2004240 300 2.206166812993854 8575109880
2004540 300 2.2272642669007903 8575109880
2004840 300 2.229113257243196 8574289650
2005140 300 2.178953467954346 8573469450
2005440 300 2.2473187006145743 8573469450
2005740 300 2.19644776119403 8573469450
2006040 300 2.204934152765584 10371372180
2006340 300 2.2177348551360843 9893189130
2006640 300 2.2139894644424936 8600536410
2006940 300 2.179285338015803 8600536410
2007240 300 2.2125197541703248 8600536410
2007540 300 2.2092010535557502 8600536410
2007840 300 2.170087796312555 8601356610
2008140 300 2.229113257243196 8601356610
2008440 300 2.2457067603160668 8607098100
2008740 300 2.23622475856014 8666153310
2009040 300 2.193129060579456 9611036490
2009340 300 2.2028007023705003 9078719490
2009640 300 2.2166918349429325 9072157800
2009940 300 2.2247515364354697 9072978000
2010240 300 2.2318630377524147 9079539690
2010540 300 2.2266005267778755 9079539690
2010840 300 2.2296821773485513 9079539690
2011140 300 2.239069359086918 9072978000
2011440 300 2.2352765583845478 9093483300
2011740 300 2.1853538191395963 9853818990
2012040 300 2.2224758560140474 9113168340
2012340 300 2.218446005267779 9113168340
2012640 300 2.2091062335381917 9113168340
2012940 300 2.208537313432836 9113168340
2013240 300 2.2230921861281825 9112348140
2013540 300 2.1995768217734852 9112348140
2013840 300 2.256089552238806 9113168340
2014140 300 2.2574170324846357 9171403350
2014440 300 2.1966848112379282 9420747510
2014740 300 2.2174503950834064 9106606650
2015040 300 2.1998138718173834 9100044990
2015340 300 2.2386900790166813 9100044990
2015640 300 2.2286391571553996 9100044990
2015940 300 2.191991220368745 9100044990
2016240 300 2.2096751536435466 9100044990
2016540 300 2.2590289727831427 9158279970
2016840 300 2.234612818261633 9939120930
2017140 300 2.222807726075505 9125471520
2017440 300 2.2284969271290604 9125471520
2017740 300 2.225604916593503 9125471520
2018040 300 2.185401229148376 9125471520
2018340 300 2.218967515364355 9125471520
2018640 300 2.2138946444249337 9126291720
2018940 300 2.2263634767339773 9126291720
2019240 300 2.220484635645303 9164841660
2019540 300 2.2250834064969274 9807887160
2019840 300 2.2011887620719928 9112348140
2020140 300 2.2592186128182616 9112348140
2020440 300 2.195926251097454 9118909830
2020740 300 2.241202809482002 9105786450
2021040 300 2.2465601404741 9099224760
2021340 300 2.208774363476734 9106606650
2021640 300 2.2305829675153643 9107426880
2021940 300 2.2319578577699737 9107426880
2022240 300 2.1942669007901667 10268025600
2022540 300 2.2144635645302895 10504246380
2022840 300 2.2038437225636525 9145976790
2023140 300 2.2543353819139593 9152538480
2023440 300 2.2269323968393326 9139415100
2023740 300 2.259692712906058 9145156590
2024040 300 2.230345917471466 9059854620
2024340 300 2.215222124670764 8995057950
2024640 300 2.250068481123793 8844139110
2024940 300 2.2523915715539946 8825274240
2025240 300 2.2181141352063216 9598733340
2025540 300 2.2120456540825284 8785904130
2025840 300 2.239116769095698 8798207280
2026140 300 2.274010535557507 8805589200
2026440 300 2.2530079016681297 8832656160
2026740 300 2.3020772607550484 8838397620
2027040 300 2.2544776119402985 8837577420
2027340 300 2.272540825285338 8837577420
2027640 300 2.287095697980685 8922879390
2027940 300 2.2745794556628622 9224717070
2028240 300 2.275148375768218 8942564430
2028540 300 2.2862423178226514 8942564430
2028840 300 2.2610676031606673 8936822970
2029140 300 2.2774714661984197 8938463400
2029440 300 2.26718349429324 8937643170
2029740 300 2.2759543459174716 8938463400
2030040 300 2.272683055311677 9004080270
2030340 300 2.287854258121159 9337906200
2030640 300 2.2596453028972783 8951586750
2030940 300 2.2650500438981567 8950766550
2031240 300 2.3051115013169445 8944204860
2031540 300 2.272920105355575 8943384660
2031840 300 2.2678946444249344 8944204860
2032140 300 2.2633432835820897 8944204860
2032440 300 2.284914837576822 8865464610
2032740 300 2.2966725197541704 8859723120
2033040 300 2.2888024582967517 9312479640
2033340 300 2.2840614574187885 8951586750
2033640 300 2.2737734855136087 8951586750
2033940 300 2.2751957857769973 8951586750
2034240 300 2.2934486391571554 8945025090
2034540 300 2.261494293239684 8899093260
2034840 300 2.2702177348551364 8879408190
2035140 300 2.288849868305531 8879408190
2035440 300 2.286574187884109 8881048620
2035740 300 2.2779929762949958 8880228390
2036040 300 2.2779929762949958 8880228390
2036340 300 2.2653345039508337 8881048620
2036640 300 2.2984741000877964 8853981630
2036940 300 2.2755750658472342 8840858250
2037240 300 2.270028094820018 8841678480
2037540 300 2.2747690956979807 8841678480
2037840 300 2.2784196663740124 8841678480
2038140 300 2.2377892888498687 8846599740
2038440 300 2.274247585601405 8846599740
2038740 300 2.2643863037752414 8848240170
2039040 300 2.266851624231782 8847419940
2039340 300 2.267420544337138 8847419940
2039640 300 2.280742756804214 8847419940
2039940 300 2.2852467076382794 8847419940
2040240 300 2.2726356453028975 8846599740
2040540 300 2.267515364354697 8847419940
2040840 300 2.2866215978928888 8847419940
2041140 300 2.3388674275680423 10651884390
2041440 300 2.235418788410887 11124325980
2041740 300 2.2347550482879717 9470780400
2042040 300 2.255330992098332 9397781610
2042340 300 2.246702370500439 9398601810
2042640 300 2.2820702370500436 9397781610
2042940 300 2.27358384547849 9398601810
2043240 300 2.2556628621597894 9405163500
2043540 300 2.282354697102722 9399422040
2043840 300 2.228686567164179 9398601810
2044140 300 2.3007497805092187 9536397300
2044440 300 2.2880438981562774 10158937530
2044740 300 2.2920737489025464 9424848570
2045040 300 2.2555680421422304 9385478430
2045340 300 2.3135030728709394 9392040120
2045640 300 2.30700790166813 9384658230
2045940 300 2.2578437225636523 9384658230
2046240 300 2.2327164179104475 9384658230
2046540 300 2.295582089552239 9312479640
2046840 300 2.2381211589113255 9234559590
2047140 300 2.300038630377524 9497027160
2047440 300 2.260309043020193 9372355050
2047740 300 2.2917892888498685 9260806350
2048040 300 2.2925952589991216 9273929730
2048340 300 2.2439999999999998 9273929730
2048640 300 2.295345039508341 9273929730
2048940 300 2.285531167690957 9280491420
2049240 300 2.2670412642669007 9273929730
2049540 300 2.2691747146619843 9255064890
2049840 300 2.3041158911325725 9969468750
2050140 300 2.277945566286216 9542138760
2050440 300 2.2946338893766463 9241121280
2050740 300 2.280553116769096 9241941510
2051040 300 2.283445127304653 9241941510
2051340 267 2.2591237928007026 9248503200
2051607 1 2.2591237928007026 9248503200
2051608 32 2.3217998244073748 9793123350
2051640 300 2.0789657594381037 12483415800
2051940 300 1.0337172958735734 16755075270
2052240 300 0.9744073748902546 14018850990
2052540 300 0.9845057067603161 14018850990
2052840 300 0.9890096575943812 14018850990
2053140 300 0.991095697980685 14012289300
2053440 300 0.9960263388937666 13894178910
2053740 300 1.015274802458297 13835123700
2054040 300 0.9926602282704126 13854808770
2054340 300 1.027316944688323 15908617380
2054640 300 0.9807603160667253 13913863980
2054940 300 1.0230500438981562 13873673640
2055240 300 1.0415399473222124 13880235330
2055540 300 1.015274802458297 13847426880
2055840 300 1.0306356453028973 13828562010
2056140 300 1.0309675153643547 13822000320
2056440 300 1.023998244073749 13815438630
2056740 300 1.021390693590869 13815438630
2057040 300 1.0330061457418789 13926987360
2057340 300 1.0738735733099212 14503595760
2057640 300 1.0415399473222124 14123838030
2057940 300 1.053060579455663 13835123700
2058240 300 1.0163178226514487 13822000320
2058540 300 1.0306356453028973 13835123700
2058840 300 0.9732221246707639 13881055530
2059140 300 0.9299841966637402 13861370460
2059440 300 0.9651150131694469 13854808770
2059740 300 1.0006251097453907 13848247080
2060040 300 1.01873573309921 14623346580
2060340 300 1.0067410008779631 14110714650
2060640 300 1.0055557506584725 13822000320
2060940 300 0.9908586479367868 13822000320
2061240 300 1.0074047410008777 13822000320
2061540 300 0.9789113257243195 13822000320
2061840 300 0.9883933274802459 13822000320
2062140 300 1.0085899912203686 13822000320
2062440 300 1.0318683055311677 13849067310
2062740 300 1.053202809482002 14917802370
2063040 300 1.0486040386303777 14602841310
2063340 300 1.0161281826163302 14294441940
2063640 300 1.0073099209833187 14287880250
2063940 300 1.036324846356453 14300183400
2064240 300 1.0083055311676912 14150904990
2064540 300 1.0215329236172082 13775248290
2064840 300 1.007878841088674 13691586750
2065140 300 1.005081650570676 13709631420
2065440 300 1.0293081650570677 13683384660
2065740 300 0.9824196663740123 13565274240
2066040 300 1.0151799824407375 13572656160
2066340 300 0.9951255487269535 13572656160
2066640 300 1.0017629499561018 13572656160
2066940 300 0.9861176470588235 13565274240
2067240 300 1.04315188762072 15034272360
2067540 300 1.0294503950834066 15946347090
2067840 300 1.018071992976295 15218819850
2068140 300 1.0302089552238805 14214881460
2068440 300 1.0201580333625988 14220622920
2068740 300 1.017171202809482 14214061230
2069040 300 1.0224337137840211 14188634700
2069340 300 1.044953467954346 14031154170
2069640 300 1.0322949956101843 13834303500
2069940 300 1.0182616330114136 13729316490
2070240 300 1.1197190517998243 14037715860
2070540 300 1.1370711150131696 13755563220
2070840 300 1.0934539069359086 13611206070
2071140 300 1.0902774363476733 13611206070
2071440 300 1.090087796312555 13624329450
2071740 300 1.0850149253731345 13611206070
2072040 300 1.0718349429323968 13604644380
2072340 300 1.0864372256365233 13663699590
2072640 300 1.1465531167690957 14662716720
2072940 300 1.1062546093064092 14461764990
2073240 300 1.0644389815627744 14254251600
2073540 300 1.0552888498683055 14241948420
2073840 300 1.0696066725197542 13966357500
2074140 300 1.048556628621598 13899920400
2074440 300 1.0278858647936786 13880235330
2074740 300 1.101513608428446 13781809980
2075040 300 1.1118964003511853 13799854620
2075340 300 1.1292010535557506 14726693190
2075640 300 1.0762914837576822 14686502850
2075940 300 1.0776663740122916 14208319770
2076240 300 1.0535346795434593 14082827460
2076540 300 1.0572326602282702 13964717070
2076840 300 1.0106760316066725 13952413890
2077140 300 1.0449060579455662 13904841660
2077440 300 1.0627322212467076 13747361130
2077740 300 1.0397383669885865 13616127330
2078040 300 1.0799894644424937 15420591780
2078340 300 1.059745390693591 16130074380
2078640 300 1.0808902546093064 15946347090
2078940 300 1.0227181738366988 14358418410
2079240 300 0.9898156277436347 14358418410
2079540 300 1.0246619841966638 14325609960
2079840 300 1.006503950834065 14162387940
2080140 300 0.9880614574187885 14031154170
2080440 300 0.9897208077260755 13834303500
2080740 300 0.9553485513608428 13722754800
2081040 300 0.9780579455662863 14069704080
2081340 300 1.073494293239684 14621706150
2081640 300 1.0739209833187005 13762124910
2081940 300 0.9869236172080774 13767046200
2082240 300 0.9989657594381037 13799854620
2082540 300 1.006646180860404 13780169550
2082840 300 1.0031852502194907 13773607890
2083140 300 0.9931343283582089 13753922820
2083440 300 0.9854539069359088 13760484510
2083740 300 1.0175978928884986 14036075430
2084040 300 1.0445267778753293 14331351420
2084340 300 1.036988586479368 14055760500
2084640 300 1.020110623353819 13786731240
2084940 300 0.9991079894644426 13785090840
2085240 300 1.0123827919227393 13759664280
2085540 300 0.9974486391571553 13759664280
2085840 300 0.98270412642669 13766225970
2086140 300 0.9192695346795436 13766225970
2086440 300 0.9226356453028973 13766225970
2086740 300 0.9800491659350309 14218982520
2087040 300 0.9554433713784021 13910583120
2087340 300 0.9112572431957857 13772787660
2087640 300 0.8860825285338015 14625807210
2087940 300 0.8903968393327482 14040996690
2088240 300 0.8996417910447763 14041816920
2088540 300 0.890918349429324 14061501960
2088840 300 0.9012537313432837 14054940300
2089140 300 0.9478103599648815 14658615660
2089440 300 0.8997366110623355 14205859140
2089740 300 0.8837120280948201 14199297450
2090040 300 0.8670711150131694 14206679340
2090340 300 0.9189850746268656 14128759290
2090640 300 0.838577699736611 14068883880
2090940 300 0.9059947322212467 14062322190
2091240 300 0.9146707638279192 13826101380
2091540 300 0.8960860403863039 13747361130
2091840 300 0.9275662862159789 14036075430
2092140 300 0.9552063213345039 14935026810
2092440 300 0.8812467076382793 14357598180
2092740 300 0.8673555750658474 14337092910
2093040 300 0.8959438103599648 14316587640
2093340 300 0.8709587357330992 14199297450
2093640 300 0.897603160667252 14082827460
2093940 300 0.8789710272168569 14035255230
2094240 300 0.8530851624231781 13931088420
2094540 300 1.3389429323968394 13852348140
2094840 300 0.887978928884987 14055760500
2095140 300 0.8966075504828798 15794608050
2095440 300 0.8784969271290606 15886471680
2095740 300 0.8992625109745391 14456023530
2096040 300 0.8711483757682179 14442900150
2096340 300 0.8695364354697104 14442900150
2096640 300 0.8823371378402108 14396968320
2096940 300 0.9063266022827041 14232926100
2097240 300 0.8522791922739246 14173870890
2097540 300 0.8282897278314312 14180432580
2097840 300 0.8791606672519755 14036895630
2098140 300 0.9490430201931519 14377283250
2098440 300 0.9067058823529411 14436338460
2098740 300 0.9116365232660227 13858909830
2099040 300 0.8653643546971028 13845786450
2099340 300 0.8127392449517121 13819539690
2099640 300 0.876884986830553 13812978000
2099940 300 0.8766479367866551 13806416310
2100240 300 0.8755100965759438 13826101380
2100540 300 0.8519947322212469 13831842870
2100840 300 0.8654117647058824 14081187030
2101140 300 0.8678296751536437 14141062440
2101440 300 0.8590588235294118 13852348140
2101740 300 0.8563090430201933 13858909830
2102040 300 0.8666444249341528 13865471520
2102340 300 0.8322721685689202 13858909830
2102640 240 0.8719543459174715 13858909830
2102880 60 0.6504073748902546 13858909830
2102940 125 0.6483213345039509 13773607890
2103065 3 0.7168762071992977 8812971090
2103068 2 0.6275557506584724 8812971090
2103070 9 0.6275557506584724 8812971090
2103079 161 0.706161545215101 10515729360
2103240 300 0.792163301141352 13314289650
2103540 300 0.9101668129938542 14082007260
2103840 300 0.8756049165935031 14089389150
2104140 300 0.865838454784899 13595622060
2104440 300 0.8654591747146619 13596442290
2104740 189 0.9192695346795436 14351036490
2104929 111 0.6400245829675154 13878594900
2105040 72 0.6555750658472344 13840044990
2105112 4 0.6356628621597893 9175504410
2105116 2 0.6356628621597893 9017203650
2105118 11 0.6356628621597893 9017203650
2105129 211 0.6970114135206322 11297390550
2105340 300 0.7662774363476733 13466028720
2105640 23 0.9093608428446006 13505398830
2105663 186 0.6290254609306409 13400411820
2105849 4 0.6226725197541703 8393843220
2105853 9 0.6093503072870939 8393843220
2105862 1 0.6093503072870939 8393843220
2105863 77 0.6661474978050921 9591351420
2105940 140 0.7557050043898156 12389091510
2106080 160 0.5295592625109745 12382529820
2106240 24 0.6308270412642669 13156809120
2106264 5 0.5854556628621599 8301159360
2106269 1 0.5854556628621599 8301159360
2106270 10 0.5854556628621599 8301159360
2106280 260 0.685585601404741 11260481040
2106540 300 0.8543178226514487 12783613080
2106840 300 0.8308972783143109 12783613080
2107140 300 0.8183336259877085 12803298120
2107440 300 0.7999859525899913 12809859810
2107740 300 0.8237857769973662 12796736430
2108040 300 0.8499561018437226 12809859810
2108340 300 0.846969271290606 12836106570
2108640 300 0.8278156277436349 12822983190
2108940 300 0.8397155399473222 12836106570
2109240 300 0.7983740122914839 12842668260
2109540 300 0.7866163301141352 12836106570
2109840 300 0.8012660228270414 12875476710
2110140 300 0.8064811237928008 12914846850
2110440 300 0.7799315188762074 12901723470
2110740 300 0.787043020193152 12908285160
2111040 300 0.7599719051799825 12901723470
2111340 300 0.7767550482879719 12875476710
2111640 300 0.7780825285338016 13551330660
2111940 300 0.8195662862159789 15034272360
2112240 300 0.7914521510096575 14325609960
2112540 300 0.7704969271290607 13006710480
2112840 300 0.7832502194907816 12987025410
2113140 300 0.7939174714661985 12960778680
2113440 300 0.803636523266023 12973902030
2113740 300 0.7933485513608429 12972261630
2114040 300 0.7846725197541703 12939453180
2114340 300 0.7850517998244073 12947655300
2114640 300 0.8024512730465321 12947655300
2114940 300 0.8444565408252853 13610385870
2115240 300 0.804774363476734 13676002740
2115540 300 0.8079982440737489 13026395550
2115840 300 0.7936330114135206 12979643520
2116140 300 0.7905513608428446 12973902030
2116440 300 0.782918349429324 13572656160
2116740 300 0.4953292361720808 7702405260
2117040 112 0.5639315188762072 7722090300
2117152 6 0.5641211589113257 7722090300
2117158 1 0.5640263388937665 7722910530
2117159 4 0.5639315188762072 7722910530
2117163 1 0.5639315188762072 7722910530
2117164 175 0.5717067603160668 8110870380
2117339 1 0.5717067603160668 8110870380
2117340 300 0.6121000877963125 10853656320
2117640 300 0.7517699736611062 13137944280
2117940 300 0.8207989464442493 13439781960
2118240 300 0.8122651448639158 13308548190
2118540 300 0.7788884986830553 13052642310
2118840 300 0.7714451273046532 12968160570
2119140 300 0.7781773485513608 12987025410
2119440 300 0.737025460930641 12973902030
2119740 300 0.7683160667251976 12987025410
2120040 300 0.7495891132572432 12986205210
2120340 300 0.7684108867427569 12980463720
2120640 300 0.810937664618086 13658778330
2120940 300 0.8178121158911326 13831022640
2121240 300 0.7887497805092187 13680103800
2121540 300 0.8120755048287971 13627610310
2121840 300 0.798326602282704 13199460090
2122140 300 0.8299016681299387 13036238100
2122440 300 0.7834872695346795 13042799790
2122740 300 0.8091360842844602 13037058300
2123040 300 0.7763283582089552 13030496610
2123340 300 0.7969517120280948 13043619990
2123640 300 0.7999385425812116 13050181680
2123940 300 0.7652818261633011 13029676410
2124240 300 0.7429043020193152 13056743370
2124540 300 0.7475030728709395 13056743370
2124840 300 0.7705917471466199 13037058300
2125140 300 0.7788410886742758 13036238100
2125440 300 0.7872326602282704 13043619990
2125740 300 0.7761861281826163 13042799790
2126040 300 0.7765654082528534 13055923170
2126340 300 0.7587392449517121 13069046520
2126640 300 0.7607304653204565 13049361480
2126940 300 0.7757594381035997 13063305060
2127240 300 0.7773713784021072 13056743370
2127540 300 0.7564161545215101 13043619990
2127840 300 0.7958138718173837 13057563570
2128140 300 0.7838191395961369 13057563570
2128440 300 0.7527655838454784 13051001880
2128740 300 0.7331852502194909 13043619990
2129040 300 0.7834398595258999 13050181680
2129340 300 0.7774661984196665 13043619990
2129640 300 0.7681738366988587 15884831280
2129940 300 0.7767550482879719 13556251920
2130240 300 0.7685057067603163 13543128540
2130540 300 0.7786514486391571 13543128540
2130840 300 0.7940597014925372 14356777980
2131140 300 0.7327585601404742 15098248830
2131440 300 0.7669885864793679 13084630530
2131740 300 0.7706391571553995 13091192220
2132040 300 0.7751431079894646 13084630530
2132340 300 0.7747638279192275 13070686950
2132640 300 0.736883230904302 13064125260
2132940 300 0.7942019315188763 13063305060
2133240 300 0.7989429323968393 13069866750
2133540 300 0.7880860403863038 13076428440
2133840 300 0.7806426690079018 13063305060
2134140 300 0.7578858647936787 13102675200
2134440 300 0.7740526777875331 13161730380
2134740 300 0.7940597014925372 13135483620
2135040 300 0.8215100965759438 13517702010
2135340 300 0.8321299385425813 15487028880
2135640 300 0.822126426690079 15774922980
2135940 300 0.8293801580333625 13917965040
2136240 300 0.8453099209833187 13694047410
2136540 300 0.8113643546971028 13522623270
2136840 300 0.8227427568042142 13404512880
2137140 300 0.8391466198419667 13318390710
2137440 300 0.8150149253731345 13195359030
2137740 300 0.804774363476734 13228167480
2138040 300 0.7885601404741002 13248672780
2138340 300 0.8186654960491659 13228987710
2138640 300 0.8630412642669008 13745720700
2138940 300 0.867640035118525 15668295540
2139240 300 0.8843757682177348 15537061770
2139540 300 0.831655838454785 15117113670
2139840 300 0.8500035118525021 13811337600
2140140 300 0.7914521510096575 13680924030
2140440 300 0.8511413520632134 14094310410
2140740 300 0.8077611940298507 13687485720
2141040 300 0.828574187884109 13398771390
2141340 300 0.8444091308165058 13385648010
2141640 300 0.8773116769095699 13313469450
2141940 300 0.922825285338016 13753102590
2142240 300 0.8751308165057068 13602183750
2142540 300 0.857731343283582 13594801860
2142840 300 0.8915346795434593 13437321330
2143140 300 0.8384354697102722 13357760850
2143440 300 0.8524214223002634 13220785590
2143740 300 0.8434135206321336 13221605790
2144040 300 0.8942844600526778 13221605790
2144340 300 0.9342985074626866 13569375300
2144640 300 0.9441123792800703 14080366830
2144940 300 0.9032923617208076 13286402490
2145240 300 0.8465899912203687 13267537620
2145540 300 0.873044776119403 13259335500
2145840 300 0.8527532923617209 13254414240
2146140 300 0.8914398595259 13221605790
2146440 300 0.8597225636523267 13221605790
2146740 300 0.8944741000877963 13220785590
2147040 300 0.9415048287971906 14159927310
2147340 300 0.9043353819139597 14572493490
2147640 300 0.8907287093942055 14001626550
2147940 300 0.8477752414398595 13989323400
2148240 300 0.8933836698858648 13771967460
2148540 300 0.86830377524144 13615307130
2148840 300 0.8736136962247587 13608745440
2149140 300 0.9053309920983319 13346277900
2149440 300 0.9180842844600527 13241290860
2149740 300 0.922161545215101 14297722770
2150040 300 0.9184635645302898 14186174070
2150340 300 0.900305531167691 13943391570
2150640 300 0.8905390693590869 13942571370
2150940 300 0.895659350307287 13942571370
2151240 300 0.8997840210711151 13758844080
2151540 300 0.9020597014925372 13530005190
2151840 300 0.9195539947322213 13418456460
2152140 300 0.9042405618964003 13418456460
2152440 300 0.8897805092186127 13431579840
2152740 300 0.9647831431079896 15085125450
2153040 300 0.9548744512730467 15131057250
2153340 300 0.9158086040386303 13281481200
2153640 300 0.9189376646180861 13301166270
2153940 300 0.9315487269534679 13320851340
2154240 300 0.9276611062335383 13314289650
2154540 300 0.9257172958735733 13314289650
2154840 300 0.9119209833187008 13314289650
2155140 300 0.8985513608428447 13307727960
2155440 300 0.9042405618964003 13320851340
2155740 300 0.9504653204565408 13314289650
2156040 300 0.9658261633011415 13878594900
2156340 300 0.9447287093942055 13812978000
2156640 300 0.95572783143108 13682564430
2156940 300 0.9386602282704126 13531645590
2157240 300 0.9487111501316945 13491455250
2157540 300 0.9223511852502196 13478331870
2157840 300 0.9534521510096576 13366783170
2158140 300 0.9703301141352063 13398771390
2158440 300 0.9926602282704126 13799034420
2158740 300 1.006503950834065 14428956540
2159040 300 0.9686707638279193 13884336390
2159340 300 0.9347251975417032 13529184960
2159640 300 0.8949956101843723 13452085110
2159940 300 0.9392765583845479 13326592830
2160240 300 0.9902423178226516 13320851340
2160540 300 1.0170763827919227 13314289650
2160840 300 1.068231782265145 13444703220
2161140 300 1.0655768217734853 13930268190
2161440 300 1.0437208077260756 13727676060
2161740 300 0.9992502194907814 13681744230
2162040 300 1.0061720807726076 13498016940
2162340 300 0.9975908691834943 13406153310
2162640 300 1.015748902546093 13314289650
2162940 300 1.0096330114135208 13294604580
2163240 300 1.0352818261633012 13281481200
2163540 300 1.0196365232660227 13877774700
2163840 300 1.0013362598770852 13826101380
2164140 300 0.9943195785776998 13701429300
2164440 300 0.9712309043020194 13688305920
2164740 300 0.953546971027217 13524263700
2165040 300 0.9697611940298508 13340536410
2165340 300 0.9798595258999122 13347098100
2165640 300 0.9925654082528536 13346277900
2165940 300 0.9510342405618966 13549690230
2166240 300 1.0006251097453907 15368098260
2166540 300 1.0862949956101844 15564128730
2166840 300 0.9952203687445127 14693064540
2167140 300 0.9643564530289729 14030333940
2167440 300 0.9592835820895521 13983581910
2167740 300 0.9803336259877086 13977020220
2168040 300 1.02902370500439 13845786450
2168340 300 1.033622475856014 13701429300
2168640 300 0.9527410008779631 13478331870
2168940 300 0.9924705882352942 13484893560
2169240 300 1.015132572431958 13583318910
2169540 300 1.0008621597892888 14502775560
2169840 300 1.0018103599648815 14424035280
2170140 300 1.0008147497805093 14161567740
2170440 300 0.9670114135206322 14161567740
2170740 300 0.9718472344161546 14147624130
2171040 300 0.9459139596136963 13983581910
2171340 300 0.9793854258121159 13648935780
2171640 300 0.9583827919227392 13622689020
2171940 300 0.97502370500439 13621868820
2172240 300 0.9815188762071994 13877774700
2172540 300 1.001241439859526 14173050690
2172840 300 0.9874451273046533 13995885090
2173140 300 0.9701878841088674 13995064890
2173440 300 0.9754503950834065 13988503200
2173740 300 0.9833204565408252 13712912250
2174040 300 0.9967848990342406 13529184960
2174340 300 0.968955223880597 13542308340
2174640 300 0.9831782265144864 13524263700
2174940 300 0.969998244073749 13543948770
2175240 300 1.0060772607550486 14554448850
2175540 300 1.0611676909569798 14436338460
2175840 300 1.020395083406497 14194376160
2176140 300 0.9914275680421422 14180432580
2176440 300 0.9755926251097453 14483090490
2176740 300 0.9866865671641792 13912223550
2177040 300 0.9718472344161546 13715372880
2177340 300 0.9324969271290605 13617767760
2177640 300 0.9761141352063214 13506219060
2177940 300 0.9571501316944688 13505398830
2178240 300 1.0042756804214223 13905661860
2178540 300 0.9758770851624232 13866291720
2178840 300 0.9411729587357331 13853168340
2179140 300 0.9334451273046532 13853168340
2179440 300 0.8992151009657594 13708811190
2179740 300 0.9601843722563653 13696508040
2180040 300 0.9475733099209833 13695687810
2180340 300 0.9788165057067605 13577577420
2180640 300 0.9475258999122038 13564454040
2180940 300 0.9528358208955224 13892538480
2181240 300 0.9977330992098333 15565769160
2181540 300 1.0086374012291484 15585454230
2181840 300 0.9986338893766462 14221443150
2182140 300 1.0329113257243194 14228004840
2182440 300 0.9545899912203687 14221443150
2182740 300 0.9544003511852504 14490472380
2183040 300 0.9768252853380157 14031154170
2183340 300 0.9480000000000002 14004907410
2183640 300 1.0198261633011416 13853988570
2183940 300 0.9857383669885865 13703069730
2184240 300 0.9614170324846357 13716193110
2184540 300 0.9697611940298508 13958975580
2184840 300 1.048935908691835 13689946350
2185140 300 1.0479877085162423 13683384660
2185440 300 1.044052677787533 13676822970
2185740 300 1.0070728709394206 13676822970
2186040 300 0.9902897278314311 13703069730
2186340 300 0.9847901668129938 13696508040
2186640 300 1.0020474100087797 13689126120
2186940 300 0.9524091308165057 13721934570
2187240 300 0.9353415276558383 14129579490
2187540 300 0.8833801580333626 14359238610
2187840 300 0.8474433713784022 14090209350
2188140 300 0.9118261633011414 14090209350
2188440 300 0.96729587357331 13998345720
2188740 300 0.984647936786655 13840865190
2189040 300 0.9856435469710272 13749821760
2189340 300 0.9560597014925373 13618587990
2189640 300 0.9370008779631256 13624329450
2189940 300 1.034665496049166 14359238610
2190240 300 0.9934661984196664 14667637980
2190540 300 0.9764460052677787 14234566530
2190840 300 0.9419315188762072 14228004840
2191140 300 0.9683388937664618 14175511320
2191440 300 0.9620807726075504 13899920400
2191740 300 0.9123950834064971 13873673640
2192040 300 0.9201229148375769 13663699590
2192340 300 0.9750711150131695 13545589200
2192640 300 0.9976856892010535 13735878150
2192940 300 1.009348551360843 14397788520
2193240 300 0.98915188762072 14232926100
2193540 300 0.9939402985074628 14226364410
2193840 300 0.9326391571553996 14200117650
2194140 300 0.9645460930640914 13957335150
2194440 300 0.9147181738366987 13799854620
2194740 300 0.8955645302897279 13675182540
2195040 300 0.9213081650570676 13676822970
2195340 300 0.9518876207199297 14050839240
2195640 300 0.9920438981562776 15606779700
2195940 300 0.9998191395961369 15947167320
2196240 300 0.9361949078138718 14260813260
2196540 300 0.9577190517998245 14247689910
2196840 300 0.9683863037752416 14786568600
2197140 300 0.9238208955223882 13925346930
2197440 300 0.9150026338893767 13676002740
2197740 300 0.8780228270412644 13617767760
2198040 300 0.9106883230904301 13617767760
2198340 300 0.9904793678665496 14305924890
2198640 300 0.9430219490781387 13926167130
2198940 300 0.8547919227392451 13939290510
2199240 300 0.8881685689201053 13926167130
2199540 300 0.8653169446883231 13834303500
2199840 300 0.8751782265144865 13671081480
2200140 300 0.8871255487269536 13651396410
2200440 300 0.8834749780509219 13657958100
2200740 300 0.8849446883230905 13651396410
2201040 300 0.9010166812993855 13644014520
2201340 300 0.9460561896400352 14602021110
2201640 300 0.8906338893766461 14523280830
2201940 300 0.878449517120281 14241128220
2202240 300 0.8714802458296751 14201758080
2202540 300 0.8700105355575067 14503595760
2202840 300 0.8719543459174715 14155826250
2203140 300 0.8769798068481124 14004907410
2203440 300 0.8539859525899913 13789191900
2203740 300 0.879208077260755 13782630210
2204040 300 0.8986935908691835 13781809980
2204340 300 0.9038612818261633 14313306780
2204640 300 0.9245320456540826 13991784030
2204940 300 0.856972783143108 13972919190
2205240 300 0.8490553116769095 14241128220
2205540 300 0.8491027216856892 13840865190
2205840 300 0.8455943810359965 13788371670
2206140 300 0.8194714661984198 13670261280
2206440 300 0.8696312554872695 13676822970
2206740 300 0.8517576821773487 14024592480
2207040 300 0.8650798946444249 13703889930
2207340 300 0.8496242317822651 13703889930
2207640 300 0.8590588235294118 13723575000
2207940 300 0.8691097453906936 13716193110
2208240 300 0.8732818261633012 13716193110
2208540 300 0.8560719929762951 13716193110
2208840 300 0.8771694468832311 13709631420
2209140 300 0.900684811237928 15199134780
2209440 300 0.9172309043020194 15953729010
2209740 300 0.8766479367866551 15126956220
2210040 300 0.8579683933274802 14378923680
2210340 300 0.8543652326602283 14405170440
2210640 300 0.8705794556628622 14405990640
2210940 300 0.8561668129938542 14301003630
2211240 300 0.8601018437225636 14248510110
2211540 300 0.8709113257243197 14248510110
2211840 300 0.889116769095698 14136961410
2212140 300 0.8709113257243197 14091029580
2212440 300 0.9168516242317823 14340373740
2212740 300 0.9132484635645304 14772625020
2213040 300 0.8756997366110625 14405170440
2213340 300 0.8390043898156279 14248510110
2213640 300 0.8646532045654083 14241128220
2213940 300 0.8818630377524145 14096771040
2214240 300 0.8629464442493416 13828562010
2214540 300 0.875747146619842 13782630210
2214840 300 0.9072273924495171 13808876940
2215140 300 0.9668217734855137 14399428950
2215440 300 0.9063266022827041 14504415960
2215740 300 0.8768375768217735 14378923680
2216040 300 0.8777857769973663 14371541760
2216340 300 0.8614293239683934 14346115230
2216640 300 0.8516628621597894 14208319770
2216940 300 0.8523266022827041 13972098960
2217240 300 0.8868884986830554 13861370460
2217540 300 0.8839964881474978 14196016590
2217840 300 0.8380087796312556 13828562010
2218140 300 0.8573046532045655 13749821760
2218440 300 0.8399051799824407 13749821760
2218740 300 0.8555030728709394 13749821760
2219040 300 0.8228375768217735 13749821760
2219340 300 0.8615715539947322 13749821760
2219640 300 0.8834749780509219 13743260070
2219940 300 0.9161878841088675 14346935430
2220240 300 0.9210711150131694 14497854300
2220540 300 0.8970342405618965 14386305570
2220840 300 0.882052677787533 14386305570
2221140 300 0.8963230904302021 14189454900
2221440 300 0.848107111501317 14005727610
2221740 300 0.8547445127304654 13874493840
2222040 300 0.8788762071992977 13828562010
2222340 300 0.892198419666374 13827741810
2222640 300 0.944776119402985 14247689910
2222940 300 0.9223037752414398 14038536060
2223240 300 0.9122054433713784 13854808770
2223540 300 0.906611062335382 13841685390
2223840 300 0.9001633011413521 13841685390
2224140 300 0.9292730465320457 13835123700
2224440 300 0.9183213345039509 13835123700
2224740 300 0.8802510974539071 13874493840
2225040 300 0.9683863037752416 15081844590
2225340 300 0.9611325724319579 15692081670
2225640 300 0.9809973661106233 16262948580
2225940 300 0.9458191395961371 14576594550
2226240 300 0.9431167690956981 14458484160
2226540 300 0.918700614574188 14451922470
2226840 300 0.931169446883231 14445360780
2227140 300 0.9087919227392449 14333812050
2227440 300 0.9278507462686567 14143523100
2227740 300 0.9212133450395084 14123838030
2228040 300 0.9889622475856014 14806253670
2228340 300 0.9380913081650571 14727513390
2228640 300 0.9415048287971906 14235386730
2228940 300 0.8924354697102722 14235386730
2229240 300 0.8998788410886744 14097591270
2229540 300 0.8925302897278315 14051659440
2229840 300 0.898883230904302 13959795810
2230140 300 0.9050939420544337 13867932150
2230440 300 0.9062317822651449 13789191900
2230740 300 0.9515557506584724 14373182190
2231040 300 0.9099297629499561 14471607540
2231340 300 0.9154767339771731 14366620500
2231640 300 0.8912502194907813 14661896520
2231940 300 0.8831431079894644 14097591270
2232240 300 0.8991676909569799 14051659440
2232540 300 0.94415978928885 13940110740
2232840 300 0.9504653204565408 13986042540
2233140 300 0.9572449517120282 14274756870
2233440 300 0.9816611062335383 14091029580
2233740 300 0.9081281826163302 14084467890
2234040 300 0.9390869183494294 13959795810
2234340 300 0.9049991220368744 13940110740
